param-n,abstract+autorewrite-regression-quadratic-real,abstract+autorewrite-regression-quadratic-sys,abstract+autorewrite-regression-quadratic-user,abstract+rewrite!-regression-quadratic-real,abstract+rewrite!-regression-quadratic-sys,abstract+rewrite!-regression-quadratic-user,autorewrite-noop-regression-linear-real,autorewrite-noop-regression-linear-sys,autorewrite-noop-regression-linear-user,autorewrite-regression-quadratic-real,autorewrite-regression-quadratic-sys,autorewrite-regression-quadratic-user,close-abstract+autorewrite-regression-quadratic-real,close-abstract+autorewrite-regression-quadratic-sys,close-abstract+autorewrite-regression-quadratic-user,close-abstract+rewrite!-regression-quadratic-real,close-abstract+rewrite!-regression-quadratic-sys,close-abstract+rewrite!-regression-quadratic-user,rewrite!-regression-quadratic-real,rewrite!-regression-quadratic-sys,rewrite!-regression-quadratic-user,rewrite?-noop-regression-linear-real,rewrite?-noop-regression-linear-sys,rewrite?-noop-regression-linear-user
1,0.,0.,0.,0.,0.,0.,0.,0.,0.,0.,0.,0.,0.,0.,0.,0.,0.,0.,0.,0.,0.,0.,0.,0.
2,0.001,0.001,0.,0.,0.,0.,0.,0.,0.,0.,0.,0.,0.,0.,0.,0.,0.,0.,0.,0.,0.,0.,0.,0.
3,0.001,0.001,0.,0.001,0.,0.001,0.,0.,0.,0.001,0.001,0.,0.,0.,0.,0.,0.,0.,0.,0.,0.,0.,0.,0.
4,0.002,0.,0.001,0.001,0.,0.001,0.,0.,0.,0.001,0.,0.,0.,0.,0.,0.,0.,0.,0.001,0.,0.001,0.,0.,0.
5,0.002,0.,0.002,0.002,0.,0.001,0.,0.,0.,0.002,0.,0.002,0.,0.,0.,0.,0.,0.,0.001,0.,0.001,0.,0.,0.
6,0.002,0.,0.002,0.002,0.,0.002,0.,0.,0.,0.001,0.,0.001,0.,0.,0.,0.,0.,0.,0.001,0.,0.001,0.,0.,0.
7,0.003,0.,0.003,0.003,0.,0.003,0.,0.,0.,0.002,0.,0.002,0.,0.,0.,0.,0.,0.,0.002,0.,0.002,0.,0.,0.
8,0.004,0.,0.004,0.003,0.,0.003,0.,0.,0.,0.003,0.,0.003,0.,0.,0.,0.,0.,0.,0.002,0.,0.002,0.,0.,0.
9,0.004,0.,0.004,0.004,0.,0.004,0.,0.,0.,0.003,0.,0.003,0.001,0.,0.001,0.001,0.,0.001,0.003,0.,0.003,0.,0.,0.
10,0.005,0.003,0.002,0.005,0.,0.005,0.,0.,0.,0.004,0.003,0.001,0.001,0.,0.,0.001,0.,0.001,0.003,0.,0.003,0.,0.,0.
11,0.006,0.006,0.,0.005,0.001,0.004,0.,0.,0.,0.004,0.004,0.,0.001,0.001,0.,0.001,0.001,0.,0.003,0.,0.003,0.,0.,0.
12,0.007,0.005,0.001,0.006,0.005,0.001,0.,0.,0.,0.005,0.005,0.,0.001,0.,0.001,0.001,0.,0.001,0.004,0.004,0.,0.,0.,0.
13,0.06,0.003,0.056,0.06,0.011,0.048,0.,0.,0.,0.058,0.002,0.055,0.001,0.,0.,0.054,0.011,0.043,0.005,0.,0.005,0.,0.,0.
14,0.005,0.,0.005,0.005,0.,0.005,0.,0.,0.,0.004,0.,0.004,0.001,0.,0.001,0.001,0.,0.,0.004,0.,0.004,0.,0.,0.
15,0.006,0.,0.006,0.006,0.,0.006,0.,0.,0.,0.004,0.,0.004,0.001,0.,0.001,0.001,0.,0.001,0.004,0.,0.004,0.,0.,0.
16,0.007,0.,0.007,0.006,0.,0.006,0.,0.,0.,0.005,0.,0.005,0.001,0.,0.001,0.001,0.,0.001,0.004,0.,0.004,0.,0.,0.
17,0.007,0.,0.007,0.007,0.,0.007,0.,0.,0.,0.005,0.,0.005,0.001,0.,0.001,0.001,0.,0.001,0.005,0.,0.005,0.,0.,0.
18,0.008,0.,0.008,0.008,0.,0.008,0.,0.,0.,0.006,0.,0.006,0.001,0.,0.001,0.001,0.,0.001,0.005,0.,0.005,0.,0.,0.
19,0.009,0.,0.009,0.008,0.,0.008,0.,0.,0.,0.006,0.,0.006,0.001,0.,0.001,0.001,0.,0.001,0.006,0.,0.006,0.,0.,0.
20,0.011,0.,0.011,0.011,0.,0.011,0.,0.,0.,0.008,0.,0.008,0.001,0.,0.001,0.001,0.,0.001,0.008,0.,0.008,0.,0.,0.
21,0.01,0.,0.01,0.01,0.,0.01,0.,0.,0.,0.007,0.,0.007,0.002,0.,0.002,0.002,0.,0.002,0.007,0.,0.007,0.,0.,0.
22,0.011,0.,0.011,0.011,0.,0.011,0.,0.,0.,0.008,0.,0.008,0.002,0.,0.002,0.002,0.,0.002,0.008,0.,0.008,0.,0.,0.
23,0.012,0.,0.012,0.012,0.,0.012,0.,0.,0.,0.009,0.,0.009,0.002,0.,0.002,0.002,0.,0.002,0.008,0.,0.008,0.,0.,0.
24,0.09,0.,0.09,0.013,0.,0.013,0.,0.,0.,0.086,0.,0.086,0.002,0.,0.002,0.002,0.,0.002,0.009,0.,0.009,0.,0.,0.
25,0.014,0.,0.014,0.09,0.,0.09,0.,0.,0.,0.01,0.,0.01,0.002,0.,0.002,0.002,0.,0.002,0.086,0.,0.086,0.,0.,0.
26,0.015,0.,0.015,0.014,0.,0.014,0.,0.,0.,0.011,0.,0.011,0.003,0.,0.003,0.003,0.,0.003,0.01,0.,0.01,0.,0.,0.
27,0.016,0.,0.016,0.015,0.,0.015,0.,0.,0.,0.011,0.,0.011,0.004,0.,0.004,0.003,0.,0.003,0.011,0.,0.011,0.,0.,0.
28,0.017,0.,0.017,0.017,0.,0.017,0.,0.,0.,0.012,0.,0.012,0.003,0.,0.003,0.003,0.,0.003,0.013,0.,0.013,0.,0.,0.
29,0.018,0.,0.018,0.017,0.,0.017,0.,0.,0.,0.013,0.,0.013,0.003,0.,0.003,0.003,0.,0.003,0.013,0.,0.013,0.,0.,0.
30,0.048,0.,0.048,0.018,0.,0.018,0.,0.,0.,0.043,0.,0.043,0.004,0.,0.004,0.004,0.,0.004,0.013,0.,0.013,0.,0.,0.
31,0.02,0.,0.02,0.049,0.,0.049,0.,0.,0.,0.015,0.,0.015,0.004,0.,0.004,0.004,0.,0.004,0.043,0.,0.043,0.,0.,0.
32,0.021,0.,0.021,0.021,0.,0.021,0.,0.,0.,0.016,0.,0.016,0.004,0.,0.004,0.004,0.,0.004,0.015,0.,0.015,0.,0.,0.
33,0.023,0.,0.023,0.023,0.,0.023,0.,0.,0.,0.017,0.,0.017,0.004,0.,0.004,0.004,0.,0.004,0.017,0.,0.017,0.,0.,0.
34,0.023,0.,0.023,0.023,0.,0.023,0.,0.,0.,0.017,0.,0.017,0.005,0.,0.005,0.005,0.,0.005,0.017,0.,0.017,0.,0.,0.
35,0.025,0.,0.025,0.024,0.,0.024,0.,0.,0.,0.018,0.,0.018,0.005,0.,0.005,0.005,0.,0.005,0.018,0.,0.018,0.,0.,0.
36,0.026,0.,0.026,0.026,0.,0.026,0.,0.,0.,0.019,0.,0.019,0.005,0.,0.005,0.005,0.,0.005,0.019,0.,0.019,0.,0.,0.
37,0.028,0.,0.028,0.028,0.,0.028,0.,0.,0.,0.021,0.,0.021,0.005,0.,0.005,0.005,0.,0.005,0.021,0.,0.021,0.,0.,0.
38,0.041,0.,0.041,0.028,0.,0.028,0.,0.,0.,0.021,0.,0.021,0.019,0.,0.019,0.006,0.,0.006,0.021,0.,0.021,0.,0.,0.
39,0.03,0.,0.03,0.042,0.,0.042,0.,0.,0.,0.022,0.,0.022,0.006,0.,0.006,0.006,0.,0.006,0.035,0.,0.035,0.,0.,0.
40,0.032,0.,0.032,0.031,0.,0.031,0.,0.,0.,0.024,0.,0.024,0.006,0.,0.006,0.007,0.,0.007,0.023,0.,0.023,0.,0.,0.
41,0.033,0.,0.033,0.033,0.,0.033,0.,0.,0.,0.024,0.,0.024,0.007,0.,0.007,0.007,0.,0.007,0.024,0.,0.024,0.,0.,0.
42,0.049,0.,0.049,0.049,0.,0.049,0.,0.,0.,0.04,0.,0.04,0.007,0.,0.007,0.007,0.,0.007,0.04,0.,0.04,0.,0.,0.
43,0.113,0.,0.113,0.113,0.,0.113,0.,0.,0.,0.104,0.,0.104,0.007,0.,0.007,0.085,0.,0.085,0.026,0.,0.026,0.,0.,0.
44,0.038,0.,0.038,0.037,0.,0.037,0.,0.,0.,0.027,0.,0.027,0.009,0.,0.009,0.008,0.,0.008,0.028,0.,0.028,0.,0.,0.
45,0.038,0.,0.038,0.039,0.,0.039,0.,0.,0.,0.029,0.,0.029,0.008,0.,0.008,0.008,0.,0.008,0.029,0.,0.029,0.,0.,0.
46,0.071,0.,0.071,0.069,0.,0.069,0.,0.,0.,0.06,0.,0.06,0.009,0.,0.009,0.008,0.,0.008,0.059,0.,0.059,0.,0.,0.
47,0.043,0.,0.043,0.043,0.,0.043,0.,0.,0.,0.032,0.,0.032,0.009,0.,0.009,0.009,0.,0.009,0.033,0.,0.033,0.,0.,0.
48,0.044,0.,0.043,0.043,0.,0.043,0.,0.,0.,0.032,0.,0.032,0.009,0.,0.009,0.009,0.,0.009,0.032,0.,0.032,0.,0.,0.
49,0.047,0.,0.047,0.046,0.,0.046,0.,0.,0.,0.035,0.,0.035,0.009,0.,0.009,0.011,0.,0.011,0.033,0.,0.033,0.,0.,0.
50,0.115,0.024,0.091,0.113,0.047,0.065,0.,0.,0.,0.104,0.024,0.08,0.01,0.,0.01,0.01,0.,0.01,0.102,0.047,0.055,0.,0.,0.
51,0.062,0.,0.062,0.048,0.,0.048,0.,0.,0.,0.05,0.,0.05,0.011,0.,0.011,0.011,0.,0.011,0.036,0.,0.036,0.,0.,0.
52,0.052,0.,0.052,0.051,0.,0.051,0.,0.,0.,0.039,0.,0.039,0.011,0.,0.011,0.012,0.,0.012,0.037,0.,0.037,0.,0.,0.
53,0.056,0.,0.056,0.056,0.,0.056,0.,0.,0.,0.043,0.,0.043,0.011,0.,0.011,0.015,0.,0.015,0.039,0.,0.039,0.,0.,0.
54,0.055,0.,0.055,0.054,0.,0.054,0.,0.,0.,0.042,0.,0.042,0.011,0.,0.011,0.012,0.,0.012,0.04,0.,0.04,0.,0.,0.
55,0.057,0.,0.056,0.057,0.,0.057,0.,0.,0.,0.042,0.,0.042,0.012,0.,0.012,0.012,0.,0.012,0.042,0.,0.042,0.,0.,0.
56,0.059,0.,0.059,0.06,0.,0.06,0.,0.,0.,0.044,0.,0.044,0.012,0.,0.012,0.013,0.,0.013,0.045,0.,0.045,0.,0.,0.
57,0.062,0.,0.062,0.061,0.,0.061,0.,0.,0.,0.045,0.,0.045,0.015,0.,0.015,0.013,0.,0.013,0.046,0.,0.046,0.,0.,0.
58,0.062,0.,0.062,0.063,0.,0.063,0.,0.,0.,0.046,0.,0.046,0.013,0.,0.013,0.013,0.,0.013,0.048,0.,0.048,0.,0.,0.
59,0.065,0.,0.065,0.065,0.,0.065,0.,0.,0.,0.049,0.,0.049,0.014,0.,0.014,0.015,0.,0.015,0.048,0.,0.048,0.,0.,0.
60,0.067,0.,0.067,0.066,0.,0.066,0.,0.,0.,0.05,0.,0.05,0.015,0.,0.015,0.014,0.,0.014,0.05,0.,0.05,0.,0.,0.
61,0.068,0.,0.068,0.068,0.,0.068,0.,0.,0.,0.051,0.,0.051,0.015,0.,0.015,0.015,0.,0.015,0.052,0.,0.052,0.,0.,0.
62,0.072,0.,0.072,0.073,0.,0.073,0.,0.,0.,0.055,0.,0.055,0.015,0.,0.015,0.015,0.,0.015,0.056,0.,0.056,0.,0.,0.
63,0.074,0.,0.074,0.073,0.,0.073,0.,0.,0.,0.055,0.,0.055,0.017,0.,0.017,0.016,0.,0.016,0.056,0.,0.056,0.,0.,0.
64,0.075,0.,0.075,0.075,0.003,0.071,0.,0.,0.,0.056,0.,0.056,0.016,0.,0.016,0.017,0.003,0.013,0.056,0.,0.056,0.,0.,0.
65,0.077,0.,0.077,0.078,0.,0.078,0.,0.,0.,0.058,0.,0.058,0.017,0.,0.017,0.017,0.,0.017,0.059,0.,0.059,0.,0.,0.
66,0.081,0.,0.081,0.082,0.,0.082,0.,0.,0.,0.061,0.,0.061,0.017,0.,0.017,0.017,0.,0.017,0.063,0.,0.063,0.,0.,0.
67,0.084,0.,0.084,0.083,0.,0.083,0.,0.,0.,0.064,0.,0.064,0.017,0.,0.017,0.019,0.,0.019,0.062,0.,0.062,0.,0.,0.
68,0.086,0.,0.086,0.084,0.,0.084,0.,0.,0.,0.064,0.,0.064,0.02,0.,0.02,0.019,0.,0.019,0.063,0.,0.063,0.,0.,0.
69,0.086,0.,0.086,0.088,0.,0.088,0.,0.,0.,0.065,0.,0.065,0.019,0.,0.019,0.019,0.,0.019,0.066,0.,0.066,0.,0.,0.
70,0.089,0.,0.089,0.089,0.,0.089,0.001,0.,0.001,0.067,0.,0.067,0.02,0.,0.02,0.02,0.,0.02,0.067,0.,0.067,0.,0.,0.
71,0.091,0.,0.091,0.095,0.,0.095,0.001,0.,0.001,0.068,0.,0.068,0.02,0.,0.02,0.021,0.,0.021,0.071,0.,0.071,0.001,0.,0.001
72,0.096,0.,0.096,0.098,0.,0.098,0.001,0.,0.001,0.073,0.,0.073,0.02,0.,0.02,0.022,0.,0.022,0.073,0.,0.073,0.,0.,0.
73,0.102,0.,0.102,0.099,0.,0.099,0.003,0.,0.003,0.076,0.,0.076,0.02,0.,0.02,0.022,0.,0.022,0.075,0.,0.075,0.001,0.,0.001
74,0.106,0.,0.106,0.099,0.,0.099,0.001,0.,0.001,0.08,0.,0.08,0.024,0.,0.024,0.022,0.,0.022,0.074,0.,0.074,0.001,0.,0.001
75,0.108,0.,0.108,0.101,0.,0.101,0.001,0.,0.001,0.084,0.,0.084,0.021,0.,0.021,0.023,0.,0.023,0.076,0.,0.076,0.001,0.,0.001
76,0.11,0.003,0.106,0.104,0.,0.104,0.001,0.,0.001,0.085,0.003,0.082,0.022,0.,0.022,0.024,0.,0.024,0.077,0.,0.077,0.001,0.,0.001
77,0.113,0.,0.113,0.11,0.,0.11,0.001,0.,0.001,0.088,0.,0.088,0.023,0.,0.023,0.025,0.,0.025,0.082,0.,0.082,0.001,0.,0.001
78,0.117,0.003,0.113,0.111,0.,0.111,0.001,0.,0.001,0.09,0.003,0.086,0.024,0.,0.024,0.025,0.,0.025,0.084,0.,0.084,0.001,0.,0.001
79,0.12,0.,0.12,0.116,0.,0.116,0.001,0.,0.001,0.09,0.,0.09,0.028,0.,0.028,0.024,0.,0.024,0.09,0.,0.09,0.001,0.,0.001
80,0.118,0.,0.118,0.127,0.,0.127,0.001,0.,0.001,0.087,0.,0.087,0.028,0.,0.028,0.03,0.,0.03,0.094,0.,0.094,0.001,0.,0.001
81,0.119,0.,0.119,0.121,0.,0.121,0.001,0.,0.001,0.09,0.,0.09,0.027,0.,0.027,0.029,0.,0.029,0.089,0.,0.089,0.001,0.,0.001
82,0.122,0.,0.122,0.123,0.,0.123,0.001,0.,0.001,0.091,0.,0.091,0.029,0.,0.029,0.027,0.,0.027,0.094,0.,0.094,0.001,0.,0.001
83,0.128,0.,0.128,0.125,0.,0.125,0.001,0.,0.001,0.098,0.,0.098,0.027,0.,0.027,0.028,0.,0.028,0.094,0.,0.094,0.001,0.,0.001
84,0.137,0.,0.137,0.131,0.,0.131,0.001,0.,0.001,0.102,0.,0.102,0.032,0.,0.032,0.027,0.,0.027,0.101,0.,0.101,0.001,0.,0.001
85,0.132,0.,0.132,0.139,0.,0.139,0.001,0.,0.001,0.1,0.,0.1,0.029,0.,0.029,0.032,0.,0.032,0.104,0.,0.104,0.001,0.,0.001
86,0.132,0.003,0.128,0.135,0.,0.135,0.001,0.,0.001,0.099,0.,0.099,0.031,0.003,0.027,0.031,0.,0.031,0.102,0.,0.102,0.001,0.,0.001
87,0.144,0.,0.144,0.14,0.,0.14,0.001,0.,0.001,0.106,0.,0.106,0.035,0.,0.035,0.029,0.,0.029,0.108,0.,0.108,0.001,0.,0.001
88,0.142,0.,0.142,0.149,0.,0.149,0.001,0.,0.001,0.107,0.,0.107,0.032,0.,0.032,0.03,0.,0.03,0.112,0.,0.112,0.005,0.,0.005
89,0.145,0.,0.145,0.143,0.003,0.139,0.001,0.,0.001,0.112,0.,0.112,0.03,0.,0.03,0.033,0.002,0.03,0.107,0.,0.107,0.001,0.001,0.
90,0.157,0.,0.157,0.155,0.,0.155,0.001,0.,0.001,0.122,0.,0.122,0.031,0.,0.031,0.037,0.,0.037,0.115,0.,0.115,0.001,0.,0.001
91,0.149,0.,0.149,0.151,0.,0.151,0.001,0.,0.001,0.115,0.,0.115,0.032,0.,0.032,0.034,0.,0.034,0.114,0.,0.114,0.001,0.,0.001
92,0.163,0.,0.163,0.163,0.,0.163,0.001,0.,0.001,0.127,0.,0.127,0.033,0.,0.033,0.039,0.,0.039,0.121,0.,0.121,0.001,0.,0.001
93,0.155,0.,0.155,0.157,0.,0.157,0.001,0.,0.001,0.119,0.,0.119,0.033,0.,0.033,0.035,0.,0.035,0.119,0.,0.119,0.001,0.,0.001
94,0.164,0.,0.164,0.17,0.,0.17,0.001,0.,0.001,0.125,0.,0.125,0.036,0.,0.036,0.041,0.,0.041,0.125,0.,0.125,0.001,0.,0.001
95,0.163,0.003,0.159,0.165,0.,0.165,0.001,0.,0.001,0.123,0.003,0.12,0.037,0.,0.037,0.034,0.,0.034,0.127,0.,0.127,0.001,0.,0.001
96,0.165,0.,0.165,0.169,0.,0.169,0.001,0.,0.001,0.124,0.,0.124,0.038,0.,0.038,0.038,0.,0.038,0.127,0.,0.127,0.001,0.,0.001
97,0.17,0.,0.17,0.171,0.,0.171,0.001,0.,0.001,0.13,0.,0.13,0.037,0.,0.037,0.038,0.,0.038,0.13,0.,0.13,0.001,0.,0.001
98,0.175,0.,0.175,0.172,0.,0.172,0.001,0.,0.001,0.132,0.,0.131,0.04,0.,0.04,0.037,0.,0.037,0.132,0.,0.132,0.001,0.,0.001
99,0.176,0.,0.176,0.176,0.,0.176,0.001,0.,0.001,0.136,0.,0.135,0.038,0.,0.038,0.04,0.,0.04,0.133,0.,0.133,0.001,0.,0.001
100,0.259,0.,0.259,0.256,0.004,0.252,0.001,0.,0.001,0.219,0.,0.218,0.038,0.,0.038,0.038,0.,0.038,0.216,0.003,0.212,0.001,0.,0.001
110,0.22,0.,0.22,0.219,0.,0.219,0.001,0.,0.001,0.168,0.,0.168,0.048,0.,0.048,0.049,0.,0.049,0.166,0.,0.166,0.001,0.,0.001
120,0.258,0.,0.258,0.263,0.,0.263,0.001,0.,0.001,0.197,0.,0.197,0.058,0.,0.058,0.059,0.,0.059,0.2,0.,0.2,0.001,0.,0.001
130,0.309,0.,0.309,0.307,0.,0.307,0.002,0.,0.002,0.233,0.,0.233,0.07,0.,0.07,0.069,0.,0.069,0.234,0.,0.234,0.002,0.,0.002
140,0.357,0.,0.357,0.361,0.003,0.357,0.002,0.,0.002,0.272,0.,0.272,0.081,0.,0.081,0.082,0.003,0.078,0.275,0.,0.275,0.002,0.,0.002
150,0.458,0.007,0.45,0.459,0.,0.459,0.002,0.,0.002,0.364,0.003,0.361,0.09,0.003,0.086,0.091,0.,0.091,0.365,0.,0.365,0.002,0.,0.002
160,0.473,0.003,0.469,0.468,0.004,0.464,0.002,0.,0.002,0.356,0.,0.356,0.112,0.003,0.108,0.104,0.,0.104,0.36,0.003,0.356,0.002,0.,0.002
170,0.547,0.004,0.543,0.554,0.004,0.55,0.002,0.,0.002,0.418,0.004,0.414,0.125,0.,0.125,0.125,0.,0.125,0.424,0.004,0.42,0.002,0.,0.002
180,0.619,0.003,0.615,0.623,0.004,0.619,0.003,0.,0.002,0.469,0.003,0.465,0.145,0.,0.145,0.145,0.,0.145,0.473,0.003,0.469,0.003,0.,0.003
190,0.687,0.003,0.683,0.694,0.,0.694,0.003,0.,0.003,0.529,0.003,0.525,0.153,0.,0.153,0.156,0.,0.156,0.533,0.,0.533,0.003,0.,0.003
200,0.857,0.003,0.853,0.856,0.012,0.844,0.003,0.,0.003,0.688,0.,0.688,0.164,0.003,0.16,0.163,0.,0.163,0.689,0.012,0.676,0.003,0.,0.003
210,0.817,0.004,0.813,0.831,0.003,0.827,0.003,0.,0.003,0.629,0.004,0.625,0.182,0.,0.182,0.181,0.,0.181,0.644,0.003,0.64,0.003,0.,0.003
220,0.908,0.008,0.9,0.913,0.,0.913,0.004,0.,0.004,0.702,0.003,0.698,0.2,0.004,0.196,0.199,0.,0.199,0.708,0.,0.708,0.004,0.,0.004
230,0.986,0.,0.985,0.992,0.004,0.988,0.004,0.,0.004,0.766,0.,0.766,0.213,0.,0.213,0.213,0.,0.213,0.772,0.003,0.768,0.004,0.,0.004
240,1.111,0.003,1.107,1.116,0.,1.116,0.004,0.,0.004,0.857,0.003,0.853,0.248,0.,0.248,0.246,0.,0.245,0.864,0.,0.864,0.004,0.,0.004
250,1.219,0.,1.219,1.225,0.,1.225,0.004,0.,0.004,0.942,0.,0.942,0.271,0.,0.271,0.271,0.,0.271,0.945,0.,0.945,0.007,0.,0.007
260,1.305,0.,1.305,1.331,0.,1.33,0.005,0.,0.005,1.023,0.,1.023,0.275,0.,0.275,0.282,0.,0.282,1.039,0.,1.038,0.005,0.,0.005
270,1.391,0.,1.391,1.403,0.,1.403,0.005,0.,0.005,1.087,0.,1.087,0.297,0.,0.297,0.297,0.,0.297,1.099,0.,1.098,0.005,0.,0.005
280,1.497,0.,1.496,1.51,0.,1.51,0.005,0.,0.005,1.175,0.,1.174,0.314,0.,0.314,0.32,0.,0.32,1.182,0.,1.182,0.005,0.,0.005
290,1.668,0.,1.667,1.673,0.,1.673,0.006,0.,0.006,1.303,0.,1.303,0.356,0.,0.356,0.356,0.,0.356,1.309,0.,1.309,0.006,0.,0.006
300,1.78,0.007,1.772,1.787,0.004,1.782,0.006,0.,0.006,1.417,0.007,1.409,0.355,0.,0.355,0.359,0.004,0.355,1.417,0.,1.417,0.009,0.,0.008
310,1.884,0.,1.884,1.897,0.,1.897,0.006,0.,0.006,1.485,0.,1.485,0.39,0.,0.39,0.389,0.,0.389,1.499,0.,1.499,0.006,0.,0.006
320,2.004,0.,2.004,2.012,0.,2.012,0.007,0.,0.007,1.579,0.,1.579,0.416,0.,0.416,0.409,0.,0.409,1.593,0.,1.593,0.007,0.,0.007
330,2.204,0.,2.203,2.215,0.,2.215,0.007,0.,0.007,1.734,0.,1.734,0.46,0.,0.46,0.457,0.,0.457,1.748,0.,1.748,0.007,0.,0.007
340,2.288,0.,2.288,2.304,0.,2.303,0.007,0.,0.007,1.81,0.,1.81,0.468,0.,0.468,0.463,0.,0.463,1.829,0.,1.829,0.007,0.,0.007
350,2.443,0.003,2.439,2.447,0.003,2.443,0.008,0.,0.008,1.944,0.003,1.939,0.49,0.,0.49,0.481,0.,0.481,1.956,0.003,1.952,0.008,0.,0.008
360,2.638,0.,2.635,2.659,0.,2.659,0.008,0.,0.008,2.077,0.,2.077,0.55,0.,0.548,0.552,0.,0.552,2.096,0.,2.095,0.008,0.,0.008
370,2.773,0.,2.773,2.791,0.,2.791,0.008,0.,0.008,2.213,0.,2.213,0.549,0.,0.549,0.55,0.,0.549,2.23,0.,2.23,0.008,0.,0.008
380,2.952,0.,2.952,2.98,0.,2.979,0.009,0.,0.009,2.334,0.,2.334,0.606,0.,0.606,0.61,0.,0.61,2.358,0.,2.358,0.009,0.,0.009
390,3.145,0.011,3.133,3.162,0.007,3.152,0.009,0.,0.009,2.511,0.007,2.502,0.621,0.004,0.617,0.615,0.003,0.611,2.534,0.003,2.528,0.009,0.,0.009
400,3.361,0.016,3.345,3.368,0.019,3.341,0.01,0.,0.01,2.721,0.015,2.705,0.628,0.,0.628,0.63,0.,0.623,2.726,0.019,2.706,0.009,0.,0.009