param-n,abstract-regression-cubic-real,abstract-regression-cubic-sys,abstract-regression-cubic-user,close-abstract-regression-cubic-real,close-abstract-regression-cubic-sys,close-abstract-regression-cubic-user,fast-rewrite-regression-cubic-real,fast-rewrite-regression-cubic-sys,fast-rewrite-regression-cubic-user,pose-build-and-refine-regression-cubic-real,pose-build-and-refine-regression-cubic-sys,pose-build-and-refine-regression-cubic-user,refine-regression-quadratic-regression-linear-real,refine-regression-quadratic-regression-linear-sys,refine-regression-quadratic-regression-linear-user
1,0.001,0.001,0.,0.,0.,0.,0.,0.,0.,0.,0.,0.,0.,0.,0.
2,0.001,0.001,0.,0.,0.,0.,0.001,0.001,0.,0.,0.,0.,0.,0.,0.
3,0.001,0.,0.,0.,0.,0.,0.001,0.,0.,0.001,0.,0.,0.,0.,0.
4,0.001,0.,0.001,0.,0.,0.,0.,0.,0.,0.,0.,0.,0.,0.,0.
5,0.001,0.,0.001,0.,0.,0.,0.001,0.,0.001,0.001,0.,0.001,0.,0.,0.
6,0.002,0.,0.002,0.,0.,0.,0.001,0.,0.001,0.001,0.,0.001,0.,0.,0.
7,0.002,0.,0.002,0.,0.,0.,0.001,0.,0.001,0.001,0.,0.001,0.,0.,0.
8,0.002,0.002,0.,0.,0.,0.,0.001,0.001,0.,0.001,0.001,0.,0.,0.,0.
9,0.002,0.,0.002,0.,0.,0.,0.001,0.,0.001,0.001,0.,0.001,0.,0.,0.
10,0.003,0.003,0.,0.,0.,0.,0.002,0.002,0.,0.002,0.002,0.,0.,0.,0.
11,0.003,0.,0.002,0.,0.,0.,0.002,0.,0.002,0.002,0.,0.002,0.,0.,0.
12,0.003,0.003,0.,0.,0.,0.,0.002,0.002,0.,0.002,0.002,0.,0.,0.,0.
13,0.004,0.003,0.,0.,0.,0.,0.003,0.003,0.,0.002,0.002,0.,0.,0.,0.
14,0.004,0.001,0.003,0.001,0.001,0.,0.003,0.,0.003,0.003,0.,0.003,0.,0.,0.
15,0.004,0.001,0.002,0.001,0.,0.,0.002,0.,0.002,0.002,0.,0.002,0.,0.,0.
16,0.005,0.004,0.,0.,0.,0.,0.004,0.004,0.,0.004,0.004,0.,0.001,0.001,0.
17,0.004,0.003,0.001,0.,0.,0.,0.003,0.002,0.,0.003,0.002,0.,0.,0.,0.
18,0.003,0.,0.003,0.,0.,0.,0.002,0.,0.002,0.002,0.,0.002,0.,0.,0.
19,0.003,0.,0.003,0.,0.,0.,0.002,0.,0.002,0.002,0.,0.002,0.,0.,0.
20,0.004,0.002,0.001,0.,0.,0.,0.003,0.002,0.,0.003,0.002,0.,0.,0.,0.
21,0.004,0.,0.004,0.,0.,0.,0.003,0.,0.003,0.003,0.,0.003,0.,0.,0.
22,0.004,0.,0.004,0.,0.,0.,0.003,0.,0.003,0.003,0.,0.003,0.,0.,0.
23,0.004,0.,0.004,0.,0.,0.,0.003,0.,0.003,0.003,0.,0.003,0.,0.,0.
24,0.005,0.,0.005,0.001,0.,0.001,0.003,0.,0.003,0.003,0.,0.003,0.,0.,0.
25,0.005,0.,0.005,0.001,0.,0.001,0.004,0.,0.004,0.004,0.,0.004,0.,0.,0.
26,0.005,0.,0.005,0.001,0.,0.001,0.004,0.,0.004,0.004,0.,0.004,0.,0.,0.
27,0.005,0.,0.005,0.001,0.,0.001,0.004,0.,0.004,0.003,0.,0.003,0.,0.,0.
28,0.005,0.,0.005,0.001,0.,0.001,0.004,0.,0.004,0.004,0.,0.004,0.,0.,0.
29,0.005,0.,0.005,0.001,0.,0.001,0.004,0.,0.004,0.004,0.,0.004,0.,0.,0.
30,0.006,0.,0.006,0.001,0.,0.001,0.004,0.,0.004,0.004,0.,0.004,0.,0.,0.
31,0.008,0.,0.008,0.001,0.,0.001,0.006,0.,0.006,0.006,0.,0.006,0.,0.,0.
32,0.008,0.,0.008,0.001,0.,0.001,0.006,0.,0.006,0.006,0.,0.006,0.,0.,0.
33,0.007,0.,0.007,0.001,0.,0.001,0.005,0.,0.005,0.005,0.,0.005,0.,0.,0.
34,0.007,0.,0.007,0.001,0.,0.001,0.005,0.,0.005,0.005,0.,0.005,0.,0.,0.
35,0.007,0.,0.007,0.001,0.,0.001,0.005,0.,0.005,0.005,0.,0.005,0.,0.,0.
36,0.007,0.,0.007,0.001,0.,0.001,0.005,0.,0.005,0.005,0.,0.005,0.,0.,0.
37,0.007,0.,0.007,0.001,0.,0.001,0.005,0.,0.005,0.005,0.,0.005,0.,0.,0.
38,0.008,0.,0.008,0.002,0.,0.002,0.006,0.,0.006,0.006,0.,0.006,0.,0.,0.
39,0.009,0.,0.009,0.002,0.,0.002,0.007,0.,0.007,0.007,0.,0.007,0.,0.,0.
40,0.093,0.,0.093,0.002,0.,0.002,0.09,0.,0.09,0.09,0.,0.09,0.,0.,0.
41,0.009,0.,0.009,0.002,0.,0.002,0.006,0.,0.006,0.006,0.,0.006,0.,0.,0.
42,0.009,0.,0.009,0.002,0.,0.002,0.006,0.,0.006,0.006,0.,0.006,0.,0.,0.
43,0.009,0.,0.009,0.002,0.,0.002,0.006,0.,0.006,0.006,0.,0.006,0.,0.,0.
44,0.011,0.002,0.008,0.002,0.002,0.,0.007,0.,0.007,0.007,0.,0.007,0.001,0.,0.001
45,0.01,0.,0.01,0.002,0.,0.002,0.006,0.,0.006,0.006,0.,0.006,0.,0.,0.
46,0.017,0.004,0.012,0.004,0.,0.004,0.011,0.003,0.007,0.011,0.003,0.007,0.,0.,0.
47,0.022,0.,0.022,0.008,0.,0.008,0.014,0.,0.014,0.014,0.,0.014,0.,0.,0.
48,0.01,0.,0.01,0.002,0.,0.002,0.007,0.,0.007,0.007,0.,0.007,0.,0.,0.
49,0.011,0.,0.011,0.003,0.,0.003,0.007,0.,0.007,0.007,0.,0.007,0.,0.,0.
50,0.015,0.,0.014,0.004,0.,0.004,0.011,0.,0.01,0.011,0.,0.01,0.001,0.,0.001
51,0.011,0.,0.011,0.003,0.,0.003,0.007,0.,0.007,0.007,0.,0.007,0.,0.,0.
52,0.012,0.,0.012,0.003,0.,0.003,0.009,0.,0.009,0.009,0.,0.009,0.,0.,0.
53,0.012,0.,0.012,0.003,0.,0.003,0.008,0.,0.008,0.008,0.,0.008,0.,0.,0.
54,0.013,0.,0.013,0.003,0.,0.003,0.009,0.,0.009,0.009,0.,0.009,0.,0.,0.
55,0.044,0.,0.044,0.003,0.,0.003,0.04,0.,0.04,0.04,0.,0.04,0.,0.,0.
56,0.013,0.,0.013,0.004,0.,0.004,0.008,0.,0.008,0.008,0.,0.008,0.,0.,0.
57,0.014,0.,0.014,0.003,0.,0.003,0.009,0.,0.009,0.009,0.,0.009,0.,0.,0.
58,0.014,0.,0.014,0.004,0.,0.004,0.009,0.,0.009,0.009,0.,0.009,0.,0.,0.
59,0.014,0.,0.014,0.004,0.,0.004,0.009,0.,0.009,0.009,0.,0.009,0.,0.,0.
60,0.02,0.,0.02,0.004,0.,0.004,0.015,0.,0.015,0.015,0.,0.015,0.002,0.,0.002
61,0.014,0.,0.014,0.004,0.,0.004,0.009,0.,0.009,0.009,0.,0.009,0.,0.,0.
62,0.015,0.,0.015,0.004,0.,0.004,0.009,0.,0.009,0.009,0.,0.009,0.,0.,0.
63,0.016,0.,0.016,0.004,0.,0.004,0.01,0.,0.01,0.01,0.,0.01,0.,0.,0.
64,0.018,0.,0.018,0.007,0.,0.007,0.01,0.,0.01,0.01,0.,0.01,0.,0.,0.
65,0.021,0.,0.021,0.005,0.,0.005,0.015,0.,0.015,0.015,0.,0.015,0.,0.,0.
66,0.019,0.,0.019,0.005,0.,0.005,0.013,0.,0.013,0.013,0.,0.013,0.,0.,0.
67,0.016,0.,0.016,0.005,0.,0.005,0.01,0.,0.01,0.01,0.,0.01,0.,0.,0.
68,0.017,0.,0.017,0.005,0.,0.005,0.011,0.,0.011,0.011,0.,0.011,0.,0.,0.
69,0.017,0.,0.017,0.005,0.,0.005,0.011,0.,0.011,0.011,0.,0.011,0.,0.,0.
70,0.018,0.,0.018,0.005,0.,0.005,0.012,0.,0.012,0.012,0.,0.012,0.,0.,0.
71,0.019,0.,0.019,0.005,0.,0.005,0.012,0.,0.012,0.012,0.,0.012,0.001,0.,0.001
72,0.018,0.,0.018,0.006,0.,0.006,0.011,0.,0.011,0.011,0.,0.011,0.001,0.,0.001
73,0.02,0.,0.02,0.006,0.,0.006,0.013,0.,0.013,0.013,0.,0.013,0.001,0.,0.001
74,0.034,0.003,0.03,0.006,0.003,0.003,0.027,0.,0.026,0.027,0.,0.026,0.001,0.,0.001
75,0.021,0.,0.021,0.006,0.,0.006,0.013,0.,0.013,0.013,0.,0.013,0.001,0.,0.001
76,0.02,0.,0.02,0.006,0.,0.006,0.013,0.,0.012,0.012,0.,0.012,0.001,0.,0.001
77,0.021,0.,0.021,0.007,0.,0.007,0.013,0.,0.013,0.013,0.,0.013,0.001,0.,0.001
78,0.023,0.,0.023,0.007,0.,0.007,0.015,0.,0.015,0.015,0.,0.015,0.001,0.,0.001
79,0.022,0.,0.022,0.007,0.,0.007,0.013,0.,0.013,0.013,0.,0.013,0.001,0.,0.001
80,0.022,0.,0.022,0.008,0.,0.008,0.013,0.,0.013,0.013,0.,0.013,0.001,0.,0.001
81,0.023,0.,0.023,0.007,0.,0.007,0.015,0.,0.015,0.015,0.,0.015,0.001,0.,0.001
82,0.041,0.,0.041,0.008,0.,0.008,0.032,0.,0.032,0.032,0.,0.032,0.001,0.,0.001
83,0.023,0.,0.023,0.008,0.,0.008,0.014,0.,0.014,0.014,0.,0.014,0.001,0.,0.001
84,0.026,0.002,0.024,0.011,0.,0.011,0.015,0.002,0.013,0.015,0.002,0.013,0.001,0.,0.001
85,0.025,0.,0.025,0.009,0.,0.009,0.015,0.,0.015,0.015,0.,0.015,0.001,0.,0.001
86,0.119,0.,0.119,0.009,0.,0.009,0.109,0.,0.109,0.109,0.,0.109,0.001,0.,0.001
87,0.026,0.,0.026,0.009,0.,0.009,0.015,0.,0.015,0.015,0.,0.015,0.001,0.,0.001
88,0.026,0.,0.026,0.009,0.,0.009,0.016,0.,0.016,0.016,0.,0.016,0.001,0.,0.001
89,0.028,0.,0.028,0.01,0.,0.01,0.017,0.,0.017,0.017,0.,0.017,0.001,0.,0.001
90,0.027,0.,0.027,0.01,0.,0.01,0.017,0.,0.017,0.017,0.,0.017,0.001,0.,0.001
91,0.029,0.,0.029,0.011,0.,0.011,0.017,0.,0.017,0.017,0.,0.017,0.001,0.,0.001
92,0.051,0.,0.051,0.033,0.,0.033,0.017,0.,0.017,0.017,0.,0.017,0.001,0.,0.001
93,0.028,0.,0.028,0.01,0.,0.01,0.016,0.,0.016,0.016,0.,0.016,0.001,0.,0.001
94,0.031,0.,0.031,0.011,0.,0.011,0.018,0.,0.018,0.018,0.,0.018,0.001,0.,0.001
95,0.031,0.,0.031,0.014,0.,0.014,0.016,0.,0.016,0.016,0.,0.016,0.001,0.,0.001
96,0.037,0.,0.037,0.018,0.,0.018,0.017,0.,0.017,0.017,0.,0.017,0.002,0.,0.002
97,0.03,0.,0.03,0.011,0.,0.011,0.017,0.,0.017,0.017,0.,0.017,0.001,0.,0.001
98,0.031,0.,0.031,0.012,0.,0.012,0.017,0.,0.017,0.017,0.,0.017,0.001,0.,0.001
99,0.03,0.006,0.024,0.012,0.003,0.008,0.017,0.001,0.015,0.017,0.001,0.015,0.001,0.,0.001
100,0.04,0.011,0.028,0.014,0.003,0.011,0.025,0.008,0.017,0.025,0.008,0.017,0.001,0.,0.001
110,0.037,0.,0.037,0.015,0.,0.015,0.02,0.,0.02,0.02,0.,0.02,0.001,0.,0.001
120,0.046,0.,0.046,0.02,0.,0.02,0.025,0.,0.025,0.025,0.,0.025,0.001,0.,0.001
130,0.05,0.,0.05,0.023,0.,0.023,0.026,0.,0.026,0.026,0.,0.026,0.003,0.,0.003
140,0.072,0.,0.072,0.029,0.,0.029,0.042,0.,0.042,0.042,0.,0.042,0.002,0.,0.002
150,0.122,0.,0.122,0.034,0.,0.033,0.088,0.,0.088,0.088,0.,0.088,0.002,0.,0.002
160,0.076,0.,0.076,0.041,0.,0.041,0.034,0.,0.034,0.034,0.,0.034,0.002,0.,0.002
170,0.09,0.,0.09,0.048,0.,0.048,0.041,0.,0.041,0.041,0.,0.041,0.002,0.,0.002
180,0.118,0.,0.118,0.069,0.,0.069,0.048,0.,0.048,0.048,0.,0.048,0.01,0.,0.01
190,0.107,0.,0.107,0.063,0.,0.063,0.042,0.,0.042,0.042,0.,0.042,0.003,0.,0.003
200,0.124,0.,0.124,0.075,0.,0.075,0.049,0.,0.049,0.048,0.,0.048,0.003,0.,0.003
210,0.135,0.,0.135,0.081,0.,0.081,0.052,0.,0.052,0.052,0.,0.052,0.003,0.,0.003
220,0.156,0.,0.156,0.101,0.,0.101,0.053,0.,0.053,0.053,0.,0.053,0.003,0.,0.003
230,0.176,0.,0.176,0.115,0.,0.115,0.059,0.,0.059,0.059,0.,0.059,0.003,0.,0.003
240,0.191,0.,0.19,0.121,0.,0.121,0.068,0.,0.068,0.068,0.,0.068,0.003,0.,0.003
250,0.283,0.,0.283,0.217,0.,0.217,0.065,0.,0.065,0.065,0.,0.065,0.003,0.,0.003
260,0.225,0.,0.225,0.155,0.,0.155,0.069,0.,0.069,0.069,0.,0.069,0.003,0.,0.003
270,0.246,0.,0.246,0.17,0.,0.17,0.074,0.,0.074,0.074,0.,0.074,0.004,0.,0.004
280,0.271,0.,0.271,0.188,0.,0.188,0.081,0.,0.081,0.081,0.,0.081,0.003,0.,0.003
290,0.312,0.,0.312,0.21,0.,0.21,0.1,0.,0.1,0.1,0.,0.1,0.004,0.,0.004
300,0.309,0.,0.309,0.216,0.,0.216,0.092,0.,0.092,0.092,0.,0.092,0.004,0.,0.004
310,0.338,0.,0.338,0.246,0.,0.246,0.091,0.,0.091,0.091,0.,0.091,0.004,0.,0.004
320,0.378,0.,0.378,0.278,0.,0.278,0.099,0.,0.099,0.099,0.,0.099,0.004,0.,0.004
330,0.42,0.,0.42,0.311,0.,0.311,0.108,0.,0.108,0.108,0.,0.108,0.004,0.,0.004
340,0.43,0.,0.43,0.316,0.,0.316,0.113,0.,0.113,0.113,0.,0.113,0.005,0.,0.005
350,0.52,0.,0.52,0.356,0.,0.356,0.163,0.,0.163,0.163,0.,0.163,0.005,0.,0.005
360,0.512,0.,0.512,0.376,0.,0.376,0.134,0.,0.134,0.134,0.,0.134,0.004,0.,0.004
370,0.565,0.,0.565,0.419,0.,0.419,0.144,0.,0.144,0.144,0.,0.144,0.004,0.,0.004
380,0.62,0.003,0.616,0.468,0.,0.468,0.15,0.003,0.147,0.15,0.003,0.147,0.005,0.,0.005
390,0.612,0.,0.612,0.476,0.,0.476,0.135,0.,0.135,0.135,0.,0.135,0.005,0.,0.005
400,0.669,0.003,0.665,0.523,0.,0.523,0.145,0.003,0.141,0.145,0.003,0.141,0.005,0.,0.005
500,1.174,0.003,1.17,0.972,0.003,0.968,0.201,0.,0.201,0.201,0.,0.201,0.007,0.,0.007
600,1.977,0.008,1.969,1.684,0.003,1.68,0.292,0.004,0.288,0.292,0.004,0.287,0.009,0.,0.009
700,3.133,0.,3.132,2.74,0.,2.739,0.391,0.,0.391,0.391,0.,0.391,0.011,0.,0.011
800,4.644,0.019,4.624,4.155,0.015,4.138,0.488,0.003,0.484,0.488,0.003,0.484,0.013,0.,0.013
900,6.52,0.016,6.503,5.963,0.016,5.946,0.555,0.,0.555,0.555,0.,0.555,0.02,0.,0.02
1000,9.004,0.012,8.988,8.317,0.003,8.309,0.685,0.008,0.677,0.685,0.008,0.676,0.016,0.,0.016