param-0-nm,param-1-n,param-2-m,param-3-input-size,param-4-output-size,param-5-num-rewrites,autorewrite-regression-cubic-real,autorewrite-regression-cubic-sys,autorewrite-regression-cubic-user,rewrite!-regression-cubic-real,rewrite!-regression-cubic-sys,rewrite!-regression-cubic-user,rewrite-strat(bottomup)-regression-cubic-real,rewrite-strat(bottomup)-regression-cubic-sys,rewrite-strat(bottomup)-regression-cubic-user,rewrite-strat(topdown)-regression-cubic-real,rewrite-strat(topdown)-regression-cubic-sys,rewrite-strat(topdown)-regression-cubic-user,setoid-rewrite-regression-cubic-real,setoid-rewrite-regression-cubic-sys,setoid-rewrite-regression-cubic-user,ssr-rewrite!-regression-cubic-real,ssr-rewrite!-regression-cubic-sys,ssr-rewrite!-regression-cubic-user
1,0,1,5,3,1,0.,0.,0.,0.,0.,0.,0.002,0.,0.002,0.002,0.,0.002,0.002,0.,0.002,0.,0.,0.
2,0,2,7,3,2,0.,0.,0.,0.001,0.,0.001,0.001,0.,0.001,0.,0.,0.,0.002,0.,0.002,0.003,0.003,0.
3,0,3,9,3,3,0.001,0.,0.001,0.001,0.,0.001,0.002,0.,0.002,0.,0.,0.,0.003,0.,0.003,0.001,0.,0.001
3,1,1,13,7,3,0.,0.,0.,0.,0.,0.,0.002,0.,0.002,0.001,0.,0.001,0.002,0.,0.002,0.001,0.,0.001
4,0,4,11,3,4,0.002,0.002,0.,0.001,0.,0.001,0.003,0.,0.003,0.001,0.001,0.,0.003,0.,0.003,0.001,0.,0.001
5,0,5,13,3,5,0.001,0.,0.001,0.001,0.,0.001,0.003,0.,0.003,0.001,0.001,0.,0.003,0.,0.003,0.001,0.001,0.
6,0,6,15,3,6,0.002,0.002,0.,0.001,0.,0.001,0.003,0.,0.003,0.001,0.001,0.,0.005,0.,0.005,0.002,0.002,0.
6,1,2,19,7,6,0.002,0.,0.002,0.001,0.001,0.,0.003,0.001,0.001,0.001,0.,0.001,0.003,0.,0.003,0.001,0.001,0.
7,0,7,17,3,7,0.002,0.,0.001,0.002,0.002,0.,0.007,0.003,0.003,0.003,0.003,0.,0.006,0.,0.006,0.002,0.,0.002
7,2,1,29,15,7,0.001,0.,0.001,0.001,0.,0.001,0.003,0.,0.003,0.008,0.,0.008,0.004,0.,0.004,0.001,0.,0.001
8,0,8,19,3,8,,,,,,,0.006,0.003,0.002,0.002,0.,0.001,,,,,,
9,0,9,21,3,9,,,,,,,0.007,0.,0.007,0.003,0.,0.003,,,,,,
9,1,3,25,7,9,0.002,0.,0.002,0.001,0.,0.001,0.005,0.,0.005,0.002,0.,0.002,0.005,0.,0.005,0.002,0.,0.002
10,0,10,23,3,10,0.003,0.001,0.002,,,,0.007,0.,0.007,0.002,0.,0.002,0.008,0.,0.008,0.003,0.,0.003
11,0,11,25,3,11,,,,,,,0.008,0.006,0.002,0.004,0.004,0.,,,,,,
12,0,12,27,3,12,,,,,,,0.01,0.,0.01,0.003,0.003,0.,,,,,,
12,1,4,31,7,12,,,,,,,0.007,0.,0.007,0.003,0.,0.003,0.007,0.,0.007,,,
13,0,13,29,3,13,0.005,0.,0.004,0.004,0.,0.004,0.011,0.,0.011,0.003,0.,0.003,0.01,0.003,0.007,0.006,0.,0.006
14,0,14,31,3,14,,,,,,,0.07,0.015,0.054,0.004,0.003,0.001,,,,,,
14,2,2,43,15,14,0.002,0.,0.002,0.002,0.,0.002,0.009,0.,0.009,0.004,0.,0.004,0.008,0.,0.008,0.003,0.,0.003
15,0,15,33,3,15,,,,,,,0.01,0.,0.01,0.005,0.004,0.001,,,,,,
15,1,5,37,7,15,0.003,0.,0.003,0.003,0.,0.003,0.011,0.,0.011,0.004,0.,0.004,0.009,0.,0.009,0.007,0.,0.007
15,3,1,61,31,15,0.002,0.,0.002,0.002,0.,0.002,0.013,0.007,0.006,0.005,0.,0.005,0.012,0.008,0.004,0.002,0.,0.002
16,0,16,35,3,16,0.006,0.,0.006,,,,0.011,0.,0.011,0.005,0.,0.005,0.014,0.007,0.006,0.006,0.,0.006
17,0,17,37,3,17,,,,,,,0.012,0.,0.012,0.065,0.015,0.05,,,,,,
18,0,18,39,3,18,,,,,,,0.014,0.,0.014,0.005,0.,0.004,,,,,,
18,1,6,43,7,18,,,,,,,0.014,0.,0.014,0.004,0.,0.004,0.012,0.,0.012,,,
19,0,19,41,3,19,0.008,0.003,0.005,0.007,0.002,0.004,0.015,0.,0.015,0.006,0.,0.006,0.016,0.008,0.008,0.009,0.003,0.005
20,0,20,43,3,20,,,,,,,0.016,0.,0.016,0.008,0.,0.008,,,,,,
21,0,21,45,3,21,,,,,,,0.018,0.,0.018,0.005,0.,0.005,,,,,,
21,1,7,49,7,21,0.005,0.,0.005,0.005,0.,0.005,0.016,0.,0.016,0.005,0.,0.005,0.014,0.,0.014,0.007,0.,0.007
21,2,3,57,15,21,0.004,0.,0.004,0.003,0.,0.003,0.017,0.,0.017,0.006,0.,0.006,0.012,0.,0.012,0.008,0.,0.008
22,0,22,47,3,22,0.009,0.004,0.005,,,,0.018,0.,0.018,0.006,0.,0.006,0.075,0.007,0.067,0.011,0.007,0.003
23,0,23,49,3,23,,,,,,,0.021,0.,0.021,0.006,0.,0.006,,,,,,
24,0,24,51,3,24,,,,,,,0.02,0.,0.02,0.007,0.,0.007,,,,,,
24,1,8,55,7,24,,,,,,,0.02,0.,0.02,0.007,0.,0.007,0.016,0.,0.016,,,
25,0,25,53,3,25,0.011,0.002,0.008,0.012,0.004,0.008,0.121,0.,0.121,0.006,0.,0.006,0.019,0.,0.019,0.013,0.007,0.006
26,0,26,55,3,26,,,,,,,0.024,0.,0.024,0.007,0.,0.007,,,,,,
27,0,27,57,3,27,,,,,,,0.025,0.,0.025,0.009,0.,0.009,,,,,,
27,1,9,61,7,27,0.007,0.,0.007,0.006,0.,0.006,0.024,0.,0.024,0.007,0.,0.007,0.02,0.,0.02,0.01,0.,0.01
28,0,28,59,3,28,0.009,0.,0.009,,,,0.026,0.,0.026,0.009,0.,0.009,0.023,0.,0.023,0.075,0.015,0.059
28,2,4,71,15,28,0.005,0.,0.005,0.004,0.,0.004,0.025,0.,0.025,0.008,0.,0.008,0.019,0.,0.019,0.008,0.,0.008
29,0,29,61,3,29,,,,,,,0.027,0.,0.027,0.008,0.,0.008,,,,,,
30,0,30,63,3,30,,,,,,,0.03,0.,0.03,0.008,0.,0.008,,,,,,
30,1,10,67,7,30,,,,,,,0.028,0.,0.028,0.008,0.,0.008,0.022,0.,0.022,,,
30,3,2,91,31,30,0.005,0.,0.005,0.004,0.004,0.,0.032,0.02,0.012,0.022,0.,0.022,0.022,0.012,0.01,0.007,0.007,0.
31,0,31,65,3,31,0.01,0.,0.01,0.016,0.008,0.008,0.03,0.,0.03,0.009,0.,0.009,0.027,0.,0.027,0.018,0.,0.018
31,4,1,125,63,31,0.004,0.,0.004,0.003,0.,0.003,0.027,0.,0.027,0.01,0.,0.01,0.018,0.,0.018,0.004,0.,0.004
32,0,32,67,3,32,,,,,,,0.054,0.,0.054,0.01,0.,0.01,,,,,,
33,0,33,69,3,33,,,,,,,0.033,0.,0.033,0.01,0.,0.01,,,,,,
33,1,11,73,7,33,0.009,0.,0.009,0.009,0.,0.009,0.032,0.,0.032,0.014,0.,0.014,0.024,0.,0.024,0.014,0.,0.014
34,0,34,71,3,34,0.013,0.,0.013,,,,0.035,0.,0.035,0.11,0.,0.11,0.039,0.,0.039,0.018,0.,0.018
35,0,35,73,3,35,,,,,,,0.036,0.,0.036,0.014,0.,0.014,,,,,,
35,2,5,85,15,35,0.007,0.,0.007,0.007,0.,0.007,0.035,0.,0.035,0.011,0.,0.011,0.024,0.,0.024,0.012,0.,0.012
36,0,36,75,3,36,,,,,,,0.057,0.,0.057,0.013,0.,0.013,,,,,,
36,1,12,79,7,36,,,,,,,0.038,0.,0.038,0.011,0.,0.011,0.029,0.,0.029,,,
37,0,37,77,3,37,0.014,0.,0.014,0.079,0.006,0.072,0.041,0.,0.041,0.013,0.,0.013,0.034,0.,0.034,0.02,0.,0.02
38,0,38,79,3,38,,,,,,,0.044,0.,0.044,0.014,0.,0.014,,,,,,
39,0,39,81,3,39,,,,,,,0.043,0.003,0.039,0.021,0.,0.021,,,,,,
39,1,13,85,7,39,0.011,0.,0.011,0.011,0.,0.011,0.043,0.,0.043,0.015,0.,0.015,0.034,0.,0.034,0.018,0.,0.018
40,0,40,83,3,40,0.016,0.,0.016,,,,0.046,0.,0.046,0.015,0.,0.015,0.141,0.,0.141,0.025,0.,0.025
41,0,41,85,3,41,,,,,,,0.067,0.,0.067,0.016,0.,0.016,,,,,,
42,0,42,87,3,42,,,,,,,0.049,0.,0.049,0.016,0.,0.016,,,,,,
42,1,14,91,7,42,,,,,,,0.05,0.,0.05,0.014,0.,0.014,0.034,0.,0.034,,,
42,2,6,99,15,42,0.008,0.,0.008,0.008,0.,0.008,0.053,0.,0.053,0.014,0.,0.014,0.029,0.,0.029,0.018,0.,0.018
43,0,43,89,3,43,0.017,0.,0.017,0.018,0.,0.017,0.054,0.,0.054,0.04,0.,0.04,0.044,0.,0.043,0.027,0.,0.027
44,0,44,91,3,44,,,,,,,0.054,0.,0.054,0.018,0.,0.018,,,,,,
45,0,45,93,3,45,,,,,,,0.053,0.,0.053,0.018,0.,0.018,,,,,,
45,1,15,97,7,45,0.013,0.,0.013,0.016,0.,0.016,0.053,0.,0.053,0.016,0.,0.016,0.039,0.,0.039,0.022,0.,0.022
45,3,3,121,31,45,0.008,0.,0.008,0.009,0.002,0.007,0.109,0.023,0.086,0.014,0.,0.014,0.091,0.015,0.076,0.012,0.004,0.008
46,0,46,95,3,46,0.019,0.,0.019,,,,0.059,0.,0.059,0.018,0.,0.018,0.047,0.,0.047,0.029,0.,0.029
47,0,47,97,3,47,,,,,,,0.156,0.,0.156,0.02,0.,0.02,,,,,,
48,0,48,99,3,48,,,,,,,0.064,0.,0.062,0.02,0.,0.02,,,,,,
48,1,16,103,7,48,,,,,,,0.06,0.,0.06,0.024,0.,0.024,0.041,0.,0.041,,,
49,0,49,101,3,49,0.119,0.,0.119,0.02,0.,0.02,0.064,0.,0.064,0.021,0.,0.021,0.072,0.,0.072,0.132,0.,0.132
49,2,7,113,15,49,0.012,0.,0.012,0.01,0.,0.01,0.06,0.,0.06,0.016,0.,0.016,0.037,0.,0.037,0.019,0.,0.019
50,0,50,103,3,50,,,,,,,0.091,0.,0.091,0.022,0.,0.022,,,,,,
51,0,51,105,3,51,,,,,,,0.067,0.,0.067,0.024,0.,0.024,,,,,,
51,1,17,109,7,51,0.019,0.,0.019,0.017,0.,0.017,0.064,0.,0.064,0.021,0.,0.021,0.047,0.,0.047,0.03,0.,0.03
52,0,52,107,3,52,0.024,0.,0.024,,,,0.072,0.,0.072,0.024,0.,0.024,0.055,0.,0.055,0.037,0.,0.037
53,0,53,109,3,53,,,,,,,0.076,0.,0.075,0.025,0.,0.025,,,,,,
54,0,54,111,3,54,,,,,,,0.077,0.,0.077,0.024,0.,0.024,,,,,,
54,1,18,115,7,54,,,,,,,0.078,0.,0.077,0.021,0.,0.021,0.05,0.,0.05,,,
55,0,55,113,3,55,0.025,0.,0.025,0.026,0.,0.026,0.078,0.,0.078,0.027,0.,0.027,0.061,0.,0.061,0.044,0.,0.044
56,0,56,115,3,56,,,,,,,0.083,0.,0.083,0.04,0.,0.04,,,,,,
56,2,8,127,15,56,0.022,0.,0.022,0.016,0.,0.016,0.073,0.,0.073,0.028,0.,0.028,0.043,0.,0.043,0.025,0.,0.025
57,0,57,117,3,57,,,,,,,0.084,0.,0.084,0.027,0.,0.027,,,,,,
57,1,19,121,7,57,0.02,0.,0.02,0.02,0.,0.02,0.086,0.,0.086,0.025,0.,0.025,0.056,0.,0.056,0.033,0.,0.033
58,0,58,119,3,58,0.028,0.,0.028,,,,0.087,0.,0.087,0.03,0.,0.03,0.066,0.,0.066,0.043,0.,0.043
59,0,59,121,3,59,,,,,,,0.089,0.,0.089,0.03,0.,0.03,,,,,,
60,0,60,123,3,60,,,,,,,0.092,0.,0.092,0.032,0.,0.032,,,,,,
60,1,20,127,7,60,,,,,,,0.095,0.,0.095,0.026,0.,0.026,0.06,0.,0.06,,,
60,3,4,151,31,60,0.01,0.,0.01,0.014,0.007,0.007,0.081,0.,0.081,0.021,0.,0.021,0.041,0.,0.041,0.02,0.005,0.015
61,0,61,125,3,61,0.03,0.,0.03,0.03,0.,0.03,0.094,0.,0.094,0.048,0.,0.048,0.07,0.,0.07,0.075,0.,0.075
62,0,62,127,3,62,,,,,,,0.092,0.,0.092,0.032,0.,0.032,,,,,,
62,4,2,187,63,62,0.009,0.,0.009,0.009,0.,0.009,0.08,0.,0.08,0.024,0.,0.024,0.041,0.003,0.037,0.012,0.,0.012
63,0,63,129,3,63,,,,,,,0.101,0.,0.101,0.031,0.,0.031,,,,,,
63,1,21,133,7,63,0.025,0.,0.025,0.025,0.,0.025,0.098,0.,0.098,0.029,0.,0.029,0.065,0.,0.065,0.042,0.,0.042
63,2,9,141,15,63,0.017,0.,0.017,0.016,0.,0.016,0.095,0.,0.095,0.025,0.,0.025,0.052,0.,0.052,0.037,0.,0.037
63,5,1,253,127,63,0.008,0.,0.008,0.007,0.,0.007,0.077,0.,0.077,0.027,0.,0.027,0.044,0.,0.044,0.01,0.,0.01
64,0,64,131,3,64,0.056,0.,0.056,,,,0.101,0.003,0.097,0.033,0.,0.033,0.089,0.,0.089,0.053,0.,0.053
65,0,65,133,3,65,,,,,,,0.104,0.,0.104,0.036,0.,0.036,,,,,,
66,0,66,135,3,66,,,,,,,0.109,0.004,0.105,0.035,0.,0.035,,,,,,
66,1,22,139,7,66,,,,,,,0.104,0.,0.104,0.032,0.,0.032,0.073,0.,0.073,,,
67,0,67,137,3,67,0.038,0.,0.038,0.136,0.,0.136,0.113,0.,0.113,0.133,0.,0.133,0.081,0.,0.081,0.057,0.,0.057
68,0,68,139,3,68,,,,,,,,,,0.036,0.,0.036,,,,,,
69,0,69,141,3,69,,,,,,,,,,0.04,0.,0.04,,,,,,
69,1,23,145,7,69,0.027,0.,0.027,0.028,0.,0.028,0.116,0.,0.116,0.032,0.,0.032,0.072,0.,0.072,0.046,0.,0.046
70,0,70,143,3,70,0.039,0.,0.039,,,,,,,0.069,0.,0.069,0.102,0.,0.102,0.062,0.,0.062
70,2,10,155,15,70,0.018,0.,0.018,0.017,0.,0.017,0.109,0.002,0.106,0.029,0.,0.029,0.063,0.,0.063,0.034,0.,0.034
71,0,71,145,3,71,,,,,,,,,,0.042,0.,0.042,,,,,,
72,0,72,147,3,72,,,,,,,,,,0.042,0.,0.042,,,,,,
72,1,24,151,7,72,,,,,,,,,,0.036,0.,0.036,0.078,0.002,0.075,,,
73,0,73,149,3,73,0.041,0.,0.041,0.042,0.,0.042,,,,0.041,0.,0.041,0.092,0.,0.092,0.071,0.,0.071
74,0,74,151,3,74,,,,,,,0.136,0.,0.136,0.042,0.,0.042,,,,,,
75,0,75,153,3,75,,,,,,,,,,0.047,0.,0.047,,,,,,
75,1,25,157,7,75,0.03,0.,0.03,0.032,0.,0.032,,,,0.038,0.,0.038,0.09,0.,0.09,0.054,0.,0.054
75,3,5,181,31,75,0.015,0.,0.015,0.079,0.,0.079,0.21,0.,0.209,0.031,0.,0.031,0.06,0.003,0.057,0.084,0.,0.084
76,0,76,155,3,76,0.044,0.,0.044,,,,,,,0.045,0.,0.045,0.198,0.,0.198,0.083,0.,0.083
77,0,77,157,3,77,,,,,,,,,,0.046,0.,0.046,,,,,,
77,2,11,169,15,77,0.022,0.,0.022,0.026,0.,0.026,,,,0.036,0.,0.036,0.076,0.,0.076,0.041,0.,0.041
78,0,78,159,3,78,,,,,,,,,,0.052,0.,0.052,,,,,,
78,1,26,163,7,78,,,,,,,0.14,0.003,0.136,0.04,0.,0.04,0.092,0.,0.092,,,
79,0,79,161,3,79,0.062,0.,0.062,0.073,0.,0.073,,,,0.046,0.,0.046,0.106,0.,0.106,0.075,0.,0.075
80,0,80,163,3,80,,,,,,,,,,0.05,0.,0.05,,,,,,
81,0,81,165,3,81,,,,,,,0.148,0.,0.148,0.051,0.,0.051,,,,,,
81,1,27,169,7,81,0.035,0.,0.035,0.034,0.,0.034,,,,0.046,0.,0.046,0.094,0.,0.094,0.06,0.,0.06
82,0,82,167,3,82,0.052,0.,0.052,,,,,,,0.052,0.,0.052,0.135,0.,0.135,0.1,0.,0.1
83,0,83,169,3,83,,,,,,,,,,0.053,0.,0.053,,,,,,
84,0,84,171,3,84,,,,,,,,,,0.054,0.,0.054,,,,,,
84,1,28,175,7,84,,,,,,,,,,0.049,0.,0.049,0.103,0.,0.103,,,
84,2,12,183,15,84,0.023,0.,0.023,0.024,0.,0.024,0.16,0.,0.16,0.038,0.,0.038,0.084,0.,0.085,0.048,0.,0.048
85,0,85,173,3,85,0.069,0.,0.069,0.057,0.,0.057,,,,0.055,0.,0.055,0.117,0.,0.117,0.088,0.,0.088
86,0,86,175,3,86,,,,,,,,,,0.056,0.,0.056,,,,,,
87,0,87,177,3,87,,,,,,,,,,0.059,0.,0.059,,,,,,
87,1,29,181,7,87,0.039,0.,0.039,0.038,0.,0.038,0.171,0.,0.171,0.054,0.,0.054,0.107,0.,0.107,0.071,0.,0.071
88,0,88,179,3,88,0.057,0.,0.057,,,,0.186,0.,0.186,0.06,0.,0.06,0.122,0.,0.122,0.196,0.,0.196
89,0,89,181,3,89,,,,,,,,,,0.061,0.,0.061,,,,,,
90,0,90,183,3,90,,,,,,,,,,0.066,0.,0.066,,,,,,
90,1,30,187,7,90,,,,,,,,,,0.053,0.,0.053,0.111,0.,0.111,,,
90,3,6,211,31,90,0.018,0.,0.018,0.018,0.,0.018,0.157,0.,0.157,0.042,0.,0.042,0.173,0.,0.173,0.027,0.,0.027
91,0,91,185,3,91,0.063,0.,0.063,0.06,0.,0.06,,,,0.063,0.,0.063,0.138,0.,0.138,0.101,0.,0.101
91,2,13,197,15,91,0.029,0.,0.029,0.03,0.,0.03,,,,0.044,0.,0.044,0.1,0.,0.1,0.052,0.,0.052
92,0,92,187,3,92,,,,,,,,,,0.064,0.,0.064,,,,,,
93,0,93,189,3,93,,,,,,,,,,0.077,0.,0.077,,,,,,
93,1,31,193,7,93,0.047,0.,0.047,0.043,0.,0.043,,,,0.059,0.,0.059,0.122,0.,0.122,0.085,0.,0.085
93,4,3,249,63,93,0.014,0.,0.014,0.012,0.,0.012,0.159,0.,0.159,0.04,0.,0.04,0.07,0.,0.07,0.022,0.,0.022
94,0,94,191,3,94,0.158,0.,0.158,,,,,,,0.086,0.,0.084,0.141,0.,0.141,0.137,0.,0.137
95,0,95,193,3,95,,,,,,,0.226,0.,0.225,0.068,0.,0.068,,,,,,
96,0,96,195,3,96,,,,,,,,,,0.071,0.,0.071,,,,,,
96,1,32,199,7,96,,,,,,,0.199,0.,0.199,0.06,0.,0.06,0.12,0.,0.12,,,
97,0,97,197,3,97,0.067,0.,0.067,0.07,0.,0.07,,,,0.073,0.,0.073,0.149,0.,0.149,0.112,0.,0.112
98,0,98,199,3,98,,,,,,,,,,0.08,0.,0.08,,,,,,
98,2,14,211,15,98,0.031,0.,0.031,0.041,0.,0.041,0.2,0.,0.2,0.051,0.,0.051,0.105,0.,0.105,0.061,0.,0.061
99,0,99,201,3,99,,,,,,,,,,0.077,0.003,0.073,,,,,,
99,1,33,205,7,99,0.049,0.,0.049,0.049,0.,0.049,,,,0.064,0.,0.064,0.133,0.,0.133,0.087,0.003,0.083
100,0,100,203,3,100,0.097,0.,0.097,,,,,,,0.077,0.,0.077,0.157,0.,0.157,0.117,0.003,0.114
101,0,101,205,3,101,,,,,,,,,,0.086,0.,0.086,,,,,,
102,0,102,207,3,102,,,,,,,,,,0.087,0.,0.087,,,,,,
102,1,34,211,7,102,,,,,,,0.246,0.004,0.242,0.07,0.,0.07,0.136,0.,0.136,,,
103,0,103,209,3,103,0.072,0.,0.072,0.093,0.,0.093,,,,0.082,0.,0.082,0.16,0.,0.16,0.128,0.,0.128
104,0,104,211,3,104,,,,,,,,,,0.082,0.003,0.078,,,,,,
105,0,105,213,3,105,,,,,,,,,,0.083,0.,0.083,,,,,,
105,1,35,217,7,105,0.057,0.,0.057,0.055,0.,0.055,,,,0.069,0.,0.069,0.149,0.,0.149,0.098,0.,0.098
105,2,15,225,15,105,0.037,0.,0.037,0.036,0.,0.036,,,,0.059,0.,0.059,0.116,0.,0.116,0.073,0.,0.073
105,3,7,241,31,105,0.023,0.,0.023,0.023,0.,0.023,0.24,0.,0.24,0.052,0.,0.052,0.091,0.,0.091,0.037,0.003,0.034
106,0,106,215,3,106,0.077,0.003,0.074,,,,,,,0.083,0.,0.083,0.168,0.003,0.165,0.136,0.,0.136
107,0,107,217,3,107,,,,,,,,,,0.086,0.,0.086,,,,,,
108,0,108,219,3,108,,,,,,,,,,0.088,0.,0.088,,,,,,
108,1,36,223,7,108,,,,,,,,,,0.076,0.,0.076,0.153,0.,0.153,,,
109,0,109,221,3,109,0.086,0.,0.086,0.108,0.,0.108,,,,0.088,0.,0.088,0.177,0.,0.177,0.166,0.,0.166
110,0,110,223,3,110,,,,,,,,,,0.097,0.,0.097,,,,,,
111,0,111,225,3,111,,,,,,,,,,0.093,0.,0.093,,,,,,
111,1,37,229,7,111,0.06,0.002,0.058,0.061,0.,0.061,,,,0.076,0.,0.076,0.16,0.,0.16,0.107,0.,0.107
112,0,112,227,3,112,0.093,0.004,0.089,,,,,,,0.099,0.,0.099,0.188,0.,0.188,0.155,0.,0.155
112,2,16,239,15,112,0.038,0.002,0.035,0.041,0.,0.041,,,,0.068,0.,0.068,0.132,0.,0.132,0.072,0.,0.072
113,0,113,229,3,113,,,,,,,,,,0.1,0.003,0.096,,,,,,
114,0,114,231,3,114,,,,,,,,,,0.112,0.,0.112,,,,,,
114,1,38,235,7,114,,,,,,,,,,0.083,0.,0.083,0.172,0.,0.17,,,
115,0,115,233,3,115,0.094,0.,0.094,0.091,0.,0.091,,,,0.106,0.,0.106,0.189,0.,0.189,0.158,0.,0.158
116,0,116,235,3,116,,,,,,,,,,0.097,0.,0.097,,,,,,
117,0,117,237,3,117,,,,,,,,,,0.112,0.,0.112,,,,,,
117,1,39,241,7,117,0.068,0.,0.068,0.065,0.,0.065,,,,0.094,0.,0.094,0.191,0.,0.191,0.119,0.,0.119
118,0,118,239,3,118,0.093,0.,0.093,,,,,,,0.114,0.,0.114,0.2,0.,0.2,0.169,0.,0.169
119,0,119,241,3,119,,,,,,,,,,0.1,0.,0.1,,,,,,
119,2,17,253,15,119,0.044,0.,0.044,0.044,0.,0.044,,,,0.075,0.,0.075,0.141,0.,0.141,0.079,0.,0.079
120,0,120,243,3,120,,,,,,,,,,0.104,0.,0.104,,,,,,
120,1,40,247,7,120,,,,,,,,,,0.09,0.,0.089,0.198,0.,0.198,,,
120,3,8,271,31,120,0.028,0.,0.028,0.03,0.,0.03,0.271,0.,0.271,0.06,0.,0.06,0.136,0.,0.136,0.046,0.,0.046
121,0,121,245,3,121,0.102,0.,0.102,0.205,0.,0.205,,,,0.118,0.,0.118,0.208,0.,0.208,0.168,0.,0.168
122,0,122,247,3,122,,,,,,,,,,0.117,0.,0.117,,,,,,
123,0,123,249,3,123,,,,,,,,,,0.108,0.,0.108,,,,,,
123,1,41,253,7,123,0.073,0.,0.073,0.077,0.,0.077,,,,0.094,0.,0.094,0.195,0.,0.195,0.133,0.,0.133
124,0,124,251,3,124,0.101,0.,0.101,,,,,,,0.118,0.003,0.114,0.215,0.,0.215,0.175,0.,0.175
124,4,4,311,63,124,0.021,0.,0.021,0.02,0.,0.02,0.25,0.003,0.246,0.063,0.,0.063,0.104,0.,0.104,0.035,0.,0.035
125,0,125,253,3,125,,,,,,,,,,0.117,0.,0.117,,,,,,
126,0,126,255,3,126,,,,,,,,,,0.142,0.,0.142,,,,,,
126,1,42,259,7,126,,,,,,,,,,0.11,0.,0.11,0.203,0.,0.203,,,
126,2,18,267,15,126,0.046,0.,0.046,0.049,0.,0.049,,,,0.079,0.,0.079,0.157,0.,0.157,0.085,0.,0.085
126,5,2,379,127,126,0.017,0.,0.017,0.014,0.,0.014,,,,0.059,0.,0.059,0.1,0.,0.1,0.024,0.,0.024
127,0,127,257,3,127,0.11,0.,0.11,0.133,0.003,0.13,,,,0.139,0.003,0.135,0.237,0.,0.237,0.189,0.,0.189
127,6,1,509,255,127,0.016,0.,0.016,0.011,0.,0.011,0.174,0.,0.173,0.066,0.,0.066,0.104,0.,0.104,0.02,0.,0.02
128,0,128,259,3,128,,,,,,,,,,0.132,0.,0.132,,,,,,
129,0,129,261,3,129,,,,,,,,,,0.117,0.,0.117,0.246,0.,0.246,,,
129,1,43,265,7,129,0.078,0.003,0.074,0.085,0.,0.085,,,,0.115,0.,0.115,0.225,0.,0.225,0.145,0.,0.145
130,0,130,263,3,130,0.117,0.,0.117,,,,,,,0.129,0.,0.129,,,,0.196,0.,0.196
131,0,131,265,3,131,,,,,,,,,,0.128,0.004,0.124,,,,,,
132,0,132,267,3,132,,,,,,,,,,0.127,0.006,0.12,,,,,,
132,1,44,271,7,132,,,,,,,0.363,0.003,0.359,0.114,0.,0.114,,,,,,
133,0,133,269,3,133,0.118,0.,0.118,0.121,0.,0.121,,,,0.127,0.,0.127,,,,0.197,0.,0.197
133,2,19,281,15,133,0.053,0.,0.053,0.053,0.002,0.05,,,,0.09,0.,0.09,0.171,0.,0.171,0.096,0.,0.096
134,0,134,271,3,134,,,,,,,,,,0.136,0.,0.136,,,,,,
135,0,135,273,3,135,,,,,,,,,,0.141,0.,0.141,,,,,,
135,1,45,277,7,135,0.085,0.,0.085,0.084,0.,0.084,,,,0.112,0.,0.112,,,,0.161,0.,0.161
135,3,9,301,31,135,0.036,0.,0.036,0.036,0.,0.036,0.306,0.,0.306,0.076,0.,0.076,0.139,0.,0.139,0.151,0.,0.151
136,0,136,275,3,136,0.121,0.,0.121,,,,,,,0.142,0.,0.142,,,,0.204,0.,0.204
137,0,137,277,3,137,,,,,,,,,,0.146,0.003,0.142,,,,,,
138,0,138,279,3,138,,,,,,,,,,0.149,0.,0.149,,,,,,
138,1,46,283,7,138,,,,,,,,,,0.125,0.,0.125,,,,0.172,0.003,0.168
139,0,139,281,3,139,0.132,0.,0.132,0.143,0.,0.143,,,,0.145,0.004,0.141,,,,,,
140,0,140,283,3,140,,,,,,,,,,0.145,0.,0.145,,,,,,
140,2,20,295,15,140,0.06,0.,0.06,0.059,0.,0.059,,,,0.104,0.,0.103,,,,0.124,0.,0.124
141,0,141,285,3,141,,,,,,,,,,0.148,0.,0.148,,,,,,
141,1,47,289,7,141,0.097,0.,0.097,0.091,0.,0.091,,,,0.127,0.,0.127,,,,,,
142,0,142,287,3,142,0.141,0.,0.141,,,,,,,0.155,0.,0.155,,,,,,
143,0,143,289,3,143,,,,,,,,,,0.149,0.,0.149,,,,,,
144,0,144,291,3,144,,,,,,,,,,0.185,0.,0.185,,,,,,
144,1,48,295,7,144,,,,,,,,,,0.132,0.,0.132,,,,,,
145,0,145,293,3,145,0.15,0.,0.15,0.144,0.,0.144,,,,0.149,0.,0.149,,,,,,
146,0,146,295,3,146,,,,,,,,,,0.18,0.,0.18,,,,,,
147,0,147,297,3,147,,,,,,,,,,0.158,0.,0.158,,,,,,
147,1,49,301,7,147,0.101,0.,0.101,0.098,0.,0.098,,,,0.143,0.,0.143,,,,,,
147,2,21,309,15,147,0.063,0.,0.063,0.069,0.003,0.065,,,,0.11,0.,0.11,,,,,,
148,0,148,299,3,148,0.151,0.003,0.147,,,,,,,0.18,0.008,0.172,,,,,,
149,0,149,301,3,149,,,,,,,,,,0.172,0.004,0.168,,,,,,
150,0,150,303,3,150,,,,,,,,,,0.176,0.003,0.172,,,,,,
150,1,50,307,7,150,,,,,,,,,,0.143,0.,0.143,,,,,,
150,3,10,331,31,150,0.042,0.,0.042,0.139,0.,0.139,0.409,0.003,0.405,0.092,0.,0.092,0.199,0.,0.199,0.069,0.,0.069
151,0,151,305,3,151,0.147,0.,0.147,0.156,0.,0.156,,,,0.197,0.,0.197,,,,,,
152,0,152,307,3,152,,,,,,,,,,0.171,0.003,0.167,,,,,,
153,0,153,309,3,153,,,,,,,,,,0.177,0.004,0.173,,,,,,
153,1,51,313,7,153,0.108,0.,0.108,0.111,0.,0.111,,,,0.148,0.,0.148,,,,,,
154,0,154,311,3,154,0.155,0.,0.155,,,,,,,0.17,0.,0.17,,,,,,
154,2,22,323,15,154,0.069,0.,0.069,0.074,0.,0.074,,,,0.11,0.,0.11,,,,,,
155,0,155,313,3,155,,,,,,,,,,0.175,0.,0.175,,,,,,
155,4,5,373,63,155,0.029,0.,0.029,0.028,0.,0.028,0.403,0.,0.403,0.09,0.,0.09,0.149,0.,0.149,0.054,0.,0.054
156,0,156,315,3,156,,,,,,,,,,0.183,0.,0.182,,,,,,
156,1,52,319,7,156,,,,,,,,,,0.152,0.,0.152,,,,,,
157,0,157,317,3,157,0.163,0.,0.163,0.181,0.,0.181,,,,0.182,0.,0.182,,,,,,
158,0,158,319,3,158,,,,,,,,,,0.186,0.,0.186,,,,,,
159,0,159,321,3,159,,,,,,,,,,0.181,0.,0.181,,,,,,
159,1,53,325,7,159,0.119,0.,0.119,0.118,0.,0.118,,,,0.157,0.,0.157,,,,,,
160,0,160,323,3,160,0.169,0.,0.169,,,,,,,0.188,0.,0.188,,,,,,
161,0,161,325,3,161,,,,,,,,,,0.189,0.007,0.181,0.357,0.003,0.353,,,
161,2,23,337,15,161,0.079,0.,0.078,0.078,0.,0.078,,,,0.125,0.,0.125,,,,,,
162,0,162,327,3,162,,,,,,,,,,0.188,0.003,0.184,,,,,,
162,1,54,331,7,162,,,,,,,,,,0.17,0.,0.17,,,,,,
163,0,163,329,3,163,0.177,0.003,0.173,0.185,0.,0.185,,,,0.195,0.,0.195,,,,,,
164,0,164,331,3,164,,,,,,,,,,0.206,0.,0.206,,,,,,
165,0,165,333,3,165,,,,,,,,,,0.208,0.,0.208,,,,,,
165,1,55,337,7,165,0.134,0.,0.134,0.125,0.,0.125,,,,0.171,0.,0.171,,,,,,
165,3,11,361,31,165,0.048,0.,0.048,0.049,0.,0.049,0.438,0.003,0.434,0.117,0.,0.117,0.199,0.003,0.195,0.102,0.,0.102
166,0,166,335,3,166,0.192,0.007,0.184,,,,,,,0.21,0.,0.21,,,,,,
167,0,167,337,3,167,,,,,,,,,,0.232,0.,0.232,,,,,,
168,0,168,339,3,168,,,,,,,,,,0.209,0.,0.209,,,,,,
168,1,56,343,7,168,,,,,,,,,,0.174,0.,0.174,,,,,,
168,2,24,351,15,168,0.082,0.,0.082,0.081,0.,0.081,,,,0.135,0.,0.135,,,,,,
169,0,169,341,3,169,0.198,0.,0.198,0.207,0.003,0.203,,,,0.244,0.,0.243,,,,,,
170,0,170,343,3,170,0.203,0.,0.203,,,,,,,,,,,,,0.336,0.,0.336
171,0,171,345,3,171,,,,0.203,0.003,0.199,,,,,,,,,,,,
171,1,57,349,7,171,0.136,0.,0.136,0.133,0.,0.133,,,,0.175,0.,0.175,0.339,0.,0.339,0.254,0.,0.254
175,2,25,365,15,175,0.087,0.,0.087,0.086,0.,0.086,,,,0.145,0.,0.145,0.275,0.,0.275,,,
180,3,12,391,31,180,0.054,0.,0.054,0.079,0.,0.079,0.52,0.004,0.516,0.125,0.,0.125,0.373,0.,0.372,0.108,0.,0.108
182,2,26,379,15,182,,,,,,,,,,,,,,,,0.176,0.,0.176
186,4,6,435,63,186,0.035,0.,0.035,0.037,0.,0.037,,,,0.113,0.,0.113,,,,0.072,0.,0.072
189,5,3,505,127,189,0.027,0.,0.027,0.026,0.,0.026,,,,0.103,0.,0.103,0.172,0.,0.172,0.051,0.,0.051
193,0,193,389,3,193,,,,,,,,,,,,,0.51,0.,0.508,,,
195,3,13,421,31,195,,,,0.067,0.,0.067,0.633,0.,0.633,,,,0.269,0.,0.269,0.122,0.,0.122
197,0,197,397,3,197,,,,,,,,,,0.286,0.,0.285,,,,,,
199,0,199,401,3,199,0.268,0.,0.268,,,,,,,,,,,,,,,
200,0,200,403,3,200,,,,0.281,0.,0.281,,,,,,,,,,,,
204,0,204,411,3,204,,,,,,,,,,,,,,,,0.476,0.003,0.473
204,1,68,415,7,204,,,,,,,,,,0.252,0.,0.252,,,,0.365,0.,0.365
207,1,69,421,7,207,0.193,0.,0.193,,,,,,,,,,,,,,,
210,2,30,435,15,210,,,,,,,,,,0.21,0.,0.21,,,,,,
210,3,14,451,31,210,,,,0.076,0.,0.076,0.686,0.003,0.681,,,,0.312,0.,0.312,0.128,0.003,0.124
213,1,71,433,7,213,,,,,,,,,,,,,0.49,0.,0.489,,,
216,1,72,439,7,216,,,,0.206,0.,0.206,,,,,,,,,,,,
217,2,31,449,15,217,0.125,0.,0.125,,,,,,,,,,0.42,0.,0.42,,,
217,4,7,497,63,217,,,,,,,0.711,0.003,0.707,0.131,0.,0.131,0.263,0.,0.263,0.094,0.,0.094
224,2,32,463,15,224,,,,,,,,,,,,,,,,0.252,0.,0.252
225,0,225,453,3,225,,,,,,,,,,0.377,0.,0.377,0.629,0.008,0.621,,,
225,3,15,481,31,225,,,,0.094,0.,0.094,0.817,0.,0.816,0.183,0.,0.183,0.337,0.,0.337,0.145,0.,0.145
228,0,228,459,3,228,0.358,0.003,0.354,,,,,,,,,,,,,,,
229,0,229,461,3,229,,,,0.357,0.,0.357,,,,,,,,,,,,
231,2,33,477,15,231,,,,0.153,0.003,0.149,,,,,,,,,,,,
237,1,79,481,7,237,,,,,,,,,,0.334,0.,0.334,,,,0.475,0.003,0.471
238,0,238,479,3,238,,,,,,,,,,,,,,,,0.679,0.,0.679
240,3,16,511,31,240,0.096,0.,0.096,0.108,0.,0.108,0.9,0.007,0.892,,,,0.381,0.003,0.377,0.266,0.,0.266
243,1,81,493,7,243,0.261,0.,0.261,,,,,,,,,,,,,,,
245,2,35,505,15,245,,,,,,,,,,0.274,0.,0.274,,,,,,
248,4,8,559,63,248,0.056,0.,0.056,,,,,,,0.177,0.,0.177,,,,0.12,0.,0.12
252,5,4,631,127,252,0.044,0.,0.044,0.042,0.,0.042,,,,0.159,0.,0.159,0.281,0.,0.281,0.077,0.,0.077
253,0,253,509,3,253,,,,,,,,,,0.458,0.,0.45,,,,,,
254,6,2,763,255,254,0.031,0.,0.031,0.028,0.,0.028,,,,0.155,0.,0.155,0.272,0.007,0.264,0.062,0.003,0.058
255,1,85,517,7,255,,,,,,,,,,,,,0.667,0.,0.667,,,
255,3,17,541,31,255,,,,0.103,0.,0.103,0.985,0.003,0.981,,,,0.431,0.,0.431,0.211,0.003,0.208
255,7,1,1021,511,255,0.032,0.,0.032,0.023,0.,0.023,0.566,0.,0.566,0.18,0.,0.18,0.275,0.,0.275,0.042,0.,0.042
257,0,257,517,3,257,0.428,0.004,0.424,,,,,,,,,,0.802,0.011,0.79,,,
258,0,258,519,3,258,,,,0.447,0.,0.447,,,,,,,,,,,,
259,2,37,533,15,259,0.181,0.,0.181,,,,,,,,,,0.573,0.004,0.569,,,
261,1,87,529,7,261,,,,0.297,0.007,0.289,,,,,,,,,,,,
266,2,38,547,15,266,,,,,,,,,,,,,,,,0.361,0.003,0.357
270,1,90,547,7,270,,,,,,,,,,0.418,0.,0.418,,,,0.596,0.003,0.59
270,3,18,571,31,270,,,,0.211,0.,0.211,,,,0.267,0.,0.267,0.473,0.,0.473,0.212,0.,0.212
279,1,93,565,7,279,0.324,0.,0.324,,,,,,,,,,,,,,,
279,4,9,621,63,279,,,,0.08,0.,0.08,,,,0.236,0.,0.236,0.406,0.,0.406,,,
280,2,40,575,15,280,,,,,,,,,,0.353,0.,0.353,,,,,,
281,0,281,565,3,281,,,,,,,,,,0.537,0.,0.537,,,,,,
283,0,283,569,3,283,0.719,0.024,0.694,,,,,,,,,,,,,,,
285,3,19,601,31,285,,,,0.155,0.,0.155,,,,,,,0.537,0.003,0.533,0.237,0.,0.237
286,0,286,575,3,286,0.527,0.,0.527,,,,,,,,,,,,,,,
287,0,287,577,3,287,,,,0.565,0.,0.564,,,,,,,,,,,,
287,2,41,589,15,287,,,,0.227,0.003,0.223,,,,,,,,,,,,
288,0,288,579,3,288,,,,,,,,,,0.757,0.027,0.73,,,,,,
300,3,20,631,31,300,0.142,0.,0.142,0.142,0.,0.142,,,,,,,0.591,0.003,0.587,0.252,0.,0.252
301,2,43,617,15,301,0.243,0.,0.243,,,,,,,,,,,,,,,
303,1,101,613,7,303,,,,,,,,,,0.491,0.,0.491,,,,,,
306,1,102,619,7,306,,,,0.414,0.,0.413,,,,,,,,,,,,
309,0,309,621,3,309,,,,,,,,,,0.709,0.,0.709,,,,,,
310,4,10,683,63,310,0.088,0.,0.088,0.09,0.,0.09,,,,0.243,0.,0.243,,,,,,
315,0,315,633,3,315,0.627,0.007,0.618,,,,,,,,,,,,,,,
315,1,105,637,7,315,0.405,0.,0.405,,,,,,,,,,,,,,,
315,2,45,645,15,315,,,,,,,,,,0.433,0.,0.433,,,,,,
315,3,21,661,31,315,,,,0.156,0.003,0.152,,,,0.349,0.,0.349,0.636,0.,0.636,0.294,0.,0.294
315,5,5,757,127,315,0.06,0.,0.06,0.058,0.,0.058,,,,0.231,0.,0.231,,,,0.111,0.,0.111
316,0,316,635,3,316,,,,0.654,0.007,0.646,,,,,,,,,,,,
330,3,22,691,31,330,,,,0.171,0.,0.171,,,,,,,0.701,0.003,0.696,0.314,0.,0.314
336,1,112,679,7,336,,,,,,,,,,0.687,0.,0.687,,,,,,
337,0,337,677,3,337,,,,,,,,,,0.802,0.003,0.798,,,,,,
341,4,11,745,63,341,0.119,0.,0.119,,,,,,,0.283,0.,0.282,,,,,,
342,0,342,687,3,342,,,,0.737,0.,0.737,,,,,,,,,,,,
343,2,49,701,15,343,0.315,0.007,0.307,0.309,0.002,0.306,,,,0.548,0.,0.548,,,,,,
345,3,23,721,31,345,,,,0.184,0.,0.184,,,,,,,0.721,0.003,0.717,0.338,0.002,0.335
350,2,50,715,15,350,,,,,,,,,,0.504,0.,0.504,,,,,,
357,2,51,729,15,357,,,,,,,,,,0.582,0.,0.582,,,,,,
360,3,24,751,31,360,,,,0.202,0.,0.201,,,,,,,0.797,0.004,0.793,0.378,0.003,0.374
364,2,52,743,15,364,,,,,,,,,,0.645,0.,0.645,,,,,,
371,2,53,757,15,371,,,,,,,,,,0.62,0.,0.62,,,,,,
372,4,12,807,63,372,0.14,0.012,0.125,0.125,0.,0.125,,,,,,,,,,,,
375,3,25,781,31,375,,,,0.22,0.,0.22,,,,,,,0.863,0.003,0.859,0.413,0.,0.413
378,2,54,771,15,378,,,,,,,,,,0.613,0.,0.613,,,,,,
378,5,6,883,127,378,0.081,0.,0.081,,,,,,,0.294,0.,0.294,,,,0.15,0.,0.15
381,6,3,1017,255,381,,,,0.051,0.,0.051,,,,,,,0.484,0.,0.484,0.098,0.,0.098
385,0,385,773,3,385,,,,,,,,,,,,,1.751,0.016,1.734,,,
385,2,55,785,15,385,,,,,,,,,,0.68,0.,0.679,1.202,0.,1.202,,,
390,3,26,811,31,390,,,,0.234,0.003,0.23,,,,,,,0.934,0.003,0.93,0.439,0.003,0.435
392,2,56,799,15,392,,,,,,,,,,0.667,0.,0.667,,,,,,
399,2,57,813,15,399,,,,,,,,,,0.711,0.,0.711,,,,,,
403,4,13,869,63,403,0.162,0.,0.162,,,,,,,,,,0.792,0.,0.792,,,
405,3,27,841,31,405,,,,0.244,0.,0.244,,,,,,,,,,0.476,0.,0.476
406,2,58,827,15,406,,,,,,,,,,0.708,0.,0.708,,,,,,
413,2,59,841,15,413,,,,,,,,,,0.765,0.,0.765,,,,,,
420,2,60,855,15,420,,,,,,,,,,0.766,0.,0.766,,,,,,
420,3,28,871,31,420,,,,0.275,0.,0.275,,,,,,,,,,0.493,0.,0.493
427,0,427,857,3,427,,,,1.177,0.,1.176,,,,,,,,,,,,
427,2,61,869,15,427,0.473,0.,0.473,0.468,0.,0.468,,,,0.771,0.,0.771,,,,,,
434,2,62,883,15,434,,,,,,,,,,0.772,0.003,0.768,,,,,,
434,4,14,931,63,434,0.161,0.,0.161,0.167,0.,0.167,,,,0.431,0.,0.431,,,,0.332,0.,0.332
435,3,29,901,31,435,,,,0.296,0.,0.296,,,,,,,,,,0.548,0.,0.548
441,2,63,897,15,441,,,,,,,,,,0.781,0.008,0.773,,,,,,
441,5,7,1009,127,441,0.11,0.003,0.106,,,,,,,0.403,0.,0.403,,,,,,
448,2,64,911,15,448,,,,,,,,,,1.112,0.011,1.1,,,,,,
450,3,30,931,31,450,,,,0.323,0.003,0.319,,,,,,,,,,0.602,0.003,0.598
455,2,65,925,15,455,,,,,,,,,,0.902,0.,0.902,,,,,,
462,2,66,939,15,462,,,,,,,,,,0.915,0.,0.915,,,,,,
465,3,31,961,31,465,,,,0.339,0.003,0.335,,,,,,,,,,0.643,0.,0.643
465,4,15,993,63,465,0.206,0.,0.206,,,,,,,,,,,,,,,
469,2,67,953,15,469,,,,,,,,,,0.917,0.,0.917,,,,,,
476,2,68,967,15,476,,,,,,,,,,1.049,0.,1.046,,,,,,
480,3,32,991,31,480,,,,0.372,0.,0.372,,,,,,,,,,0.684,0.,0.684
483,2,69,981,15,483,,,,,,,,,,0.92,0.,0.92,,,,,,
490,2,70,995,15,490,,,,,,,,,,0.972,0.,0.972,,,,,,
495,3,33,1021,31,495,,,,0.384,0.008,0.376,,,,,,,,,,0.73,0.,0.729
496,4,16,1055,63,496,0.231,0.,0.231,0.22,0.,0.22,,,,,,,,,,0.426,0.,0.426
497,2,71,1009,15,497,,,,,,,,,,1.319,0.015,1.303,,,,,,
504,2,72,1023,15,504,,,,,,,,,,1.068,0.,1.068,,,,,,
504,5,8,1135,127,504,0.137,0.,0.137,,,,,,,0.455,0.,0.455,,,,,,
505,0,505,1013,3,505,,,,,,,,,,1.737,0.,1.737,,,,,,
508,0,508,1019,3,508,1.566,0.003,1.561,,,,,,,,,,,,,,,
508,6,4,1271,255,508,,,,0.083,0.,0.083,,,,,,,0.723,0.003,0.719,,,
510,3,34,1051,31,510,,,,0.398,0.003,0.394,,,,,,,,,,0.818,0.,0.818
511,2,73,1037,15,511,,,,0.671,0.,0.67,,,,,,,2.059,0.003,2.052,,,
511,8,1,2045,1023,511,0.066,0.,0.066,0.045,0.,0.045,,,,0.456,0.,0.456,0.675,0.003,0.671,0.087,0.,0.087
512,0,512,1027,3,512,,,,1.627,0.012,1.615,,,,,,,,,,,,
513,0,513,1029,3,513,,,,,,,,,,,,,2.895,0.008,2.886,,,
525,3,35,1081,31,525,,,,0.414,0.003,0.41,,,,,,,,,,0.824,0.007,0.815
527,4,17,1117,63,527,0.253,0.,0.253,0.24,0.,0.24,,,,0.625,0.,0.623,,,,,,
540,3,36,1111,31,540,,,,0.429,0.011,0.417,,,,,,,,,,0.889,0.015,0.873
541,0,541,1085,3,541,,,,,,,,,,,,,,,,3.038,0.007,3.029
555,3,37,1141,31,555,,,,0.45,0.007,0.442,,,,,,,,,,,,
558,4,18,1179,63,558,,,,0.268,0.,0.267,,,,,,,,,,,,
565,0,565,1133,3,565,1.99,0.007,1.982,,,,,,,,,,,,,,,
567,5,9,1261,127,567,,,,,,,,,,,,,1.126,0.007,1.118,0.34,0.,0.339
570,3,38,1171,31,570,,,,0.479,0.003,0.475,,,,,,,,,,,,
575,0,575,1153,3,575,,,,,,,,,,2.778,0.059,2.717,,,,,,
589,4,19,1241,63,589,0.286,0.,0.286,0.305,0.,0.305,,,,0.762,0.,0.762,,,,,,
590,0,590,1183,3,590,,,,,,,,,,2.403,0.002,2.4,,,,,,
593,0,593,1189,3,593,2.098,0.,2.097,,,,,,,,,,,,,,,
620,4,20,1303,63,620,,,,0.354,0.,0.353,,,,,,,,,,,,
651,4,21,1365,63,651,0.36,0.,0.36,0.39,0.,0.39,,,,0.947,0.,0.946,,,,,,
674,0,674,1351,3,674,,,,,,,,,,3.042,0.048,2.994,,,,,,
677,0,677,1357,3,677,2.721,0.004,2.717,,,,,,,,,,,,,,,
682,4,22,1427,63,682,,,,0.416,0.,0.416,,,,,,,,,,,,
683,0,683,1369,3,683,,,,2.83,0.,2.829,,,,,,,,,,,,
693,5,11,1513,127,693,0.232,0.,0.231,0.239,0.007,0.231,,,,0.835,0.,0.835,,,,,,
769,0,769,1541,3,769,,,,,,,,,,,,,6.34,0.,6.338,,,
811,0,811,1625,3,811,,,,,,,,,,,,,,,,6.712,0.,6.71
819,5,13,1765,127,819,,,,,,,,,,,,,2.092,0.02,2.072,0.677,0.,0.677
1008,5,16,2143,127,1008,0.484,0.,0.484,0.477,0.004,0.473,,,,1.49,0.,1.49,,,,,,
1011,0,1011,2025,3,1011,,,,,,,,,,6.652,0.076,6.575,,,,,,
1016,0,1016,2035,3,1016,6.09,0.,6.089,,,,,,,,,,,,,,,
1023,9,1,4093,2047,1023,0.139,0.,0.139,0.101,0.,0.101,,,,1.285,0.,1.284,1.753,0.007,1.745,0.183,0.,0.183
1024,0,1024,2051,3,1024,,,,6.283,0.015,6.266,,,,,,,,,,,,
1025,0,1025,2053,3,1025,,,,,,,,,,,,,11.078,0.,11.077,,,
1071,5,17,2269,127,1071,,,,,,,,,,,,,,,,1.087,0.,1.087
1081,0,1081,2165,3,1081,,,,,,,,,,,,,,,,11.788,0.023,11.762
1323,5,21,2773,127,1323,0.805,0.,0.805,0.798,0.012,0.786,,,,2.621,0.,2.621,,,,,,
1365,0,1365,2733,3,1365,,,,11.448,0.076,11.371,,,,,,,,,,,,