param-n,autorewrite-noop-regression-quadratic-real,autorewrite-noop-regression-quadratic-sys,autorewrite-noop-regression-quadratic-user,try-rewrite!-noop-regression-quadratic-real,try-rewrite!-noop-regression-quadratic-sys,try-rewrite!-noop-regression-quadratic-user,try-rewrite-noop-regression-quadratic-real,try-rewrite-noop-regression-quadratic-sys,try-rewrite-noop-regression-quadratic-user,try-rewrite?-noop-regression-quadratic-real,try-rewrite?-noop-regression-quadratic-sys,try-rewrite?-noop-regression-quadratic-user,try-ssr-rewrite!-noop-regression-linear-real,try-ssr-rewrite!-noop-regression-linear-sys,try-ssr-rewrite!-noop-regression-linear-user,try-ssr-rewrite-noop-regression-linear-real,try-ssr-rewrite-noop-regression-linear-sys,try-ssr-rewrite-noop-regression-linear-user,try-ssr-rewrite?-noop-regression-linear-real,try-ssr-rewrite?-noop-regression-linear-sys,try-ssr-rewrite?-noop-regression-linear-user
1,0.,0.,0.,0.,0.,0.,0.,0.,0.,0.,0.,0.,0.,0.,0.,0.,0.,0.,0.,0.,0.
2,0.,0.,0.,0.,0.,0.,0.,0.,0.,0.,0.,0.,0.,0.,0.,0.,0.,0.,0.,0.,0.
3,0.,0.,0.,0.,0.,0.,0.,0.,0.,0.,0.,0.,0.,0.,0.,0.,0.,0.,0.,0.,0.
4,0.,0.,0.,0.,0.,0.,0.,0.,0.,0.,0.,0.,0.,0.,0.,0.,0.,0.,0.,0.,0.
8,0.,0.,0.,0.,0.,0.,0.,0.,0.,0.,0.,0.,0.,0.,0.,0.,0.,0.,0.,0.,0.
12,0.,0.,0.,0.,0.,0.,0.,0.,0.,0.,0.,0.,0.,0.,0.,0.,0.,0.,0.,0.,0.
16,0.,0.,0.,0.,0.,0.,0.,0.,0.,0.,0.,0.,0.,0.,0.,0.,0.,0.,0.,0.,0.
20,0.,0.,0.,0.,0.,0.,0.,0.,0.,0.,0.,0.,0.,0.,0.,0.,0.,0.,0.,0.,0.
24,0.,0.,0.,0.,0.,0.,0.,0.,0.,0.,0.,0.,0.,0.,0.,0.,0.,0.,0.,0.,0.
28,0.,0.,0.,0.,0.,0.,0.,0.,0.,0.,0.,0.,0.,0.,0.,0.,0.,0.,0.,0.,0.
32,0.,0.,0.,0.,0.,0.,0.,0.,0.,0.,0.,0.,0.,0.,0.,0.,0.,0.,0.,0.,0.
36,0.,0.,0.,0.,0.,0.,0.,0.,0.,0.,0.,0.,0.,0.,0.,0.,0.,0.,0.,0.,0.
40,0.,0.,0.,0.,0.,0.,0.,0.,0.,0.,0.,0.,0.,0.,0.,0.,0.,0.,0.,0.,0.
44,0.,0.,0.,0.,0.,0.,0.,0.,0.,0.,0.,0.,0.,0.,0.,0.,0.,0.,0.,0.,0.
48,0.,0.,0.,0.,0.,0.,0.,0.,0.,0.,0.,0.,0.,0.,0.,0.,0.,0.,0.,0.,0.
50,0.001,0.,0.,0.,0.,0.,0.001,0.,0.,0.001,0.001,0.,0.,0.,0.,0.,0.,0.,0.,0.,0.
52,0.,0.,0.,0.,0.,0.,0.,0.,0.,0.,0.,0.,0.,0.,0.,0.,0.,0.,0.,0.,0.
56,0.,0.,0.,0.,0.,0.,0.,0.,0.,0.,0.,0.,0.,0.,0.,0.,0.,0.,0.,0.,0.
60,0.,0.,0.,0.,0.,0.,0.,0.,0.,0.,0.,0.,0.,0.,0.,0.,0.,0.,0.,0.,0.
64,0.,0.,0.,0.,0.,0.,0.054,0.007,0.046,0.,0.,0.,0.,0.,0.,0.,0.,0.,0.,0.,0.
68,0.,0.,0.,0.,0.,0.,0.,0.,0.,0.,0.,0.,0.,0.,0.,0.,0.,0.,0.,0.,0.
72,0.,0.,0.,0.,0.,0.,0.,0.,0.,0.,0.,0.,0.,0.,0.,0.,0.,0.,0.,0.,0.
76,0.001,0.,0.001,0.,0.,0.,0.,0.,0.,0.,0.,0.,0.,0.,0.,0.,0.,0.,0.,0.,0.
80,0.,0.,0.,0.,0.,0.,0.001,0.,0.001,0.,0.,0.,0.,0.,0.,0.,0.,0.,0.,0.,0.
84,0.001,0.,0.001,0.001,0.,0.001,0.001,0.,0.001,0.,0.,0.,0.,0.,0.,0.,0.,0.,0.,0.,0.
88,0.001,0.,0.001,0.001,0.,0.001,0.001,0.,0.001,0.001,0.,0.001,0.,0.,0.,0.,0.,0.,0.,0.,0.
92,0.001,0.,0.001,0.001,0.,0.001,0.001,0.,0.001,0.001,0.,0.001,0.,0.,0.,0.,0.,0.,0.,0.,0.
96,0.001,0.,0.001,0.001,0.,0.001,0.001,0.,0.001,0.001,0.,0.001,0.,0.,0.,0.,0.,0.,0.,0.,0.
100,0.002,0.,0.002,0.002,0.,0.001,0.001,0.001,0.,0.002,0.002,0.,0.,0.,0.,0.,0.,0.,0.,0.,0.
104,0.001,0.,0.001,0.001,0.,0.001,0.002,0.,0.002,0.018,0.,0.018,0.,0.,0.,0.,0.,0.,0.,0.,0.
108,0.001,0.,0.001,0.001,0.,0.001,0.001,0.,0.001,0.001,0.,0.001,0.,0.,0.,0.,0.,0.,0.,0.,0.
112,0.001,0.,0.001,0.001,0.,0.001,0.001,0.,0.001,0.001,0.,0.001,0.,0.,0.,0.,0.,0.,0.,0.,0.
116,0.001,0.,0.001,0.002,0.,0.002,0.001,0.,0.001,0.001,0.,0.001,0.,0.,0.,0.,0.,0.,0.,0.,0.
120,0.001,0.,0.001,0.001,0.,0.001,0.001,0.,0.001,0.001,0.,0.001,0.,0.,0.,0.,0.,0.,0.,0.,0.
124,0.001,0.,0.001,0.001,0.,0.001,0.002,0.,0.002,0.002,0.,0.002,0.,0.,0.,0.,0.,0.,0.,0.,0.
128,0.002,0.,0.002,0.001,0.,0.001,0.001,0.,0.001,0.001,0.,0.001,0.,0.,0.,0.,0.,0.,0.,0.,0.
132,0.002,0.,0.002,0.002,0.,0.002,0.002,0.,0.002,0.001,0.,0.001,0.,0.,0.,0.,0.,0.,0.,0.,0.
136,0.001,0.,0.001,0.001,0.,0.001,0.002,0.,0.002,0.001,0.,0.001,0.,0.,0.,0.,0.,0.,0.,0.,0.
140,0.002,0.,0.002,0.001,0.,0.001,0.003,0.,0.003,0.001,0.,0.001,0.,0.,0.,0.,0.,0.,0.,0.,0.
144,0.002,0.,0.002,0.002,0.,0.002,0.002,0.,0.002,0.001,0.,0.001,0.,0.,0.,0.,0.,0.,0.,0.,0.
148,0.002,0.,0.002,0.001,0.,0.001,0.002,0.,0.002,0.001,0.,0.001,0.,0.,0.,0.,0.,0.,0.,0.,0.
150,0.003,0.003,0.,0.003,0.001,0.002,0.006,0.005,0.001,0.003,0.003,0.,0.,0.,0.,0.,0.,0.,0.,0.,0.
152,0.002,0.,0.002,0.001,0.,0.001,0.002,0.,0.002,0.002,0.,0.002,0.,0.,0.,0.,0.,0.,0.,0.,0.
156,0.002,0.,0.002,0.002,0.,0.002,0.002,0.,0.002,0.002,0.,0.002,0.,0.,0.,0.,0.,0.,0.,0.,0.
160,0.002,0.,0.002,0.002,0.,0.002,0.002,0.,0.002,0.002,0.,0.002,0.,0.,0.,0.,0.,0.,0.,0.,0.
164,0.002,0.,0.002,0.002,0.,0.002,0.002,0.,0.002,0.002,0.,0.002,0.,0.,0.,0.,0.,0.,0.,0.,0.
168,0.002,0.,0.002,0.002,0.,0.002,0.002,0.,0.002,0.002,0.,0.002,0.,0.,0.,0.,0.,0.,0.,0.,0.
172,0.002,0.,0.002,0.002,0.,0.002,0.002,0.,0.002,0.002,0.,0.002,0.,0.,0.,0.,0.,0.,0.,0.,0.
176,0.005,0.,0.005,0.002,0.,0.002,0.002,0.,0.002,0.002,0.,0.002,0.,0.,0.,0.,0.,0.,0.,0.,0.
180,0.002,0.,0.002,0.002,0.,0.002,0.002,0.,0.002,0.002,0.,0.002,0.,0.,0.,0.,0.,0.,0.,0.,0.
184,0.003,0.,0.003,0.002,0.,0.002,0.003,0.,0.003,0.002,0.,0.002,0.018,0.,0.018,0.,0.,0.,0.,0.,0.
188,0.003,0.,0.003,0.003,0.,0.003,0.002,0.,0.002,0.003,0.,0.003,0.,0.,0.,0.,0.,0.,0.,0.,0.
192,0.003,0.,0.003,0.003,0.,0.003,0.002,0.,0.002,0.003,0.,0.003,0.,0.,0.,0.,0.,0.,0.,0.,0.
196,0.004,0.,0.004,0.004,0.,0.004,0.003,0.,0.003,0.003,0.,0.003,0.,0.,0.,0.,0.,0.,0.,0.,0.
200,0.004,0.,0.004,0.005,0.,0.005,0.005,0.003,0.001,0.051,0.011,0.039,0.,0.,0.,0.,0.,0.,0.,0.,0.
204,0.003,0.,0.003,0.003,0.,0.003,0.003,0.,0.003,0.003,0.,0.003,0.,0.,0.,0.,0.,0.,0.,0.,0.
208,0.003,0.,0.003,0.003,0.,0.003,0.003,0.,0.003,0.003,0.,0.003,0.,0.,0.,0.,0.,0.,0.,0.,0.
212,0.003,0.,0.003,0.008,0.,0.008,0.004,0.,0.004,0.005,0.,0.005,0.,0.,0.,0.,0.,0.,0.,0.,0.
216,0.004,0.,0.004,0.003,0.,0.003,0.027,0.,0.027,0.003,0.,0.003,0.,0.,0.,0.,0.,0.,0.,0.,0.
220,0.003,0.,0.003,0.004,0.,0.004,0.003,0.,0.003,0.003,0.,0.003,0.,0.,0.,0.,0.,0.,0.,0.,0.
224,0.003,0.,0.003,0.004,0.,0.004,0.004,0.,0.004,0.003,0.,0.003,0.,0.,0.,0.,0.,0.,0.,0.,0.
228,0.004,0.,0.004,0.004,0.,0.004,0.121,0.,0.121,0.004,0.,0.004,0.,0.,0.,0.,0.,0.,0.,0.,0.
232,0.004,0.,0.004,0.003,0.,0.003,0.005,0.,0.005,0.004,0.,0.004,0.,0.,0.,0.,0.,0.,0.,0.,0.
236,0.003,0.,0.003,0.004,0.,0.004,0.004,0.,0.004,0.003,0.,0.003,0.,0.,0.,0.,0.,0.,0.,0.,0.
240,0.004,0.,0.004,0.005,0.,0.005,0.005,0.,0.005,0.005,0.,0.005,0.001,0.,0.001,0.,0.,0.,0.,0.,0.
244,0.005,0.,0.005,0.004,0.,0.004,0.004,0.,0.004,0.004,0.,0.004,0.,0.,0.,0.,0.,0.,0.,0.,0.
248,0.005,0.,0.005,0.004,0.,0.004,0.004,0.,0.004,0.004,0.,0.004,0.,0.,0.,0.,0.,0.,0.,0.,0.
250,0.005,0.,0.005,0.004,0.,0.004,0.004,0.,0.004,0.004,0.,0.004,0.,0.,0.,0.,0.,0.,0.,0.,0.
252,0.004,0.,0.004,0.004,0.,0.004,0.004,0.,0.004,0.004,0.,0.004,0.,0.,0.,0.,0.,0.,0.,0.,0.
256,0.005,0.,0.005,0.005,0.,0.005,0.005,0.,0.005,0.005,0.,0.005,0.,0.,0.,0.,0.,0.,0.,0.,0.
260,0.005,0.,0.005,0.005,0.,0.005,0.005,0.,0.005,0.004,0.,0.004,0.,0.,0.,0.,0.,0.,0.,0.,0.
264,0.004,0.,0.004,0.007,0.,0.007,0.005,0.,0.005,0.005,0.,0.005,0.,0.,0.,0.,0.,0.,0.,0.,0.
268,0.006,0.,0.006,0.005,0.,0.005,0.005,0.,0.005,0.006,0.,0.006,0.,0.,0.,0.,0.,0.,0.,0.,0.
272,0.005,0.,0.005,0.005,0.,0.005,0.005,0.,0.005,0.004,0.,0.004,0.,0.,0.,0.,0.,0.,0.,0.,0.
276,0.005,0.,0.005,0.006,0.,0.006,0.005,0.,0.005,0.005,0.,0.005,0.,0.,0.,0.,0.,0.,0.,0.,0.
280,0.007,0.,0.007,0.006,0.,0.006,0.007,0.,0.007,0.005,0.,0.005,0.,0.,0.,0.,0.,0.,0.,0.,0.
284,0.005,0.,0.005,0.005,0.,0.005,0.005,0.,0.005,0.005,0.,0.005,0.,0.,0.,0.,0.,0.,0.,0.,0.
288,0.027,0.,0.027,0.006,0.,0.006,0.006,0.,0.006,0.007,0.,0.007,0.,0.,0.,0.,0.,0.,0.,0.,0.
292,0.005,0.,0.005,0.005,0.,0.005,0.01,0.,0.01,0.006,0.,0.006,0.,0.,0.,0.,0.,0.,0.,0.,0.
296,0.006,0.,0.006,0.006,0.,0.006,0.005,0.,0.005,0.006,0.,0.006,0.,0.,0.,0.,0.,0.,0.,0.,0.
300,0.008,0.,0.008,0.005,0.,0.005,0.005,0.,0.005,0.006,0.,0.006,0.,0.,0.,0.,0.,0.,0.,0.,0.
304,0.005,0.,0.005,0.006,0.,0.006,0.006,0.,0.006,0.006,0.,0.006,0.,0.,0.,0.,0.,0.,0.,0.,0.
308,0.029,0.,0.029,0.006,0.,0.006,0.006,0.,0.006,0.006,0.,0.006,0.,0.,0.,0.,0.,0.,0.,0.,0.
312,0.006,0.,0.006,0.006,0.,0.006,0.007,0.,0.007,0.006,0.,0.006,0.,0.,0.,0.,0.,0.,0.,0.,0.
316,0.043,0.,0.043,0.006,0.,0.006,0.006,0.,0.006,0.006,0.,0.006,0.,0.,0.,0.,0.,0.,0.,0.,0.
320,0.006,0.,0.006,0.006,0.,0.006,0.006,0.,0.006,0.006,0.,0.006,0.,0.,0.,0.,0.,0.,0.,0.,0.
324,0.008,0.,0.008,0.007,0.,0.007,0.009,0.,0.009,0.009,0.,0.009,0.,0.,0.,0.,0.,0.,0.,0.,0.
328,0.007,0.,0.007,0.007,0.,0.007,0.008,0.,0.008,0.008,0.,0.008,0.,0.,0.,0.,0.,0.,0.,0.,0.
332,0.007,0.,0.007,0.007,0.,0.007,0.007,0.,0.007,0.008,0.,0.008,0.,0.,0.,0.,0.,0.,0.,0.,0.
336,0.007,0.,0.007,0.008,0.,0.008,0.007,0.,0.007,0.007,0.,0.007,0.,0.,0.,0.,0.,0.,0.,0.,0.
340,0.007,0.,0.007,0.007,0.,0.007,0.006,0.,0.006,0.007,0.,0.007,0.,0.,0.,0.,0.,0.,0.,0.,0.
344,0.008,0.,0.008,0.008,0.,0.008,0.008,0.,0.008,0.008,0.,0.008,0.,0.,0.,0.,0.,0.,0.,0.,0.
348,0.009,0.,0.009,0.008,0.,0.008,0.009,0.,0.009,0.008,0.,0.008,0.,0.,0.,0.,0.,0.,0.,0.,0.
350,0.007,0.,0.007,0.007,0.,0.007,0.007,0.,0.007,0.007,0.,0.007,0.,0.,0.,0.,0.,0.,0.,0.,0.
352,0.008,0.,0.008,0.008,0.,0.008,0.008,0.,0.008,0.007,0.,0.007,0.,0.,0.,0.,0.,0.,0.,0.,0.
356,0.008,0.,0.008,0.007,0.,0.007,0.009,0.,0.009,0.008,0.,0.008,0.,0.,0.,0.,0.,0.,0.,0.,0.
360,0.008,0.,0.008,0.008,0.,0.008,0.009,0.,0.009,0.009,0.,0.009,0.,0.,0.,0.,0.,0.,0.,0.,0.
364,0.008,0.,0.008,0.008,0.,0.008,0.008,0.,0.008,0.009,0.,0.009,0.,0.,0.,0.,0.,0.,0.,0.,0.
368,0.01,0.,0.01,0.009,0.,0.009,0.008,0.,0.008,0.007,0.,0.007,0.,0.,0.,0.,0.,0.,0.,0.,0.
372,0.009,0.,0.008,0.009,0.,0.009,0.008,0.,0.008,0.008,0.,0.008,0.,0.,0.,0.,0.,0.,0.,0.,0.
376,0.008,0.,0.008,0.01,0.,0.01,0.012,0.,0.012,0.008,0.,0.008,0.,0.,0.,0.,0.,0.,0.,0.,0.
380,0.008,0.,0.008,0.008,0.,0.008,0.008,0.,0.008,0.008,0.,0.007,0.,0.,0.,0.,0.,0.,0.,0.,0.
384,0.007,0.,0.007,0.008,0.,0.008,0.008,0.,0.008,0.008,0.,0.008,0.,0.,0.,0.,0.,0.,0.,0.,0.
388,0.009,0.,0.009,0.008,0.,0.008,0.008,0.,0.008,0.01,0.,0.01,0.,0.,0.,0.001,0.,0.001,0.,0.,0.
392,0.01,0.,0.01,0.008,0.,0.008,0.008,0.,0.008,0.008,0.,0.008,0.,0.,0.,0.,0.,0.,0.,0.,0.
396,0.008,0.,0.008,0.009,0.,0.009,0.01,0.,0.01,0.008,0.,0.008,0.,0.,0.,0.,0.,0.,0.,0.,0.
400,0.008,0.,0.008,0.009,0.,0.009,0.079,0.,0.079,0.009,0.,0.009,0.,0.,0.,0.,0.,0.,0.,0.,0.
404,0.009,0.,0.009,0.008,0.,0.008,0.01,0.,0.01,0.008,0.,0.008,0.,0.,0.,0.,0.,0.,0.,0.,0.
408,0.009,0.,0.009,0.008,0.,0.008,0.009,0.,0.009,0.009,0.,0.009,0.,0.,0.,0.,0.,0.,0.,0.,0.
412,0.008,0.,0.008,0.008,0.,0.008,0.008,0.,0.008,0.008,0.,0.008,0.,0.,0.,0.,0.,0.,0.,0.,0.
416,0.009,0.,0.009,0.009,0.,0.009,0.009,0.,0.009,0.009,0.,0.009,0.001,0.,0.001,0.001,0.,0.001,0.001,0.,0.001
420,0.01,0.,0.01,0.011,0.,0.011,0.011,0.,0.011,0.01,0.,0.01,0.,0.,0.,0.,0.,0.,0.,0.,0.
424,0.01,0.,0.01,0.01,0.,0.01,0.011,0.,0.011,0.01,0.,0.01,0.,0.,0.,0.,0.,0.,0.,0.,0.
428,0.011,0.,0.011,0.011,0.,0.011,0.01,0.,0.01,0.01,0.,0.01,0.,0.,0.,0.002,0.,0.002,0.,0.,0.
432,0.012,0.,0.012,0.01,0.,0.01,0.012,0.,0.012,0.011,0.,0.011,0.,0.,0.,0.,0.,0.,0.,0.,0.
436,0.01,0.,0.01,0.011,0.,0.011,0.009,0.,0.009,0.01,0.,0.01,0.,0.,0.,0.,0.,0.,0.,0.,0.
440,0.011,0.,0.011,0.011,0.,0.011,0.011,0.,0.011,0.01,0.,0.01,0.,0.,0.,0.,0.,0.,0.,0.,0.
444,0.012,0.,0.012,0.012,0.,0.012,0.01,0.,0.01,0.011,0.,0.011,0.,0.,0.,0.,0.,0.,0.,0.,0.
448,0.013,0.,0.013,0.014,0.,0.014,0.013,0.,0.013,0.012,0.,0.012,0.,0.,0.,0.,0.,0.,0.,0.,0.
452,0.012,0.,0.012,0.013,0.,0.013,0.014,0.,0.014,0.013,0.,0.013,0.,0.,0.,0.,0.,0.,0.,0.,0.
456,0.01,0.,0.01,0.011,0.,0.011,0.012,0.,0.012,0.011,0.,0.011,0.,0.,0.,0.,0.,0.,0.,0.,0.
460,0.011,0.,0.011,0.011,0.,0.011,0.012,0.,0.012,0.012,0.,0.012,0.,0.,0.,0.,0.,0.,0.,0.,0.
464,0.011,0.,0.011,0.012,0.,0.012,0.012,0.,0.012,0.013,0.,0.013,0.,0.,0.,0.,0.,0.,0.,0.,0.
468,0.013,0.,0.013,0.013,0.,0.013,0.012,0.,0.012,0.011,0.,0.011,0.,0.,0.,0.,0.,0.,0.,0.,0.
472,0.011,0.,0.011,0.012,0.,0.012,0.014,0.,0.014,0.011,0.,0.011,0.,0.,0.,0.,0.,0.,0.,0.,0.
476,0.012,0.,0.012,0.013,0.,0.013,0.015,0.,0.015,0.014,0.,0.014,0.,0.,0.,0.,0.,0.,0.,0.,0.
480,0.011,0.,0.011,0.015,0.,0.015,0.014,0.,0.014,0.011,0.,0.011,0.,0.,0.,0.,0.,0.,0.,0.,0.
484,0.012,0.,0.012,0.012,0.,0.012,0.014,0.,0.014,0.013,0.,0.013,0.,0.,0.,0.,0.,0.,0.,0.,0.
488,0.014,0.,0.014,0.013,0.,0.013,0.013,0.,0.013,0.014,0.,0.014,0.,0.,0.,0.,0.,0.,0.,0.,0.
492,0.012,0.,0.012,0.011,0.,0.011,0.012,0.,0.012,0.012,0.,0.012,0.,0.,0.,0.,0.,0.,0.,0.,0.
496,0.012,0.,0.012,0.012,0.,0.011,0.012,0.,0.012,0.015,0.,0.015,0.,0.,0.,0.,0.,0.,0.,0.,0.
500,0.013,0.,0.013,0.016,0.,0.016,0.012,0.,0.012,0.017,0.,0.017,0.,0.,0.,0.,0.,0.,0.,0.,0.
504,0.019,0.,0.019,0.013,0.,0.013,0.013,0.,0.013,0.012,0.,0.012,0.,0.,0.,0.,0.,0.,0.,0.,0.
508,0.014,0.,0.014,0.013,0.,0.013,0.012,0.,0.012,0.013,0.,0.013,0.,0.,0.,0.,0.,0.,0.,0.,0.
512,0.014,0.,0.014,0.017,0.,0.017,0.016,0.,0.016,0.018,0.,0.018,0.,0.,0.,0.,0.,0.,0.,0.,0.
516,0.016,0.,0.016,0.014,0.,0.014,0.013,0.,0.013,0.013,0.,0.013,0.,0.,0.,0.,0.,0.,0.,0.,0.
520,0.012,0.,0.012,0.018,0.,0.018,0.014,0.,0.014,0.014,0.,0.014,0.,0.,0.,0.,0.,0.,0.,0.,0.
524,0.014,0.,0.014,0.014,0.,0.014,0.014,0.,0.014,0.015,0.,0.015,0.,0.,0.,0.,0.,0.,0.,0.,0.
528,0.013,0.,0.013,0.016,0.,0.016,0.015,0.,0.015,0.014,0.,0.014,0.,0.,0.,0.,0.,0.,0.,0.,0.
532,0.014,0.,0.014,0.014,0.,0.014,0.014,0.,0.014,0.014,0.,0.014,0.,0.,0.,0.,0.,0.,0.,0.,0.
536,0.013,0.,0.013,0.014,0.,0.014,0.015,0.,0.015,0.013,0.,0.013,0.,0.,0.,0.,0.,0.,0.,0.,0.
540,0.014,0.,0.014,0.015,0.,0.015,0.015,0.,0.015,0.018,0.,0.018,0.,0.,0.,0.,0.,0.,0.,0.,0.
544,0.021,0.,0.021,0.019,0.,0.019,0.015,0.,0.015,0.015,0.,0.015,0.,0.,0.,0.,0.,0.,0.,0.,0.
548,0.015,0.,0.015,0.014,0.,0.014,0.016,0.,0.016,0.015,0.,0.015,0.,0.,0.,0.,0.,0.,0.,0.,0.
552,0.016,0.,0.016,0.016,0.003,0.012,0.015,0.,0.015,0.015,0.,0.015,0.,0.,0.,0.,0.,0.,0.,0.,0.
556,0.016,0.,0.016,0.015,0.,0.015,0.015,0.,0.015,0.019,0.,0.019,0.001,0.,0.001,0.,0.,0.,0.,0.,0.
560,0.018,0.,0.018,0.016,0.,0.016,0.02,0.,0.02,0.019,0.,0.019,0.,0.,0.,0.,0.,0.,0.,0.,0.
564,0.015,0.,0.015,0.014,0.,0.014,0.015,0.,0.015,0.016,0.,0.016,0.,0.,0.,0.,0.,0.,0.,0.,0.
568,0.014,0.,0.014,0.016,0.,0.016,0.015,0.,0.015,0.015,0.,0.015,0.,0.,0.,0.,0.,0.,0.,0.,0.
572,0.015,0.,0.015,0.021,0.,0.021,0.021,0.,0.021,0.02,0.,0.02,0.,0.,0.,0.,0.,0.,0.,0.,0.
576,0.02,0.,0.02,0.02,0.,0.02,0.019,0.,0.019,0.017,0.,0.017,0.,0.,0.,0.,0.,0.,0.,0.,0.
580,0.016,0.,0.016,0.017,0.,0.017,0.016,0.,0.016,0.023,0.,0.023,0.,0.,0.,0.,0.,0.,0.,0.,0.
584,0.02,0.,0.02,0.018,0.,0.018,0.018,0.,0.018,0.023,0.,0.023,0.,0.,0.,0.,0.,0.,0.,0.,0.
588,0.017,0.,0.017,0.016,0.,0.016,0.018,0.,0.018,0.019,0.,0.019,0.,0.,0.,0.,0.,0.,0.,0.,0.
592,0.018,0.,0.018,0.016,0.,0.016,0.018,0.,0.018,0.019,0.003,0.015,0.,0.,0.,0.,0.,0.,0.,0.,0.
596,0.018,0.,0.018,0.019,0.,0.019,0.019,0.,0.019,0.02,0.,0.02,0.,0.,0.,0.,0.,0.,0.,0.,0.
600,0.018,0.,0.018,0.016,0.,0.016,0.017,0.,0.017,0.017,0.,0.017,0.,0.,0.,0.,0.,0.,0.,0.,0.
604,0.017,0.,0.017,0.017,0.,0.017,0.019,0.,0.019,0.018,0.,0.018,0.,0.,0.,0.,0.,0.,0.,0.,0.
608,0.02,0.,0.02,0.024,0.,0.024,0.018,0.,0.018,0.019,0.,0.019,0.,0.,0.,0.,0.,0.,0.,0.,0.
612,0.02,0.,0.02,0.018,0.,0.018,0.017,0.,0.017,0.018,0.,0.018,0.,0.,0.,0.,0.,0.,0.,0.,0.
616,0.017,0.,0.017,0.021,0.,0.021,0.018,0.,0.018,0.018,0.,0.018,0.,0.,0.,0.,0.,0.,0.,0.,0.
620,0.019,0.,0.019,0.019,0.,0.019,0.02,0.,0.02,0.018,0.,0.018,0.,0.,0.,0.,0.,0.,0.,0.,0.
624,0.018,0.,0.018,0.021,0.,0.021,0.022,0.,0.022,0.018,0.,0.018,0.,0.,0.,0.,0.,0.,0.,0.,0.
628,0.018,0.,0.018,0.018,0.,0.018,0.018,0.,0.018,0.02,0.,0.02,0.,0.,0.,0.,0.,0.,0.,0.,0.
632,0.02,0.,0.02,0.023,0.,0.023,0.019,0.,0.019,0.019,0.,0.019,0.,0.,0.,0.,0.,0.,0.,0.,0.
636,0.02,0.,0.02,0.019,0.,0.019,0.019,0.,0.019,0.019,0.,0.019,0.,0.,0.,0.,0.,0.,0.,0.,0.
640,0.029,0.,0.029,0.03,0.,0.03,0.019,0.,0.019,0.019,0.,0.019,0.,0.,0.,0.,0.,0.,0.,0.,0.
644,0.025,0.,0.025,0.022,0.,0.022,0.022,0.,0.022,0.02,0.,0.02,0.,0.,0.,0.,0.,0.,0.,0.,0.
648,0.022,0.,0.022,0.02,0.,0.02,0.02,0.,0.02,0.021,0.,0.021,0.,0.,0.,0.,0.,0.,0.,0.,0.
652,0.021,0.,0.021,0.023,0.,0.023,0.025,0.,0.025,0.024,0.,0.024,0.,0.,0.,0.,0.,0.,0.,0.,0.
656,0.022,0.,0.022,0.025,0.,0.025,0.024,0.,0.024,0.026,0.,0.026,0.,0.,0.,0.,0.,0.,0.,0.,0.
660,0.03,0.,0.03,0.028,0.,0.028,0.02,0.,0.02,0.02,0.,0.02,0.,0.,0.,0.,0.,0.,0.,0.,0.
664,0.023,0.,0.023,0.021,0.,0.021,0.021,0.,0.021,0.021,0.,0.021,0.,0.,0.,0.,0.,0.,0.,0.,0.
668,0.022,0.,0.022,0.022,0.,0.022,0.021,0.,0.021,0.021,0.,0.021,0.,0.,0.,0.,0.,0.,0.,0.,0.
672,0.029,0.,0.029,0.023,0.,0.023,0.024,0.,0.024,0.022,0.,0.022,0.,0.,0.,0.,0.,0.,0.,0.,0.
676,0.024,0.,0.024,0.023,0.,0.023,0.02,0.,0.02,0.022,0.,0.022,0.,0.,0.,0.,0.,0.,0.,0.,0.
680,0.023,0.,0.023,0.023,0.,0.023,0.022,0.,0.022,0.024,0.,0.024,0.,0.,0.,0.,0.,0.,0.,0.,0.
684,0.024,0.,0.024,0.022,0.,0.022,0.024,0.,0.024,0.024,0.,0.024,0.,0.,0.,0.,0.,0.,0.,0.,0.
688,0.023,0.,0.023,0.025,0.003,0.021,0.023,0.,0.023,0.023,0.,0.023,0.,0.,0.,0.,0.,0.,0.,0.,0.
692,0.027,0.,0.027,0.023,0.,0.023,0.023,0.,0.023,0.023,0.,0.023,0.,0.,0.,0.,0.,0.,0.,0.,0.
696,0.024,0.,0.024,0.023,0.,0.023,0.022,0.,0.022,0.022,0.,0.022,0.,0.,0.,0.,0.,0.,0.,0.,0.
700,0.022,0.,0.022,0.024,0.,0.024,0.024,0.,0.024,0.024,0.,0.024,0.001,0.,0.001,0.,0.,0.,0.,0.,0.
704,0.025,0.,0.025,0.027,0.,0.027,0.03,0.,0.03,0.025,0.,0.025,0.,0.,0.,0.,0.,0.,0.,0.,0.
708,0.024,0.,0.024,0.025,0.,0.025,0.025,0.,0.025,0.026,0.,0.026,0.,0.,0.,0.,0.,0.,0.,0.,0.
712,0.027,0.,0.027,0.023,0.,0.023,0.025,0.,0.025,0.026,0.,0.026,0.,0.,0.,0.,0.,0.,0.,0.,0.
716,0.024,0.,0.024,0.024,0.,0.024,0.025,0.,0.025,0.025,0.,0.025,0.,0.,0.,0.,0.,0.,0.,0.,0.
720,0.025,0.,0.025,0.026,0.,0.026,0.025,0.,0.025,0.028,0.,0.028,0.,0.,0.,0.,0.,0.,0.,0.,0.
724,0.025,0.,0.025,0.026,0.,0.026,0.025,0.,0.025,0.024,0.,0.024,0.,0.,0.,0.,0.,0.,0.,0.,0.
728,0.024,0.,0.024,0.028,0.,0.028,0.026,0.,0.026,0.028,0.,0.028,0.,0.,0.,0.,0.,0.,0.,0.,0.
732,0.027,0.,0.027,0.028,0.,0.028,0.025,0.,0.025,0.026,0.,0.026,0.,0.,0.,0.,0.,0.,0.,0.,0.
736,0.027,0.,0.027,0.026,0.,0.026,0.026,0.,0.026,0.03,0.,0.03,0.,0.,0.,0.,0.,0.,0.,0.,0.
740,0.028,0.,0.028,0.026,0.,0.026,0.028,0.,0.028,0.027,0.,0.027,0.,0.,0.,0.,0.,0.,0.,0.,0.
744,0.026,0.,0.026,0.026,0.,0.026,0.029,0.,0.029,0.026,0.,0.026,0.,0.,0.,0.,0.,0.,0.,0.,0.
748,0.029,0.,0.029,0.029,0.,0.029,0.029,0.,0.029,0.027,0.,0.027,0.,0.,0.,0.,0.,0.,0.,0.,0.
752,0.027,0.,0.027,0.031,0.,0.031,0.027,0.,0.027,0.028,0.,0.028,0.001,0.,0.001,0.,0.,0.,0.,0.,0.
756,0.03,0.,0.03,0.029,0.,0.029,0.029,0.,0.029,0.029,0.,0.029,0.,0.,0.,0.,0.,0.,0.,0.,0.
760,0.029,0.,0.029,0.031,0.,0.031,0.032,0.,0.032,0.036,0.,0.036,0.,0.,0.,0.,0.,0.,0.,0.,0.
764,0.034,0.,0.034,0.033,0.,0.033,0.037,0.,0.037,0.03,0.,0.03,0.002,0.,0.002,0.,0.,0.,0.,0.,0.
768,0.029,0.,0.029,0.028,0.,0.028,0.042,0.,0.042,0.033,0.,0.033,0.,0.,0.,0.,0.,0.,0.,0.,0.
772,0.034,0.,0.034,0.033,0.,0.033,0.03,0.,0.03,0.029,0.,0.029,0.,0.,0.,0.,0.,0.,0.,0.,0.
776,0.029,0.,0.029,0.031,0.,0.031,0.033,0.,0.033,0.031,0.,0.031,0.,0.,0.,0.,0.,0.,0.,0.,0.
780,0.031,0.,0.031,0.033,0.,0.033,0.031,0.,0.031,0.032,0.,0.032,0.,0.,0.,0.,0.,0.,0.,0.,0.
784,0.032,0.,0.032,0.032,0.,0.032,0.03,0.,0.03,0.031,0.,0.031,0.001,0.,0.001,0.,0.,0.,0.,0.,0.
788,0.033,0.,0.033,0.033,0.,0.033,0.031,0.,0.031,0.031,0.,0.031,0.,0.,0.,0.,0.,0.,0.,0.,0.
792,0.033,0.,0.033,0.035,0.,0.035,0.035,0.,0.035,0.034,0.,0.034,0.,0.,0.,0.,0.,0.,0.,0.,0.
796,0.044,0.,0.044,0.041,0.,0.041,0.034,0.,0.034,0.038,0.,0.038,0.001,0.,0.001,0.,0.,0.,0.,0.,0.
800,0.035,0.,0.035,0.035,0.,0.035,0.035,0.,0.035,0.036,0.,0.036,0.001,0.,0.001,0.,0.,0.,0.,0.,0.
804,0.042,0.,0.042,0.041,0.,0.041,0.041,0.,0.041,0.039,0.,0.039,0.001,0.,0.001,0.,0.,0.,0.,0.,0.
808,0.037,0.,0.037,0.039,0.,0.039,0.037,0.,0.037,0.038,0.,0.038,0.,0.,0.,0.,0.,0.,0.,0.,0.
812,0.038,0.,0.038,0.038,0.,0.038,0.04,0.,0.04,0.036,0.,0.036,0.,0.,0.,0.,0.,0.,0.,0.,0.
816,0.041,0.,0.041,0.038,0.,0.038,0.04,0.,0.04,0.037,0.,0.037,0.,0.,0.,0.,0.,0.,0.,0.,0.
820,0.043,0.,0.043,0.04,0.,0.04,0.038,0.,0.038,0.038,0.,0.038,0.,0.,0.,0.,0.,0.,0.,0.,0.
824,0.04,0.,0.04,0.038,0.,0.038,0.046,0.,0.046,0.04,0.,0.04,0.,0.,0.,0.,0.,0.,0.,0.,0.
828,0.037,0.,0.037,0.038,0.,0.038,0.036,0.,0.036,0.037,0.,0.037,0.,0.,0.,0.,0.,0.,0.,0.,0.
832,0.036,0.,0.036,0.037,0.,0.037,0.033,0.,0.033,0.034,0.,0.034,0.,0.,0.,0.,0.,0.,0.,0.,0.
836,0.038,0.,0.038,0.037,0.,0.037,0.036,0.,0.036,0.037,0.,0.037,0.,0.,0.,0.,0.,0.,0.,0.,0.
840,0.039,0.,0.039,0.043,0.,0.043,0.036,0.,0.036,0.034,0.,0.034,0.,0.,0.,0.,0.,0.,0.,0.,0.
844,0.036,0.,0.036,0.035,0.,0.035,0.035,0.,0.035,0.035,0.,0.035,0.001,0.,0.001,0.,0.,0.,0.,0.,0.
848,0.04,0.,0.04,0.041,0.,0.041,0.04,0.,0.04,0.04,0.,0.04,0.,0.,0.,0.,0.,0.,0.,0.,0.
852,0.038,0.,0.038,0.035,0.,0.035,0.044,0.,0.044,0.037,0.,0.037,0.,0.,0.,0.,0.,0.,0.,0.,0.
856,0.037,0.,0.037,0.04,0.,0.04,0.039,0.,0.039,0.039,0.,0.039,0.,0.,0.,0.,0.,0.,0.,0.,0.
860,0.041,0.,0.041,0.036,0.,0.036,0.038,0.,0.038,0.036,0.,0.036,0.,0.,0.,0.,0.,0.,0.,0.,0.
864,0.045,0.,0.045,0.044,0.,0.044,0.046,0.,0.046,0.037,0.,0.037,0.,0.,0.,0.,0.,0.,0.,0.,0.
868,0.043,0.,0.043,0.041,0.,0.041,0.043,0.,0.043,0.04,0.,0.04,0.,0.,0.,0.,0.,0.,0.,0.,0.
872,0.047,0.,0.047,0.038,0.,0.038,0.039,0.,0.039,0.042,0.,0.042,0.001,0.,0.001,0.,0.,0.,0.,0.,0.
876,0.045,0.,0.045,0.044,0.,0.044,0.043,0.,0.043,0.042,0.,0.042,0.,0.,0.,0.,0.,0.,0.,0.,0.
880,0.038,0.,0.038,0.042,0.,0.042,0.039,0.003,0.035,0.04,0.,0.04,0.001,0.,0.001,0.,0.,0.,0.,0.,0.
884,0.04,0.,0.04,0.039,0.,0.039,0.04,0.,0.04,0.041,0.,0.041,0.001,0.,0.001,0.,0.,0.,0.,0.,0.
888,0.045,0.,0.045,0.045,0.,0.045,0.045,0.,0.045,0.041,0.,0.041,0.001,0.,0.001,0.,0.,0.,0.,0.,0.
892,0.046,0.,0.046,0.049,0.,0.049,0.049,0.,0.049,0.045,0.,0.045,0.,0.,0.,0.,0.,0.,0.,0.,0.
896,0.05,0.,0.05,0.041,0.,0.041,0.04,0.,0.04,0.042,0.,0.042,0.,0.,0.,0.,0.,0.,0.,0.,0.
900,0.046,0.,0.046,0.046,0.,0.046,0.047,0.,0.047,0.051,0.,0.051,0.001,0.,0.001,0.,0.,0.,0.,0.,0.
904,0.057,0.007,0.047,0.057,0.007,0.047,0.047,0.,0.047,0.054,0.,0.054,0.001,0.001,0.,0.,0.,0.,0.,0.,0.
908,0.046,0.,0.046,0.044,0.,0.044,0.042,0.,0.042,0.048,0.,0.048,0.001,0.,0.001,0.,0.,0.,0.,0.,0.
912,0.052,0.,0.052,0.052,0.,0.052,0.05,0.,0.05,0.053,0.,0.053,0.,0.,0.,0.,0.,0.,0.,0.,0.
916,0.052,0.,0.052,0.047,0.,0.047,0.045,0.,0.045,0.046,0.,0.046,0.,0.,0.,0.,0.,0.,0.,0.,0.
920,0.051,0.,0.051,0.047,0.,0.047,0.052,0.,0.052,0.046,0.,0.046,0.,0.,0.,0.,0.,0.,0.,0.,0.
924,0.052,0.,0.052,0.05,0.,0.05,0.046,0.,0.046,0.044,0.,0.044,0.001,0.,0.001,0.,0.,0.,0.,0.,0.
928,0.045,0.,0.045,0.044,0.,0.044,0.049,0.,0.049,0.044,0.,0.044,0.,0.,0.,0.,0.,0.,0.,0.,0.
932,0.049,0.,0.049,0.044,0.,0.044,0.046,0.,0.046,0.041,0.,0.041,0.,0.,0.,0.,0.,0.,0.,0.,0.
936,0.053,0.,0.053,0.047,0.,0.047,0.048,0.,0.048,0.048,0.,0.048,0.,0.,0.,0.,0.,0.,0.,0.,0.
940,0.049,0.,0.049,0.045,0.,0.045,0.047,0.,0.047,0.045,0.,0.045,0.001,0.,0.001,0.,0.,0.,0.,0.,0.
944,0.049,0.,0.049,0.048,0.003,0.045,0.053,0.,0.053,0.046,0.,0.046,0.,0.,0.,0.,0.,0.,0.,0.,0.
948,0.047,0.,0.047,0.046,0.,0.046,0.051,0.,0.051,0.052,0.,0.052,0.001,0.,0.001,0.,0.,0.,0.,0.,0.
952,0.054,0.,0.054,0.052,0.,0.052,0.055,0.,0.055,0.05,0.,0.05,0.001,0.,0.001,0.,0.,0.,0.,0.,0.
956,0.052,0.,0.052,0.051,0.003,0.047,0.048,0.,0.048,0.05,0.,0.05,0.001,0.,0.001,0.,0.,0.,0.,0.,0.
960,0.046,0.,0.046,0.05,0.,0.05,0.053,0.,0.053,0.052,0.,0.052,0.,0.,0.,0.,0.,0.,0.,0.,0.
964,0.049,0.,0.049,0.056,0.,0.056,0.055,0.,0.055,0.051,0.,0.051,0.,0.,0.,0.,0.,0.,0.,0.,0.
968,0.059,0.,0.059,0.055,0.,0.055,0.052,0.,0.052,0.05,0.,0.05,0.,0.,0.,0.,0.,0.,0.,0.,0.
972,0.052,0.,0.052,0.048,0.,0.048,0.049,0.003,0.045,0.046,0.,0.046,0.001,0.,0.001,0.,0.,0.,0.,0.,0.
976,0.056,0.,0.056,0.055,0.,0.055,0.055,0.,0.055,0.052,0.,0.052,0.,0.,0.,0.,0.,0.,0.,0.,0.
980,0.049,0.,0.049,0.05,0.,0.05,0.05,0.,0.05,0.051,0.,0.051,0.001,0.,0.001,0.,0.,0.,0.,0.,0.
984,0.056,0.,0.056,0.055,0.,0.055,0.064,0.,0.064,0.052,0.,0.052,0.001,0.,0.001,0.,0.,0.,0.,0.,0.
988,0.074,0.,0.074,0.062,0.,0.062,0.056,0.,0.056,0.052,0.,0.052,0.,0.,0.,0.,0.,0.,0.,0.,0.
992,0.056,0.,0.056,0.055,0.,0.055,0.055,0.,0.055,0.052,0.,0.052,0.001,0.,0.001,0.,0.,0.,0.,0.,0.
996,0.053,0.,0.053,0.052,0.003,0.048,0.055,0.,0.055,0.052,0.,0.052,0.001,0.,0.001,0.,0.,0.,0.,0.,0.
1000,0.054,0.,0.054,0.056,0.,0.056,0.054,0.,0.054,0.059,0.,0.059,0.001,0.,0.001,0.,0.,0.,0.,0.,0.
1100,0.075,0.,0.075,0.074,0.,0.074,0.072,0.,0.072,0.07,0.003,0.066,0.001,0.,0.001,0.,0.,0.,0.,0.,0.
1200,0.084,0.,0.084,0.084,0.,0.084,0.088,0.,0.088,0.084,0.,0.084,0.001,0.,0.001,0.001,0.,0.001,0.,0.,0.
1300,0.102,0.,0.102,0.105,0.,0.105,0.104,0.,0.104,0.101,0.,0.101,0.001,0.,0.001,0.,0.,0.,0.,0.,0.
1400,0.117,0.,0.117,0.126,0.,0.126,0.115,0.,0.115,0.12,0.,0.12,0.001,0.,0.001,0.,0.,0.,0.,0.,0.
1500,0.119,0.,0.119,0.124,0.,0.124,0.128,0.,0.128,0.129,0.,0.129,0.001,0.,0.001,0.,0.,0.,0.,0.,0.
1600,0.143,0.,0.143,0.149,0.,0.149,0.152,0.,0.152,0.144,0.,0.144,0.001,0.,0.001,0.001,0.,0.001,0.001,0.,0.001
1700,0.172,0.,0.172,0.154,0.,0.154,0.161,0.,0.161,0.152,0.,0.152,0.001,0.,0.001,0.001,0.,0.001,0.001,0.,0.001
1800,0.19,0.,0.19,0.178,0.,0.178,0.176,0.,0.176,0.18,0.,0.18,0.001,0.,0.001,0.001,0.,0.001,0.001,0.,0.001
1900,0.207,0.,0.207,0.192,0.,0.192,0.193,0.,0.193,0.205,0.,0.205,0.001,0.,0.001,0.,0.,0.,0.001,0.,0.001
2000,0.22,0.,0.22,0.213,0.,0.213,0.212,0.,0.212,0.232,0.,0.232,0.001,0.,0.001,0.001,0.,0.001,0.001,0.,0.001
2100,0.233,0.,0.233,0.233,0.,0.233,0.228,0.,0.228,0.232,0.,0.232,0.001,0.,0.001,0.001,0.,0.001,0.,0.,0.
2200,0.247,0.,0.247,0.259,0.,0.259,0.256,0.,0.255,0.251,0.,0.251,0.001,0.,0.001,0.001,0.,0.001,0.001,0.,0.001
2300,0.275,0.,0.275,0.265,0.,0.264,0.272,0.,0.272,0.267,0.,0.267,0.001,0.,0.001,0.001,0.,0.001,0.001,0.,0.001
2400,0.301,0.,0.301,0.299,0.,0.299,0.301,0.,0.301,0.323,0.,0.323,0.001,0.,0.001,0.001,0.,0.001,0.001,0.,0.001
2500,0.356,0.,0.356,0.357,0.,0.357,0.346,0.,0.346,0.333,0.,0.333,0.001,0.,0.001,0.001,0.,0.001,0.001,0.,0.001
2600,0.364,0.,0.364,0.356,0.,0.356,0.351,0.,0.351,0.361,0.,0.361,0.001,0.,0.001,0.001,0.,0.001,0.001,0.,0.001
2700,0.368,0.,0.368,0.384,0.,0.384,0.393,0.,0.393,0.388,0.004,0.384,0.001,0.,0.001,0.001,0.,0.001,0.001,0.,0.001
2800,0.413,0.,0.413,0.387,0.,0.387,0.421,0.,0.421,0.415,0.,0.415,0.001,0.,0.001,0.001,0.,0.001,0.002,0.,0.002
2900,0.45,0.,0.45,0.422,0.,0.422,0.409,0.,0.409,0.418,0.,0.418,0.002,0.,0.002,0.001,0.,0.001,0.001,0.,0.001
3000,0.447,0.,0.447,0.448,0.,0.448,0.454,0.,0.454,0.447,0.,0.447,0.001,0.,0.001,0.001,0.,0.001,0.001,0.,0.001
3100,0.504,0.,0.504,0.506,0.,0.506,0.502,0.,0.502,0.466,0.,0.466,0.001,0.,0.001,0.003,0.,0.003,0.001,0.,0.001
3200,0.518,0.,0.518,0.516,0.,0.516,0.514,0.,0.514,0.503,0.,0.503,0.001,0.,0.001,0.001,0.,0.001,0.001,0.,0.001
3300,0.558,0.,0.558,0.548,0.,0.548,0.528,0.003,0.524,0.534,0.,0.534,0.001,0.,0.001,0.001,0.,0.001,0.001,0.,0.001
3400,0.547,0.,0.547,0.563,0.,0.563,0.562,0.,0.562,0.578,0.,0.578,0.001,0.,0.001,0.001,0.,0.001,0.001,0.,0.001
3500,0.588,0.,0.588,0.588,0.,0.588,0.621,0.,0.62,0.647,0.,0.647,0.002,0.,0.002,0.002,0.,0.002,0.002,0.,0.002
3600,0.695,0.,0.695,0.622,0.,0.622,0.645,0.,0.645,0.618,0.,0.617,0.003,0.,0.003,0.001,0.,0.001,0.001,0.,0.001
3700,0.665,0.,0.665,0.645,0.,0.645,0.649,0.,0.648,0.647,0.,0.647,0.002,0.,0.002,0.002,0.,0.002,0.002,0.,0.002
3800,0.688,0.,0.687,0.695,0.,0.694,0.708,0.,0.708,0.687,0.,0.687,0.002,0.,0.002,0.001,0.,0.001,0.001,0.,0.001
3900,0.72,0.,0.72,0.754,0.,0.754,0.783,0.,0.783,0.728,0.003,0.724,0.002,0.,0.002,0.001,0.,0.001,0.001,0.,0.001
4000,0.758,0.003,0.754,0.763,0.,0.763,0.764,0.,0.764,0.733,0.,0.733,0.002,0.,0.002,0.002,0.,0.002,0.001,0.,0.001
4100,0.797,0.,0.797,0.797,0.,0.797,0.76,0.,0.76,0.787,0.,0.787,0.002,0.,0.002,0.002,0.,0.002,0.001,0.,0.001
4200,0.786,0.,0.786,0.805,0.,0.805,0.851,0.,0.85,0.849,0.,0.849,0.002,0.,0.002,0.002,0.,0.002,0.003,0.,0.003
4300,0.861,0.003,0.857,0.812,0.,0.812,0.817,0.,0.817,0.891,0.011,0.876,0.002,0.,0.002,0.001,0.,0.001,0.002,0.,0.002
4400,0.921,0.,0.921,0.881,0.003,0.876,0.942,0.,0.942,0.859,0.,0.859,0.002,0.,0.002,0.001,0.,0.001,0.002,0.,0.002
4500,0.919,0.003,0.915,0.952,0.,0.952,0.988,0.,0.988,0.925,0.,0.925,0.002,0.,0.002,0.002,0.,0.002,0.002,0.,0.002
4600,0.967,0.003,0.963,0.941,0.,0.94,0.935,0.,0.935,0.955,0.,0.955,0.003,0.,0.003,0.002,0.,0.002,0.002,0.,0.002
4700,1.,0.,1.,0.967,0.,0.967,0.975,0.,0.975,0.988,0.,0.987,0.002,0.,0.002,0.002,0.,0.002,0.002,0.,0.002
4800,1.133,0.,1.133,1.058,0.,1.058,1.048,0.,1.048,1.042,0.,1.042,0.002,0.,0.002,0.002,0.,0.002,0.002,0.,0.002
4900,1.068,0.,1.067,1.085,0.,1.085,1.071,0.,1.07,1.032,0.,1.032,0.002,0.,0.002,0.002,0.,0.002,0.002,0.,0.002
5000,1.119,0.,1.119,1.202,0.,1.202,1.106,0.,1.106,1.113,0.003,1.109,0.002,0.,0.002,0.002,0.,0.002,0.002,0.,0.002
5500,1.392,0.,1.392,1.4,0.,1.4,1.393,0.,1.392,1.378,0.,1.377,0.003,0.,0.003,0.003,0.,0.003,0.002,0.,0.002
6000,1.583,0.,1.583,1.577,0.,1.577,1.522,0.,1.521,1.548,0.,1.547,0.003,0.,0.003,0.002,0.,0.002,0.003,0.,0.003
6500,1.804,0.,1.804,1.778,0.,1.778,1.866,0.,1.866,1.825,0.,1.825,0.003,0.,0.003,0.003,0.,0.003,0.002,0.,0.002
7000,2.117,0.004,2.113,2.027,0.004,2.022,1.981,0.,1.98,2.106,0.,2.106,0.003,0.003,0.,0.003,0.,0.003,0.003,0.,0.003
7500,2.321,0.,2.32,2.378,0.,2.378,2.301,0.,2.301,2.37,0.,2.369,0.004,0.,0.004,0.004,0.,0.004,0.003,0.,0.003
8000,2.781,0.,2.78,2.701,0.,2.701,2.604,0.003,2.6,2.738,0.,2.738,0.004,0.,0.004,0.004,0.,0.004,0.003,0.,0.003
8500,3.09,0.,3.09,2.958,0.,2.958,2.882,0.,2.882,2.989,0.,2.988,0.005,0.,0.005,0.004,0.,0.004,0.003,0.,0.003
9000,3.221,0.,3.22,3.233,0.,3.232,3.345,0.,3.345,3.171,0.,3.171,0.004,0.003,0.,0.004,0.,0.004,0.003,0.,0.003
9500,3.56,0.,3.559,3.726,0.,3.725,3.582,0.,3.582,3.641,0.008,3.633,0.005,0.,0.005,0.004,0.,0.004,0.004,0.,0.004
10000,3.988,0.,3.988,3.968,0.,3.967,4.091,0.,4.09,3.929,0.007,3.918,0.004,0.,0.004,0.003,0.,0.003,0.005,0.,0.005