param-n,autorewrite-noop-regression-quadratic-real,autorewrite-noop-regression-quadratic-sys,autorewrite-noop-regression-quadratic-user,try-rewrite!-evar-noop-regression-quadratic-real,try-rewrite!-evar-noop-regression-quadratic-sys,try-rewrite!-evar-noop-regression-quadratic-user,try-rewrite!-noop-regression-quadratic-real,try-rewrite!-noop-regression-quadratic-sys,try-rewrite!-noop-regression-quadratic-user,try-rewrite-evar-noop-regression-quadratic-real,try-rewrite-evar-noop-regression-quadratic-sys,try-rewrite-evar-noop-regression-quadratic-user,try-rewrite-noop-regression-quadratic-real,try-rewrite-noop-regression-quadratic-sys,try-rewrite-noop-regression-quadratic-user,try-rewrite?-evar-noop-regression-quadratic-real,try-rewrite?-evar-noop-regression-quadratic-sys,try-rewrite?-evar-noop-regression-quadratic-user,try-rewrite?-noop-regression-quadratic-real,try-rewrite?-noop-regression-quadratic-sys,try-rewrite?-noop-regression-quadratic-user,try-ssr-rewrite!-evar-noop-regression-linear-real,try-ssr-rewrite!-evar-noop-regression-linear-sys,try-ssr-rewrite!-evar-noop-regression-linear-user,try-ssr-rewrite!-noop-regression-linear-real,try-ssr-rewrite!-noop-regression-linear-sys,try-ssr-rewrite!-noop-regression-linear-user,try-ssr-rewrite-evar-noop-regression-linear-real,try-ssr-rewrite-evar-noop-regression-linear-sys,try-ssr-rewrite-evar-noop-regression-linear-user,try-ssr-rewrite-noop-regression-linear-real,try-ssr-rewrite-noop-regression-linear-sys,try-ssr-rewrite-noop-regression-linear-user,try-ssr-rewrite?-evar-noop-regression-linear-real,try-ssr-rewrite?-evar-noop-regression-linear-sys,try-ssr-rewrite?-evar-noop-regression-linear-user,try-ssr-rewrite?-noop-regression-linear-real,try-ssr-rewrite?-noop-regression-linear-sys,try-ssr-rewrite?-noop-regression-linear-user
1,0.,0.,0.,0.,0.,0.,0.,0.,0.,0.,0.,0.,0.,0.,0.,0.,0.,0.,0.,0.,0.,0.,0.,0.,0.,0.,0.,0.,0.,0.,0.,0.,0.,0.,0.,0.,0.,0.,0.
2,0.,0.,0.,0.,0.,0.,0.,0.,0.,0.,0.,0.,0.,0.,0.,0.,0.,0.,0.,0.,0.,0.,0.,0.,0.,0.,0.,0.,0.,0.,0.,0.,0.,0.,0.,0.,0.,0.,0.
3,0.,0.,0.,0.,0.,0.,0.,0.,0.,0.,0.,0.,0.,0.,0.,0.,0.,0.,0.,0.,0.,0.,0.,0.,0.,0.,0.,0.,0.,0.,0.,0.,0.,0.,0.,0.,0.,0.,0.
4,0.,0.,0.,0.,0.,0.,0.,0.,0.,0.,0.,0.,0.,0.,0.,0.,0.,0.,0.,0.,0.,0.,0.,0.,0.,0.,0.,0.,0.,0.,0.,0.,0.,0.,0.,0.,0.,0.,0.
8,0.,0.,0.,0.,0.,0.,0.,0.,0.,0.,0.,0.,0.,0.,0.,0.,0.,0.,0.,0.,0.,0.,0.,0.,0.,0.,0.,0.,0.,0.,0.,0.,0.,0.,0.,0.,0.,0.,0.
12,0.,0.,0.,0.,0.,0.,0.,0.,0.,0.,0.,0.,0.,0.,0.,0.,0.,0.,0.,0.,0.,0.,0.,0.,0.,0.,0.,0.,0.,0.,0.,0.,0.,0.,0.,0.,0.,0.,0.
16,0.,0.,0.,0.,0.,0.,0.,0.,0.,0.,0.,0.,0.,0.,0.,0.,0.,0.,0.,0.,0.,0.,0.,0.,0.,0.,0.,0.,0.,0.,0.,0.,0.,0.,0.,0.,0.,0.,0.
20,0.,0.,0.,0.,0.,0.,0.,0.,0.,0.,0.,0.,0.,0.,0.,0.,0.,0.,0.,0.,0.,0.,0.,0.,0.,0.,0.,0.,0.,0.,0.,0.,0.,0.,0.,0.,0.,0.,0.
24,0.,0.,0.,0.,0.,0.,0.,0.,0.,0.,0.,0.,0.,0.,0.,0.,0.,0.,0.,0.,0.,0.,0.,0.,0.,0.,0.,0.,0.,0.,0.,0.,0.,0.,0.,0.,0.,0.,0.
28,0.,0.,0.,0.,0.,0.,0.,0.,0.,0.,0.,0.,0.,0.,0.,0.,0.,0.,0.,0.,0.,0.,0.,0.,0.,0.,0.,0.,0.,0.,0.,0.,0.,0.,0.,0.,0.,0.,0.
32,0.,0.,0.,0.,0.,0.,0.,0.,0.,0.,0.,0.,0.,0.,0.,0.,0.,0.,0.,0.,0.,0.,0.,0.,0.,0.,0.,0.,0.,0.,0.,0.,0.,0.,0.,0.,0.,0.,0.
36,0.,0.,0.,0.,0.,0.,0.,0.,0.,0.,0.,0.,0.,0.,0.,0.,0.,0.,0.,0.,0.,0.,0.,0.,0.,0.,0.,0.,0.,0.,0.,0.,0.,0.,0.,0.,0.,0.,0.
40,0.,0.,0.,0.,0.,0.,0.,0.,0.,0.,0.,0.,0.,0.,0.,0.,0.,0.,0.,0.,0.,0.,0.,0.,0.,0.,0.,0.,0.,0.,0.,0.,0.,0.,0.,0.,0.,0.,0.
44,0.,0.,0.,0.,0.,0.,0.,0.,0.,0.001,0.,0.001,0.,0.,0.,0.,0.,0.,0.,0.,0.,0.,0.,0.,0.,0.,0.,0.,0.,0.,0.,0.,0.,0.,0.,0.,0.,0.,0.
48,0.,0.,0.,0.,0.,0.,0.,0.,0.,0.,0.,0.,0.,0.,0.,0.001,0.,0.001,0.,0.,0.,0.,0.,0.,0.,0.,0.,0.,0.,0.,0.,0.,0.,0.,0.,0.,0.,0.,0.
50,0.001,0.,0.,0.001,0.,0.001,0.001,0.,0.,0.001,0.001,0.,0.,0.,0.,0.001,0.001,0.,0.001,0.,0.001,0.,0.,0.,0.,0.,0.,0.,0.,0.,0.,0.,0.,0.,0.,0.,0.,0.,0.
52,0.061,0.011,0.049,0.001,0.,0.,0.,0.,0.,0.001,0.,0.001,0.,0.,0.,0.001,0.,0.001,0.,0.,0.,0.,0.,0.,0.,0.,0.,0.,0.,0.,0.,0.,0.,0.,0.,0.,0.,0.,0.
56,0.,0.,0.,0.001,0.,0.001,0.,0.,0.,0.001,0.,0.001,0.,0.,0.,0.001,0.,0.001,0.,0.,0.,0.,0.,0.,0.,0.,0.,0.,0.,0.,0.,0.,0.,0.,0.,0.,0.,0.,0.
60,0.001,0.,0.001,0.001,0.,0.001,0.,0.,0.,0.001,0.,0.001,0.,0.,0.,0.001,0.,0.001,0.,0.,0.,0.,0.,0.,0.,0.,0.,0.,0.,0.,0.,0.,0.,0.,0.,0.,0.,0.,0.
64,0.,0.,0.,0.001,0.,0.001,0.,0.,0.,0.001,0.,0.001,0.,0.,0.,0.001,0.,0.001,0.,0.,0.,0.,0.,0.,0.,0.,0.,0.,0.,0.,0.,0.,0.,0.,0.,0.,0.,0.,0.
68,0.001,0.,0.001,0.001,0.,0.001,0.,0.,0.,0.001,0.,0.001,0.,0.,0.,0.001,0.,0.001,0.,0.,0.,0.,0.,0.,0.,0.,0.,0.,0.,0.,0.,0.,0.,0.,0.,0.,0.,0.,0.
72,0.001,0.,0.001,0.001,0.,0.001,0.001,0.,0.001,0.001,0.,0.001,0.001,0.,0.,0.001,0.,0.001,0.001,0.,0.001,0.,0.,0.,0.,0.,0.,0.,0.,0.,0.,0.,0.,0.,0.,0.,0.,0.,0.
76,0.001,0.,0.001,0.001,0.,0.001,0.001,0.,0.001,0.001,0.,0.001,0.001,0.,0.001,0.002,0.,0.002,0.001,0.,0.001,0.,0.,0.,0.,0.,0.,0.,0.,0.,0.,0.,0.,0.,0.,0.,0.,0.,0.
80,0.001,0.,0.001,0.001,0.,0.001,0.001,0.,0.001,0.001,0.,0.001,0.001,0.,0.001,0.001,0.,0.001,0.07,0.,0.07,0.,0.,0.,0.,0.,0.,0.,0.,0.,0.,0.,0.,0.,0.,0.,0.,0.,0.
84,0.001,0.,0.001,0.001,0.,0.001,0.001,0.,0.001,0.001,0.,0.001,0.001,0.,0.001,0.001,0.,0.001,0.001,0.,0.001,0.,0.,0.,0.,0.,0.,0.,0.,0.,0.,0.,0.,0.,0.,0.,0.,0.,0.
88,0.001,0.,0.001,0.001,0.,0.001,0.001,0.,0.001,0.002,0.,0.002,0.001,0.,0.001,0.001,0.,0.001,0.001,0.,0.001,0.,0.,0.,0.,0.,0.,0.,0.,0.,0.,0.,0.,0.,0.,0.,0.,0.,0.
92,0.001,0.,0.001,0.002,0.,0.002,0.001,0.,0.001,0.003,0.,0.003,0.001,0.,0.001,0.002,0.,0.002,0.002,0.,0.002,0.,0.,0.,0.,0.,0.,0.,0.,0.,0.,0.,0.,0.,0.,0.,0.,0.,0.
96,0.001,0.,0.001,0.002,0.,0.002,0.001,0.,0.001,0.002,0.,0.002,0.002,0.,0.002,0.002,0.,0.002,0.001,0.,0.001,0.,0.,0.,0.,0.,0.,0.,0.,0.,0.,0.,0.,0.,0.,0.,0.,0.,0.
100,0.002,0.,0.002,0.003,0.003,0.,0.002,0.002,0.,0.07,0.016,0.053,0.002,0.002,0.,0.003,0.,0.003,0.001,0.,0.001,0.,0.,0.,0.,0.,0.,0.,0.,0.,0.,0.,0.,0.,0.,0.,0.,0.,0.
104,0.001,0.,0.001,0.003,0.,0.003,0.002,0.,0.002,0.002,0.,0.002,0.001,0.,0.001,0.002,0.,0.002,0.001,0.,0.001,0.,0.,0.,0.,0.,0.,0.,0.,0.,0.,0.,0.,0.,0.,0.,0.,0.,0.
108,0.001,0.,0.001,0.002,0.,0.002,0.001,0.,0.001,0.002,0.,0.002,0.001,0.,0.001,0.003,0.,0.003,0.001,0.,0.001,0.,0.,0.,0.,0.,0.,0.,0.,0.,0.,0.,0.,0.,0.,0.,0.,0.,0.
112,0.001,0.,0.001,0.002,0.,0.002,0.001,0.,0.001,0.002,0.,0.002,0.001,0.,0.001,0.002,0.,0.002,0.001,0.,0.001,0.,0.,0.,0.,0.,0.,0.,0.,0.,0.,0.,0.,0.,0.,0.,0.,0.,0.
116,0.001,0.,0.001,0.002,0.,0.002,0.001,0.,0.001,0.002,0.,0.002,0.001,0.,0.001,0.002,0.,0.002,0.001,0.,0.001,0.,0.,0.,0.,0.,0.,0.,0.,0.,0.,0.,0.,0.,0.,0.,0.,0.,0.
120,0.001,0.,0.001,0.003,0.,0.003,0.002,0.,0.002,0.002,0.,0.002,0.001,0.,0.001,0.002,0.,0.002,0.001,0.,0.001,0.,0.,0.,0.,0.,0.,0.,0.,0.,0.,0.,0.,0.,0.,0.,0.,0.,0.
124,0.001,0.,0.001,0.002,0.,0.002,0.002,0.,0.002,0.002,0.,0.002,0.001,0.,0.001,0.002,0.,0.002,0.002,0.,0.002,0.,0.,0.,0.,0.,0.,0.,0.,0.,0.,0.,0.,0.,0.,0.,0.,0.,0.
128,0.001,0.,0.001,0.003,0.,0.003,0.002,0.,0.002,0.002,0.,0.002,0.001,0.,0.001,0.002,0.,0.002,0.001,0.,0.001,0.,0.,0.,0.,0.,0.,0.,0.,0.,0.,0.,0.,0.,0.,0.,0.,0.,0.
132,0.002,0.,0.002,0.003,0.,0.003,0.002,0.,0.002,0.003,0.,0.003,0.001,0.,0.001,0.002,0.,0.002,0.002,0.,0.002,0.,0.,0.,0.,0.,0.,0.,0.,0.,0.,0.,0.,0.,0.,0.,0.,0.,0.
136,0.003,0.,0.003,0.003,0.,0.003,0.002,0.,0.002,0.003,0.,0.003,0.002,0.,0.002,0.003,0.,0.003,0.002,0.,0.002,0.,0.,0.,0.,0.,0.,0.,0.,0.,0.,0.,0.,0.,0.,0.,0.,0.,0.
140,0.002,0.,0.002,0.003,0.,0.003,0.002,0.,0.002,0.003,0.,0.003,0.002,0.,0.002,0.003,0.,0.003,0.002,0.,0.002,0.,0.,0.,0.,0.,0.,0.,0.,0.,0.,0.,0.,0.,0.,0.,0.,0.,0.
144,0.002,0.,0.002,0.003,0.,0.003,0.002,0.,0.002,0.003,0.,0.003,0.002,0.,0.002,0.004,0.,0.004,0.002,0.,0.002,0.,0.,0.,0.,0.,0.,0.,0.,0.,0.,0.,0.,0.,0.,0.,0.,0.,0.
148,0.002,0.,0.002,0.003,0.,0.003,0.003,0.,0.003,0.003,0.,0.003,0.002,0.,0.002,0.003,0.,0.003,0.002,0.,0.002,0.,0.,0.,0.,0.,0.,0.,0.,0.,0.,0.,0.,0.,0.,0.,0.,0.,0.
150,0.002,0.,0.002,0.003,0.,0.003,0.002,0.,0.002,0.003,0.,0.003,0.002,0.,0.002,0.003,0.,0.003,0.002,0.,0.002,0.,0.,0.,0.,0.,0.,0.,0.,0.,0.,0.,0.,0.,0.,0.,0.,0.,0.
152,0.002,0.,0.002,0.003,0.,0.003,0.002,0.,0.002,0.003,0.,0.003,0.002,0.,0.002,0.003,0.,0.003,0.002,0.,0.002,0.,0.,0.,0.,0.,0.,0.,0.,0.,0.,0.,0.,0.,0.,0.,0.,0.,0.
156,0.002,0.,0.002,0.003,0.,0.003,0.002,0.,0.002,0.003,0.,0.003,0.002,0.,0.002,0.003,0.,0.003,0.002,0.,0.002,0.,0.,0.,0.,0.,0.,0.,0.,0.,0.,0.,0.,0.,0.,0.,0.,0.,0.
160,0.003,0.,0.003,0.003,0.,0.003,0.002,0.,0.002,0.004,0.,0.004,0.002,0.,0.002,0.004,0.,0.004,0.002,0.,0.002,0.,0.,0.,0.,0.,0.,0.,0.,0.,0.,0.,0.,0.,0.,0.,0.,0.,0.
164,0.002,0.,0.002,0.003,0.,0.003,0.002,0.,0.002,0.004,0.,0.004,0.002,0.,0.002,0.004,0.,0.004,0.002,0.,0.002,0.,0.,0.,0.,0.,0.,0.,0.,0.,0.,0.,0.,0.,0.,0.,0.,0.,0.
168,0.002,0.,0.002,0.004,0.,0.004,0.002,0.,0.002,0.004,0.,0.004,0.002,0.,0.002,0.004,0.,0.004,0.002,0.,0.002,0.,0.,0.,0.,0.,0.,0.,0.,0.,0.,0.,0.,0.,0.,0.,0.,0.,0.
172,0.002,0.,0.002,0.004,0.,0.004,0.003,0.,0.003,0.004,0.,0.004,0.002,0.,0.002,0.004,0.,0.004,0.003,0.,0.003,0.,0.,0.,0.,0.,0.,0.,0.,0.,0.,0.,0.,0.,0.,0.,0.,0.,0.
176,0.003,0.,0.003,0.004,0.,0.004,0.002,0.,0.002,0.004,0.,0.004,0.002,0.,0.002,0.004,0.,0.004,0.002,0.,0.002,0.,0.,0.,0.,0.,0.,0.,0.,0.,0.,0.,0.,0.,0.,0.,0.,0.,0.
180,0.003,0.,0.003,0.004,0.,0.004,0.002,0.,0.002,0.004,0.,0.004,0.002,0.,0.002,0.005,0.,0.005,0.003,0.,0.003,0.,0.,0.,0.,0.,0.,0.,0.,0.,0.,0.,0.,0.,0.,0.,0.,0.,0.
184,0.002,0.,0.002,0.004,0.,0.004,0.003,0.,0.003,0.004,0.,0.004,0.002,0.,0.002,0.004,0.,0.004,0.003,0.,0.003,0.,0.,0.,0.,0.,0.,0.,0.,0.,0.,0.,0.,0.,0.,0.,0.,0.,0.
188,0.003,0.,0.003,0.004,0.,0.004,0.003,0.,0.003,0.004,0.,0.004,0.003,0.,0.003,0.005,0.,0.005,0.003,0.,0.003,0.,0.,0.,0.,0.,0.,0.,0.,0.,0.,0.,0.,0.,0.,0.,0.,0.,0.
192,0.003,0.,0.003,0.005,0.,0.005,0.003,0.,0.003,0.004,0.,0.004,0.003,0.,0.003,0.005,0.,0.005,0.003,0.,0.003,0.,0.,0.,0.,0.,0.,0.,0.,0.,0.,0.,0.,0.,0.,0.,0.,0.,0.
196,0.003,0.,0.003,0.005,0.,0.005,0.003,0.,0.003,0.004,0.,0.004,0.003,0.,0.003,0.005,0.,0.005,0.004,0.,0.004,0.,0.,0.,0.,0.,0.,0.,0.,0.,0.,0.,0.,0.,0.,0.,0.,0.,0.
200,0.003,0.,0.003,0.005,0.,0.005,0.003,0.,0.003,0.005,0.,0.005,0.003,0.,0.003,0.005,0.,0.005,0.003,0.,0.003,0.,0.,0.,0.,0.,0.,0.,0.,0.,0.,0.,0.,0.,0.,0.,0.,0.,0.
204,0.003,0.,0.003,0.005,0.,0.005,0.003,0.,0.003,0.005,0.,0.005,0.003,0.,0.003,0.005,0.,0.005,0.003,0.,0.003,0.,0.,0.,0.,0.,0.,0.,0.,0.,0.,0.,0.,0.,0.,0.,0.,0.,0.
208,0.003,0.,0.003,0.005,0.,0.005,0.003,0.,0.003,0.005,0.,0.005,0.003,0.,0.003,0.006,0.,0.006,0.004,0.,0.004,0.,0.,0.,0.,0.,0.,0.,0.,0.,0.,0.,0.,0.,0.,0.,0.,0.,0.
212,0.004,0.,0.004,0.006,0.,0.006,0.003,0.,0.003,0.005,0.,0.005,0.003,0.,0.003,0.006,0.,0.006,0.003,0.,0.003,0.,0.,0.,0.,0.,0.,0.,0.,0.,0.,0.,0.,0.,0.,0.,0.,0.,0.
216,0.005,0.,0.005,0.005,0.,0.005,0.004,0.,0.004,0.006,0.,0.006,0.005,0.,0.005,0.006,0.,0.006,0.003,0.,0.003,0.,0.,0.,0.,0.,0.,0.,0.,0.,0.,0.,0.,0.,0.,0.,0.,0.,0.
220,0.004,0.,0.004,0.006,0.,0.006,0.004,0.,0.004,0.006,0.,0.006,0.004,0.,0.004,0.006,0.,0.006,0.004,0.,0.004,0.,0.,0.,0.,0.,0.,0.,0.,0.,0.,0.,0.,0.,0.,0.,0.,0.,0.
224,0.004,0.,0.004,0.006,0.,0.006,0.004,0.,0.004,0.006,0.,0.006,0.004,0.,0.004,0.006,0.,0.006,0.004,0.,0.004,0.,0.,0.,0.,0.,0.,0.,0.,0.,0.,0.,0.,0.,0.,0.,0.,0.,0.
228,0.005,0.,0.005,0.006,0.,0.006,0.004,0.,0.004,0.007,0.,0.007,0.004,0.,0.004,0.006,0.,0.006,0.004,0.,0.004,0.,0.,0.,0.,0.,0.,0.,0.,0.,0.,0.,0.,0.,0.,0.,0.,0.,0.
232,0.004,0.,0.004,0.006,0.,0.006,0.004,0.,0.004,0.006,0.,0.006,0.004,0.,0.004,0.006,0.,0.006,0.004,0.,0.004,0.,0.,0.,0.,0.,0.,0.,0.,0.,0.,0.,0.,0.,0.,0.,0.,0.,0.
236,0.004,0.,0.004,0.007,0.,0.007,0.004,0.,0.004,0.006,0.,0.006,0.004,0.,0.004,0.007,0.,0.007,0.004,0.,0.004,0.,0.,0.,0.,0.,0.,0.,0.,0.,0.,0.,0.,0.,0.,0.,0.,0.,0.
240,0.004,0.,0.004,0.006,0.,0.006,0.004,0.,0.004,0.006,0.,0.006,0.004,0.,0.004,0.006,0.,0.006,0.004,0.,0.004,0.,0.,0.,0.,0.,0.,0.,0.,0.,0.,0.,0.,0.,0.,0.,0.,0.,0.
244,0.005,0.,0.005,0.007,0.,0.007,0.004,0.,0.004,0.006,0.,0.006,0.004,0.,0.004,0.006,0.,0.006,0.004,0.,0.004,0.,0.,0.,0.,0.,0.,0.,0.,0.,0.,0.,0.,0.,0.,0.,0.,0.,0.
248,0.004,0.,0.004,0.008,0.,0.008,0.004,0.,0.004,0.006,0.,0.006,0.004,0.,0.004,0.01,0.,0.01,0.004,0.,0.004,0.,0.,0.,0.,0.,0.,0.,0.,0.,0.,0.,0.,0.,0.,0.,0.,0.,0.
250,0.005,0.,0.005,0.007,0.,0.007,0.006,0.,0.006,0.007,0.,0.007,0.004,0.,0.004,0.006,0.,0.006,0.005,0.,0.005,0.,0.,0.,0.,0.,0.,0.,0.,0.,0.,0.,0.,0.,0.,0.,0.,0.,0.
252,0.004,0.,0.004,0.007,0.,0.007,0.004,0.,0.004,0.007,0.,0.007,0.004,0.,0.004,0.007,0.,0.007,0.004,0.,0.004,0.001,0.,0.,0.,0.,0.,0.,0.,0.,0.,0.,0.,0.,0.,0.,0.,0.,0.
256,0.005,0.,0.005,0.007,0.,0.007,0.004,0.,0.004,0.007,0.,0.007,0.005,0.,0.005,0.008,0.,0.008,0.004,0.,0.004,0.,0.,0.,0.,0.,0.,0.,0.,0.,0.,0.,0.,0.,0.,0.,0.,0.,0.
260,0.004,0.,0.004,0.007,0.,0.007,0.005,0.,0.005,0.01,0.,0.01,0.005,0.,0.005,0.008,0.,0.008,0.005,0.,0.005,0.,0.,0.,0.,0.,0.,0.,0.,0.,0.,0.,0.,0.,0.,0.,0.,0.,0.
264,0.005,0.,0.005,0.007,0.,0.007,0.005,0.,0.005,0.007,0.,0.007,0.004,0.,0.004,0.008,0.,0.008,0.005,0.,0.005,0.,0.,0.,0.,0.,0.,0.,0.,0.,0.,0.,0.,0.,0.,0.,0.,0.,0.
268,0.005,0.,0.005,0.012,0.,0.012,0.005,0.,0.005,0.008,0.,0.008,0.005,0.,0.005,0.008,0.,0.008,0.007,0.,0.007,0.,0.,0.,0.,0.,0.,0.,0.,0.,0.,0.,0.,0.,0.,0.,0.,0.,0.
272,0.005,0.,0.005,0.007,0.,0.007,0.005,0.,0.005,0.009,0.,0.009,0.005,0.,0.005,0.008,0.,0.008,0.005,0.,0.005,0.,0.,0.,0.,0.,0.,0.,0.,0.,0.,0.,0.,0.,0.,0.,0.,0.,0.
276,0.005,0.,0.005,0.01,0.,0.01,0.006,0.,0.006,0.007,0.,0.007,0.007,0.,0.007,0.008,0.,0.008,0.007,0.,0.007,0.,0.,0.,0.,0.,0.,0.,0.,0.,0.,0.,0.,0.,0.,0.,0.,0.,0.
280,0.005,0.,0.005,0.008,0.,0.008,0.005,0.,0.005,0.008,0.,0.008,0.005,0.,0.005,0.008,0.,0.008,0.005,0.,0.005,0.,0.,0.,0.,0.,0.,0.,0.,0.,0.,0.,0.,0.,0.,0.,0.,0.,0.
284,0.005,0.,0.005,0.008,0.,0.008,0.005,0.,0.005,0.01,0.,0.01,0.005,0.,0.005,0.009,0.,0.009,0.005,0.,0.005,0.,0.,0.,0.,0.,0.,0.,0.,0.,0.,0.,0.,0.,0.,0.,0.,0.,0.
288,0.006,0.,0.006,0.008,0.,0.008,0.005,0.,0.005,0.008,0.,0.008,0.005,0.,0.005,0.009,0.,0.009,0.005,0.,0.005,0.,0.,0.,0.,0.,0.,0.,0.,0.,0.,0.,0.,0.,0.,0.,0.,0.,0.
292,0.005,0.,0.005,0.008,0.,0.008,0.005,0.,0.005,0.008,0.,0.008,0.006,0.,0.006,0.008,0.,0.008,0.005,0.,0.005,0.,0.,0.,0.,0.,0.,0.,0.,0.,0.,0.,0.,0.,0.,0.,0.,0.,0.
296,0.005,0.,0.005,0.008,0.,0.008,0.006,0.,0.006,0.009,0.,0.009,0.005,0.,0.005,0.008,0.,0.008,0.006,0.,0.006,0.,0.,0.,0.,0.,0.,0.,0.,0.,0.,0.,0.,0.,0.,0.,0.,0.,0.
300,0.005,0.,0.005,0.008,0.,0.008,0.005,0.,0.005,0.009,0.,0.009,0.005,0.,0.005,0.009,0.,0.009,0.006,0.,0.006,0.,0.,0.,0.,0.,0.,0.,0.,0.,0.,0.,0.,0.,0.,0.,0.,0.,0.
304,0.006,0.,0.006,0.01,0.,0.01,0.006,0.,0.006,0.009,0.,0.009,0.006,0.,0.006,0.009,0.,0.009,0.007,0.,0.007,0.,0.,0.,0.,0.,0.,0.,0.,0.,0.,0.,0.,0.,0.,0.,0.,0.,0.
308,0.006,0.,0.006,0.009,0.,0.009,0.006,0.,0.006,0.01,0.,0.01,0.006,0.,0.006,0.009,0.,0.009,0.006,0.,0.006,0.,0.,0.,0.,0.,0.,0.,0.,0.,0.,0.,0.,0.,0.,0.,0.,0.,0.
312,0.006,0.,0.006,0.015,0.,0.015,0.006,0.,0.006,0.009,0.,0.009,0.006,0.,0.006,0.01,0.,0.01,0.006,0.,0.006,0.,0.,0.,0.,0.,0.,0.,0.,0.,0.,0.,0.,0.,0.,0.,0.,0.,0.
316,0.006,0.,0.006,0.009,0.,0.009,0.006,0.,0.006,0.009,0.,0.009,0.006,0.,0.006,0.01,0.,0.01,0.007,0.,0.007,0.,0.,0.,0.,0.,0.,0.,0.,0.,0.,0.,0.,0.,0.,0.,0.,0.,0.
320,0.006,0.,0.006,0.01,0.,0.01,0.008,0.,0.008,0.009,0.,0.009,0.006,0.,0.006,0.01,0.,0.009,0.006,0.,0.006,0.,0.,0.,0.,0.,0.,0.,0.,0.,0.,0.,0.,0.,0.,0.,0.,0.,0.
324,0.007,0.,0.007,0.01,0.,0.01,0.006,0.,0.006,0.01,0.,0.01,0.007,0.,0.007,0.01,0.,0.01,0.006,0.,0.006,0.,0.,0.,0.,0.,0.,0.,0.,0.,0.,0.,0.,0.,0.,0.,0.,0.,0.
328,0.007,0.,0.007,0.01,0.,0.01,0.006,0.,0.006,0.01,0.,0.01,0.006,0.,0.006,0.01,0.,0.01,0.006,0.,0.006,0.,0.,0.,0.,0.,0.,0.,0.,0.,0.,0.,0.,0.,0.,0.,0.,0.,0.
332,0.007,0.,0.007,0.01,0.,0.01,0.006,0.,0.006,0.01,0.,0.01,0.007,0.,0.007,0.01,0.,0.01,0.006,0.,0.006,0.,0.,0.,0.,0.,0.,0.,0.,0.,0.,0.,0.,0.,0.,0.,0.,0.,0.
336,0.007,0.,0.007,0.01,0.,0.01,0.007,0.,0.007,0.01,0.,0.01,0.006,0.,0.006,0.01,0.,0.01,0.007,0.,0.007,0.,0.,0.,0.,0.,0.,0.,0.,0.,0.,0.,0.,0.,0.,0.,0.,0.,0.
340,0.008,0.,0.008,0.011,0.,0.011,0.008,0.,0.008,0.011,0.,0.011,0.007,0.,0.007,0.011,0.,0.011,0.007,0.,0.007,0.,0.,0.,0.,0.,0.,0.,0.,0.,0.,0.,0.,0.,0.,0.,0.,0.,0.
344,0.01,0.,0.01,0.011,0.,0.011,0.007,0.,0.007,0.011,0.,0.011,0.007,0.,0.007,0.012,0.,0.012,0.007,0.,0.007,0.,0.,0.,0.,0.,0.,0.,0.,0.,0.,0.,0.,0.,0.,0.,0.,0.,0.
348,0.007,0.,0.007,0.011,0.,0.011,0.007,0.,0.007,0.011,0.,0.011,0.007,0.,0.007,0.012,0.,0.012,0.007,0.,0.007,0.,0.,0.,0.,0.,0.,0.,0.,0.,0.,0.,0.,0.,0.,0.,0.,0.,0.
350,0.007,0.,0.007,0.012,0.,0.012,0.007,0.,0.007,0.011,0.,0.011,0.007,0.,0.007,0.011,0.,0.011,0.007,0.,0.007,0.,0.,0.,0.,0.,0.,0.,0.,0.,0.,0.,0.,0.,0.,0.,0.,0.,0.
352,0.007,0.,0.006,0.012,0.,0.012,0.007,0.,0.007,0.021,0.,0.02,0.007,0.,0.007,0.012,0.,0.012,0.008,0.,0.008,0.,0.,0.,0.,0.,0.,0.,0.,0.,0.,0.,0.,0.,0.,0.,0.,0.,0.
356,0.007,0.,0.007,0.012,0.,0.012,0.007,0.,0.007,0.012,0.,0.012,0.007,0.,0.007,0.011,0.,0.011,0.007,0.,0.007,0.,0.,0.,0.,0.,0.,0.,0.,0.,0.,0.,0.,0.,0.,0.,0.,0.,0.
360,0.007,0.,0.007,0.012,0.,0.012,0.009,0.,0.009,0.012,0.,0.012,0.007,0.,0.007,0.011,0.,0.011,0.007,0.,0.007,0.,0.,0.,0.,0.,0.,0.,0.,0.,0.,0.,0.,0.,0.,0.,0.001,0.,0.001
364,0.008,0.,0.008,0.013,0.,0.013,0.008,0.,0.008,0.012,0.,0.012,0.007,0.,0.007,0.012,0.,0.012,0.007,0.,0.007,0.,0.,0.,0.,0.,0.,0.,0.,0.,0.,0.,0.,0.,0.,0.,0.,0.,0.
368,0.007,0.,0.007,0.012,0.,0.012,0.008,0.,0.008,0.012,0.,0.012,0.008,0.,0.008,0.012,0.,0.012,0.009,0.,0.009,0.,0.,0.,0.,0.,0.,0.,0.,0.,0.,0.,0.,0.,0.,0.,0.,0.,0.
372,0.008,0.,0.008,0.012,0.,0.012,0.009,0.,0.009,0.012,0.,0.012,0.008,0.,0.008,0.012,0.,0.012,0.009,0.,0.009,0.,0.,0.,0.,0.,0.,0.,0.,0.,0.,0.,0.,0.,0.,0.,0.,0.,0.
376,0.009,0.,0.009,0.013,0.,0.013,0.008,0.,0.008,0.012,0.,0.012,0.008,0.,0.008,0.014,0.,0.014,0.008,0.,0.008,0.,0.,0.,0.,0.,0.,0.,0.,0.,0.,0.,0.,0.,0.,0.,0.,0.,0.
380,0.009,0.,0.009,0.013,0.,0.013,0.008,0.,0.008,0.013,0.,0.013,0.008,0.,0.008,0.013,0.,0.013,0.008,0.,0.008,0.,0.,0.,0.,0.,0.,0.,0.,0.,0.,0.,0.,0.,0.,0.,0.,0.,0.
384,0.008,0.,0.008,0.015,0.,0.015,0.008,0.,0.008,0.013,0.,0.013,0.008,0.,0.008,0.014,0.,0.014,0.008,0.,0.008,0.,0.,0.,0.,0.,0.,0.,0.,0.,0.,0.,0.,0.,0.,0.,0.,0.,0.
388,0.008,0.,0.008,0.013,0.,0.013,0.008,0.,0.008,0.013,0.,0.013,0.009,0.,0.009,0.013,0.,0.013,0.008,0.,0.008,0.,0.,0.,0.,0.,0.,0.,0.,0.,0.,0.,0.,0.,0.,0.,0.,0.,0.
392,0.01,0.,0.01,0.013,0.,0.013,0.01,0.,0.01,0.013,0.,0.013,0.009,0.,0.009,0.015,0.,0.015,0.008,0.,0.008,0.,0.,0.,0.,0.,0.,0.,0.,0.,0.,0.,0.,0.,0.,0.,0.,0.,0.
396,0.008,0.,0.008,0.017,0.,0.017,0.009,0.,0.009,0.017,0.,0.017,0.008,0.,0.008,0.015,0.,0.015,0.009,0.,0.009,0.,0.,0.,0.,0.,0.,0.,0.,0.,0.,0.,0.,0.,0.,0.,0.,0.,0.
400,0.008,0.,0.008,0.014,0.,0.014,0.009,0.,0.009,0.014,0.,0.014,0.009,0.,0.009,0.015,0.,0.015,0.009,0.,0.009,0.,0.,0.,0.,0.,0.,0.,0.,0.,0.,0.,0.,0.,0.,0.,0.,0.,0.
404,0.009,0.,0.009,0.014,0.,0.014,0.009,0.,0.009,0.015,0.,0.015,0.009,0.,0.009,0.014,0.,0.014,0.009,0.,0.009,0.,0.,0.,0.,0.,0.,0.,0.,0.,0.,0.,0.,0.,0.,0.,0.,0.,0.
408,0.009,0.,0.009,0.015,0.,0.015,0.01,0.,0.01,0.014,0.,0.014,0.009,0.,0.009,0.014,0.,0.014,0.009,0.,0.009,0.,0.,0.,0.002,0.,0.002,0.,0.,0.,0.,0.,0.,0.,0.,0.,0.,0.,0.
412,0.01,0.,0.01,0.014,0.,0.014,0.009,0.,0.009,0.015,0.,0.015,0.01,0.,0.01,0.014,0.,0.014,0.009,0.,0.009,0.,0.,0.,0.,0.,0.,0.,0.,0.,0.,0.,0.,0.,0.,0.,0.,0.,0.
416,0.009,0.,0.009,0.016,0.,0.016,0.009,0.,0.009,0.015,0.,0.015,0.01,0.,0.01,0.015,0.,0.015,0.01,0.,0.01,0.,0.,0.,0.,0.,0.,0.,0.,0.,0.,0.,0.,0.,0.,0.,0.,0.,0.
420,0.009,0.,0.009,0.017,0.,0.017,0.011,0.,0.011,0.021,0.,0.021,0.009,0.,0.009,0.019,0.,0.019,0.01,0.,0.01,0.,0.,0.,0.,0.,0.,0.,0.,0.,0.,0.,0.,0.,0.,0.,0.,0.,0.
424,0.01,0.,0.01,0.021,0.,0.021,0.01,0.,0.01,0.015,0.,0.015,0.01,0.,0.01,0.015,0.,0.015,0.01,0.,0.01,0.,0.,0.,0.,0.,0.,0.,0.,0.,0.,0.,0.,0.,0.,0.,0.,0.,0.
428,0.009,0.,0.009,0.015,0.,0.015,0.012,0.,0.012,0.015,0.,0.015,0.012,0.,0.012,0.016,0.,0.016,0.01,0.,0.01,0.,0.,0.,0.,0.,0.,0.,0.,0.,0.,0.,0.,0.,0.,0.,0.,0.,0.
432,0.01,0.,0.01,0.016,0.,0.016,0.01,0.,0.01,0.02,0.003,0.016,0.012,0.,0.012,0.016,0.,0.016,0.01,0.,0.01,0.,0.,0.,0.,0.,0.,0.,0.,0.,0.,0.,0.,0.,0.,0.,0.,0.,0.
436,0.01,0.,0.01,0.018,0.,0.018,0.01,0.,0.01,0.016,0.,0.016,0.011,0.,0.011,0.018,0.,0.018,0.01,0.,0.01,0.,0.,0.,0.,0.,0.,0.,0.,0.,0.,0.,0.,0.,0.,0.,0.,0.,0.
440,0.011,0.,0.011,0.018,0.,0.018,0.01,0.,0.01,0.017,0.,0.017,0.01,0.,0.01,0.017,0.,0.017,0.01,0.,0.01,0.,0.,0.,0.,0.,0.,0.,0.,0.,0.,0.,0.,0.,0.,0.,0.,0.,0.
444,0.01,0.,0.01,0.016,0.,0.016,0.011,0.,0.011,0.017,0.,0.017,0.011,0.003,0.007,0.019,0.,0.019,0.01,0.,0.01,0.,0.,0.,0.,0.,0.,0.,0.,0.,0.,0.,0.,0.,0.,0.,0.,0.,0.
448,0.011,0.,0.011,0.017,0.,0.017,0.01,0.,0.01,0.016,0.,0.016,0.01,0.,0.01,0.018,0.,0.018,0.011,0.003,0.007,0.002,0.,0.002,0.,0.,0.,0.,0.,0.,0.,0.,0.,0.,0.,0.,0.,0.,0.
452,0.017,0.,0.017,0.016,0.,0.016,0.011,0.,0.011,0.017,0.,0.017,0.021,0.,0.021,0.017,0.,0.017,0.011,0.,0.011,0.,0.,0.,0.,0.,0.,0.,0.,0.,0.,0.,0.,0.,0.,0.,0.,0.,0.
456,0.011,0.,0.011,0.016,0.,0.016,0.012,0.,0.012,0.023,0.,0.023,0.012,0.,0.012,0.022,0.,0.022,0.012,0.,0.012,0.,0.,0.,0.,0.,0.,0.,0.,0.,0.,0.,0.,0.,0.,0.,0.,0.,0.
460,0.013,0.,0.013,0.018,0.,0.018,0.011,0.,0.011,0.018,0.,0.018,0.011,0.,0.011,0.017,0.,0.017,0.012,0.,0.012,0.,0.,0.,0.,0.,0.,0.,0.,0.,0.,0.,0.,0.,0.,0.,0.,0.,0.
464,0.011,0.,0.011,0.017,0.,0.017,0.013,0.,0.013,0.019,0.,0.019,0.012,0.003,0.008,0.019,0.,0.019,0.011,0.,0.011,0.,0.,0.,0.,0.,0.,0.,0.,0.,0.,0.,0.,0.,0.,0.,0.,0.,0.
468,0.011,0.,0.011,0.019,0.,0.019,0.015,0.,0.015,0.018,0.,0.018,0.011,0.,0.011,0.018,0.,0.018,0.011,0.,0.011,0.,0.,0.,0.,0.,0.,0.,0.,0.,0.,0.,0.,0.,0.,0.,0.,0.,0.
472,0.011,0.,0.011,0.018,0.,0.018,0.013,0.,0.013,0.018,0.,0.018,0.013,0.,0.013,0.018,0.,0.018,0.013,0.,0.013,0.,0.,0.,0.,0.,0.,0.,0.,0.,0.,0.,0.,0.,0.,0.,0.,0.,0.
476,0.011,0.,0.011,0.018,0.,0.018,0.011,0.,0.011,0.018,0.,0.018,0.013,0.,0.013,0.019,0.,0.019,0.018,0.,0.018,0.,0.,0.,0.,0.,0.,0.,0.,0.,0.,0.,0.,0.,0.,0.,0.,0.,0.
480,0.013,0.,0.013,0.02,0.,0.02,0.013,0.,0.013,0.019,0.,0.019,0.012,0.,0.012,0.018,0.,0.018,0.012,0.,0.012,0.,0.,0.,0.,0.,0.,0.,0.,0.,0.,0.,0.,0.,0.,0.,0.,0.,0.
484,0.012,0.,0.012,0.02,0.,0.02,0.012,0.,0.012,0.022,0.,0.022,0.013,0.,0.013,0.024,0.,0.024,0.013,0.,0.013,0.,0.,0.,0.,0.,0.,0.,0.,0.,0.,0.,0.,0.,0.,0.,0.,0.,0.
488,0.012,0.,0.012,0.019,0.,0.019,0.014,0.,0.014,0.021,0.,0.021,0.013,0.,0.013,0.022,0.,0.022,0.015,0.,0.015,0.,0.,0.,0.,0.,0.,0.,0.,0.,0.,0.,0.,0.,0.,0.,0.,0.,0.
492,0.012,0.,0.012,0.019,0.,0.019,0.012,0.,0.012,0.019,0.,0.019,0.014,0.,0.014,0.02,0.,0.02,0.013,0.,0.013,0.,0.,0.,0.,0.,0.,0.,0.,0.,0.,0.,0.,0.,0.,0.,0.,0.,0.
496,0.013,0.,0.013,0.019,0.,0.019,0.012,0.,0.012,0.019,0.,0.019,0.017,0.,0.017,0.019,0.,0.019,0.015,0.,0.015,0.,0.,0.,0.,0.,0.,0.,0.,0.,0.,0.,0.,0.,0.,0.,0.,0.,0.
500,0.013,0.,0.013,0.021,0.,0.021,0.013,0.,0.013,0.02,0.,0.02,0.012,0.,0.012,0.02,0.,0.02,0.014,0.,0.014,0.,0.,0.,0.,0.,0.,0.,0.,0.,0.,0.,0.,0.,0.,0.,0.,0.,0.
504,0.015,0.003,0.011,0.021,0.,0.021,0.013,0.,0.012,0.02,0.,0.02,0.014,0.,0.014,0.02,0.,0.02,0.013,0.003,0.009,0.,0.,0.,0.,0.,0.,0.,0.,0.,0.,0.,0.,0.,0.,0.,0.,0.,0.
508,0.014,0.,0.014,0.023,0.002,0.021,0.015,0.,0.015,0.022,0.,0.022,0.013,0.,0.013,0.025,0.,0.025,0.016,0.,0.016,0.,0.,0.,0.,0.,0.,0.,0.,0.,0.001,0.001,0.,0.,0.,0.,0.,0.,0.
512,0.015,0.,0.015,0.022,0.,0.022,0.015,0.,0.015,0.021,0.,0.021,0.013,0.,0.013,0.022,0.,0.022,0.013,0.,0.013,0.,0.,0.,0.,0.,0.,0.,0.,0.,0.,0.,0.,0.,0.,0.,0.,0.,0.
516,0.016,0.,0.016,0.024,0.,0.024,0.014,0.,0.014,0.022,0.,0.022,0.016,0.,0.016,0.023,0.,0.023,0.013,0.,0.013,0.,0.,0.,0.,0.,0.,0.,0.,0.,0.,0.,0.,0.,0.,0.,0.,0.,0.
520,0.014,0.,0.014,0.021,0.,0.021,0.013,0.,0.013,0.022,0.,0.022,0.014,0.,0.014,0.022,0.,0.022,0.013,0.,0.013,0.,0.,0.,0.,0.,0.,0.,0.,0.,0.,0.,0.,0.,0.,0.,0.,0.,0.
524,0.013,0.,0.013,0.021,0.,0.021,0.014,0.,0.014,0.021,0.,0.021,0.014,0.,0.014,0.022,0.,0.022,0.014,0.,0.014,0.,0.,0.,0.,0.,0.,0.,0.,0.,0.,0.,0.,0.,0.,0.,0.,0.,0.
528,0.013,0.,0.013,0.021,0.,0.021,0.014,0.,0.014,0.022,0.,0.022,0.014,0.,0.014,0.023,0.,0.023,0.014,0.,0.014,0.,0.,0.,0.,0.,0.,0.,0.,0.,0.,0.,0.,0.,0.,0.,0.,0.,0.
532,0.014,0.,0.014,0.022,0.,0.022,0.014,0.,0.014,0.031,0.,0.031,0.016,0.,0.016,0.028,0.,0.028,0.019,0.,0.019,0.,0.,0.,0.,0.,0.,0.,0.,0.,0.,0.,0.,0.,0.,0.,0.,0.,0.
536,0.014,0.,0.014,0.022,0.,0.022,0.014,0.,0.014,0.022,0.,0.022,0.015,0.,0.015,0.022,0.,0.022,0.014,0.,0.014,0.,0.,0.,0.,0.,0.,0.,0.,0.,0.,0.,0.,0.,0.,0.,0.,0.,0.
540,0.014,0.,0.014,0.024,0.,0.024,0.016,0.,0.016,0.023,0.,0.023,0.015,0.,0.015,0.022,0.,0.022,0.015,0.,0.015,0.,0.,0.,0.,0.,0.,0.,0.,0.,0.,0.,0.,0.,0.,0.,0.,0.,0.
544,0.014,0.,0.014,0.022,0.,0.022,0.016,0.,0.016,0.022,0.,0.022,0.014,0.,0.014,0.023,0.,0.023,0.016,0.,0.016,0.,0.,0.,0.,0.,0.,0.,0.,0.,0.,0.,0.,0.,0.,0.,0.,0.,0.
548,0.014,0.,0.014,0.023,0.,0.023,0.016,0.,0.016,0.023,0.,0.023,0.014,0.,0.014,0.023,0.,0.023,0.014,0.,0.014,0.,0.,0.,0.,0.,0.,0.,0.,0.,0.,0.,0.,0.,0.,0.,0.,0.,0.
552,0.017,0.,0.017,0.023,0.,0.023,0.015,0.,0.015,0.024,0.,0.024,0.015,0.,0.015,0.024,0.,0.024,0.015,0.,0.015,0.,0.,0.,0.,0.,0.,0.,0.,0.,0.,0.,0.,0.,0.,0.,0.,0.,0.
556,0.016,0.,0.016,0.023,0.,0.023,0.015,0.,0.015,0.024,0.,0.023,0.015,0.,0.015,0.027,0.,0.027,0.016,0.,0.016,0.,0.,0.,0.,0.,0.,0.,0.,0.,0.,0.,0.,0.,0.,0.,0.,0.,0.
560,0.015,0.,0.015,0.024,0.,0.024,0.015,0.,0.015,0.024,0.,0.024,0.015,0.,0.015,0.025,0.,0.025,0.016,0.,0.016,0.,0.,0.,0.,0.,0.,0.,0.,0.,0.,0.,0.,0.,0.,0.,0.,0.,0.
564,0.015,0.,0.015,0.025,0.,0.025,0.015,0.,0.015,0.025,0.,0.025,0.016,0.,0.016,0.024,0.,0.024,0.015,0.,0.015,0.,0.,0.,0.,0.,0.,0.,0.,0.,0.,0.,0.,0.,0.,0.,0.,0.,0.
568,0.016,0.,0.016,0.029,0.,0.029,0.017,0.,0.017,0.024,0.,0.024,0.016,0.,0.016,0.024,0.,0.024,0.018,0.,0.018,0.,0.,0.,0.,0.,0.,0.,0.,0.,0.,0.,0.,0.,0.,0.,0.,0.,0.
572,0.019,0.,0.019,0.025,0.,0.025,0.016,0.,0.016,0.032,0.,0.032,0.016,0.,0.016,0.028,0.,0.028,0.025,0.,0.025,0.,0.,0.,0.,0.,0.,0.,0.,0.,0.,0.,0.,0.,0.,0.,0.,0.,0.
576,0.017,0.,0.017,0.025,0.,0.025,0.016,0.,0.016,0.026,0.,0.026,0.017,0.,0.017,0.026,0.,0.026,0.017,0.,0.017,0.,0.,0.,0.,0.,0.,0.,0.,0.,0.,0.,0.,0.,0.,0.,0.,0.,0.
580,0.016,0.,0.016,0.027,0.,0.027,0.017,0.,0.017,0.025,0.,0.025,0.016,0.,0.016,0.025,0.,0.025,0.016,0.,0.016,0.,0.,0.,0.,0.,0.,0.,0.,0.,0.,0.,0.,0.,0.,0.,0.,0.,0.
584,0.017,0.,0.017,0.025,0.,0.025,0.016,0.,0.016,0.026,0.,0.026,0.016,0.,0.016,0.026,0.,0.026,0.018,0.,0.018,0.,0.,0.,0.,0.,0.,0.,0.,0.,0.,0.,0.,0.,0.,0.,0.,0.,0.
588,0.018,0.,0.018,0.026,0.,0.026,0.018,0.,0.018,0.028,0.003,0.024,0.017,0.,0.017,0.027,0.,0.027,0.017,0.,0.017,0.,0.,0.,0.,0.,0.,0.,0.,0.,0.,0.,0.,0.,0.,0.,0.,0.,0.
592,0.017,0.,0.017,0.029,0.,0.029,0.017,0.,0.017,0.027,0.,0.027,0.016,0.,0.016,0.029,0.,0.029,0.017,0.,0.017,0.,0.,0.,0.,0.,0.,0.,0.,0.,0.,0.,0.,0.,0.,0.,0.,0.,0.
596,0.018,0.,0.018,0.032,0.,0.032,0.017,0.,0.017,0.027,0.,0.027,0.019,0.,0.019,0.027,0.,0.027,0.027,0.,0.027,0.001,0.,0.001,0.,0.,0.,0.,0.,0.,0.,0.,0.,0.,0.,0.,0.,0.,0.
600,0.017,0.,0.017,0.027,0.,0.027,0.017,0.,0.017,0.032,0.,0.032,0.018,0.,0.018,0.027,0.,0.027,0.018,0.,0.018,0.,0.,0.,0.,0.,0.,0.,0.,0.,0.,0.,0.,0.,0.,0.,0.,0.,0.
604,0.019,0.,0.019,0.029,0.,0.029,0.017,0.,0.017,0.027,0.,0.027,0.018,0.,0.018,0.029,0.,0.029,0.018,0.,0.018,0.,0.,0.,0.,0.,0.,0.,0.,0.,0.,0.,0.,0.,0.,0.,0.,0.,0.
608,0.018,0.,0.018,0.028,0.,0.028,0.018,0.,0.018,0.028,0.,0.028,0.019,0.,0.019,0.027,0.,0.027,0.018,0.,0.018,0.,0.,0.,0.,0.,0.,0.,0.,0.,0.,0.,0.,0.,0.,0.,0.,0.,0.
612,0.018,0.,0.018,0.031,0.,0.031,0.018,0.,0.018,0.03,0.,0.03,0.018,0.,0.018,0.029,0.,0.029,0.019,0.,0.019,0.,0.,0.,0.,0.,0.,0.,0.,0.,0.,0.,0.,0.,0.,0.,0.,0.,0.
616,0.018,0.,0.018,0.029,0.,0.029,0.018,0.,0.018,0.028,0.,0.028,0.019,0.,0.019,0.028,0.,0.028,0.019,0.,0.019,0.,0.,0.,0.,0.,0.,0.,0.,0.,0.,0.,0.,0.,0.,0.,0.,0.,0.
620,0.019,0.,0.019,0.028,0.,0.028,0.018,0.,0.018,0.028,0.,0.028,0.018,0.,0.018,0.029,0.,0.029,0.019,0.,0.019,0.,0.,0.,0.,0.,0.,0.,0.,0.,0.,0.,0.,0.,0.,0.,0.,0.,0.
624,0.018,0.,0.018,0.032,0.,0.032,0.019,0.,0.019,0.029,0.,0.029,0.019,0.003,0.015,0.04,0.,0.04,0.019,0.,0.019,0.,0.,0.,0.,0.,0.,0.,0.,0.,0.,0.,0.,0.,0.,0.,0.,0.,0.
628,0.019,0.,0.019,0.038,0.,0.038,0.019,0.,0.019,0.03,0.,0.03,0.023,0.,0.023,0.031,0.,0.031,0.021,0.,0.021,0.,0.,0.,0.,0.,0.,0.,0.,0.,0.,0.,0.,0.,0.,0.,0.,0.,0.
632,0.02,0.,0.02,0.032,0.,0.032,0.019,0.,0.019,0.029,0.,0.029,0.019,0.,0.019,0.031,0.,0.031,0.019,0.,0.019,0.,0.,0.,0.,0.,0.,0.,0.,0.,0.,0.,0.,0.,0.,0.,0.,0.,0.
636,0.019,0.,0.019,0.031,0.,0.031,0.019,0.003,0.015,0.03,0.,0.03,0.02,0.,0.02,0.03,0.,0.03,0.019,0.,0.019,0.,0.,0.,0.,0.,0.,0.,0.,0.,0.,0.,0.,0.,0.,0.,0.,0.,0.
640,0.019,0.,0.019,0.032,0.,0.032,0.019,0.,0.019,0.033,0.,0.033,0.02,0.,0.02,0.032,0.,0.032,0.02,0.,0.02,0.,0.,0.,0.,0.,0.,0.,0.,0.,0.,0.,0.,0.,0.,0.,0.,0.,0.
644,0.021,0.,0.021,0.031,0.,0.031,0.019,0.,0.019,0.033,0.,0.033,0.019,0.,0.019,0.038,0.,0.038,0.021,0.,0.021,0.,0.,0.,0.,0.,0.,0.,0.,0.,0.001,0.,0.001,0.,0.,0.,0.,0.,0.
648,0.021,0.,0.021,0.031,0.,0.031,0.02,0.,0.02,0.033,0.,0.033,0.019,0.,0.019,0.032,0.,0.032,0.021,0.,0.021,0.,0.,0.,0.,0.,0.,0.,0.,0.,0.,0.,0.,0.,0.,0.,0.,0.,0.
652,0.02,0.,0.02,0.033,0.,0.033,0.021,0.,0.021,0.031,0.,0.031,0.02,0.,0.02,0.034,0.,0.034,0.02,0.,0.02,0.,0.,0.,0.,0.,0.,0.,0.,0.,0.,0.,0.,0.,0.,0.,0.,0.,0.
656,0.02,0.,0.02,0.033,0.,0.033,0.022,0.,0.022,0.032,0.,0.032,0.022,0.,0.022,0.033,0.,0.033,0.02,0.,0.02,0.,0.,0.,0.,0.,0.,0.,0.,0.,0.,0.,0.,0.,0.,0.,0.,0.,0.
660,0.02,0.,0.02,0.032,0.,0.032,0.021,0.,0.021,0.033,0.,0.033,0.022,0.,0.022,0.034,0.,0.034,0.023,0.,0.023,0.,0.,0.,0.,0.,0.,0.,0.,0.,0.,0.,0.,0.,0.,0.,0.,0.,0.
664,0.022,0.,0.022,0.034,0.,0.034,0.021,0.,0.021,0.033,0.,0.033,0.021,0.,0.021,0.032,0.,0.032,0.021,0.,0.021,0.,0.,0.,0.,0.,0.,0.,0.,0.,0.,0.,0.,0.,0.,0.,0.,0.,0.
668,0.021,0.,0.021,0.032,0.,0.032,0.02,0.,0.02,0.032,0.,0.032,0.021,0.,0.021,0.033,0.,0.033,0.022,0.,0.022,0.,0.,0.,0.,0.,0.,0.,0.,0.,0.,0.,0.,0.,0.,0.,0.,0.,0.
672,0.021,0.,0.021,0.035,0.,0.035,0.021,0.,0.021,0.034,0.,0.034,0.021,0.,0.021,0.032,0.,0.032,0.021,0.,0.021,0.,0.,0.,0.,0.,0.,0.,0.,0.,0.,0.,0.,0.,0.,0.,0.,0.,0.
676,0.022,0.,0.022,0.033,0.,0.033,0.022,0.,0.022,0.034,0.,0.034,0.022,0.,0.022,0.033,0.,0.033,0.026,0.,0.026,0.,0.,0.,0.,0.,0.,0.,0.,0.,0.,0.,0.,0.,0.,0.,0.,0.,0.
680,0.023,0.,0.023,0.034,0.,0.034,0.021,0.,0.021,0.034,0.,0.034,0.022,0.,0.022,0.034,0.,0.034,0.022,0.,0.022,0.,0.,0.,0.,0.,0.,0.,0.,0.,0.,0.,0.,0.,0.,0.,0.,0.,0.
684,0.021,0.,0.021,0.038,0.,0.038,0.021,0.,0.021,0.034,0.,0.034,0.022,0.,0.022,0.034,0.,0.034,0.022,0.,0.022,0.,0.,0.,0.,0.,0.,0.,0.,0.,0.,0.,0.,0.,0.,0.,0.,0.,0.
688,0.025,0.,0.025,0.036,0.,0.036,0.022,0.,0.022,0.039,0.,0.039,0.024,0.,0.024,0.035,0.,0.035,0.023,0.,0.023,0.,0.,0.,0.,0.,0.,0.,0.,0.,0.,0.,0.,0.,0.,0.,0.,0.,0.
692,0.022,0.,0.022,0.035,0.,0.035,0.021,0.,0.021,0.036,0.,0.036,0.024,0.,0.024,0.037,0.,0.037,0.024,0.,0.024,0.,0.,0.,0.,0.,0.,0.,0.,0.,0.,0.,0.,0.,0.,0.,0.,0.,0.
696,0.024,0.,0.024,0.035,0.,0.035,0.023,0.,0.023,0.036,0.,0.036,0.023,0.,0.023,0.035,0.,0.035,0.023,0.,0.023,0.,0.,0.,0.,0.,0.,0.,0.,0.,0.,0.,0.,0.,0.,0.,0.001,0.,0.001
700,0.023,0.,0.023,0.037,0.,0.037,0.023,0.,0.023,0.039,0.,0.039,0.023,0.,0.023,0.036,0.,0.036,0.022,0.,0.022,0.,0.,0.,0.,0.,0.,0.,0.,0.,0.,0.,0.,0.,0.,0.,0.,0.,0.
704,0.022,0.,0.022,0.038,0.,0.038,0.024,0.,0.024,0.039,0.,0.039,0.023,0.,0.023,0.037,0.,0.037,0.024,0.,0.024,0.,0.,0.,0.,0.,0.,0.,0.,0.,0.,0.,0.,0.,0.,0.,0.,0.,0.
708,0.023,0.,0.023,0.036,0.,0.036,0.024,0.,0.024,0.037,0.,0.037,0.03,0.,0.03,0.037,0.,0.037,0.022,0.,0.022,0.,0.,0.,0.,0.,0.,0.,0.,0.,0.,0.,0.,0.,0.,0.,0.,0.,0.
712,0.023,0.,0.023,0.037,0.,0.037,0.023,0.,0.023,0.04,0.,0.04,0.024,0.,0.024,0.037,0.,0.037,0.025,0.,0.025,0.,0.,0.,0.,0.,0.,0.,0.,0.,0.,0.,0.,0.,0.,0.,0.,0.,0.
716,0.023,0.,0.023,0.039,0.,0.039,0.023,0.,0.023,0.038,0.,0.038,0.023,0.,0.023,0.036,0.,0.036,0.023,0.,0.023,0.,0.,0.,0.,0.,0.,0.,0.,0.,0.,0.,0.,0.,0.,0.,0.,0.,0.
720,0.024,0.,0.024,0.04,0.,0.04,0.023,0.,0.023,0.038,0.,0.038,0.025,0.,0.025,0.046,0.,0.046,0.024,0.,0.024,0.,0.,0.,0.,0.,0.,0.,0.,0.,0.,0.,0.,0.,0.,0.,0.,0.,0.
724,0.023,0.,0.023,0.04,0.,0.04,0.027,0.,0.027,0.043,0.,0.043,0.024,0.,0.024,0.039,0.,0.039,0.026,0.,0.026,0.,0.,0.,0.,0.,0.,0.,0.,0.,0.,0.,0.,0.,0.,0.,0.,0.,0.
728,0.025,0.,0.025,0.038,0.,0.038,0.032,0.,0.032,0.04,0.,0.04,0.024,0.,0.024,0.04,0.,0.04,0.024,0.,0.024,0.,0.,0.,0.,0.,0.,0.,0.,0.,0.,0.,0.,0.,0.,0.,0.,0.,0.
732,0.024,0.,0.024,0.04,0.,0.04,0.029,0.,0.029,0.044,0.,0.044,0.025,0.,0.025,0.039,0.,0.039,0.024,0.,0.024,0.,0.,0.,0.001,0.,0.,0.,0.,0.,0.,0.,0.,0.,0.,0.,0.,0.,0.
736,0.025,0.,0.024,0.04,0.,0.04,0.025,0.,0.025,0.045,0.,0.045,0.027,0.,0.027,0.04,0.,0.04,0.027,0.,0.027,0.,0.,0.,0.,0.,0.,0.,0.,0.,0.,0.,0.,0.,0.,0.,0.,0.,0.
740,0.028,0.,0.028,0.044,0.,0.044,0.029,0.,0.029,0.042,0.,0.042,0.026,0.,0.026,0.041,0.,0.041,0.026,0.,0.026,0.,0.,0.,0.,0.,0.,0.,0.,0.,0.,0.,0.,0.,0.,0.,0.,0.,0.
744,0.025,0.,0.025,0.041,0.,0.041,0.026,0.,0.026,0.044,0.,0.044,0.027,0.,0.027,0.045,0.,0.045,0.025,0.,0.025,0.,0.,0.,0.,0.,0.,0.,0.,0.,0.,0.,0.,0.,0.,0.,0.,0.,0.
748,0.026,0.,0.026,0.042,0.,0.042,0.028,0.,0.028,0.047,0.,0.046,0.029,0.,0.029,0.041,0.,0.041,0.027,0.,0.027,0.,0.,0.,0.,0.,0.,0.,0.,0.,0.,0.,0.,0.,0.,0.,0.,0.,0.
752,0.026,0.,0.026,0.042,0.,0.042,0.026,0.,0.026,0.046,0.,0.046,0.028,0.,0.028,0.042,0.,0.042,0.028,0.,0.028,0.001,0.,0.001,0.,0.,0.,0.001,0.,0.001,0.,0.,0.,0.,0.,0.,0.,0.,0.
756,0.029,0.,0.029,0.044,0.,0.044,0.029,0.,0.029,0.044,0.,0.044,0.031,0.,0.031,0.043,0.,0.043,0.027,0.,0.027,0.,0.,0.,0.,0.,0.,0.,0.,0.,0.,0.,0.,0.,0.,0.,0.,0.,0.
760,0.027,0.,0.027,0.042,0.,0.042,0.029,0.,0.029,0.045,0.,0.045,0.028,0.,0.028,0.041,0.,0.041,0.026,0.,0.026,0.,0.,0.,0.,0.,0.,0.,0.,0.,0.,0.,0.,0.,0.,0.,0.,0.,0.
764,0.027,0.,0.027,0.043,0.,0.043,0.031,0.003,0.027,0.045,0.,0.045,0.027,0.,0.027,0.044,0.,0.044,0.027,0.,0.027,0.,0.,0.,0.,0.,0.,0.,0.,0.,0.,0.,0.,0.,0.,0.,0.,0.,0.
768,0.027,0.,0.027,0.043,0.,0.043,0.028,0.,0.028,0.043,0.,0.043,0.027,0.,0.027,0.044,0.,0.044,0.027,0.,0.027,0.001,0.,0.001,0.,0.,0.,0.,0.,0.,0.,0.,0.,0.,0.,0.,0.,0.,0.
772,0.027,0.,0.027,0.043,0.,0.043,0.029,0.,0.029,0.047,0.,0.047,0.027,0.,0.027,0.045,0.,0.045,0.028,0.,0.028,0.,0.,0.,0.,0.,0.,0.,0.,0.,0.,0.,0.,0.,0.,0.,0.,0.,0.
776,0.029,0.,0.029,0.044,0.,0.044,0.028,0.,0.028,0.047,0.,0.047,0.028,0.,0.028,0.044,0.,0.044,0.029,0.,0.029,0.,0.,0.,0.,0.,0.,0.,0.,0.,0.,0.,0.,0.,0.,0.,0.,0.,0.
780,0.031,0.,0.031,0.053,0.,0.053,0.028,0.,0.028,0.048,0.,0.048,0.029,0.,0.029,0.046,0.,0.046,0.028,0.,0.028,0.,0.,0.,0.,0.,0.,0.,0.,0.,0.,0.,0.,0.,0.,0.,0.,0.,0.
784,0.031,0.,0.031,0.046,0.,0.046,0.03,0.,0.03,0.045,0.,0.045,0.035,0.,0.035,0.047,0.,0.047,0.029,0.,0.029,0.,0.,0.,0.,0.,0.,0.,0.,0.,0.,0.,0.,0.,0.,0.,0.,0.,0.
788,0.03,0.,0.03,0.047,0.,0.047,0.028,0.,0.028,0.046,0.,0.046,0.028,0.,0.028,0.047,0.,0.047,0.032,0.,0.032,0.,0.,0.,0.,0.,0.,0.,0.,0.,0.,0.,0.,0.,0.,0.,0.,0.,0.
792,0.029,0.,0.029,0.047,0.,0.047,0.03,0.,0.03,0.051,0.,0.051,0.029,0.,0.029,0.046,0.,0.046,0.029,0.,0.029,0.,0.,0.,0.,0.,0.,0.,0.,0.,0.,0.,0.,0.,0.,0.,0.,0.,0.
796,0.029,0.,0.029,0.046,0.,0.046,0.031,0.,0.031,0.048,0.,0.048,0.031,0.,0.031,0.046,0.,0.046,0.029,0.,0.029,0.,0.,0.,0.,0.,0.,0.,0.,0.,0.,0.,0.,0.,0.,0.,0.,0.,0.
800,0.03,0.,0.03,0.05,0.,0.05,0.032,0.,0.032,0.049,0.,0.049,0.031,0.,0.031,0.049,0.,0.049,0.03,0.,0.03,0.,0.,0.,0.,0.,0.,0.,0.,0.,0.,0.,0.,0.,0.,0.,0.,0.,0.
804,0.033,0.,0.033,0.054,0.,0.054,0.031,0.,0.031,0.05,0.,0.05,0.03,0.,0.03,0.05,0.,0.05,0.032,0.,0.032,0.,0.,0.,0.,0.,0.,0.,0.,0.,0.,0.,0.,0.,0.,0.,0.,0.,0.
808,0.035,0.,0.035,0.048,0.,0.048,0.033,0.,0.033,0.049,0.,0.049,0.029,0.,0.029,0.05,0.,0.05,0.035,0.,0.035,0.,0.,0.,0.,0.,0.,0.,0.,0.,0.,0.,0.,0.,0.,0.,0.,0.,0.
812,0.031,0.,0.031,0.048,0.,0.048,0.031,0.,0.031,0.05,0.,0.05,0.036,0.,0.036,0.047,0.,0.047,0.03,0.,0.03,0.,0.,0.,0.,0.,0.,0.,0.,0.,0.,0.,0.,0.,0.,0.,0.,0.,0.
816,0.032,0.,0.032,0.052,0.,0.052,0.032,0.,0.032,0.05,0.,0.05,0.03,0.,0.03,0.052,0.,0.052,0.031,0.,0.031,0.,0.,0.,0.,0.,0.,0.,0.,0.,0.,0.,0.,0.,0.,0.,0.,0.,0.
820,0.03,0.,0.03,0.049,0.,0.049,0.032,0.,0.032,0.05,0.,0.05,0.031,0.,0.031,0.05,0.,0.05,0.03,0.,0.03,0.,0.,0.,0.,0.,0.,0.,0.,0.,0.,0.,0.,0.,0.,0.,0.,0.,0.
824,0.031,0.,0.031,0.054,0.,0.054,0.035,0.,0.035,0.057,0.,0.057,0.03,0.,0.03,0.05,0.,0.05,0.031,0.,0.031,0.,0.,0.,0.,0.,0.,0.002,0.,0.002,0.,0.,0.,0.,0.,0.,0.,0.,0.
828,0.038,0.,0.038,0.052,0.,0.052,0.033,0.,0.033,0.051,0.,0.051,0.034,0.,0.034,0.053,0.,0.053,0.035,0.,0.035,0.,0.,0.,0.,0.,0.,0.,0.,0.,0.,0.,0.,0.,0.,0.,0.,0.,0.
832,0.035,0.,0.035,0.053,0.,0.053,0.033,0.,0.033,0.056,0.,0.056,0.032,0.,0.032,0.055,0.,0.055,0.032,0.,0.032,0.,0.,0.,0.,0.,0.,0.,0.,0.,0.,0.,0.,0.,0.,0.,0.,0.,0.
836,0.033,0.,0.033,0.05,0.,0.05,0.031,0.,0.031,0.05,0.,0.05,0.032,0.,0.032,0.053,0.,0.053,0.033,0.,0.033,0.,0.,0.,0.,0.,0.,0.,0.,0.,0.,0.,0.,0.,0.,0.,0.,0.,0.
840,0.034,0.,0.034,0.055,0.,0.055,0.053,0.,0.053,0.053,0.,0.053,0.038,0.,0.038,0.06,0.,0.06,0.034,0.,0.034,0.001,0.,0.001,0.,0.,0.,0.,0.,0.,0.,0.,0.,0.,0.,0.,0.,0.,0.
844,0.033,0.,0.033,0.053,0.,0.053,0.033,0.,0.033,0.054,0.,0.054,0.033,0.,0.033,0.051,0.,0.051,0.035,0.,0.035,0.,0.,0.,0.,0.,0.,0.,0.,0.,0.,0.,0.,0.,0.,0.,0.,0.,0.
848,0.035,0.,0.035,0.058,0.,0.058,0.039,0.,0.039,0.054,0.,0.054,0.035,0.,0.035,0.055,0.,0.055,0.04,0.,0.04,0.,0.,0.,0.,0.,0.,0.,0.,0.,0.,0.,0.,0.,0.,0.,0.,0.,0.
852,0.033,0.,0.033,0.053,0.,0.053,0.035,0.,0.035,0.055,0.,0.055,0.038,0.,0.038,0.053,0.,0.053,0.033,0.,0.033,0.,0.,0.,0.,0.,0.,0.,0.,0.,0.,0.,0.,0.,0.,0.,0.,0.,0.
856,0.035,0.,0.035,0.056,0.,0.056,0.035,0.,0.035,0.056,0.,0.056,0.036,0.,0.036,0.06,0.,0.06,0.035,0.,0.035,0.,0.,0.,0.,0.,0.,0.,0.,0.,0.,0.,0.,0.001,0.,0.001,0.,0.,0.
860,0.035,0.,0.035,0.055,0.,0.055,0.034,0.,0.034,0.054,0.,0.054,0.034,0.,0.034,0.056,0.,0.056,0.033,0.,0.033,0.,0.,0.,0.,0.,0.,0.,0.,0.,0.,0.,0.,0.,0.,0.,0.,0.,0.
864,0.036,0.,0.036,0.056,0.,0.056,0.034,0.,0.034,0.058,0.,0.058,0.036,0.,0.036,0.058,0.,0.058,0.036,0.,0.036,0.,0.,0.,0.,0.,0.,0.,0.,0.,0.,0.,0.,0.,0.,0.,0.,0.,0.
868,0.034,0.,0.034,0.062,0.,0.062,0.037,0.,0.037,0.056,0.,0.056,0.035,0.,0.035,0.059,0.,0.059,0.036,0.,0.036,0.,0.,0.,0.,0.,0.,0.,0.,0.,0.,0.,0.,0.,0.,0.,0.,0.,0.
872,0.037,0.,0.037,0.057,0.,0.057,0.038,0.003,0.034,0.055,0.,0.054,0.035,0.,0.035,0.056,0.,0.056,0.035,0.,0.035,0.,0.,0.,0.,0.,0.,0.,0.,0.,0.,0.,0.,0.,0.,0.,0.,0.,0.
876,0.035,0.,0.035,0.058,0.,0.058,0.035,0.,0.035,0.058,0.,0.058,0.036,0.,0.036,0.056,0.,0.056,0.036,0.,0.036,0.,0.,0.,0.,0.,0.,0.,0.,0.,0.,0.,0.,0.,0.,0.,0.,0.,0.
880,0.045,0.,0.045,0.059,0.,0.059,0.036,0.,0.036,0.06,0.,0.06,0.038,0.,0.038,0.057,0.,0.057,0.038,0.,0.038,0.,0.,0.,0.001,0.,0.001,0.,0.,0.,0.,0.,0.,0.,0.,0.,0.,0.,0.
884,0.037,0.,0.037,0.064,0.,0.064,0.04,0.,0.04,0.059,0.,0.059,0.036,0.,0.036,0.058,0.,0.058,0.036,0.,0.036,0.,0.,0.,0.,0.,0.,0.001,0.,0.,0.,0.,0.,0.,0.,0.,0.,0.,0.
888,0.042,0.,0.042,0.06,0.,0.06,0.036,0.,0.036,0.067,0.,0.067,0.044,0.,0.044,0.068,0.,0.068,0.036,0.,0.036,0.001,0.,0.001,0.,0.,0.,0.,0.,0.,0.,0.,0.,0.,0.,0.,0.,0.,0.
892,0.041,0.,0.041,0.062,0.,0.062,0.039,0.,0.039,0.06,0.,0.06,0.044,0.,0.044,0.061,0.,0.061,0.037,0.,0.037,0.001,0.,0.001,0.,0.,0.,0.,0.,0.,0.,0.,0.,0.,0.,0.,0.,0.,0.
896,0.038,0.,0.038,0.058,0.,0.058,0.038,0.,0.038,0.061,0.,0.061,0.036,0.,0.036,0.058,0.,0.058,0.039,0.,0.039,0.001,0.,0.001,0.,0.,0.,0.,0.,0.,0.,0.,0.,0.,0.,0.,0.,0.,0.
900,0.042,0.,0.042,0.06,0.,0.06,0.038,0.,0.038,0.061,0.,0.061,0.037,0.,0.037,0.061,0.,0.061,0.039,0.,0.039,0.,0.,0.,0.,0.,0.,0.,0.,0.,0.,0.,0.,0.,0.,0.,0.,0.,0.
904,0.04,0.,0.04,0.059,0.,0.059,0.038,0.,0.038,0.06,0.,0.06,0.037,0.,0.037,0.063,0.,0.063,0.038,0.,0.038,0.,0.,0.,0.,0.,0.,0.,0.,0.,0.,0.,0.,0.,0.,0.,0.,0.,0.
908,0.041,0.,0.041,0.061,0.,0.061,0.038,0.,0.038,0.062,0.003,0.058,0.037,0.,0.037,0.06,0.,0.06,0.04,0.,0.04,0.001,0.,0.001,0.,0.,0.,0.,0.,0.,0.,0.,0.,0.,0.,0.,0.,0.,0.
912,0.039,0.,0.039,0.062,0.,0.062,0.039,0.,0.039,0.065,0.,0.065,0.038,0.,0.038,0.064,0.,0.064,0.038,0.,0.038,0.,0.,0.,0.,0.,0.,0.,0.,0.,0.,0.,0.,0.,0.,0.,0.001,0.,0.001
916,0.039,0.,0.039,0.063,0.,0.063,0.041,0.,0.041,0.069,0.,0.069,0.039,0.,0.039,0.064,0.,0.064,0.038,0.,0.038,0.001,0.,0.001,0.,0.,0.,0.,0.,0.,0.,0.,0.,0.,0.,0.,0.,0.,0.
920,0.042,0.,0.042,0.068,0.,0.068,0.045,0.,0.045,0.064,0.,0.064,0.041,0.,0.041,0.064,0.,0.064,0.039,0.,0.039,0.001,0.,0.001,0.001,0.,0.001,0.,0.,0.,0.,0.,0.,0.,0.,0.,0.,0.,0.
924,0.041,0.,0.041,0.066,0.,0.066,0.044,0.003,0.04,0.066,0.,0.066,0.04,0.,0.04,0.065,0.,0.065,0.04,0.,0.04,0.001,0.,0.001,0.,0.,0.,0.,0.,0.,0.,0.,0.,0.,0.,0.,0.,0.,0.
928,0.041,0.,0.041,0.063,0.,0.063,0.044,0.,0.044,0.064,0.,0.064,0.042,0.,0.042,0.064,0.,0.064,0.039,0.,0.039,0.001,0.,0.001,0.,0.,0.,0.,0.,0.,0.002,0.,0.002,0.,0.,0.,0.,0.,0.
932,0.046,0.,0.046,0.064,0.,0.064,0.042,0.,0.042,0.065,0.,0.065,0.041,0.,0.041,0.064,0.,0.064,0.051,0.,0.051,0.001,0.,0.001,0.001,0.,0.001,0.,0.,0.,0.,0.,0.,0.,0.,0.,0.,0.,0.
936,0.042,0.,0.042,0.065,0.,0.065,0.043,0.,0.043,0.066,0.,0.066,0.042,0.,0.042,0.071,0.,0.071,0.042,0.,0.042,0.001,0.,0.001,0.001,0.,0.001,0.,0.,0.,0.,0.,0.,0.,0.,0.,0.,0.,0.
940,0.043,0.,0.043,0.073,0.,0.073,0.044,0.,0.043,0.066,0.,0.066,0.044,0.,0.044,0.068,0.,0.068,0.044,0.,0.044,0.001,0.,0.001,0.001,0.,0.001,0.,0.,0.,0.,0.,0.,0.,0.,0.,0.,0.,0.
944,0.045,0.,0.045,0.072,0.,0.072,0.046,0.,0.046,0.066,0.,0.066,0.041,0.,0.041,0.068,0.,0.068,0.04,0.,0.04,0.001,0.,0.001,0.,0.,0.,0.,0.,0.,0.,0.,0.,0.,0.,0.,0.,0.,0.
948,0.047,0.,0.047,0.066,0.,0.066,0.049,0.,0.049,0.069,0.,0.069,0.043,0.,0.043,0.068,0.,0.068,0.044,0.,0.044,0.001,0.,0.001,0.001,0.,0.,0.,0.,0.,0.,0.,0.,0.,0.,0.,0.,0.,0.
952,0.044,0.,0.044,0.079,0.,0.079,0.042,0.,0.042,0.066,0.,0.066,0.048,0.,0.048,0.069,0.,0.069,0.043,0.,0.043,0.001,0.,0.001,0.001,0.,0.001,0.,0.,0.,0.,0.,0.,0.,0.,0.,0.,0.,0.
956,0.05,0.,0.05,0.075,0.,0.075,0.049,0.,0.049,0.069,0.,0.069,0.045,0.,0.045,0.07,0.,0.07,0.043,0.,0.043,0.001,0.,0.001,0.001,0.,0.001,0.,0.,0.,0.,0.,0.,0.,0.,0.,0.,0.,0.
960,0.047,0.,0.047,0.084,0.,0.084,0.047,0.,0.046,0.077,0.,0.077,0.047,0.,0.046,0.071,0.,0.071,0.048,0.,0.048,0.001,0.,0.001,0.001,0.,0.001,0.,0.,0.,0.,0.,0.,0.,0.,0.,0.,0.,0.
964,0.046,0.,0.046,0.074,0.,0.074,0.045,0.,0.045,0.081,0.,0.081,0.051,0.,0.051,0.072,0.,0.072,0.048,0.,0.048,0.001,0.,0.001,0.001,0.,0.001,0.,0.,0.,0.,0.,0.,0.,0.,0.,0.,0.,0.
968,0.047,0.,0.047,0.073,0.,0.073,0.054,0.,0.054,0.076,0.,0.076,0.045,0.,0.045,0.074,0.,0.074,0.047,0.,0.047,0.001,0.,0.001,0.001,0.,0.001,0.,0.,0.,0.002,0.,0.002,0.,0.,0.,0.,0.,0.
972,0.051,0.,0.051,0.075,0.,0.075,0.048,0.,0.048,0.074,0.,0.074,0.049,0.,0.049,0.07,0.,0.07,0.046,0.,0.046,0.001,0.,0.001,0.001,0.,0.001,0.,0.,0.,0.,0.,0.,0.,0.,0.,0.,0.,0.
976,0.055,0.,0.055,0.075,0.,0.075,0.045,0.,0.045,0.07,0.,0.07,0.048,0.,0.048,0.074,0.,0.074,0.049,0.,0.049,0.001,0.,0.001,0.001,0.,0.001,0.,0.,0.,0.,0.,0.,0.,0.,0.,0.,0.,0.
980,0.048,0.,0.048,0.073,0.,0.073,0.047,0.,0.047,0.073,0.,0.073,0.045,0.,0.045,0.082,0.,0.082,0.047,0.,0.047,0.001,0.,0.001,0.,0.,0.,0.,0.,0.,0.,0.,0.,0.,0.,0.,0.,0.,0.
984,0.054,0.,0.054,0.073,0.,0.073,0.052,0.,0.052,0.077,0.,0.077,0.046,0.,0.046,0.076,0.,0.076,0.047,0.,0.047,0.001,0.,0.001,0.001,0.,0.001,0.,0.,0.,0.,0.,0.,0.,0.,0.,0.,0.,0.
988,0.05,0.,0.05,0.076,0.,0.076,0.048,0.,0.048,0.075,0.,0.075,0.058,0.,0.058,0.075,0.,0.075,0.048,0.,0.048,0.001,0.,0.001,0.001,0.,0.001,0.,0.,0.,0.,0.,0.,0.,0.,0.,0.,0.,0.
992,0.049,0.,0.049,0.077,0.,0.077,0.05,0.,0.05,0.076,0.,0.076,0.048,0.,0.048,0.08,0.,0.079,0.048,0.,0.048,0.001,0.,0.001,0.001,0.,0.001,0.,0.,0.,0.,0.,0.,0.,0.,0.,0.,0.,0.
996,0.057,0.,0.057,0.084,0.,0.084,0.049,0.,0.049,0.083,0.,0.082,0.048,0.,0.048,0.076,0.,0.076,0.048,0.,0.048,0.001,0.,0.001,0.001,0.,0.001,0.,0.,0.,0.,0.,0.,0.,0.,0.,0.,0.,0.
1000,0.051,0.,0.051,0.074,0.,0.074,0.048,0.,0.048,0.075,0.,0.075,0.057,0.,0.057,0.076,0.,0.076,0.049,0.,0.049,0.001,0.,0.001,0.001,0.,0.001,0.,0.,0.,0.,0.,0.,0.,0.,0.,0.,0.,0.
1100,0.069,0.,0.069,0.097,0.,0.097,0.073,0.,0.073,0.094,0.,0.094,0.06,0.,0.06,0.098,0.,0.098,0.06,0.,0.06,0.001,0.,0.001,0.001,0.,0.001,0.001,0.,0.001,0.,0.,0.,0.,0.,0.,0.,0.,0.
1200,0.076,0.,0.076,0.112,0.,0.112,0.075,0.,0.075,0.114,0.,0.114,0.073,0.,0.073,0.113,0.,0.112,0.076,0.,0.076,0.001,0.,0.001,0.001,0.,0.001,0.,0.,0.,0.,0.,0.,0.,0.,0.,0.,0.,0.
1300,0.092,0.,0.092,0.134,0.,0.134,0.09,0.,0.09,0.135,0.,0.135,0.087,0.,0.087,0.129,0.,0.129,0.087,0.,0.087,0.001,0.,0.001,0.001,0.,0.001,0.001,0.,0.001,0.,0.,0.,0.,0.,0.,0.,0.,0.
1400,0.107,0.,0.107,0.151,0.,0.151,0.105,0.,0.105,0.15,0.,0.15,0.109,0.,0.108,0.164,0.,0.164,0.104,0.,0.104,0.001,0.,0.001,0.001,0.,0.001,0.,0.,0.,0.,0.,0.,0.,0.,0.,0.,0.,0.
1500,0.121,0.,0.121,0.172,0.,0.172,0.119,0.,0.119,0.174,0.,0.174,0.119,0.,0.119,0.171,0.,0.171,0.116,0.,0.116,0.001,0.,0.001,0.001,0.,0.001,0.001,0.,0.001,0.001,0.,0.001,0.001,0.,0.001,0.,0.,0.
1600,0.133,0.,0.133,0.203,0.,0.203,0.136,0.,0.136,0.197,0.,0.197,0.134,0.,0.134,0.194,0.003,0.19,0.138,0.,0.138,0.001,0.,0.001,0.001,0.,0.001,0.001,0.,0.001,0.,0.,0.,0.003,0.,0.003,0.,0.,0.
1700,0.155,0.008,0.147,0.224,0.,0.224,0.154,0.,0.154,0.218,0.,0.218,0.149,0.,0.149,0.223,0.,0.223,0.155,0.,0.155,0.001,0.,0.001,0.001,0.,0.001,0.001,0.,0.001,0.,0.,0.,0.001,0.,0.001,0.001,0.,0.001
1800,0.179,0.,0.179,0.243,0.,0.243,0.172,0.,0.172,0.258,0.,0.258,0.176,0.,0.176,0.269,0.,0.269,0.171,0.,0.171,0.001,0.,0.001,0.001,0.,0.001,0.001,0.,0.001,0.001,0.,0.001,0.001,0.,0.001,0.001,0.,0.001
1900,0.208,0.,0.208,0.292,0.004,0.288,0.189,0.,0.189,0.273,0.,0.273,0.19,0.,0.19,0.27,0.,0.27,0.191,0.,0.191,0.001,0.,0.001,0.005,0.,0.005,0.001,0.,0.001,0.001,0.,0.001,0.001,0.,0.001,0.001,0.,0.001
2000,0.204,0.,0.204,0.31,0.,0.31,0.211,0.,0.211,0.295,0.,0.295,0.223,0.,0.223,0.307,0.,0.307,0.204,0.,0.203,0.001,0.,0.001,0.001,0.,0.001,0.001,0.,0.001,0.001,0.,0.001,0.001,0.,0.001,0.001,0.,0.001
2100,0.235,0.,0.235,0.326,0.,0.326,0.238,0.,0.238,0.327,0.,0.327,0.23,0.,0.229,0.352,0.,0.352,0.231,0.,0.231,0.001,0.,0.001,0.001,0.,0.001,0.001,0.,0.001,0.001,0.,0.001,0.001,0.,0.001,0.001,0.,0.001
2200,0.26,0.,0.26,0.349,0.,0.349,0.252,0.,0.252,0.364,0.,0.364,0.249,0.,0.249,0.365,0.003,0.361,0.267,0.,0.267,0.001,0.,0.001,0.001,0.,0.001,0.001,0.,0.001,0.001,0.,0.001,0.001,0.,0.001,0.001,0.,0.001
2300,0.273,0.,0.273,0.402,0.,0.402,0.273,0.,0.273,0.389,0.,0.389,0.276,0.,0.275,0.385,0.,0.385,0.276,0.,0.276,0.001,0.,0.001,0.001,0.,0.001,0.001,0.,0.001,0.001,0.,0.001,0.001,0.,0.001,0.001,0.,0.001
2400,0.293,0.,0.293,0.417,0.,0.417,0.286,0.,0.286,0.41,0.,0.41,0.292,0.,0.292,0.415,0.,0.415,0.294,0.,0.294,0.001,0.,0.001,0.001,0.,0.001,0.001,0.,0.001,0.001,0.,0.001,0.001,0.,0.001,0.001,0.,0.001
2500,0.316,0.,0.316,0.443,0.,0.443,0.312,0.,0.312,0.457,0.,0.457,0.316,0.,0.316,0.442,0.,0.442,0.314,0.,0.314,0.001,0.,0.001,0.001,0.,0.001,0.001,0.,0.001,0.001,0.,0.001,0.001,0.,0.001,0.001,0.,0.001
2600,0.337,0.,0.337,0.487,0.,0.487,0.325,0.003,0.321,0.493,0.,0.493,0.326,0.,0.326,0.475,0.,0.475,0.336,0.,0.336,0.001,0.,0.001,0.001,0.,0.001,0.001,0.,0.001,0.001,0.,0.001,0.001,0.,0.001,0.001,0.,0.001
2700,0.358,0.,0.358,0.508,0.003,0.504,0.362,0.,0.362,0.527,0.,0.527,0.36,0.,0.36,0.518,0.,0.518,0.356,0.,0.356,0.001,0.,0.001,0.001,0.,0.001,0.001,0.,0.001,0.001,0.,0.001,0.001,0.,0.001,0.001,0.,0.001
2800,0.385,0.,0.385,0.538,0.,0.538,0.408,0.,0.408,0.545,0.,0.544,0.39,0.,0.39,0.532,0.,0.532,0.387,0.,0.387,0.001,0.,0.001,0.001,0.,0.001,0.001,0.,0.001,0.001,0.,0.001,0.001,0.,0.001,0.001,0.,0.001
2900,0.412,0.,0.412,0.584,0.,0.584,0.417,0.,0.417,0.574,0.,0.574,0.41,0.,0.41,0.581,0.,0.581,0.42,0.,0.42,0.001,0.001,0.,0.001,0.,0.001,0.001,0.001,0.,0.001,0.,0.001,0.001,0.,0.001,0.001,0.,0.001
3000,0.432,0.,0.432,0.621,0.,0.62,0.433,0.,0.433,0.624,0.,0.624,0.439,0.,0.439,0.63,0.,0.63,0.438,0.,0.438,0.001,0.,0.001,0.001,0.,0.001,0.001,0.,0.001,0.001,0.,0.001,0.001,0.,0.001,0.001,0.,0.001
3100,0.459,0.003,0.454,0.668,0.,0.668,0.469,0.003,0.465,0.652,0.,0.652,0.454,0.,0.453,0.669,0.,0.669,0.471,0.,0.471,0.001,0.,0.001,0.001,0.,0.001,0.002,0.,0.002,0.001,0.,0.001,0.001,0.,0.001,0.001,0.,0.001
3200,0.49,0.,0.49,0.735,0.,0.735,0.51,0.,0.51,0.712,0.,0.712,0.494,0.,0.494,0.715,0.,0.715,0.498,0.,0.498,0.002,0.,0.002,0.001,0.,0.001,0.001,0.,0.001,0.001,0.,0.001,0.001,0.,0.001,0.001,0.,0.001
3300,0.524,0.,0.524,0.743,0.,0.743,0.516,0.,0.516,0.737,0.,0.737,0.534,0.,0.534,0.737,0.,0.736,0.505,0.,0.505,0.002,0.,0.002,0.002,0.,0.002,0.001,0.,0.001,0.001,0.,0.001,0.001,0.,0.001,0.001,0.,0.001
3400,0.557,0.,0.557,0.8,0.,0.799,0.556,0.,0.556,0.793,0.,0.792,0.553,0.,0.553,0.793,0.,0.793,0.548,0.,0.548,0.002,0.,0.002,0.002,0.,0.002,0.001,0.,0.001,0.001,0.,0.001,0.001,0.,0.001,0.001,0.,0.001
3500,0.582,0.,0.582,0.817,0.,0.817,0.588,0.,0.588,0.829,0.003,0.825,0.575,0.,0.575,0.827,0.,0.827,0.58,0.,0.58,0.002,0.,0.002,0.002,0.,0.002,0.002,0.,0.002,0.001,0.,0.001,0.002,0.,0.002,0.003,0.,0.003
3600,0.59,0.,0.59,0.863,0.,0.863,0.584,0.,0.584,0.87,0.,0.87,0.572,0.,0.572,0.905,0.,0.904,0.589,0.,0.589,0.002,0.,0.002,0.002,0.,0.002,0.001,0.,0.001,0.001,0.,0.001,0.001,0.,0.001,0.001,0.,0.001
3700,0.648,0.,0.648,0.928,0.,0.928,0.636,0.,0.636,0.953,0.003,0.949,0.627,0.,0.627,0.909,0.,0.909,0.647,0.,0.647,0.002,0.,0.002,0.002,0.,0.002,0.001,0.,0.001,0.001,0.,0.001,0.001,0.,0.001,0.001,0.,0.001
3800,0.658,0.,0.657,0.985,0.,0.985,0.684,0.,0.684,0.979,0.,0.979,0.701,0.,0.701,0.963,0.,0.962,0.679,0.,0.679,0.002,0.,0.002,0.002,0.,0.002,0.002,0.,0.002,0.002,0.,0.002,0.001,0.,0.001,0.001,0.,0.001
3900,0.712,0.,0.712,1.009,0.,1.009,0.7,0.,0.7,1.008,0.,1.008,0.71,0.,0.71,1.009,0.,1.009,0.704,0.,0.704,0.002,0.,0.002,0.002,0.,0.002,0.001,0.,0.001,0.002,0.,0.002,0.001,0.,0.001,0.002,0.,0.002
4000,0.738,0.,0.738,1.051,0.,1.051,0.717,0.,0.717,1.079,0.,1.079,0.747,0.003,0.743,1.046,0.,1.046,0.736,0.,0.736,0.002,0.,0.002,0.002,0.,0.002,0.001,0.,0.001,0.001,0.,0.001,0.002,0.,0.002,0.001,0.,0.001
4100,0.796,0.,0.796,1.134,0.,1.134,0.778,0.,0.777,1.136,0.007,1.128,0.758,0.,0.758,1.1,0.003,1.096,0.757,0.,0.757,0.002,0.,0.002,0.002,0.,0.002,0.002,0.,0.002,0.002,0.,0.002,0.002,0.,0.002,0.003,0.,0.003
4200,0.811,0.,0.811,1.17,0.003,1.165,0.775,0.,0.775,1.184,0.,1.183,0.773,0.003,0.769,1.16,0.,1.16,0.785,0.,0.785,0.002,0.,0.002,0.002,0.,0.002,0.002,0.,0.002,0.002,0.,0.002,0.002,0.,0.002,0.001,0.,0.001
4300,0.824,0.,0.824,1.253,0.008,1.245,0.831,0.,0.831,1.197,0.,1.197,0.828,0.,0.828,1.202,0.,1.202,0.839,0.,0.839,0.002,0.,0.002,0.002,0.,0.002,0.002,0.,0.002,0.002,0.,0.002,0.002,0.,0.002,0.002,0.,0.002
4400,0.857,0.,0.857,1.256,0.,1.256,0.842,0.,0.841,1.27,0.,1.269,0.871,0.,0.871,1.263,0.,1.263,0.875,0.,0.875,0.002,0.,0.002,0.002,0.,0.002,0.002,0.,0.002,0.002,0.,0.002,0.002,0.,0.002,0.002,0.,0.002
4500,0.898,0.,0.897,1.303,0.,1.303,0.897,0.003,0.893,1.365,0.,1.365,0.888,0.004,0.884,1.315,0.,1.314,0.883,0.,0.883,0.002,0.,0.002,0.002,0.,0.002,0.002,0.,0.002,0.002,0.,0.002,0.002,0.,0.002,0.002,0.,0.002
4600,0.931,0.,0.931,1.366,0.,1.366,0.939,0.,0.939,1.395,0.007,1.387,0.921,0.,0.921,1.349,0.,1.349,0.949,0.,0.949,0.002,0.,0.002,0.002,0.,0.002,0.002,0.,0.002,0.002,0.,0.002,0.002,0.,0.002,0.002,0.,0.002
4700,0.974,0.,0.974,1.41,0.,1.409,0.965,0.,0.964,1.428,0.003,1.424,0.962,0.,0.962,1.458,0.,1.457,0.95,0.,0.95,0.002,0.,0.002,0.002,0.,0.002,0.002,0.,0.002,0.002,0.,0.002,0.002,0.,0.002,0.002,0.,0.002
4800,1.003,0.,1.003,1.495,0.,1.495,1.024,0.,1.024,1.482,0.,1.482,1.013,0.,1.013,1.466,0.,1.466,1.004,0.,1.004,0.002,0.,0.002,0.006,0.,0.006,0.002,0.,0.002,0.002,0.,0.002,0.002,0.,0.002,0.002,0.,0.002
4900,1.035,0.,1.035,1.546,0.003,1.542,1.03,0.,1.03,1.509,0.,1.509,1.055,0.003,1.051,1.536,0.,1.536,1.054,0.,1.054,0.002,0.,0.002,0.002,0.,0.002,0.002,0.,0.002,0.002,0.,0.002,0.003,0.,0.003,0.002,0.,0.002
5000,1.084,0.003,1.08,1.628,0.,1.627,1.07,0.,1.07,1.64,0.,1.64,1.112,0.004,1.108,1.666,0.,1.66,1.069,0.004,1.064,0.002,0.,0.002,0.002,0.,0.002,0.003,0.,0.003,0.002,0.,0.002,0.002,0.,0.002,0.002,0.,0.002
5500,1.342,0.,1.341,1.939,0.,1.939,1.314,0.,1.314,1.941,0.004,1.934,1.337,0.,1.337,1.913,0.,1.913,1.3,0.004,1.296,0.003,0.,0.003,0.002,0.,0.002,0.002,0.,0.002,0.002,0.,0.002,0.002,0.,0.002,0.002,0.,0.002
6000,1.551,0.,1.551,2.255,0.,2.255,1.544,0.,1.543,2.304,0.,2.303,1.54,0.,1.54,2.296,0.003,2.289,1.502,0.,1.502,0.003,0.,0.003,0.003,0.,0.003,0.003,0.,0.003,0.002,0.002,0.,0.002,0.,0.002,0.002,0.001,0.001
6500,1.753,0.,1.752,2.646,0.,2.644,1.756,0.,1.756,2.639,0.,2.639,1.738,0.,1.737,2.615,0.,2.613,1.75,0.,1.75,0.003,0.,0.003,0.003,0.,0.003,0.003,0.,0.003,0.003,0.,0.003,0.005,0.,0.005,0.003,0.,0.003
7000,2.055,0.,2.054,3.011,0.,3.011,2.044,0.,2.044,3.089,0.004,3.084,2.,0.,1.999,3.044,0.008,3.032,2.06,0.004,2.056,0.006,0.,0.006,0.003,0.,0.003,0.003,0.,0.003,0.003,0.,0.003,0.003,0.,0.003,0.003,0.,0.003
7500,2.302,0.004,2.296,3.465,0.008,3.454,2.282,0.,2.282,3.475,0.003,3.47,2.325,0.,2.325,3.525,0.,3.524,2.329,0.,2.329,0.003,0.,0.003,0.005,0.,0.005,0.003,0.,0.003,0.003,0.,0.003,0.003,0.,0.003,0.003,0.,0.003
8000,2.67,0.004,2.665,3.928,0.,3.927,2.583,0.004,2.579,3.957,0.,3.956,2.637,0.004,2.631,3.976,0.007,3.964,2.593,0.004,2.588,0.003,0.,0.003,0.004,0.,0.004,0.003,0.,0.003,0.003,0.,0.003,0.003,0.,0.003,0.003,0.,0.003
8500,2.886,0.,2.886,4.536,0.008,4.525,2.862,0.003,2.857,4.509,0.02,4.486,2.915,0.,2.914,4.347,0.,4.346,3.006,0.,3.005,0.006,0.,0.006,0.005,0.,0.005,0.01,0.,0.01,0.003,0.,0.003,0.005,0.,0.005,0.003,0.,0.003
9000,3.214,0.003,3.21,4.801,0.004,4.796,3.186,0.008,3.175,4.881,0.004,4.874,3.158,0.003,3.154,4.858,0.004,4.853,3.177,0.004,3.172,0.006,0.,0.006,0.004,0.,0.004,0.004,0.,0.004,0.004,0.,0.004,0.004,0.,0.004,0.004,0.,0.004
9500,3.556,0.003,3.551,5.254,0.,5.253,3.573,0.,3.571,5.341,0.,5.34,3.551,0.003,3.546,5.336,0.,5.335,3.502,0.004,3.497,0.004,0.,0.004,0.004,0.,0.004,0.004,0.,0.004,0.004,0.,0.004,0.004,0.,0.004,0.004,0.,0.004
10000,3.899,0.,3.899,5.834,0.008,5.826,3.84,0.004,3.835,5.913,0.,5.912,3.829,0.,3.829,5.909,0.,5.907,3.816,0.,3.816,0.004,0.,0.004,0.006,0.,0.006,0.004,0.,0.004,0.004,0.,0.004,0.004,0.,0.004,0.004,0.,0.004