param-n,abstract+autorewrite-regression-quadratic-real,abstract+autorewrite-regression-quadratic-sys,abstract+autorewrite-regression-quadratic-user,abstract+rewrite!-regression-quadratic-real,abstract+rewrite!-regression-quadratic-sys,abstract+rewrite!-regression-quadratic-user,autorewrite-noop-regression-linear-real,autorewrite-noop-regression-linear-sys,autorewrite-noop-regression-linear-user,autorewrite-regression-quadratic-real,autorewrite-regression-quadratic-sys,autorewrite-regression-quadratic-user,close-abstract+autorewrite-regression-quadratic-real,close-abstract+autorewrite-regression-quadratic-sys,close-abstract+autorewrite-regression-quadratic-user,close-abstract+rewrite!-regression-quadratic-real,close-abstract+rewrite!-regression-quadratic-sys,close-abstract+rewrite!-regression-quadratic-user,rewrite!-regression-quadratic-real,rewrite!-regression-quadratic-sys,rewrite!-regression-quadratic-user,rewrite?-noop-regression-linear-real,rewrite?-noop-regression-linear-sys,rewrite?-noop-regression-linear-user
1,0.,0.,0.,0.,0.,0.,0.,0.,0.,0.,0.,0.,0.,0.,0.,0.,0.,0.,0.,0.,0.,0.,0.,0.
2,0.,0.,0.,0.,0.,0.,0.,0.,0.,0.,0.,0.,0.,0.,0.,0.,0.,0.,0.,0.,0.,0.,0.,0.
3,0.001,0.,0.001,0.,0.,0.,0.,0.,0.,0.,0.,0.,0.,0.,0.,0.,0.,0.,0.,0.,0.,0.,0.,0.
4,0.001,0.,0.001,0.001,0.,0.,0.,0.,0.,0.,0.,0.,0.,0.,0.,0.,0.,0.,0.,0.,0.,0.,0.,0.
5,0.001,0.,0.001,0.001,0.,0.,0.,0.,0.,0.,0.,0.,0.,0.,0.,0.,0.,0.,0.,0.,0.,0.,0.,0.
6,0.001,0.,0.001,0.001,0.001,0.,0.,0.,0.,0.001,0.,0.001,0.,0.,0.,0.,0.,0.,0.001,0.001,0.,0.,0.,0.
7,0.002,0.,0.002,0.002,0.,0.001,0.,0.,0.,0.001,0.,0.001,0.,0.,0.,0.,0.,0.,0.001,0.,0.001,0.,0.,0.
8,0.002,0.,0.002,0.002,0.,0.001,0.,0.,0.,0.001,0.,0.001,0.,0.,0.,0.,0.,0.,0.001,0.,0.001,0.,0.,0.
9,0.046,0.,0.046,0.045,0.,0.045,0.,0.,0.,0.045,0.,0.045,0.,0.,0.,0.,0.,0.,0.043,0.,0.043,0.,0.,0.
10,0.002,0.,0.002,0.002,0.,0.002,0.,0.,0.,0.001,0.,0.001,0.,0.,0.,0.,0.,0.,0.001,0.,0.001,0.,0.,0.
11,0.003,0.,0.003,0.002,0.,0.002,0.,0.,0.,0.001,0.,0.001,0.,0.,0.,0.,0.,0.,0.001,0.,0.001,0.,0.,0.
12,0.003,0.,0.003,0.003,0.,0.003,0.,0.,0.,0.002,0.,0.002,0.,0.,0.,0.,0.,0.,0.002,0.,0.002,0.,0.,0.
13,0.003,0.,0.003,0.003,0.,0.003,0.,0.,0.,0.002,0.,0.002,0.001,0.,0.001,0.001,0.,0.001,0.002,0.,0.002,0.,0.,0.
14,0.004,0.,0.004,0.003,0.,0.003,0.,0.,0.,0.002,0.,0.002,0.001,0.,0.001,0.001,0.,0.001,0.002,0.,0.002,0.,0.,0.
15,0.004,0.,0.004,0.004,0.,0.004,0.,0.,0.,0.003,0.,0.003,0.001,0.,0.001,0.001,0.,0.001,0.002,0.,0.002,0.,0.,0.
16,0.005,0.,0.005,0.004,0.,0.004,0.,0.,0.,0.003,0.,0.003,0.001,0.,0.001,0.001,0.,0.001,0.003,0.,0.003,0.,0.,0.
17,0.005,0.,0.005,0.005,0.,0.005,0.,0.,0.,0.003,0.,0.003,0.001,0.,0.001,0.001,0.,0.001,0.003,0.,0.003,0.,0.,0.
18,0.007,0.,0.007,0.007,0.,0.007,0.,0.,0.,0.005,0.,0.005,0.001,0.,0.001,0.003,0.,0.003,0.003,0.,0.003,0.,0.,0.
19,0.006,0.,0.006,0.006,0.,0.006,0.,0.,0.,0.004,0.,0.004,0.002,0.,0.002,0.002,0.,0.002,0.003,0.,0.003,0.,0.,0.
20,0.007,0.,0.007,0.006,0.,0.006,0.,0.,0.,0.004,0.,0.004,0.002,0.,0.002,0.002,0.,0.002,0.004,0.,0.004,0.,0.,0.
21,0.007,0.,0.007,0.007,0.,0.007,0.,0.,0.,0.005,0.,0.005,0.002,0.,0.002,0.002,0.,0.002,0.004,0.,0.004,0.,0.,0.
22,0.008,0.,0.008,0.008,0.,0.008,0.,0.,0.,0.005,0.,0.005,0.002,0.,0.002,0.002,0.,0.002,0.005,0.,0.005,0.,0.,0.
23,0.01,0.,0.01,0.009,0.,0.009,0.,0.,0.,0.006,0.,0.006,0.002,0.,0.002,0.003,0.,0.003,0.005,0.,0.005,0.,0.,0.
24,0.009,0.,0.009,0.009,0.,0.009,0.,0.,0.,0.006,0.,0.006,0.003,0.,0.003,0.003,0.,0.003,0.005,0.,0.005,0.,0.,0.
25,0.01,0.,0.01,0.01,0.,0.01,0.,0.,0.,0.006,0.,0.006,0.003,0.,0.003,0.003,0.,0.003,0.006,0.,0.006,0.,0.,0.
26,0.011,0.,0.011,0.01,0.,0.01,0.,0.,0.,0.006,0.,0.006,0.004,0.,0.004,0.003,0.,0.003,0.006,0.,0.006,0.,0.,0.
27,0.011,0.,0.011,0.012,0.,0.012,0.,0.,0.,0.007,0.,0.007,0.003,0.,0.003,0.003,0.,0.003,0.007,0.,0.007,0.,0.,0.
28,0.012,0.,0.012,0.011,0.,0.011,0.,0.,0.,0.007,0.,0.007,0.004,0.,0.004,0.004,0.,0.004,0.007,0.,0.007,0.,0.,0.
29,0.014,0.,0.014,0.012,0.,0.012,0.,0.,0.,0.008,0.,0.008,0.005,0.,0.005,0.004,0.,0.004,0.007,0.,0.007,0.,0.,0.
30,0.013,0.,0.013,0.015,0.,0.015,0.,0.,0.,0.008,0.,0.008,0.004,0.,0.004,0.004,0.,0.004,0.01,0.,0.01,0.,0.,0.
31,0.014,0.,0.014,0.014,0.,0.014,0.,0.,0.,0.009,0.,0.009,0.004,0.,0.004,0.004,0.,0.004,0.008,0.,0.008,0.,0.,0.
32,0.015,0.,0.015,0.015,0.,0.015,0.,0.,0.,0.01,0.,0.01,0.005,0.,0.005,0.005,0.,0.005,0.009,0.,0.009,0.,0.,0.
33,0.016,0.,0.016,0.015,0.,0.015,0.,0.,0.,0.01,0.,0.01,0.005,0.,0.005,0.005,0.,0.005,0.009,0.,0.009,0.,0.,0.
34,0.018,0.,0.018,0.018,0.,0.018,0.,0.,0.,0.012,0.,0.012,0.005,0.,0.005,0.007,0.,0.007,0.01,0.,0.01,0.,0.,0.
35,0.017,0.,0.017,0.017,0.,0.017,0.,0.,0.,0.011,0.,0.011,0.006,0.,0.006,0.006,0.,0.006,0.01,0.,0.01,0.,0.,0.
36,0.019,0.,0.019,0.018,0.,0.018,0.,0.,0.,0.012,0.,0.012,0.006,0.,0.006,0.007,0.,0.007,0.011,0.,0.011,0.,0.,0.
37,0.019,0.,0.019,0.019,0.,0.019,0.,0.,0.,0.012,0.,0.012,0.006,0.,0.006,0.006,0.,0.006,0.011,0.,0.011,0.,0.,0.
38,0.022,0.,0.022,0.021,0.,0.021,0.,0.,0.,0.014,0.,0.014,0.007,0.,0.007,0.008,0.,0.008,0.012,0.,0.012,0.,0.,0.
39,0.022,0.,0.022,0.021,0.,0.021,0.,0.,0.,0.013,0.,0.013,0.008,0.,0.008,0.007,0.,0.007,0.013,0.,0.013,0.,0.,0.
40,0.022,0.,0.022,0.022,0.,0.022,0.,0.,0.,0.013,0.,0.013,0.007,0.,0.007,0.007,0.,0.007,0.014,0.,0.014,0.,0.,0.
41,0.025,0.,0.025,0.024,0.,0.024,0.,0.,0.,0.016,0.,0.016,0.008,0.,0.008,0.01,0.,0.01,0.014,0.,0.014,0.,0.,0.
42,0.025,0.,0.025,0.024,0.,0.024,0.,0.,0.,0.015,0.,0.015,0.009,0.,0.009,0.008,0.,0.008,0.014,0.,0.014,0.,0.,0.
43,0.025,0.,0.025,0.025,0.,0.025,0.,0.,0.,0.015,0.,0.015,0.008,0.,0.008,0.008,0.,0.008,0.016,0.,0.016,0.,0.,0.
44,0.028,0.,0.028,0.028,0.,0.028,0.,0.,0.,0.018,0.,0.018,0.009,0.,0.009,0.009,0.,0.009,0.017,0.,0.017,0.,0.,0.
45,0.028,0.,0.028,0.027,0.,0.027,0.,0.,0.,0.017,0.,0.017,0.009,0.,0.009,0.01,0.,0.01,0.016,0.,0.016,0.,0.,0.
46,0.033,0.,0.033,0.028,0.,0.028,0.,0.,0.,0.019,0.,0.019,0.012,0.,0.012,0.01,0.,0.01,0.017,0.,0.017,0.,0.,0.
47,0.03,0.,0.03,0.03,0.,0.03,0.,0.,0.,0.018,0.,0.018,0.011,0.,0.011,0.01,0.,0.01,0.019,0.,0.019,0.,0.,0.
48,0.032,0.,0.032,0.031,0.,0.031,0.,0.,0.,0.019,0.,0.019,0.012,0.,0.012,0.011,0.,0.011,0.019,0.,0.019,0.,0.,0.
49,0.032,0.,0.032,0.033,0.,0.033,0.,0.,0.,0.019,0.,0.019,0.011,0.,0.011,0.011,0.,0.011,0.021,0.,0.021,0.,0.,0.
50,0.079,0.015,0.063,0.076,0.008,0.068,0.,0.,0.,0.066,0.011,0.055,0.011,0.003,0.007,0.011,0.,0.011,0.064,0.008,0.056,0.,0.,0.
51,0.034,0.,0.034,0.035,0.,0.035,0.,0.,0.,0.021,0.,0.021,0.012,0.,0.012,0.012,0.,0.012,0.022,0.,0.022,0.,0.,0.
52,0.036,0.,0.036,0.036,0.,0.036,0.,0.,0.,0.022,0.,0.022,0.013,0.,0.013,0.012,0.,0.012,0.023,0.,0.023,0.,0.,0.
53,0.037,0.,0.037,0.037,0.,0.037,0.,0.,0.,0.022,0.,0.022,0.013,0.,0.013,0.013,0.,0.013,0.023,0.,0.023,0.,0.,0.
54,0.039,0.,0.039,0.039,0.,0.039,0.,0.,0.,0.023,0.,0.023,0.014,0.,0.014,0.013,0.,0.013,0.024,0.,0.024,0.,0.,0.
55,0.04,0.,0.04,0.04,0.,0.04,0.,0.,0.,0.025,0.,0.025,0.014,0.,0.014,0.014,0.,0.014,0.024,0.,0.024,0.,0.,0.
56,0.042,0.,0.042,0.043,0.,0.043,0.,0.,0.,0.026,0.,0.026,0.015,0.,0.015,0.015,0.,0.015,0.026,0.,0.026,0.,0.,0.
57,0.045,0.,0.045,0.043,0.,0.043,0.,0.,0.,0.029,0.,0.029,0.015,0.,0.015,0.016,0.,0.016,0.026,0.,0.026,0.,0.,0.
58,0.045,0.,0.045,0.045,0.,0.045,0.,0.,0.,0.027,0.,0.027,0.017,0.,0.017,0.016,0.,0.016,0.028,0.,0.028,0.,0.,0.
59,0.046,0.,0.046,0.047,0.,0.047,0.001,0.,0.001,0.027,0.,0.027,0.016,0.,0.016,0.016,0.,0.016,0.029,0.,0.029,0.,0.,0.
60,0.049,0.,0.049,0.048,0.,0.048,0.,0.,0.,0.031,0.,0.031,0.017,0.,0.017,0.018,0.,0.018,0.028,0.,0.028,0.,0.,0.
61,0.05,0.,0.05,0.049,0.,0.049,0.,0.,0.,0.03,0.,0.03,0.018,0.,0.018,0.017,0.,0.017,0.03,0.,0.03,0.,0.,0.
62,0.05,0.,0.05,0.053,0.,0.053,0.,0.,0.,0.031,0.,0.031,0.018,0.,0.018,0.019,0.,0.019,0.033,0.,0.033,0.,0.,0.
63,0.055,0.,0.055,0.052,0.,0.052,0.,0.,0.,0.034,0.,0.034,0.019,0.,0.019,0.019,0.,0.019,0.032,0.,0.032,0.,0.,0.
64,0.054,0.,0.054,0.058,0.,0.058,0.,0.,0.,0.033,0.,0.033,0.019,0.,0.019,0.024,0.,0.024,0.032,0.,0.032,0.,0.,0.
65,0.056,0.,0.056,0.055,0.,0.055,0.,0.,0.,0.034,0.,0.034,0.021,0.,0.021,0.019,0.,0.019,0.034,0.,0.034,0.,0.,0.
66,0.056,0.,0.056,0.059,0.,0.059,0.,0.,0.,0.035,0.,0.035,0.02,0.,0.02,0.021,0.,0.021,0.037,0.,0.037,0.,0.,0.
67,0.061,0.,0.061,0.059,0.003,0.056,0.,0.,0.,0.039,0.,0.039,0.021,0.,0.021,0.021,0.,0.021,0.036,0.002,0.034,0.,0.,0.
68,0.063,0.,0.063,0.059,0.,0.059,0.,0.,0.,0.039,0.,0.039,0.023,0.,0.023,0.022,0.,0.022,0.036,0.,0.036,0.,0.,0.
69,0.064,0.,0.064,0.063,0.,0.063,0.,0.,0.,0.039,0.,0.039,0.023,0.,0.023,0.024,0.,0.024,0.037,0.,0.037,0.,0.,0.
70,0.065,0.,0.065,0.066,0.,0.066,0.,0.,0.,0.04,0.,0.04,0.023,0.,0.023,0.025,0.,0.025,0.039,0.,0.039,0.,0.,0.
71,0.065,0.,0.065,0.069,0.,0.069,0.,0.,0.,0.04,0.,0.04,0.023,0.,0.023,0.027,0.,0.027,0.04,0.,0.04,0.,0.,0.
72,0.067,0.,0.067,0.071,0.,0.071,0.,0.,0.,0.042,0.,0.042,0.024,0.,0.024,0.028,0.,0.028,0.042,0.,0.042,0.,0.,0.
73,0.069,0.,0.069,0.072,0.,0.072,0.,0.,0.,0.043,0.,0.043,0.024,0.,0.024,0.028,0.,0.028,0.042,0.,0.042,0.,0.,0.
74,0.071,0.,0.071,0.074,0.,0.074,0.,0.,0.,0.045,0.,0.045,0.025,0.,0.025,0.029,0.,0.029,0.043,0.,0.043,0.,0.,0.
75,0.073,0.,0.073,0.075,0.,0.075,0.,0.,0.,0.045,0.,0.045,0.026,0.,0.026,0.029,0.,0.029,0.045,0.,0.045,0.,0.,0.
76,0.074,0.,0.074,0.076,0.,0.076,0.,0.,0.,0.045,0.,0.045,0.027,0.,0.027,0.029,0.,0.029,0.045,0.,0.045,0.,0.,0.
77,0.076,0.,0.076,0.078,0.,0.078,0.,0.,0.,0.046,0.,0.046,0.028,0.,0.028,0.03,0.,0.03,0.046,0.,0.046,0.,0.,0.
78,0.079,0.,0.079,0.079,0.,0.079,0.,0.,0.,0.049,0.,0.049,0.029,0.,0.029,0.03,0.,0.03,0.047,0.,0.047,0.,0.,0.
79,0.083,0.,0.083,0.081,0.,0.081,0.,0.,0.,0.052,0.,0.052,0.029,0.,0.029,0.029,0.,0.029,0.049,0.,0.049,0.,0.,0.
80,0.09,0.,0.09,0.082,0.,0.082,0.,0.,0.,0.055,0.,0.055,0.033,0.,0.033,0.031,0.,0.031,0.049,0.,0.049,0.,0.,0.
81,0.086,0.,0.086,0.087,0.,0.087,0.,0.,0.,0.051,0.,0.051,0.033,0.,0.033,0.032,0.,0.032,0.053,0.,0.053,0.,0.,0.
82,0.087,0.,0.087,0.095,0.,0.095,0.,0.,0.,0.054,0.,0.054,0.032,0.,0.032,0.035,0.,0.035,0.058,0.,0.058,0.,0.,0.
83,0.089,0.,0.089,0.091,0.,0.091,0.,0.,0.,0.054,0.,0.054,0.033,0.,0.033,0.034,0.,0.034,0.054,0.,0.054,0.,0.,0.
84,0.098,0.,0.098,0.094,0.,0.094,0.,0.,0.,0.059,0.,0.059,0.038,0.,0.038,0.034,0.,0.034,0.058,0.,0.058,0.,0.,0.
85,0.095,0.,0.095,0.1,0.,0.1,0.,0.,0.,0.059,0.,0.059,0.034,0.,0.034,0.039,0.,0.039,0.06,0.,0.06,0.,0.,0.
86,0.096,0.,0.096,0.098,0.,0.098,0.,0.,0.,0.058,0.,0.058,0.036,0.,0.036,0.038,0.,0.038,0.057,0.,0.057,0.,0.,0.
87,0.105,0.,0.105,0.098,0.,0.098,0.,0.,0.,0.063,0.,0.063,0.04,0.,0.04,0.037,0.,0.037,0.059,0.,0.059,0.,0.,0.
88,0.1,0.,0.1,0.108,0.,0.108,0.,0.,0.,0.062,0.,0.062,0.037,0.,0.037,0.04,0.,0.04,0.066,0.,0.066,0.,0.,0.
89,0.111,0.,0.111,0.103,0.003,0.099,0.,0.,0.,0.066,0.,0.066,0.043,0.,0.043,0.037,0.,0.037,0.064,0.003,0.06,0.,0.,0.
90,0.105,0.,0.105,0.103,0.,0.103,0.,0.,0.,0.066,0.,0.066,0.038,0.,0.038,0.037,0.,0.037,0.064,0.,0.064,0.,0.,0.
91,0.109,0.,0.109,0.104,0.003,0.1,0.,0.,0.,0.066,0.,0.066,0.041,0.,0.041,0.038,0.,0.038,0.064,0.003,0.06,0.,0.,0.
92,0.106,0.,0.106,0.107,0.,0.107,0.,0.,0.,0.066,0.,0.066,0.038,0.,0.038,0.039,0.,0.039,0.067,0.,0.067,0.,0.,0.
93,0.11,0.,0.11,0.109,0.,0.109,0.001,0.,0.001,0.068,0.,0.068,0.04,0.,0.04,0.04,0.,0.04,0.067,0.,0.067,0.,0.,0.
94,0.112,0.,0.112,0.112,0.,0.112,0.,0.,0.,0.07,0.,0.07,0.04,0.,0.04,0.04,0.,0.04,0.07,0.,0.07,0.,0.,0.
95,0.114,0.,0.114,0.113,0.003,0.109,0.,0.,0.,0.071,0.,0.071,0.041,0.,0.041,0.042,0.003,0.038,0.069,0.,0.069,0.,0.,0.
96,0.116,0.,0.116,0.115,0.,0.115,0.,0.,0.,0.072,0.,0.072,0.042,0.,0.042,0.042,0.,0.042,0.071,0.,0.071,0.,0.,0.
97,0.118,0.,0.118,0.118,0.,0.118,0.,0.,0.,0.073,0.,0.073,0.043,0.,0.043,0.043,0.,0.043,0.074,0.,0.074,0.,0.,0.
98,0.121,0.,0.121,0.122,0.,0.122,0.,0.,0.,0.075,0.,0.075,0.043,0.,0.043,0.044,0.,0.044,0.076,0.,0.076,0.,0.,0.
99,0.123,0.,0.123,0.123,0.,0.122,0.,0.,0.,0.076,0.,0.076,0.044,0.,0.044,0.045,0.,0.045,0.075,0.,0.075,0.,0.,0.
100,0.134,0.,0.134,0.133,0.,0.133,0.,0.,0.,0.082,0.,0.082,0.051,0.,0.051,0.05,0.,0.05,0.082,0.,0.082,0.,0.,0.
110,0.152,0.,0.152,0.153,0.,0.153,0.001,0.,0.001,0.094,0.,0.094,0.055,0.,0.055,0.056,0.,0.056,0.095,0.,0.095,0.001,0.,0.001
120,0.182,0.003,0.178,0.181,0.,0.181,0.001,0.,0.001,0.114,0.,0.114,0.066,0.003,0.062,0.066,0.,0.066,0.113,0.,0.113,0.001,0.,0.001
130,0.212,0.,0.212,0.214,0.,0.214,0.001,0.,0.001,0.133,0.,0.133,0.077,0.,0.077,0.078,0.,0.078,0.134,0.,0.134,0.001,0.,0.001
140,0.247,0.,0.247,0.258,0.,0.258,0.001,0.,0.001,0.155,0.,0.155,0.089,0.,0.089,0.097,0.,0.097,0.159,0.,0.159,0.001,0.,0.001
150,0.311,0.,0.311,0.31,0.003,0.306,0.001,0.,0.001,0.195,0.,0.195,0.114,0.,0.114,0.113,0.,0.113,0.194,0.003,0.191,0.001,0.,0.001
160,0.347,0.,0.347,0.353,0.007,0.345,0.001,0.,0.001,0.212,0.,0.212,0.132,0.,0.132,0.126,0.,0.126,0.223,0.007,0.215,0.001,0.,0.001
170,0.397,0.003,0.392,0.392,0.,0.392,0.001,0.,0.001,0.246,0.,0.246,0.147,0.003,0.143,0.142,0.,0.142,0.247,0.,0.247,0.001,0.,0.001
180,0.442,0.,0.442,0.448,0.,0.448,0.001,0.,0.001,0.274,0.,0.274,0.164,0.,0.164,0.166,0.,0.166,0.279,0.,0.279,0.001,0.,0.001
190,0.483,0.,0.483,0.466,0.,0.466,0.002,0.,0.002,0.309,0.,0.309,0.171,0.,0.171,0.164,0.,0.164,0.298,0.,0.298,0.002,0.,0.002
200,0.541,0.003,0.537,0.558,0.,0.558,0.002,0.,0.002,0.345,0.003,0.341,0.193,0.,0.193,0.192,0.,0.192,0.362,0.,0.362,0.002,0.,0.002
210,0.568,0.007,0.56,0.571,0.,0.571,0.002,0.,0.002,0.363,0.007,0.355,0.201,0.,0.201,0.201,0.,0.201,0.367,0.,0.367,0.002,0.,0.002
220,0.629,0.,0.629,0.623,0.,0.622,0.002,0.,0.002,0.405,0.,0.405,0.219,0.,0.219,0.218,0.,0.218,0.401,0.,0.401,0.002,0.,0.002
230,0.682,0.,0.681,0.697,0.003,0.693,0.003,0.,0.003,0.438,0.,0.438,0.239,0.,0.239,0.249,0.003,0.245,0.442,0.,0.442,0.004,0.,0.004
240,0.792,0.,0.792,0.8,0.,0.8,0.002,0.,0.002,0.502,0.,0.502,0.285,0.,0.285,0.287,0.,0.287,0.508,0.,0.508,0.002,0.,0.002
250,0.831,0.,0.831,0.861,0.003,0.858,0.002,0.,0.002,0.552,0.,0.552,0.275,0.,0.275,0.274,0.003,0.27,0.583,0.,0.583,0.003,0.,0.003
260,0.939,0.,0.939,0.93,0.,0.93,0.003,0.,0.003,0.61,0.,0.61,0.324,0.,0.324,0.317,0.,0.317,0.608,0.,0.608,0.003,0.,0.003
270,0.963,0.,0.963,0.969,0.,0.968,0.003,0.,0.003,0.626,0.,0.626,0.332,0.,0.332,0.335,0.,0.334,0.629,0.,0.629,0.003,0.,0.003
280,1.025,0.,1.025,1.031,0.,1.031,0.003,0.,0.003,0.669,0.,0.669,0.351,0.,0.351,0.349,0.,0.349,0.677,0.,0.677,0.003,0.,0.003
290,1.161,0.,1.161,1.159,0.,1.159,0.003,0.,0.003,0.741,0.,0.741,0.414,0.,0.415,0.409,0.,0.409,0.745,0.,0.745,0.003,0.,0.003
300,1.192,0.004,1.188,1.201,0.007,1.193,0.003,0.003,0.,0.78,0.,0.78,0.407,0.,0.407,0.41,0.,0.41,0.786,0.007,0.778,0.003,0.,0.003
310,1.324,0.003,1.32,1.336,0.,1.336,0.005,0.,0.005,0.887,0.,0.887,0.431,0.003,0.427,0.432,0.,0.432,0.899,0.,0.899,0.004,0.,0.004
320,1.382,0.011,1.37,1.381,0.003,1.377,0.005,0.,0.005,0.915,0.007,0.907,0.46,0.003,0.456,0.46,0.,0.46,0.915,0.003,0.911,0.004,0.,0.004
330,1.499,0.,1.499,1.512,0.,1.512,0.004,0.,0.004,0.968,0.,0.968,0.525,0.,0.525,0.527,0.,0.527,0.978,0.,0.978,0.004,0.,0.004
340,1.623,0.,1.623,1.634,0.,1.634,0.004,0.,0.004,1.09,0.,1.09,0.527,0.,0.527,0.531,0.,0.531,1.097,0.,1.097,0.004,0.,0.004
350,1.73,0.,1.73,1.741,0.,1.74,0.004,0.,0.004,1.167,0.,1.167,0.557,0.,0.557,0.561,0.,0.561,1.173,0.,1.173,0.004,0.,0.004
360,1.772,0.,1.771,1.779,0.,1.779,0.005,0.,0.005,1.183,0.,1.183,0.582,0.,0.581,0.58,0.,0.58,1.193,0.,1.193,0.005,0.,0.005
370,1.941,0.,1.941,1.994,0.,1.994,0.005,0.,0.005,1.265,0.,1.265,0.669,0.,0.669,0.664,0.,0.664,1.323,0.,1.323,0.005,0.,0.005
380,2.056,0.003,2.052,2.097,0.,2.097,0.005,0.,0.005,1.398,0.,1.398,0.651,0.003,0.647,0.656,0.,0.656,1.434,0.,1.434,0.005,0.,0.005
390,2.135,0.,2.135,2.169,0.,2.169,0.005,0.,0.005,1.421,0.,1.421,0.706,0.,0.706,0.708,0.,0.708,1.454,0.,1.453,0.005,0.,0.005
400,2.238,0.,2.238,2.242,0.007,2.234,0.005,0.,0.005,1.504,0.,1.504,0.727,0.,0.727,0.726,0.,0.726,1.509,0.007,1.501,0.006,0.,0.006