param-n,abstract+repeat-rewrite-strat-bottomup-regression-cubic-real,abstract+repeat-rewrite-strat-bottomup-regression-cubic-sys,abstract+repeat-rewrite-strat-bottomup-regression-cubic-user,abstract+repeat-rewrite-strat-topdown-regression-cubic-real,abstract+repeat-rewrite-strat-topdown-regression-cubic-sys,abstract+repeat-rewrite-strat-topdown-regression-cubic-user,close-abstract+repeat-rewrite-strat-bottomup-regression-quadratic-real,close-abstract+repeat-rewrite-strat-bottomup-regression-quadratic-sys,close-abstract+repeat-rewrite-strat-bottomup-regression-quadratic-user,close-abstract+repeat-rewrite-strat-topdown-regression-quadratic-real,close-abstract+repeat-rewrite-strat-topdown-regression-quadratic-sys,close-abstract+repeat-rewrite-strat-topdown-regression-quadratic-user,noop-repeat-rewrite-strat-bottomup-regression-cubic-real,noop-repeat-rewrite-strat-bottomup-regression-cubic-sys,noop-repeat-rewrite-strat-bottomup-regression-cubic-user,noop-repeat-rewrite-strat-topdown-regression-cubic-real,noop-repeat-rewrite-strat-topdown-regression-cubic-sys,noop-repeat-rewrite-strat-topdown-regression-cubic-user,repeat-rewrite-strat-bottomup-regression-cubic-real,repeat-rewrite-strat-bottomup-regression-cubic-sys,repeat-rewrite-strat-bottomup-regression-cubic-user,repeat-rewrite-strat-topdown-regression-cubic-real,repeat-rewrite-strat-topdown-regression-cubic-sys,repeat-rewrite-strat-topdown-regression-cubic-user
0,0.002,0.,0.002,0.002,0.,0.002,0.,0.,0.,0.,0.,0.,0.,0.,0.,0.,0.,0.,0.001,0.,0.001,0.001,0.,0.001
1,0.005,0.,0.005,0.005,0.003,0.002,0.,0.,0.,0.001,0.,0.,0.,0.,0.,0.,0.,0.,0.003,0.,0.003,0.003,0.003,0.
2,0.007,0.003,0.003,0.008,0.,0.008,0.,0.,0.,0.,0.,0.,0.,0.,0.,0.,0.,0.,0.006,0.003,0.002,0.006,0.,0.006
3,0.012,0.004,0.008,0.011,0.002,0.009,0.,0.,0.,0.,0.,0.,0.001,0.,0.,0.,0.,0.,0.01,0.003,0.006,0.009,0.,0.009
4,0.058,0.003,0.054,0.056,0.009,0.047,0.,0.,0.,0.,0.,0.,0.001,0.,0.001,0.001,0.,0.,0.056,0.003,0.052,0.054,0.008,0.045
5,0.018,0.,0.018,0.016,0.,0.016,0.001,0.,0.001,0.,0.,0.,0.001,0.,0.001,0.001,0.,0.001,0.016,0.,0.016,0.014,0.,0.014
6,0.023,0.,0.023,0.023,0.,0.023,0.001,0.,0.001,0.001,0.,0.001,0.001,0.,0.001,0.001,0.,0.001,0.02,0.,0.02,0.02,0.,0.02
7,0.028,0.,0.028,0.028,0.,0.028,0.001,0.,0.001,0.001,0.,0.001,0.001,0.,0.001,0.001,0.,0.001,0.025,0.,0.025,0.024,0.,0.024
8,0.036,0.,0.036,0.036,0.,0.036,0.001,0.,0.001,0.001,0.,0.001,0.002,0.,0.002,0.002,0.,0.002,0.032,0.,0.032,0.032,0.,0.032
9,0.045,0.,0.045,0.044,0.,0.044,0.002,0.,0.002,0.002,0.,0.002,0.002,0.,0.002,0.002,0.,0.002,0.04,0.,0.04,0.039,0.,0.039
10,0.101,0.012,0.089,0.1,0.012,0.088,0.002,0.,0.002,0.002,0.,0.002,0.002,0.,0.002,0.002,0.,0.002,0.096,0.012,0.084,0.094,0.011,0.083
11,0.067,0.,0.067,0.066,0.,0.066,0.002,0.,0.002,0.003,0.,0.003,0.003,0.,0.003,0.003,0.,0.003,0.061,0.,0.061,0.06,0.,0.06
12,0.08,0.,0.08,0.079,0.,0.079,0.003,0.,0.003,0.003,0.,0.003,0.003,0.,0.003,0.003,0.,0.003,0.074,0.,0.074,0.073,0.,0.073
13,0.096,0.,0.096,0.098,0.,0.098,0.003,0.,0.003,0.003,0.,0.003,0.003,0.,0.003,0.003,0.,0.003,0.089,0.,0.089,0.09,0.,0.09
14,0.114,0.,0.114,0.114,0.,0.114,0.003,0.,0.003,0.003,0.,0.003,0.004,0.,0.004,0.004,0.,0.004,0.106,0.,0.106,0.106,0.,0.106
15,0.136,0.,0.136,0.136,0.,0.136,0.004,0.,0.004,0.004,0.,0.004,0.004,0.,0.004,0.005,0.,0.005,0.127,0.,0.127,0.126,0.,0.126
16,0.159,0.,0.159,0.159,0.,0.159,0.004,0.,0.004,0.004,0.,0.004,0.005,0.,0.005,0.005,0.,0.005,0.148,0.,0.148,0.148,0.,0.148
17,0.186,0.,0.186,0.187,0.,0.187,0.005,0.,0.005,0.005,0.,0.005,0.006,0.,0.006,0.006,0.,0.006,0.174,0.,0.174,0.175,0.,0.175
18,0.216,0.,0.216,0.216,0.003,0.213,0.005,0.,0.005,0.005,0.,0.005,0.006,0.,0.006,0.006,0.,0.006,0.203,0.,0.203,0.203,0.003,0.2
19,0.258,0.,0.258,0.251,0.,0.251,0.006,0.,0.006,0.006,0.,0.006,0.009,0.,0.009,0.007,0.,0.007,0.242,0.,0.242,0.237,0.,0.237
20,0.285,0.,0.285,0.288,0.,0.288,0.006,0.,0.006,0.006,0.,0.006,0.008,0.,0.008,0.008,0.,0.008,0.269,0.,0.269,0.273,0.,0.273
21,0.33,0.,0.33,0.33,0.,0.33,0.007,0.,0.007,0.007,0.,0.007,0.009,0.,0.009,0.009,0.,0.009,0.314,0.,0.314,0.313,0.,0.313
22,0.377,0.,0.377,0.375,0.,0.375,0.007,0.,0.007,0.007,0.,0.007,0.01,0.,0.01,0.01,0.,0.01,0.359,0.,0.359,0.357,0.,0.357
23,0.429,0.,0.429,0.435,0.007,0.425,0.008,0.,0.008,0.008,0.,0.008,0.011,0.,0.011,0.011,0.,0.011,0.409,0.,0.409,0.416,0.007,0.406
24,0.487,0.,0.487,0.488,0.,0.488,0.008,0.,0.008,0.008,0.,0.008,0.012,0.,0.012,0.012,0.,0.012,0.466,0.,0.466,0.467,0.,0.467
25,0.554,0.,0.554,0.557,0.,0.555,0.009,0.,0.009,0.009,0.,0.009,0.013,0.,0.013,0.013,0.,0.013,0.53,0.,0.53,0.534,0.,0.532
30,0.989,0.,0.989,0.989,0.,0.989,0.015,0.,0.015,0.014,0.,0.014,0.019,0.,0.019,0.02,0.,0.02,0.953,0.,0.953,0.954,0.,0.954
35,1.657,0.,1.657,1.674,0.,1.674,0.018,0.,0.018,0.016,0.,0.016,0.029,0.,0.029,0.037,0.,0.037,1.61,0.,1.61,1.619,0.,1.619
40,2.627,0.,2.627,2.627,0.,2.627,0.022,0.,0.022,0.021,0.,0.021,0.04,0.,0.04,0.042,0.,0.042,2.564,0.,2.564,2.563,0.,2.563
45,3.993,0.,3.991,4.044,0.,4.044,0.026,0.,0.026,0.026,0.,0.026,0.056,0.,0.056,0.057,0.,0.057,3.909,0.,3.907,3.96,0.,3.959
50,5.835,0.,5.835,5.919,0.,5.917,0.032,0.,0.032,0.031,0.,0.031,0.076,0.,0.076,0.074,0.,0.074,5.726,0.,5.725,5.812,0.,5.811