param-n,abstract+rewrite-strat-bottomup-real,abstract+rewrite-strat-bottomup-sys,abstract+rewrite-strat-bottomup-user,abstract+rewrite-strat-topdown-real,abstract+rewrite-strat-topdown-sys,abstract+rewrite-strat-topdown-user,close-abstract+rewrite-strat-bottomup-real,close-abstract+rewrite-strat-bottomup-sys,close-abstract+rewrite-strat-bottomup-user,close-abstract+rewrite-strat-topdown-real,close-abstract+rewrite-strat-topdown-sys,close-abstract+rewrite-strat-topdown-user,rewrite-strat-bottomup-real,rewrite-strat-bottomup-sys,rewrite-strat-bottomup-user,rewrite-strat-bottomup-noop-real,rewrite-strat-bottomup-noop-sys,rewrite-strat-bottomup-noop-user,rewrite-strat-topdown-real,rewrite-strat-topdown-sys,rewrite-strat-topdown-user,rewrite-strat-topdown-noop-real,rewrite-strat-topdown-noop-sys,rewrite-strat-topdown-noop-user
1,0.,0.,0.,0.,0.,0.,0.,0.,0.,0.,0.,0.,0.,0.,0.,0.,0.,0.,0.,0.,0.,0.,0.,0.
2,0.001,0.,0.,0.001,0.,0.,0.,0.,0.,0.,0.,0.,0.,0.,0.,0.,0.,0.,0.,0.,0.,0.,0.,0.
3,0.001,0.,0.001,0.001,0.001,0.,0.,0.,0.,0.,0.,0.,0.001,0.,0.001,0.,0.,0.,0.,0.,0.,0.,0.,0.
4,0.002,0.,0.001,0.001,0.,0.001,0.,0.,0.,0.,0.,0.,0.001,0.,0.001,0.,0.,0.,0.,0.,0.,0.,0.,0.
5,0.002,0.,0.002,0.001,0.,0.001,0.,0.,0.,0.,0.,0.,0.001,0.,0.001,0.,0.,0.,0.001,0.,0.001,0.,0.,0.
6,0.003,0.,0.003,0.002,0.,0.002,0.,0.,0.,0.,0.,0.,0.002,0.,0.002,0.,0.,0.,0.001,0.,0.001,0.,0.,0.
7,0.003,0.003,0.,0.002,0.,0.002,0.,0.,0.,0.,0.,0.,0.002,0.002,0.,0.,0.,0.,0.001,0.,0.001,0.,0.,0.
8,0.047,0.003,0.043,0.002,0.,0.002,0.,0.,0.,0.,0.,0.,0.046,0.003,0.042,0.,0.,0.,0.001,0.,0.001,0.,0.,0.
9,0.003,0.,0.003,0.05,0.,0.05,0.,0.,0.,0.,0.,0.,0.002,0.,0.002,0.,0.,0.,0.049,0.,0.049,0.,0.,0.
10,0.004,0.,0.004,0.002,0.,0.002,0.,0.,0.,0.,0.,0.,0.003,0.,0.003,0.,0.,0.,0.001,0.,0.001,0.,0.,0.
11,0.005,0.,0.004,0.003,0.,0.003,0.001,0.,0.,0.,0.,0.,0.003,0.,0.003,0.,0.,0.,0.001,0.,0.001,0.,0.,0.
12,0.005,0.,0.005,0.003,0.,0.003,0.001,0.,0.001,0.,0.,0.,0.004,0.,0.004,0.,0.,0.,0.002,0.,0.002,0.,0.,0.
13,0.006,0.,0.006,0.003,0.,0.003,0.001,0.,0.001,0.001,0.,0.001,0.004,0.,0.004,0.,0.,0.,0.002,0.,0.002,0.,0.,0.
14,0.006,0.,0.006,0.004,0.,0.004,0.001,0.,0.001,0.001,0.,0.001,0.004,0.,0.004,0.,0.,0.,0.002,0.,0.002,0.,0.,0.
15,0.008,0.,0.008,0.004,0.,0.004,0.002,0.,0.002,0.001,0.,0.001,0.005,0.,0.005,0.,0.,0.,0.002,0.,0.002,0.,0.,0.
16,0.008,0.,0.008,0.004,0.,0.004,0.002,0.,0.002,0.001,0.,0.001,0.005,0.,0.005,0.,0.,0.,0.003,0.,0.003,0.,0.,0.
17,0.008,0.,0.008,0.005,0.,0.005,0.002,0.,0.002,0.001,0.,0.001,0.006,0.,0.006,0.,0.,0.,0.003,0.,0.003,0.,0.,0.
18,0.009,0.,0.009,0.006,0.,0.006,0.002,0.,0.002,0.003,0.,0.003,0.006,0.,0.006,0.,0.,0.,0.003,0.,0.003,0.,0.,0.
19,0.01,0.,0.01,0.006,0.,0.006,0.002,0.,0.002,0.002,0.,0.002,0.007,0.,0.007,0.,0.,0.,0.003,0.,0.003,0.,0.,0.
20,0.011,0.,0.011,0.006,0.,0.006,0.002,0.,0.002,0.002,0.,0.002,0.008,0.,0.008,0.,0.,0.,0.004,0.,0.004,0.,0.,0.
21,0.012,0.,0.012,0.007,0.,0.007,0.003,0.,0.003,0.002,0.,0.002,0.008,0.,0.008,0.,0.,0.,0.004,0.,0.004,0.,0.,0.
22,0.013,0.,0.013,0.007,0.,0.007,0.003,0.,0.003,0.002,0.,0.002,0.009,0.,0.009,0.,0.,0.,0.004,0.,0.004,0.,0.,0.
23,0.014,0.,0.014,0.008,0.,0.008,0.003,0.,0.003,0.002,0.,0.002,0.01,0.,0.01,0.,0.,0.,0.005,0.,0.005,0.,0.,0.
24,0.015,0.,0.015,0.008,0.,0.008,0.004,0.,0.004,0.002,0.,0.002,0.01,0.,0.01,0.,0.,0.,0.005,0.,0.005,0.,0.,0.
25,0.016,0.,0.016,0.009,0.,0.009,0.004,0.,0.004,0.003,0.,0.003,0.011,0.,0.011,0.,0.,0.,0.005,0.,0.005,0.,0.,0.
26,0.019,0.,0.019,0.01,0.,0.01,0.004,0.,0.004,0.003,0.,0.003,0.014,0.,0.014,0.,0.,0.,0.006,0.,0.006,0.,0.,0.
27,0.018,0.,0.018,0.011,0.,0.011,0.004,0.,0.004,0.004,0.,0.004,0.012,0.,0.012,0.,0.,0.,0.006,0.,0.006,0.,0.,0.
28,0.02,0.,0.02,0.011,0.,0.011,0.005,0.,0.005,0.003,0.,0.003,0.014,0.,0.014,0.,0.,0.,0.006,0.,0.006,0.,0.,0.
29,0.02,0.,0.02,0.012,0.,0.012,0.005,0.,0.005,0.004,0.,0.004,0.014,0.,0.014,0.,0.,0.,0.007,0.,0.007,0.,0.,0.
30,0.023,0.,0.023,0.013,0.,0.013,0.005,0.,0.005,0.005,0.,0.005,0.017,0.,0.017,0.,0.,0.,0.007,0.,0.007,0.,0.,0.
31,0.023,0.,0.023,0.013,0.,0.013,0.006,0.,0.006,0.004,0.,0.004,0.016,0.,0.016,0.,0.,0.,0.008,0.,0.008,0.,0.,0.
32,0.024,0.,0.024,0.014,0.,0.014,0.006,0.,0.006,0.005,0.,0.005,0.017,0.,0.017,0.,0.,0.,0.008,0.,0.008,0.,0.,0.
33,0.026,0.,0.026,0.015,0.,0.015,0.007,0.,0.007,0.005,0.,0.005,0.017,0.,0.017,0.,0.,0.,0.009,0.,0.009,0.,0.,0.
34,0.026,0.,0.026,0.015,0.,0.015,0.007,0.,0.007,0.005,0.,0.005,0.018,0.,0.018,0.,0.,0.,0.009,0.,0.009,0.,0.,0.
35,0.028,0.,0.028,0.017,0.,0.017,0.007,0.,0.007,0.007,0.,0.007,0.02,0.,0.02,0.,0.,0.,0.01,0.,0.01,0.,0.,0.
36,0.031,0.,0.031,0.017,0.,0.017,0.01,0.,0.01,0.006,0.,0.006,0.02,0.,0.02,0.,0.,0.,0.01,0.,0.01,0.,0.,0.
37,0.031,0.,0.031,0.018,0.,0.018,0.008,0.,0.008,0.006,0.,0.006,0.021,0.,0.021,0.,0.,0.,0.011,0.,0.011,0.,0.,0.
38,0.032,0.,0.032,0.019,0.,0.019,0.009,0.,0.009,0.006,0.,0.006,0.022,0.,0.022,0.,0.,0.,0.012,0.,0.012,0.,0.,0.
39,0.034,0.,0.034,0.02,0.,0.02,0.009,0.,0.009,0.007,0.,0.007,0.023,0.,0.023,0.,0.,0.,0.012,0.,0.012,0.,0.,0.
40,0.035,0.,0.035,0.02,0.,0.02,0.01,0.,0.01,0.007,0.,0.007,0.025,0.,0.025,0.,0.,0.,0.012,0.,0.012,0.,0.,0.
41,0.038,0.,0.038,0.022,0.,0.022,0.012,0.,0.012,0.008,0.,0.008,0.025,0.,0.025,0.,0.,0.,0.013,0.,0.013,0.,0.,0.
42,0.039,0.,0.039,0.022,0.,0.022,0.012,0.,0.012,0.008,0.,0.008,0.026,0.,0.026,0.,0.,0.,0.013,0.,0.013,0.,0.,0.
43,0.041,0.,0.041,0.025,0.003,0.021,0.013,0.,0.013,0.008,0.002,0.005,0.027,0.,0.027,0.,0.,0.,0.015,0.,0.015,0.,0.,0.
44,0.042,0.,0.042,0.027,0.,0.027,0.012,0.,0.012,0.011,0.,0.011,0.028,0.,0.028,0.,0.,0.,0.014,0.,0.014,0.,0.,0.
45,0.044,0.,0.044,0.035,0.,0.035,0.014,0.,0.014,0.012,0.,0.012,0.029,0.,0.029,0.,0.,0.,0.022,0.,0.022,0.,0.,0.
46,0.045,0.,0.045,0.032,0.,0.031,0.014,0.,0.014,0.009,0.,0.009,0.031,0.,0.031,0.,0.,0.,0.021,0.,0.021,0.,0.,0.
47,0.048,0.,0.048,0.03,0.,0.03,0.013,0.,0.013,0.01,0.,0.01,0.034,0.,0.034,0.,0.,0.,0.018,0.,0.018,0.,0.,0.
48,0.049,0.,0.049,0.028,0.,0.028,0.014,0.,0.014,0.01,0.,0.01,0.034,0.,0.034,0.,0.,0.,0.017,0.,0.017,0.,0.,0.
49,0.054,0.,0.054,0.04,0.,0.04,0.014,0.,0.014,0.02,0.,0.02,0.039,0.,0.039,0.,0.,0.,0.019,0.,0.019,0.,0.,0.
50,0.097,0.007,0.089,0.077,0.008,0.068,0.014,0.,0.014,0.011,0.,0.011,0.082,0.007,0.074,0.,0.,0.,0.065,0.008,0.057,0.,0.,0.
51,0.055,0.,0.055,0.037,0.,0.037,0.017,0.,0.017,0.011,0.,0.011,0.037,0.,0.037,0.,0.,0.,0.025,0.,0.025,0.,0.,0.
52,0.056,0.,0.056,0.034,0.,0.034,0.016,0.,0.016,0.012,0.,0.012,0.039,0.,0.039,0.,0.,0.,0.021,0.,0.021,0.,0.,0.
53,0.06,0.,0.06,0.035,0.,0.035,0.017,0.,0.017,0.012,0.,0.012,0.042,0.,0.042,0.,0.,0.,0.02,0.,0.02,0.001,0.,0.001
54,0.061,0.,0.061,0.037,0.,0.037,0.018,0.,0.018,0.014,0.,0.014,0.041,0.,0.041,0.,0.,0.,0.021,0.,0.021,0.,0.,0.
55,0.062,0.,0.062,0.037,0.,0.037,0.018,0.,0.018,0.014,0.,0.014,0.043,0.,0.043,0.,0.,0.,0.022,0.,0.022,0.,0.,0.
56,0.07,0.,0.07,0.04,0.,0.04,0.02,0.,0.02,0.016,0.,0.016,0.048,0.,0.048,0.,0.,0.,0.023,0.,0.023,0.,0.,0.
57,0.068,0.,0.068,0.04,0.,0.04,0.019,0.,0.019,0.015,0.,0.015,0.048,0.,0.048,0.,0.,0.,0.023,0.,0.023,0.,0.,0.
58,0.071,0.,0.071,0.043,0.,0.043,0.02,0.,0.02,0.017,0.,0.017,0.049,0.,0.049,0.,0.,0.,0.024,0.,0.024,0.,0.,0.
59,0.071,0.,0.071,0.042,0.,0.042,0.021,0.,0.021,0.015,0.,0.015,0.048,0.,0.048,0.,0.,0.,0.026,0.,0.026,0.,0.,0.
60,0.077,0.,0.077,0.047,0.,0.047,0.025,0.,0.025,0.016,0.,0.016,0.05,0.,0.05,0.,0.,0.,0.03,0.,0.03,0.,0.,0.
61,0.075,0.,0.075,0.045,0.,0.045,0.022,0.,0.022,0.016,0.,0.016,0.052,0.,0.052,0.,0.,0.,0.028,0.,0.028,0.,0.,0.
62,0.082,0.,0.082,0.048,0.,0.048,0.022,0.,0.022,0.016,0.,0.016,0.058,0.,0.058,0.,0.,0.,0.03,0.,0.03,0.,0.,0.
63,0.087,0.,0.087,0.047,0.,0.047,0.023,0.,0.023,0.018,0.,0.017,0.062,0.,0.062,0.,0.,0.,0.028,0.,0.028,0.,0.,0.
64,0.088,0.,0.088,0.049,0.,0.049,0.024,0.,0.024,0.017,0.,0.017,0.061,0.,0.061,0.002,0.,0.002,0.03,0.,0.03,0.,0.,0.
65,0.09,0.,0.09,0.053,0.,0.053,0.025,0.,0.025,0.018,0.,0.018,0.063,0.,0.063,0.,0.,0.,0.033,0.,0.033,0.,0.,0.
66,0.095,0.,0.095,0.052,0.,0.052,0.026,0.,0.026,0.02,0.,0.02,0.067,0.,0.067,0.,0.,0.,0.031,0.,0.031,0.,0.,0.
67,0.094,0.,0.094,0.054,0.,0.054,0.026,0.,0.026,0.019,0.,0.019,0.067,0.,0.067,0.,0.,0.,0.033,0.,0.033,0.,0.,0.
68,0.102,0.,0.101,0.058,0.,0.058,0.032,0.,0.032,0.02,0.,0.02,0.068,0.,0.068,0.,0.,0.,0.036,0.,0.036,0.,0.,0.
69,0.103,0.,0.102,0.057,0.,0.057,0.035,0.,0.035,0.021,0.,0.021,0.065,0.,0.065,0.,0.,0.,0.034,0.,0.034,0.,0.,0.
70,0.099,0.,0.099,0.058,0.,0.058,0.032,0.,0.032,0.021,0.,0.021,0.065,0.,0.065,0.,0.,0.,0.036,0.,0.035,0.,0.,0.
71,0.099,0.,0.099,0.067,0.,0.067,0.03,0.,0.03,0.025,0.,0.025,0.068,0.,0.068,0.,0.,0.,0.04,0.,0.04,0.,0.,0.
72,0.103,0.,0.103,0.067,0.,0.067,0.032,0.,0.032,0.023,0.,0.023,0.069,0.,0.069,0.,0.,0.,0.043,0.,0.043,0.,0.,0.
73,0.11,0.,0.11,0.063,0.,0.063,0.031,0.,0.031,0.023,0.,0.023,0.077,0.,0.077,0.,0.,0.,0.038,0.,0.038,0.,0.,0.
74,0.112,0.,0.112,0.065,0.,0.065,0.032,0.,0.032,0.024,0.,0.024,0.073,0.,0.073,0.,0.,0.,0.039,0.,0.039,0.,0.,0.
75,0.107,0.,0.107,0.067,0.,0.067,0.032,0.,0.032,0.025,0.,0.025,0.073,0.,0.073,0.,0.,0.,0.04,0.,0.04,0.,0.,0.
76,0.114,0.,0.114,0.071,0.,0.071,0.032,0.,0.032,0.025,0.,0.025,0.079,0.,0.079,0.,0.,0.,0.045,0.,0.045,0.,0.,0.
77,0.116,0.,0.116,0.086,0.,0.086,0.035,0.,0.035,0.025,0.,0.025,0.08,0.,0.08,0.,0.,0.,0.059,0.,0.059,0.,0.,0.
78,0.117,0.,0.117,0.078,0.,0.078,0.036,0.,0.036,0.027,0.,0.027,0.08,0.,0.08,0.,0.,0.,0.05,0.,0.05,0.,0.,0.
79,0.121,0.,0.121,0.076,0.,0.076,0.036,0.,0.036,0.028,0.,0.028,0.084,0.,0.084,0.,0.,0.,0.046,0.,0.046,0.,0.,0.
80,0.125,0.,0.125,0.079,0.,0.079,0.038,0.,0.038,0.029,0.,0.029,0.085,0.,0.085,0.,0.,0.,0.048,0.,0.048,0.,0.,0.
81,0.127,0.,0.127,0.08,0.,0.08,0.037,0.,0.037,0.029,0.,0.029,0.088,0.,0.088,0.,0.,0.,0.049,0.,0.049,0.,0.,0.
82,0.13,0.,0.13,0.081,0.,0.081,0.04,0.,0.04,0.03,0.,0.03,0.088,0.,0.088,0.,0.,0.,0.049,0.,0.049,0.,0.,0.
83,0.135,0.,0.135,0.084,0.,0.084,0.04,0.,0.04,0.031,0.,0.031,0.092,0.,0.092,0.,0.,0.,0.051,0.,0.051,0.,0.,0.
84,0.136,0.003,0.133,0.086,0.,0.086,0.041,0.,0.041,0.031,0.,0.031,0.092,0.003,0.089,0.,0.,0.,0.052,0.,0.052,0.,0.,0.
85,0.137,0.,0.137,0.088,0.,0.088,0.042,0.,0.042,0.032,0.,0.032,0.094,0.,0.094,0.,0.,0.,0.054,0.,0.054,0.,0.,0.
86,0.142,0.,0.142,0.091,0.,0.091,0.042,0.,0.042,0.031,0.,0.031,0.098,0.,0.098,0.,0.,0.,0.058,0.,0.058,0.,0.,0.
87,0.148,0.,0.148,0.095,0.,0.095,0.043,0.,0.043,0.032,0.,0.032,0.102,0.,0.102,0.,0.,0.,0.06,0.,0.06,0.,0.,0.
88,0.146,0.,0.146,0.089,0.,0.089,0.045,0.,0.045,0.032,0.,0.032,0.099,0.,0.099,0.,0.,0.,0.055,0.,0.055,0.,0.,0.
89,0.151,0.,0.151,0.091,0.,0.091,0.046,0.,0.046,0.033,0.,0.033,0.103,0.,0.103,0.,0.,0.,0.056,0.,0.056,0.,0.,0.
90,0.16,0.,0.16,0.093,0.,0.093,0.053,0.,0.053,0.034,0.,0.034,0.104,0.,0.104,0.,0.,0.,0.056,0.,0.056,0.,0.,0.
91,0.158,0.,0.158,0.095,0.,0.095,0.05,0.,0.05,0.036,0.,0.036,0.106,0.,0.106,0.,0.,0.,0.057,0.,0.057,0.,0.,0.
92,0.172,0.,0.172,0.098,0.,0.098,0.051,0.,0.051,0.036,0.,0.036,0.119,0.,0.119,0.,0.,0.,0.06,0.,0.06,0.,0.,0.
93,0.171,0.,0.171,0.099,0.,0.099,0.052,0.,0.052,0.036,0.,0.036,0.117,0.,0.117,0.,0.,0.,0.06,0.,0.06,0.,0.,0.
94,0.177,0.,0.177,0.101,0.,0.101,0.053,0.,0.053,0.038,0.,0.038,0.122,0.,0.122,0.,0.,0.,0.061,0.,0.061,0.,0.,0.
95,0.179,0.,0.179,0.105,0.,0.105,0.054,0.,0.054,0.038,0.,0.038,0.123,0.,0.123,0.,0.,0.,0.065,0.,0.065,0.,0.,0.
96,0.184,0.,0.184,0.105,0.,0.105,0.06,0.,0.06,0.039,0.,0.039,0.122,0.,0.122,0.,0.,0.,0.064,0.,0.064,0.,0.,0.
97,0.193,0.,0.193,0.108,0.003,0.104,0.067,0.,0.067,0.041,0.003,0.037,0.124,0.,0.124,0.,0.,0.,0.065,0.,0.065,0.,0.,0.
98,0.194,0.,0.194,0.112,0.,0.112,0.065,0.,0.065,0.04,0.,0.04,0.127,0.,0.127,0.,0.,0.,0.07,0.,0.07,0.,0.,0.
99,0.199,0.,0.199,0.112,0.,0.112,0.067,0.,0.067,0.041,0.,0.041,0.131,0.,0.131,0.,0.,0.,0.068,0.,0.068,0.,0.,0.
100,0.209,0.,0.209,0.121,0.,0.121,0.06,0.,0.06,0.044,0.,0.044,0.147,0.,0.147,0.,0.,0.,0.074,0.,0.074,0.001,0.,0.001
110,0.239,0.,0.239,0.14,0.,0.14,0.074,0.,0.074,0.053,0.,0.053,0.163,0.,0.163,0.001,0.,0.001,0.084,0.,0.084,0.001,0.,0.001
120,0.278,0.,0.278,0.167,0.,0.167,0.082,0.,0.082,0.063,0.,0.063,0.193,0.,0.193,0.001,0.,0.001,0.102,0.,0.102,0.001,0.,0.001
130,0.323,0.,0.323,0.198,0.,0.198,0.103,0.,0.103,0.077,0.,0.077,0.218,0.,0.218,0.001,0.,0.001,0.119,0.,0.119,0.001,0.,0.001
140,0.375,0.,0.375,0.236,0.,0.236,0.117,0.,0.117,0.094,0.,0.094,0.255,0.,0.255,0.001,0.,0.001,0.139,0.,0.139,0.001,0.,0.001
150,0.478,0.007,0.47,0.284,0.,0.284,0.15,0.003,0.147,0.112,0.,0.112,0.325,0.003,0.321,0.001,0.,0.001,0.169,0.,0.169,0.001,0.,0.001
160,0.484,0.,0.484,0.327,0.,0.327,0.146,0.,0.146,0.137,0.,0.137,0.335,0.,0.335,0.001,0.,0.001,0.187,0.,0.187,0.001,0.,0.001
170,0.572,0.,0.572,0.376,0.003,0.372,0.189,0.,0.189,0.154,0.,0.154,0.38,0.,0.38,0.002,0.,0.002,0.219,0.003,0.215,0.002,0.,0.002
180,0.679,0.,0.679,0.383,0.,0.383,0.213,0.,0.213,0.14,0.,0.14,0.463,0.,0.463,0.002,0.,0.002,0.239,0.,0.239,0.002,0.,0.002
190,0.695,0.,0.695,0.419,0.,0.419,0.209,0.,0.209,0.158,0.,0.158,0.482,0.,0.482,0.002,0.,0.002,0.258,0.,0.258,0.002,0.,0.002
200,0.797,0.007,0.789,0.513,0.,0.513,0.226,0.003,0.222,0.196,0.,0.196,0.567,0.003,0.563,0.002,0.,0.002,0.314,0.,0.314,0.002,0.,0.002
210,0.848,0.,0.848,0.537,0.007,0.529,0.248,0.,0.248,0.189,0.003,0.185,0.591,0.,0.591,0.007,0.,0.007,0.343,0.003,0.339,0.002,0.,0.002
220,0.985,0.,0.985,0.596,0.,0.596,0.306,0.,0.306,0.232,0.,0.232,0.675,0.,0.675,0.003,0.,0.003,0.359,0.,0.359,0.003,0.,0.003
230,1.098,0.003,1.094,0.677,0.,0.677,0.299,0.,0.299,0.247,0.,0.247,0.794,0.003,0.79,0.003,0.,0.003,0.426,0.,0.426,0.003,0.,0.003
240,1.131,0.,1.131,0.667,0.,0.667,0.329,0.,0.329,0.244,0.,0.244,0.796,0.,0.796,0.005,0.,0.005,0.418,0.,0.418,0.003,0.,0.003
250,1.333,0.02,1.313,0.74,0.003,0.736,0.39,0.004,0.386,0.261,0.,0.261,0.938,0.015,0.922,0.003,0.,0.003,0.474,0.003,0.47,0.003,0.,0.003
260,1.439,0.,1.439,0.788,0.,0.788,0.426,0.,0.426,0.281,0.,0.281,1.008,0.,1.008,0.004,0.,0.004,0.501,0.,0.501,0.004,0.,0.004
270,1.47,0.,1.47,0.944,0.,0.944,0.416,0.,0.416,0.339,0.,0.339,1.048,0.,1.048,0.004,0.,0.004,0.6,0.,0.6,0.004,0.,0.004
280,1.699,0.,1.698,0.956,0.,0.956,0.491,0.,0.491,0.332,0.,0.332,1.202,0.,1.2,0.004,0.,0.004,0.618,0.,0.618,0.004,0.,0.004
290,1.756,0.003,1.752,1.003,0.,1.003,0.477,0.,0.477,0.348,0.,0.348,1.272,0.003,1.268,0.004,0.,0.004,0.649,0.,0.649,0.004,0.,0.004
300,1.861,0.007,1.853,1.11,0.003,1.106,0.512,0.004,0.508,0.414,0.,0.414,1.343,0.003,1.339,0.005,0.,0.005,0.689,0.003,0.685,0.005,0.,0.005
310,2.066,0.,2.066,1.199,0.,1.199,0.602,0.,0.602,0.439,0.,0.439,1.457,0.,1.457,0.005,0.,0.005,0.754,0.,0.754,0.005,0.,0.005
320,2.133,0.,2.132,1.262,0.,1.262,0.582,0.,0.582,0.433,0.,0.433,1.543,0.,1.543,0.005,0.,0.005,0.821,0.,0.821,0.005,0.,0.005
330,2.267,0.007,2.259,1.314,0.,1.314,0.631,0.007,0.623,0.45,0.,0.45,1.629,0.,1.629,0.006,0.,0.006,0.856,0.,0.856,0.006,0.,0.006
340,2.462,0.,2.462,1.47,0.003,1.466,0.653,0.,0.653,0.486,0.003,0.482,1.801,0.,1.801,0.006,0.,0.006,0.976,0.,0.975,0.006,0.,0.006
350,2.702,0.007,2.694,1.583,0.015,1.567,0.744,0.004,0.74,0.506,0.,0.506,1.95,0.003,1.946,0.006,0.,0.006,1.069,0.015,1.053,0.006,0.,0.006
360,2.849,0.,2.849,1.62,0.,1.619,0.789,0.,0.789,0.558,0.,0.558,2.051,0.,2.051,0.006,0.,0.006,1.052,0.,1.052,0.007,0.,0.007
370,2.926,0.003,2.921,1.802,0.,1.802,0.763,0.003,0.759,0.565,0.,0.565,2.154,0.,2.154,0.007,0.,0.007,1.228,0.,1.228,0.007,0.,0.007
380,3.188,0.,3.188,1.802,0.,1.802,0.818,0.,0.818,0.619,0.,0.619,2.36,0.,2.36,0.007,0.,0.007,1.173,0.,1.173,0.007,0.,0.007
390,3.567,0.,3.567,1.916,0.,1.916,0.917,0.,0.917,0.63,0.,0.63,2.633,0.,2.632,0.015,0.,0.015,1.276,0.,1.276,0.008,0.,0.008
400,3.785,0.,3.785,2.133,0.02,2.113,0.958,0.,0.958,0.662,0.004,0.658,2.817,0.,2.817,0.008,0.,0.008,1.458,0.015,1.442,0.011,0.,0.011