param-n,pattern-regression-linear-real,pattern-regression-linear-sys,pattern-regression-linear-user
1,0.,0.,0.
2,0.,0.,0.
3,0.,0.,0.
4,0.,0.,0.
5,0.,0.,0.
6,0.,0.,0.
7,0.,0.,0.
8,0.001,0.,0.001
9,0.,0.,0.
10,0.,0.,0.
11,0.001,0.,0.001
12,0.,0.,0.
13,0.,0.,0.
14,0.,0.,0.
15,0.001,0.001,0.
16,0.,0.,0.
17,0.,0.,0.
18,0.,0.,0.
19,0.,0.,0.
20,0.001,0.001,0.
21,0.001,0.,0.001
22,0.001,0.,0.001
23,0.001,0.001,0.
24,0.001,0.001,0.
25,0.001,0.,0.
26,0.001,0.,0.001
27,0.001,0.,0.001
28,0.,0.,0.
29,0.001,0.,0.
30,0.001,0.,0.001
31,0.001,0.,0.001
32,0.001,0.001,0.
33,0.001,0.001,0.
34,0.001,0.,0.001
35,0.001,0.,0.001
36,0.001,0.,0.001
37,0.001,0.,0.
38,0.,0.,0.
39,0.,0.,0.
40,0.001,0.,0.001
41,0.001,0.,0.001
42,0.001,0.,0.001
43,0.001,0.,0.001
44,0.001,0.,0.001
45,0.001,0.,0.001
46,0.001,0.,0.001
47,0.001,0.,0.001
48,0.001,0.,0.001
49,0.001,0.,0.001
50,0.001,0.,0.001
51,0.001,0.,0.001
52,0.001,0.,0.001
53,0.001,0.,0.001
54,0.001,0.,0.001
55,0.001,0.,0.001
56,0.001,0.,0.001
57,0.001,0.,0.001
58,0.001,0.,0.001
59,0.001,0.,0.001
60,0.001,0.,0.001
61,0.001,0.,0.001
62,0.001,0.,0.001
63,0.001,0.,0.001
64,0.001,0.,0.001
65,0.001,0.,0.001
66,0.001,0.,0.001
67,0.001,0.,0.001
68,0.001,0.,0.001
69,0.001,0.,0.001
70,0.004,0.,0.004
71,0.001,0.,0.001
72,0.001,0.,0.001
73,0.001,0.,0.001
74,0.001,0.,0.001
75,0.001,0.,0.001
76,0.002,0.,0.002
77,0.001,0.,0.001
78,0.001,0.,0.001
79,0.001,0.,0.001
80,0.001,0.,0.001
81,0.001,0.,0.001
82,0.001,0.,0.001
83,0.002,0.,0.002
84,0.002,0.,0.002
85,0.001,0.,0.001
86,0.001,0.,0.001
87,0.001,0.,0.001
88,0.001,0.,0.001
89,0.002,0.,0.002
90,0.002,0.,0.002
91,0.002,0.,0.002
92,0.001,0.,0.001
93,0.002,0.,0.002
94,0.005,0.,0.005
95,0.002,0.,0.002
96,0.002,0.,0.002
97,0.002,0.,0.002
98,0.002,0.,0.002
99,0.002,0.,0.002
100,0.002,0.,0.002
101,0.001,0.,0.001
102,0.002,0.,0.002
103,0.002,0.,0.002
104,0.002,0.,0.002
105,0.002,0.,0.002
106,0.002,0.,0.002
107,0.002,0.,0.002
108,0.002,0.,0.002
109,0.002,0.,0.002
110,0.002,0.,0.002
111,0.002,0.,0.002
112,0.002,0.,0.002
113,0.012,0.,0.012
114,0.002,0.,0.002
115,0.002,0.,0.002
116,0.002,0.,0.002
117,0.002,0.,0.002
118,0.007,0.,0.007
119,0.002,0.,0.002
120,0.002,0.,0.002
121,0.002,0.,0.002
122,0.002,0.,0.002
123,0.002,0.,0.002
124,0.002,0.,0.002
125,0.002,0.,0.002
126,0.003,0.,0.003
127,0.003,0.,0.003
128,0.002,0.,0.002
129,0.002,0.,0.002
130,0.01,0.,0.01
131,0.003,0.,0.003
132,0.002,0.,0.002
133,0.002,0.,0.002
134,0.002,0.,0.002
135,0.002,0.,0.002
136,0.003,0.,0.003
137,0.002,0.,0.002
138,0.002,0.,0.002
139,0.002,0.,0.002
140,0.003,0.,0.003
141,0.003,0.,0.003
142,0.002,0.,0.002
143,0.007,0.,0.007
144,0.003,0.,0.003
145,0.003,0.,0.003
146,0.003,0.,0.003
147,0.003,0.,0.003
148,0.003,0.,0.003
149,0.002,0.,0.002
150,0.003,0.,0.003
151,0.002,0.,0.002
152,0.003,0.,0.003
153,0.003,0.,0.003
154,0.003,0.,0.003
155,0.003,0.,0.003
156,0.003,0.,0.003
157,0.003,0.,0.003
158,0.009,0.,0.009
159,0.003,0.,0.003
160,0.003,0.,0.003
161,0.003,0.,0.003
162,0.003,0.,0.003
163,0.003,0.,0.003
164,0.003,0.,0.003
165,0.003,0.,0.003
166,0.003,0.,0.003
167,0.004,0.,0.004
168,0.003,0.,0.003
169,0.003,0.,0.003
170,0.003,0.,0.003
171,0.005,0.,0.005
172,0.003,0.,0.003
173,0.003,0.,0.003
174,0.003,0.,0.003
175,0.004,0.,0.004
176,0.003,0.,0.003
177,0.003,0.,0.003
178,0.003,0.,0.003
179,0.003,0.,0.003
180,0.003,0.,0.003
181,0.003,0.,0.003
182,0.004,0.,0.004
183,0.004,0.,0.004
184,0.003,0.,0.003
185,0.003,0.,0.003
186,0.003,0.,0.003
187,0.003,0.,0.003
188,0.004,0.,0.004
189,0.005,0.,0.005
190,0.004,0.,0.004
191,0.004,0.,0.004
192,0.004,0.,0.004
193,0.004,0.,0.004
194,0.005,0.,0.005
195,0.003,0.,0.003
196,0.006,0.,0.006
197,0.004,0.,0.004
198,0.003,0.,0.003
199,0.004,0.,0.004
200,0.004,0.,0.004
201,0.004,0.,0.004
202,0.004,0.,0.004
203,0.004,0.,0.004
204,0.008,0.,0.008
205,0.004,0.,0.004
206,0.004,0.,0.004
207,0.004,0.,0.004
208,0.003,0.,0.003
209,0.005,0.,0.005
210,0.004,0.,0.004
211,0.004,0.,0.004
212,0.004,0.,0.004
213,0.004,0.,0.004
214,0.006,0.,0.006
215,0.005,0.,0.005
216,0.004,0.,0.004
217,0.004,0.,0.004
218,0.004,0.,0.004
219,0.004,0.,0.004
220,0.004,0.,0.004
221,0.004,0.,0.004
222,0.005,0.,0.005
223,0.004,0.,0.004
224,0.008,0.,0.008
225,0.004,0.,0.004
226,0.004,0.,0.004
227,0.004,0.,0.004
228,0.004,0.,0.004
229,0.006,0.,0.006
230,0.005,0.,0.005
231,0.005,0.,0.005
232,0.008,0.,0.008
233,0.006,0.,0.006
234,0.005,0.,0.005
235,0.004,0.,0.004
236,0.004,0.,0.004
237,0.004,0.,0.004
238,0.004,0.,0.004
239,0.005,0.,0.005
240,0.004,0.,0.004
241,0.005,0.,0.005
242,0.008,0.,0.008
243,0.004,0.,0.004
244,0.004,0.,0.004
245,0.005,0.,0.005
246,0.006,0.,0.006
247,0.005,0.,0.005
248,0.005,0.,0.005
249,0.004,0.,0.004
250,0.004,0.,0.004
251,0.006,0.,0.006
252,0.005,0.,0.005
253,0.005,0.,0.005
254,0.004,0.,0.004
255,0.005,0.,0.005
256,0.005,0.,0.005
257,0.004,0.,0.004
258,0.005,0.,0.005
259,0.008,0.,0.008
260,0.005,0.,0.005
261,0.005,0.,0.005
262,0.005,0.,0.005
263,0.006,0.,0.006
264,0.005,0.,0.005
265,0.005,0.,0.005
266,0.005,0.,0.005
267,0.006,0.,0.006
268,0.005,0.,0.005
269,0.005,0.,0.005
270,0.005,0.,0.005
271,0.005,0.,0.005
272,0.005,0.,0.005
273,0.005,0.,0.005
274,0.005,0.,0.005
275,0.01,0.,0.01
276,0.005,0.,0.005
277,0.005,0.,0.005
278,0.005,0.,0.005
279,0.005,0.,0.005
280,0.006,0.,0.006
281,0.006,0.,0.006
282,0.005,0.,0.005
283,0.005,0.,0.005
284,0.005,0.,0.005
285,0.005,0.,0.005
286,0.006,0.,0.006
287,0.006,0.,0.006
288,0.006,0.,0.006
289,0.006,0.,0.006
290,0.01,0.,0.01
291,0.006,0.,0.006
292,0.01,0.,0.01
293,0.007,0.,0.007
294,0.005,0.,0.005
295,0.007,0.,0.007
296,0.007,0.,0.007
297,0.008,0.,0.008
298,0.006,0.,0.006
299,0.006,0.,0.006
300,0.006,0.,0.006
301,0.006,0.,0.006
302,0.006,0.,0.006
303,0.006,0.,0.006
304,0.01,0.,0.01
305,0.006,0.,0.006
306,0.006,0.,0.006
307,0.006,0.,0.006
308,0.006,0.,0.006
309,0.006,0.,0.006
310,0.006,0.,0.006
311,0.008,0.,0.008
312,0.006,0.,0.006
313,0.006,0.,0.006
314,0.006,0.,0.006
315,0.006,0.,0.006
316,0.006,0.,0.006
317,0.006,0.,0.006
318,0.011,0.,0.011
319,0.006,0.,0.006
320,0.006,0.,0.006
321,0.006,0.,0.006
322,0.006,0.,0.006
323,0.006,0.,0.006
324,0.006,0.,0.006
325,0.008,0.,0.008
326,0.006,0.,0.006
327,0.006,0.,0.006
328,0.006,0.,0.006
329,0.006,0.,0.006
330,0.006,0.,0.006
331,0.01,0.,0.01
332,0.006,0.,0.006
333,0.007,0.,0.007
334,0.007,0.,0.007
335,0.009,0.,0.009
336,0.007,0.,0.007
337,0.007,0.,0.007
338,0.009,0.,0.009
339,0.006,0.,0.006
340,0.007,0.,0.007
341,0.006,0.,0.006
342,0.006,0.,0.006
343,0.006,0.,0.006
344,0.01,0.,0.01
345,0.006,0.,0.006
346,0.007,0.,0.007
347,0.006,0.,0.006
348,0.006,0.,0.006
349,0.007,0.,0.007
350,0.009,0.,0.009
351,0.007,0.,0.007
352,0.006,0.,0.006
353,0.006,0.,0.006
354,0.007,0.,0.007
355,0.007,0.,0.007
356,0.012,0.,0.012
357,0.007,0.,0.007
358,0.007,0.,0.007
359,0.007,0.,0.007
360,0.007,0.,0.007
361,0.008,0.,0.008
362,0.009,0.,0.009
363,0.012,0.,0.012
364,0.008,0.,0.008
365,0.008,0.,0.008
366,0.008,0.,0.008
367,0.008,0.,0.008
368,0.01,0.,0.01
369,0.008,0.,0.008
370,0.007,0.,0.007
371,0.007,0.,0.007
372,0.008,0.,0.008
373,0.007,0.,0.007
374,0.008,0.,0.008
375,0.008,0.,0.008
376,0.007,0.,0.007
377,0.008,0.,0.008
378,0.007,0.,0.007
379,0.008,0.,0.008
380,0.012,0.,0.012
381,0.009,0.,0.009
382,0.009,0.,0.009
383,0.008,0.,0.008
384,0.008,0.,0.008
385,0.007,0.,0.007
386,0.007,0.,0.007
387,0.008,0.,0.008
388,0.007,0.002,0.005
389,0.008,0.,0.008
390,0.008,0.,0.008
391,0.01,0.,0.01
392,0.007,0.,0.007
393,0.008,0.,0.008
394,0.008,0.,0.008
395,0.008,0.,0.008
396,0.008,0.,0.008
397,0.008,0.,0.008
398,0.009,0.,0.009
399,0.007,0.,0.007
400,0.007,0.,0.007
401,0.008,0.,0.008
402,0.012,0.001,0.01
403,0.007,0.,0.007
404,0.007,0.,0.007
405,0.008,0.,0.008
406,0.008,0.,0.008
407,0.01,0.,0.01
408,0.007,0.,0.007
409,0.007,0.,0.007
410,0.007,0.,0.007
411,0.007,0.,0.007
412,0.008,0.,0.008
413,0.013,0.,0.013
414,0.008,0.,0.008
415,0.008,0.,0.008
416,0.008,0.,0.008
417,0.008,0.,0.008
418,0.009,0.,0.009
419,0.008,0.,0.008
420,0.008,0.,0.008
421,0.008,0.,0.008
422,0.008,0.,0.008
423,0.012,0.,0.012
424,0.008,0.,0.008
425,0.008,0.,0.008
426,0.008,0.,0.008
427,0.008,0.,0.008
428,0.009,0.,0.009
429,0.008,0.,0.008
430,0.008,0.,0.008
431,0.009,0.,0.009
432,0.008,0.,0.008
433,0.011,0.,0.011
434,0.008,0.,0.008
435,0.009,0.,0.009
436,0.008,0.,0.008
437,0.01,0.,0.01
438,0.013,0.,0.013
439,0.008,0.,0.008
440,0.008,0.,0.008
441,0.008,0.,0.008
442,0.009,0.,0.009
443,0.012,0.,0.012
444,0.008,0.,0.008
445,0.008,0.,0.008
446,0.009,0.,0.009
447,0.009,0.,0.009
448,0.012,0.,0.012
449,0.009,0.,0.009
450,0.009,0.,0.009
451,0.009,0.,0.009
452,0.009,0.001,0.008
453,0.014,0.,0.014
454,0.009,0.,0.009
455,0.009,0.,0.009
456,0.01,0.,0.01
457,0.009,0.,0.009
458,0.009,0.,0.009
459,0.009,0.,0.009
460,0.009,0.,0.009
461,0.009,0.,0.009
462,0.011,0.,0.011
463,0.008,0.,0.008
464,0.009,0.,0.009
465,0.008,0.,0.008
466,0.01,0.,0.01
467,0.01,0.,0.01
468,0.009,0.,0.009
469,0.009,0.,0.009
470,0.009,0.,0.009
471,0.01,0.,0.01
472,0.01,0.,0.01
473,0.009,0.,0.009
474,0.008,0.,0.008
475,0.01,0.,0.01
476,0.013,0.,0.013
477,0.01,0.,0.01
478,0.009,0.,0.009
479,0.009,0.,0.009
480,0.01,0.,0.01
481,0.014,0.,0.014
482,0.01,0.,0.01
483,0.01,0.,0.01
484,0.01,0.,0.01
485,0.012,0.,0.012
486,0.009,0.,0.009
487,0.015,0.,0.015
488,0.011,0.,0.011
489,0.01,0.,0.01
490,0.014,0.,0.014
491,0.009,0.,0.009
492,0.01,0.,0.01
493,0.011,0.,0.011
494,0.011,0.,0.011
495,0.009,0.,0.009
496,0.011,0.,0.011
497,0.014,0.,0.014
498,0.014,0.,0.014
499,0.01,0.,0.01
500,0.01,0.,0.01
600,0.02,0.008,0.012
800,0.083,0.011,0.071
1000,0.02,0.,0.02
1200,0.028,0.,0.028
1400,0.027,0.,0.027
1600,0.038,0.,0.038
1800,0.041,0.,0.041
2000,0.055,0.,0.055
2200,0.054,0.,0.054
2400,0.071,0.,0.071
2600,0.063,0.,0.063
2800,0.076,0.,0.076
3000,0.084,0.003,0.081
3200,0.077,0.,0.077
3400,0.093,0.,0.093
3600,0.098,0.,0.098
3800,0.096,0.007,0.089
4000,0.117,0.,0.117
4200,0.11,0.,0.11
4400,0.117,0.,0.117
4600,0.123,0.003,0.119
4800,0.123,0.004,0.119
5000,0.135,0.,0.135
5200,0.131,0.,0.13
5400,0.155,0.003,0.151
5600,0.154,0.,0.153
5800,0.162,0.003,0.158
6000,0.148,0.,0.148
6200,0.141,0.,0.141
6400,0.141,0.,0.141
6600,0.151,0.,0.151
6800,0.165,0.,0.165
7000,0.161,0.,0.161
7200,0.163,0.,0.163
7400,0.176,0.,0.176
7600,0.187,0.,0.187
7800,0.217,0.,0.217
8000,0.212,0.,0.212
8200,0.219,0.,0.219
8400,0.236,0.,0.236
8600,0.238,0.,0.238
8800,0.237,0.,0.237
9000,0.239,0.,0.239
9200,0.236,0.,0.236
9400,0.234,0.,0.234
9600,0.236,0.,0.236
9800,0.239,0.,0.239
10000,0.227,0.,0.227
10200,0.236,0.,0.236
10400,0.266,0.,0.266
10600,0.273,0.,0.273
10800,0.285,0.,0.285
11000,0.293,0.,0.293
11200,0.315,0.,0.315
11400,0.31,0.,0.31
11600,0.33,0.,0.33
11800,0.331,0.,0.331
12000,0.342,0.,0.341
12200,0.349,0.,0.349
12400,0.338,0.,0.338
12600,0.342,0.,0.342
12800,0.355,0.,0.355
13000,0.384,0.,0.384
13200,0.414,0.,0.414
13400,0.411,0.,0.411
13600,0.416,0.,0.415
13800,0.433,0.,0.433
14000,0.444,0.,0.444
14200,0.454,0.,0.454
14400,0.479,0.,0.479
14600,0.48,0.,0.48
14800,0.496,0.,0.496
15000,0.521,0.,0.521
15200,0.515,0.,0.515
15400,0.507,0.,0.507
15600,0.567,0.,0.567
15800,0.585,0.,0.585
16000,0.588,0.,0.588
16200,0.61,0.,0.61
16400,0.594,0.,0.594
16600,0.633,0.007,0.622
16800,0.646,0.004,0.64
17000,0.638,0.,0.638
17200,0.662,0.,0.661
17400,0.648,0.003,0.644
17600,0.633,0.,0.633
17800,0.65,0.,0.65
18000,0.625,0.,0.625
18200,0.678,0.,0.678
18400,0.662,0.,0.662
18600,0.666,0.,0.666
18800,0.649,0.,0.648
19000,0.643,0.,0.642
19200,0.64,0.,0.64
19400,0.628,0.,0.628
19600,0.58,0.,0.576
19800,0.581,0.,0.581
20000,0.576,0.,0.576