param-n,actual-reif-for-QuoteFlat-with-big-flat-real,actual-reif-for-QuoteFlat-with-big-flat-sys,actual-reif-for-QuoteFlat-with-big-flat-user,cbv-for-QuoteFlat-with-big-flat-real,cbv-for-QuoteFlat-with-big-flat-sys,cbv-for-QuoteFlat-with-big-flat-user,eval-lazy-for-QuoteFlat-with-big-flat-real,eval-lazy-for-QuoteFlat-with-big-flat-sys,eval-lazy-for-QuoteFlat-with-big-flat-user,lazy-beta-iota-for-QuoteFlat-with-big-flat-real,lazy-beta-iota-for-QuoteFlat-with-big-flat-sys,lazy-beta-iota-for-QuoteFlat-with-big-flat-user,norm-reif-for-QuoteFlat-with-big-flat-real,norm-reif-for-QuoteFlat-with-big-flat-sys,norm-reif-for-QuoteFlat-with-big-flat-user,post-for-QuoteFlat-with-big-flat-real,post-for-QuoteFlat-with-big-flat-sys,post-for-QuoteFlat-with-big-flat-user,pre-for-QuoteFlat-with-big-flat-real,pre-for-QuoteFlat-with-big-flat-sys,pre-for-QuoteFlat-with-big-flat-user,reif-for-QuoteFlat-with-big-flat-real,reif-for-QuoteFlat-with-big-flat-sys,reif-for-QuoteFlat-with-big-flat-user,transitivity-(Denote-rv)-for-QuoteFlat-with-big-flat-real,transitivity-(Denote-rv)-for-QuoteFlat-with-big-flat-sys,transitivity-(Denote-rv)-for-QuoteFlat-with-big-flat-user
1,0.,0.,0.,0.,0.,0.,0.,0.,0.,0.,0.,0.,0.,0.,0.,0.,0.,0.,0.,0.,0.,0.,0.,0.,0.,0.,0.
2,0.,0.,0.,0.,0.,0.,0.,0.,0.,0.,0.,0.,0.,0.,0.,0.,0.,0.,0.,0.,0.,0.,0.,0.,0.,0.,0.
3,0.,0.,0.,0.,0.,0.,0.,0.,0.,0.,0.,0.,0.,0.,0.,0.,0.,0.,0.,0.,0.,0.,0.,0.,0.,0.,0.
4,0.,0.,0.,0.,0.,0.,0.,0.,0.,0.,0.,0.,0.,0.,0.,0.,0.,0.,0.,0.,0.,0.,0.,0.,0.,0.,0.
5,0.,0.,0.,0.,0.,0.,0.,0.,0.,0.,0.,0.,0.,0.,0.,0.,0.,0.,0.,0.,0.,0.001,0.001,0.,,,
6,0.,0.,0.,0.,0.,0.,0.,0.,0.,0.,0.,0.,0.,0.,0.,0.,0.,0.,0.,0.,0.,0.,0.,0.,,,
7,0.,0.,0.,0.,0.,0.,0.,0.,0.,0.,0.,0.,0.,0.,0.,0.,0.,0.,0.,0.,0.,0.,0.,0.,,,
8,0.,0.,0.,0.,0.,0.,0.,0.,0.,0.,0.,0.,0.,0.,0.,0.,0.,0.,0.,0.,0.,0.,0.,0.,,,
9,0.,0.,0.,0.,0.,0.,0.,0.,0.,0.,0.,0.,0.,0.,0.,0.,0.,0.,0.,0.,0.,0.,0.,0.,,,
10,0.,0.,0.,0.,0.,0.,0.,0.,0.,0.,0.,0.,0.,0.,0.,0.,0.,0.,0.,0.,0.,0.,0.,0.,,,
11,0.,0.,0.,0.,0.,0.,0.,0.,0.,0.,0.,0.,0.,0.,0.,0.,0.,0.,0.,0.,0.,0.,0.,0.,,,
12,0.,0.,0.,0.,0.,0.,0.,0.,0.,0.,0.,0.,0.,0.,0.,0.,0.,0.,0.,0.,0.,0.,0.,0.,,,
13,0.,0.,0.,0.,0.,0.,0.,0.,0.,0.,0.,0.,0.,0.,0.,0.,0.,0.,0.,0.,0.,0.,0.,0.,,,
14,0.,0.,0.,0.,0.,0.,0.,0.,0.,0.,0.,0.,0.,0.,0.,0.,0.,0.,0.,0.,0.,0.,0.,0.,,,
15,0.,0.,0.,0.,0.,0.,0.,0.,0.,0.,0.,0.,0.,0.,0.,0.,0.,0.,0.,0.,0.,0.,0.,0.,,,
16,0.,0.,0.,0.,0.,0.,0.,0.,0.,0.,0.,0.,0.,0.,0.,0.,0.,0.,0.,0.,0.,0.,0.,0.,,,
17,0.,0.,0.,0.,0.,0.,0.,0.,0.,0.,0.,0.,0.,0.,0.,0.,0.,0.,0.,0.,0.,0.001,0.,0.001,,,
18,0.,0.,0.,0.,0.,0.,0.,0.,0.,0.,0.,0.,0.,0.,0.,0.,0.,0.,0.,0.,0.,0.,0.,0.,,,
19,0.,0.,0.,0.,0.,0.,0.,0.,0.,0.,0.,0.,0.,0.,0.,0.,0.,0.,0.,0.,0.,0.001,0.,0.,,,
20,0.,0.,0.,0.,0.,0.,0.,0.,0.,0.,0.,0.,0.,0.,0.,0.,0.,0.,0.,0.,0.,0.001,0.001,0.,,,
21,0.,0.,0.,0.,0.,0.,0.,0.,0.,0.,0.,0.,0.,0.,0.,0.,0.,0.,0.,0.,0.,0.,0.001,0.,,,
22,0.,0.,0.,0.,0.,0.,0.,0.,0.,0.,0.,0.,0.,0.,0.,0.,0.,0.,0.,0.,0.,0.001,0.,0.001,,,
23,0.,0.,0.,0.,0.,0.,0.,0.,0.,0.,0.,0.,0.,0.,0.,0.,0.,0.,0.,0.,0.,0.001,0.,0.001,,,
24,0.,0.,0.,0.,0.,0.,0.,0.,0.,0.,0.,0.,0.,0.,0.,0.,0.,0.,0.,0.,0.,0.001,0.,0.,,,
25,0.,0.,0.,0.,0.,0.,0.,0.,0.,0.,0.,0.,0.,0.,0.,0.,0.,0.,0.,0.,0.,0.001,0.,0.001,,,
26,0.,0.,0.,0.,0.,0.,0.,0.,0.,0.,0.,0.,0.,0.,0.,0.,0.,0.,0.,0.,0.,0.001,0.,0.001,,,
27,0.,0.,0.,0.,0.,0.,0.,0.,0.,0.,0.,0.,0.,0.,0.,0.,0.,0.,0.,0.,0.,0.001,0.,0.001,,,
28,0.,0.,0.,0.,0.,0.,0.,0.,0.,0.,0.,0.,0.,0.,0.,0.,0.,0.,0.,0.,0.,0.001,0.,0.001,,,
29,0.,0.,0.,0.,0.,0.,0.,0.,0.,0.,0.,0.,0.,0.,0.,0.,0.,0.,0.,0.,0.,0.001,0.,0.,,,
30,0.,0.,0.,0.,0.,0.,0.,0.,0.,0.,0.,0.,0.,0.,0.,0.,0.,0.,0.,0.,0.,0.001,0.001,0.,,,
31,0.,0.,0.,0.,0.,0.,0.,0.,0.,0.,0.,0.,0.,0.,0.,0.,0.,0.,0.,0.,0.,0.,0.,0.,,,
32,0.,0.,0.,0.,0.,0.,0.,0.,0.,0.,0.,0.,0.,0.,0.,0.,0.,0.,0.,0.,0.,0.,0.,0.,,,
33,0.,0.,0.,0.,0.,0.,0.,0.,0.,0.,0.,0.,0.,0.,0.,0.,0.,0.,0.,0.,0.,0.,0.,0.,,,
34,0.,0.,0.,0.,0.,0.,0.,0.,0.,0.,0.,0.,0.,0.,0.,0.,0.,0.,0.,0.,0.,0.,0.,0.,,,
35,0.,0.,0.,0.,0.,0.,0.,0.,0.,0.,0.,0.,0.,0.,0.,0.,0.,0.,0.,0.,0.,0.001,0.001,0.,,,
36,0.,0.,0.,0.,0.,0.,0.051,0.007,0.043,0.,0.,0.,0.051,0.007,0.043,0.,0.,0.,0.,0.,0.,0.051,0.007,0.043,,,
37,0.,0.,0.,0.,0.,0.,0.,0.,0.,0.,0.,0.,0.,0.,0.,0.,0.,0.,0.,0.,0.,0.,0.,0.,,,
38,0.,0.,0.,0.,0.,0.,0.,0.,0.,0.,0.,0.,0.,0.,0.,0.,0.,0.,0.,0.,0.,0.,0.,0.,,,
39,0.,0.,0.,0.,0.,0.,0.,0.,0.,0.,0.,0.,0.,0.,0.,0.,0.,0.,0.,0.,0.,0.,0.,0.,,,
40,0.,0.,0.,0.,0.,0.,0.,0.,0.,0.,0.,0.,0.,0.,0.,0.,0.,0.,0.,0.,0.,0.,0.,0.,,,
41,0.,0.,0.,0.,0.,0.,0.,0.,0.,0.,0.,0.,0.,0.,0.,0.,0.,0.,0.,0.,0.,0.,0.,0.,,,
42,0.,0.,0.,0.,0.,0.,0.,0.,0.,0.,0.,0.,0.,0.,0.,0.,0.,0.,0.,0.,0.,0.,0.,0.,,,
43,0.,0.,0.,0.,0.,0.,0.,0.,0.,0.,0.,0.,0.,0.,0.,0.,0.,0.,0.,0.,0.,0.,0.,0.,,,
44,0.,0.,0.,0.,0.,0.,0.,0.,0.,0.,0.,0.,0.,0.,0.,0.,0.,0.,0.,0.,0.,0.,0.,0.,,,
45,0.,0.,0.,0.,0.,0.,0.,0.,0.,0.,0.,0.,0.,0.,0.,0.,0.,0.,0.,0.,0.,0.,0.,0.,,,
46,0.,0.,0.,0.,0.,0.,0.,0.,0.,0.,0.,0.,0.,0.,0.,0.,0.,0.,0.,0.,0.,0.,0.,0.,,,
47,0.,0.,0.,0.,0.,0.,0.,0.,0.,0.,0.,0.,0.,0.,0.,0.,0.,0.,0.,0.,0.,0.,0.,0.,,,
48,0.,0.,0.,0.,0.,0.,0.,0.,0.,0.,0.,0.,0.,0.,0.,0.,0.,0.,0.,0.,0.,0.,0.,0.,,,
49,0.,0.,0.,0.,0.,0.,0.,0.,0.,0.,0.,0.,0.,0.,0.,0.,0.,0.,0.,0.,0.,0.,0.,0.,,,
50,0.,0.,0.,0.,0.,0.,0.,0.,0.,0.,0.,0.,0.,0.,0.,0.,0.,0.,0.,0.,0.,0.,0.,0.,,,
51,0.,0.,0.,0.,0.,0.,0.,0.,0.,0.,0.,0.,0.,0.,0.,0.,0.,0.,0.,0.,0.,0.,0.,0.,,,
52,0.,0.,0.,0.,0.,0.,0.,0.,0.,0.,0.,0.,0.,0.,0.,0.,0.,0.,0.,0.,0.,0.,0.,0.,,,
53,0.,0.,0.,0.,0.,0.,0.,0.,0.,0.,0.,0.,0.,0.,0.,0.,0.,0.,0.,0.,0.,0.,0.,0.,,,
54,0.,0.,0.,0.,0.,0.,0.,0.,0.,0.,0.,0.,0.,0.,0.,0.,0.,0.,0.,0.,0.,0.,0.,0.,,,
55,0.,0.,0.,0.,0.,0.,0.,0.,0.,0.,0.,0.,0.,0.,0.,0.,0.,0.,0.,0.,0.,0.,0.,0.,,,
56,0.,0.,0.,0.,0.,0.,0.,0.,0.,0.,0.,0.,0.,0.,0.,0.,0.,0.,0.,0.,0.,0.,0.,0.,,,
57,0.,0.,0.,0.,0.,0.,0.,0.,0.,0.,0.,0.,0.,0.,0.,0.,0.,0.,0.,0.,0.,0.,0.,0.,,,
58,0.,0.,0.,0.,0.,0.,0.,0.,0.,0.,0.,0.,0.,0.,0.,0.,0.,0.,0.,0.,0.,0.,0.,0.,,,
59,0.,0.,0.,0.,0.,0.,0.,0.,0.,0.,0.,0.,0.,0.,0.,0.,0.,0.,0.,0.,0.,0.,0.,0.,,,
60,0.,0.,0.,0.,0.,0.,0.,0.,0.,0.,0.,0.,0.,0.,0.,0.,0.,0.,0.,0.,0.,0.,0.,0.,,,
61,0.,0.,0.,0.,0.,0.,0.,0.,0.,0.,0.,0.,0.,0.,0.,0.,0.,0.,0.,0.,0.,0.,0.,0.,,,
62,0.,0.,0.,0.,0.,0.,0.,0.,0.,0.,0.,0.,0.,0.,0.,0.,0.,0.,0.,0.,0.,0.,0.,0.,,,
63,0.,0.,0.,0.,0.,0.,0.,0.,0.,0.,0.,0.,0.,0.,0.,0.,0.,0.,0.,0.,0.,0.,0.,0.,,,
64,0.,0.,0.,0.,0.,0.,0.,0.,0.,0.,0.,0.,0.,0.,0.,0.,0.,0.,0.,0.,0.,0.,0.,0.,,,
65,0.,0.,0.,0.,0.,0.,0.,0.,0.,0.,0.,0.,0.,0.,0.,0.,0.,0.,0.,0.,0.,0.,0.,0.,,,
66,0.,0.,0.,0.,0.,0.,0.,0.,0.,0.,0.,0.,0.,0.,0.,0.,0.,0.,0.,0.,0.,0.,0.,0.,,,
67,0.,0.,0.,0.,0.,0.,0.,0.,0.,0.,0.,0.,0.,0.,0.,0.,0.,0.,0.,0.,0.,0.,0.,0.,,,
68,0.,0.,0.,0.,0.,0.,0.,0.,0.,0.,0.,0.,0.,0.,0.,0.,0.,0.,0.,0.,0.,0.,0.,0.,,,
69,0.,0.,0.,0.,0.,0.,0.,0.,0.,0.,0.,0.,0.,0.,0.,0.,0.,0.,0.,0.,0.,0.,0.,0.,,,
70,0.,0.,0.,0.,0.,0.,0.,0.,0.,0.,0.,0.,0.,0.,0.,0.,0.,0.,0.,0.,0.,0.,0.,0.,,,
71,0.,0.,0.,0.,0.,0.,0.,0.,0.,0.,0.,0.,0.,0.,0.,0.,0.,0.,0.,0.,0.,0.,0.,0.,,,
72,0.,0.,0.,0.,0.,0.,0.,0.,0.,0.,0.,0.,0.,0.,0.,0.,0.,0.,0.,0.,0.,0.,0.,0.,,,
73,0.,0.,0.,0.,0.,0.,0.,0.,0.,0.,0.,0.,0.,0.,0.,0.,0.,0.,0.,0.,0.,0.,0.,0.,,,
74,0.,0.,0.,0.,0.,0.,0.,0.,0.,0.,0.,0.,0.,0.,0.,0.,0.,0.,0.,0.,0.,0.,0.,0.,,,
75,0.,0.,0.,0.,0.,0.,0.,0.,0.,0.,0.,0.,0.,0.,0.,0.,0.,0.,0.,0.,0.,0.,0.,0.,,,
76,0.,0.,0.,0.,0.,0.,0.,0.,0.,0.,0.,0.,0.,0.,0.,0.,0.,0.,0.,0.,0.,0.,0.,0.,,,
77,0.,0.,0.,0.,0.,0.,0.,0.,0.,0.,0.,0.,0.,0.,0.,0.,0.,0.,0.,0.,0.,0.,0.,0.,,,
78,0.,0.,0.,0.,0.,0.,0.,0.,0.,0.,0.,0.,0.,0.,0.,0.,0.,0.,0.,0.,0.,0.,0.,0.,,,
79,0.,0.,0.,0.004,0.,0.004,0.,0.,0.,0.,0.,0.,0.,0.,0.,0.,0.,0.,0.,0.,0.,0.,0.,0.,,,
80,0.,0.,0.,0.,0.,0.,0.,0.,0.,0.,0.,0.,0.,0.,0.,0.,0.,0.,0.,0.,0.,0.,0.,0.,,,
81,0.,0.,0.,0.,0.,0.,0.,0.,0.,0.,0.,0.,0.,0.,0.,0.,0.,0.,0.,0.,0.,0.,0.,0.,,,
82,0.,0.,0.,0.,0.,0.,0.,0.,0.,0.,0.,0.,0.,0.,0.,0.,0.,0.,0.,0.,0.,0.,0.,0.,,,
83,0.,0.,0.,0.,0.,0.,0.,0.,0.,0.,0.,0.,0.,0.,0.,0.,0.,0.,0.,0.,0.,0.,0.,0.,,,
84,0.,0.,0.,0.,0.,0.,0.,0.,0.,0.,0.,0.,0.,0.,0.,0.,0.,0.,0.,0.,0.,0.,0.,0.,,,
85,0.,0.,0.,0.,0.,0.,0.,0.,0.,0.,0.,0.,0.,0.,0.,0.,0.,0.,0.,0.,0.,0.,0.,0.,,,
86,0.,0.,0.,0.,0.,0.,0.,0.,0.,0.,0.,0.,0.,0.,0.,0.,0.,0.,0.,0.,0.,0.,0.,0.,,,
87,0.,0.,0.,0.,0.,0.,0.,0.,0.,0.,0.,0.,0.,0.,0.,0.,0.,0.,0.,0.,0.,0.,0.,0.,,,
88,0.,0.,0.,0.,0.,0.,0.,0.,0.,0.,0.,0.,0.,0.,0.,0.,0.,0.,0.,0.,0.,0.,0.,0.,,,
89,0.,0.,0.,0.,0.,0.,0.,0.,0.,0.,0.,0.,0.,0.,0.,0.,0.,0.,0.,0.,0.,0.,0.,0.,,,
90,0.,0.,0.,0.,0.,0.,0.,0.,0.,0.,0.,0.,0.,0.,0.,0.,0.,0.,0.,0.,0.,0.,0.,0.,,,
91,0.,0.,0.,0.,0.,0.,0.,0.,0.,0.,0.,0.,0.,0.,0.,0.,0.,0.,0.,0.,0.,0.,0.,0.,,,
92,0.,0.,0.,0.,0.,0.,0.,0.,0.,0.,0.,0.,0.,0.,0.,0.,0.,0.,0.,0.,0.,0.,0.,0.,,,
93,0.,0.,0.,0.,0.,0.,0.,0.,0.,0.,0.,0.,0.,0.,0.,0.,0.,0.,0.,0.,0.,0.,0.,0.,,,
94,0.,0.,0.,0.,0.,0.,0.,0.,0.,0.,0.,0.,0.,0.,0.,0.,0.,0.,0.,0.,0.,0.,0.,0.,,,
95,0.,0.,0.,0.,0.,0.,0.,0.,0.,0.,0.,0.,0.,0.,0.,0.,0.,0.,0.,0.,0.,0.,0.,0.,,,
96,0.,0.,0.,0.,0.,0.,0.,0.,0.,0.,0.,0.,0.,0.,0.,0.,0.,0.,0.,0.,0.,0.,0.,0.,,,
97,0.,0.,0.,0.,0.,0.,0.,0.,0.,0.,0.,0.,0.,0.,0.,0.,0.,0.,0.,0.,0.,0.,0.,0.,,,
98,0.,0.,0.,0.,0.,0.,0.,0.,0.,0.,0.,0.,0.,0.,0.,0.,0.,0.,0.,0.,0.,0.,0.,0.,,,
99,0.,0.,0.,0.,0.,0.,0.,0.,0.,0.,0.,0.,0.,0.,0.,0.,0.,0.,0.,0.,0.,0.,0.,0.,,,
100,0.,0.,0.,0.,0.,0.,0.,0.,0.,0.,0.,0.,0.,0.,0.,0.,0.,0.,0.,0.,0.,0.,0.,0.,,,
101,0.,0.,0.,0.,0.,0.,0.,0.,0.,0.,0.,0.,0.,0.,0.,0.,0.,0.,0.,0.,0.,0.,0.,0.,,,
102,0.,0.,0.,0.,0.,0.,0.,0.,0.,0.,0.,0.,0.,0.,0.,0.,0.,0.,0.,0.,0.,0.,0.,0.,,,
103,0.,0.,0.,0.,0.,0.,0.,0.,0.,0.,0.,0.,0.,0.,0.,0.,0.,0.,0.,0.,0.,0.,0.,0.,,,
104,0.,0.,0.,0.,0.,0.,0.,0.,0.,0.,0.,0.,0.,0.,0.,0.,0.,0.,0.,0.,0.,0.,0.,0.,,,
105,0.,0.,0.,0.,0.,0.,0.,0.,0.,0.,0.,0.,0.,0.,0.,0.,0.,0.,0.,0.,0.,0.001,0.,0.001,,,
106,0.,0.,0.,0.,0.,0.,0.,0.,0.,0.,0.,0.,0.,0.,0.,0.,0.,0.,0.,0.,0.,0.,0.,0.,,,
107,0.,0.,0.,0.,0.,0.,0.,0.,0.,0.,0.,0.,0.,0.,0.,0.,0.,0.,0.,0.,0.,0.,0.,0.001,,,
108,0.,0.,0.,0.,0.,0.,0.,0.,0.,0.,0.,0.,0.,0.,0.,0.,0.,0.,0.,0.,0.,0.,0.,0.,,,
109,0.,0.,0.,0.,0.,0.,0.,0.,0.,0.,0.,0.,0.,0.,0.,0.,0.,0.,0.,0.,0.,0.,0.,0.,,,
110,0.,0.,0.,0.,0.,0.,0.,0.,0.,0.,0.,0.,0.,0.,0.,0.,0.,0.,0.,0.,0.,0.006,0.,0.006,,,
111,0.,0.,0.,0.,0.,0.,0.,0.,0.,0.,0.,0.,0.,0.,0.,0.,0.,0.,0.,0.,0.,0.,0.,0.,,,
112,0.,0.,0.,0.,0.,0.,0.,0.,0.,0.,0.,0.,0.,0.,0.,0.,0.,0.,0.,0.,0.,0.,0.,0.,,,
113,0.,0.,0.,0.,0.,0.,0.,0.,0.,0.,0.,0.,0.,0.,0.,0.,0.,0.,0.,0.,0.,0.001,0.,0.001,,,
114,0.,0.,0.,0.,0.,0.,0.,0.,0.,0.,0.,0.,0.,0.,0.,0.,0.,0.,0.,0.,0.,0.001,0.,0.001,,,
115,0.,0.,0.,0.,0.,0.,0.,0.,0.,0.,0.,0.,0.,0.,0.,0.,0.,0.,0.,0.,0.,0.001,0.,0.001,,,
116,0.,0.,0.,0.,0.,0.,0.,0.,0.,0.,0.,0.,0.,0.,0.,0.,0.,0.,0.,0.,0.,0.001,0.,0.001,,,
117,0.,0.,0.,0.,0.,0.,0.,0.,0.,0.,0.,0.,0.,0.,0.,0.,0.,0.,0.,0.,0.,0.001,0.,0.001,,,
118,0.,0.,0.,0.,0.,0.,0.,0.,0.,0.,0.,0.,0.,0.,0.,0.,0.,0.,0.,0.,0.,0.001,0.,0.001,,,
119,0.,0.,0.,0.,0.,0.,0.,0.,0.,0.,0.,0.,0.,0.,0.,0.,0.,0.,0.,0.,0.,0.001,0.,0.001,,,
120,0.,0.,0.,0.,0.,0.,0.,0.,0.,0.,0.,0.,0.,0.,0.,0.,0.,0.,0.,0.,0.,0.001,0.,0.001,,,
121,0.,0.,0.,0.,0.,0.,0.,0.,0.,0.,0.,0.,0.,0.,0.,0.,0.,0.,0.,0.,0.,0.001,0.,0.001,,,
122,0.,0.,0.,0.,0.,0.,0.,0.,0.,0.,0.,0.,0.,0.,0.,0.,0.,0.,0.,0.,0.,0.001,0.,0.001,,,
123,0.,0.,0.,0.,0.,0.,0.,0.,0.,0.,0.,0.,0.,0.,0.,0.,0.,0.,0.,0.,0.,0.001,0.,0.001,,,
124,0.,0.,0.,0.,0.,0.,0.,0.,0.,0.,0.,0.,0.,0.,0.,0.,0.,0.,0.,0.,0.,0.001,0.,0.001,,,
125,0.,0.,0.,0.,0.,0.,0.,0.,0.,0.,0.,0.,0.,0.,0.,0.,0.,0.,0.,0.,0.,0.001,0.,0.001,,,
126,0.,0.,0.,0.,0.,0.,0.,0.,0.,0.,0.,0.,0.,0.,0.,0.,0.,0.,0.,0.,0.,0.001,0.,0.001,,,
127,0.,0.,0.,0.,0.,0.,0.,0.,0.,0.,0.,0.,0.,0.,0.,0.,0.,0.,0.,0.,0.,0.001,0.,0.001,,,
128,0.,0.,0.,0.,0.,0.,0.,0.,0.,0.,0.,0.,0.,0.,0.,0.,0.,0.,0.,0.,0.,0.001,0.,0.001,,,
129,0.,0.,0.,0.,0.,0.,0.,0.,0.,0.,0.,0.,0.,0.,0.,0.,0.,0.,0.,0.,0.,0.001,0.,0.001,,,
130,0.,0.,0.,0.,0.,0.,0.,0.,0.,0.,0.,0.,0.,0.,0.,0.,0.,0.,0.,0.,0.,0.001,0.,0.001,,,
131,0.,0.,0.,0.,0.,0.,0.,0.,0.,0.,0.,0.,0.,0.,0.,0.,0.,0.,0.,0.,0.,0.001,0.,0.001,,,
132,0.,0.,0.,0.,0.,0.,0.,0.,0.,0.,0.,0.,0.,0.,0.,0.,0.,0.,0.,0.,0.,0.001,0.,0.001,,,
133,0.,0.,0.,0.,0.,0.,0.,0.,0.,0.,0.,0.,0.,0.,0.,0.,0.,0.,0.,0.,0.,0.001,0.,0.,,,
134,0.,0.,0.,0.,0.,0.,0.,0.,0.,0.,0.,0.,0.,0.,0.,0.,0.,0.,0.,0.,0.,0.001,0.001,0.,,,
135,0.,0.,0.,0.,0.,0.,0.,0.,0.,0.,0.,0.,0.,0.,0.,0.,0.,0.,0.,0.,0.,0.001,0.,0.001,,,
136,0.,0.,0.,0.,0.,0.,0.,0.,0.,0.,0.,0.,0.,0.,0.,0.,0.,0.,0.,0.,0.,0.001,0.,0.001,,,
137,0.,0.,0.,0.,0.,0.,0.,0.,0.,0.,0.,0.,0.,0.,0.,0.,0.,0.,0.,0.,0.,0.001,0.,0.001,,,
138,0.,0.,0.,0.,0.,0.,0.,0.,0.,0.,0.,0.,0.,0.,0.,0.,0.,0.,0.,0.,0.,0.001,0.,0.001,,,
139,0.,0.,0.,0.,0.,0.,0.,0.,0.,0.,0.,0.,0.,0.,0.,0.,0.,0.,0.,0.,0.,0.001,0.,0.001,,,
140,0.,0.,0.,0.,0.,0.,0.,0.,0.,0.,0.,0.,0.,0.,0.,0.,0.,0.,0.,0.,0.,0.001,0.,0.001,,,
141,0.,0.,0.,0.,0.,0.,0.,0.,0.,0.,0.,0.,0.,0.,0.,0.,0.,0.,0.,0.,0.,0.001,0.,0.001,,,
142,0.,0.,0.,0.,0.,0.,0.,0.,0.,0.,0.,0.,0.,0.,0.,0.,0.,0.,0.,0.,0.,0.001,0.,0.001,,,
143,0.,0.,0.,0.,0.,0.,0.,0.,0.,0.,0.,0.,0.,0.,0.,0.,0.,0.,0.,0.,0.,0.001,0.,0.001,,,
144,0.,0.,0.,0.,0.,0.,0.,0.,0.,0.,0.,0.,0.,0.,0.,0.,0.,0.,0.,0.,0.,0.001,0.,0.001,,,
145,0.,0.,0.,0.,0.,0.,0.,0.,0.,0.,0.,0.,0.,0.,0.,0.,0.,0.,0.,0.,0.,0.001,0.,0.001,,,
146,0.,0.,0.,0.,0.,0.,0.,0.,0.,0.,0.,0.,0.,0.,0.,0.,0.,0.,0.,0.,0.,0.001,0.,0.001,,,
147,0.,0.,0.,0.,0.,0.,0.,0.,0.,0.,0.,0.,0.,0.,0.,0.,0.,0.,0.,0.,0.,0.001,0.,0.001,,,
148,0.,0.,0.,0.,0.,0.,0.,0.,0.,0.,0.,0.,0.,0.,0.,0.,0.,0.,0.,0.,0.,0.001,0.,0.001,,,
149,0.,0.,0.,0.,0.,0.,0.,0.,0.,0.,0.,0.,0.,0.,0.,0.,0.,0.,0.,0.,0.,0.001,0.,0.001,,,
150,0.,0.,0.,0.,0.,0.,0.,0.,0.,0.,0.,0.,0.,0.,0.,0.,0.,0.,0.,0.,0.,0.001,0.,0.001,,,
151,0.,0.,0.,0.,0.,0.,0.,0.,0.,0.,0.,0.,0.,0.,0.,0.,0.,0.,0.,0.,0.,0.001,0.,0.001,,,
152,0.,0.,0.,0.,0.,0.,0.,0.,0.,0.,0.,0.,0.,0.,0.,0.,0.,0.,0.,0.,0.,0.001,0.,0.001,,,
153,0.,0.,0.,0.,0.,0.,0.,0.,0.,0.,0.,0.,0.,0.,0.,0.,0.,0.,0.,0.,0.,0.001,0.,0.001,,,
154,0.,0.,0.,0.,0.,0.,0.,0.,0.,0.,0.,0.,0.,0.,0.,0.,0.,0.,0.,0.,0.,0.001,0.,0.001,,,
155,0.,0.,0.,0.,0.,0.,0.,0.,0.,0.,0.,0.,0.,0.,0.,0.,0.,0.,0.,0.,0.,0.001,0.,0.001,,,
156,0.,0.,0.,0.,0.,0.,0.,0.,0.,0.,0.,0.,0.,0.,0.,0.,0.,0.,0.,0.,0.,0.001,0.,0.001,,,
157,0.,0.,0.,0.,0.,0.,0.,0.,0.,0.,0.,0.,0.,0.,0.,0.,0.,0.,0.,0.,0.,0.001,0.,0.001,,,
158,0.,0.,0.,0.,0.,0.,0.,0.,0.,0.,0.,0.,0.,0.,0.,0.,0.,0.,0.,0.,0.,0.001,0.,0.001,,,
159,0.,0.,0.,0.,0.,0.,0.,0.,0.,0.,0.,0.,0.,0.,0.,0.,0.,0.,0.,0.,0.,0.001,0.,0.001,,,
160,0.,0.,0.,0.,0.,0.,0.,0.,0.,0.,0.,0.,0.,0.,0.,0.,0.,0.,0.,0.,0.,0.001,0.,0.001,,,
161,0.,0.,0.,0.,0.,0.,0.,0.,0.,0.,0.,0.,0.,0.,0.,0.,0.,0.,0.,0.,0.,0.001,0.,0.001,,,
162,0.,0.,0.,0.,0.,0.,0.,0.,0.,0.,0.,0.,0.,0.,0.,0.,0.,0.,0.,0.,0.,0.001,0.,0.001,,,
163,0.,0.,0.,0.,0.,0.,0.,0.,0.,0.,0.,0.,0.,0.,0.,0.,0.,0.,0.,0.,0.,0.001,0.,0.001,,,
164,0.,0.,0.,0.,0.,0.,0.,0.,0.,0.,0.,0.,0.001,0.,0.001,0.,0.,0.,0.,0.,0.,0.001,0.,0.001,,,
165,0.,0.,0.,0.,0.,0.,0.,0.,0.,0.,0.,0.,0.,0.,0.,0.,0.,0.,0.,0.,0.,0.001,0.,0.001,,,
166,0.,0.,0.,0.,0.,0.,0.,0.,0.,0.,0.,0.,0.001,0.,0.001,0.,0.,0.,0.,0.,0.,0.001,0.,0.001,,,
167,0.,0.,0.,0.,0.,0.,0.,0.,0.,0.,0.,0.,0.,0.,0.001,0.,0.,0.,0.,0.,0.,0.001,0.,0.001,,,
168,0.,0.,0.,0.,0.,0.,0.,0.,0.,0.,0.,0.,0.,0.,0.,0.,0.,0.,0.,0.,0.,0.001,0.,0.001,,,
169,0.,0.,0.,0.,0.,0.,0.,0.,0.,0.,0.,0.,0.,0.,0.001,0.,0.,0.,0.,0.,0.,0.001,0.,0.001,,,
170,0.,0.,0.,0.,0.,0.,0.,0.,0.,0.,0.,0.,0.001,0.,0.001,0.,0.,0.,0.,0.,0.,0.001,0.,0.001,,,
171,0.,0.,0.,0.,0.,0.,0.,0.,0.,0.,0.,0.,0.001,0.,0.001,0.,0.,0.,0.,0.,0.,0.001,0.,0.001,,,
172,0.,0.,0.,0.,0.,0.,0.,0.,0.,0.,0.,0.,0.001,0.,0.001,0.,0.,0.,0.,0.,0.,0.001,0.,0.001,,,
173,0.,0.,0.,0.,0.,0.,0.,0.,0.,0.,0.,0.,0.001,0.,0.001,0.,0.,0.,0.,0.,0.,0.001,0.,0.001,,,
174,0.,0.,0.,0.,0.,0.,0.,0.,0.,0.,0.,0.,0.001,0.,0.001,0.,0.,0.,0.,0.,0.,0.001,0.,0.001,,,
175,0.,0.,0.,0.,0.,0.,0.,0.,0.,0.,0.,0.,0.001,0.,0.001,0.,0.,0.,0.,0.,0.,0.001,0.,0.001,,,
176,0.,0.,0.,0.,0.,0.,0.,0.,0.,0.,0.,0.,0.001,0.,0.001,0.,0.,0.,0.,0.,0.,0.001,0.,0.001,,,
177,0.,0.,0.,0.,0.,0.,0.,0.,0.,0.,0.,0.,0.001,0.,0.001,0.,0.,0.,0.,0.,0.,0.001,0.,0.001,,,
178,0.,0.,0.,0.,0.,0.,0.,0.,0.,0.,0.,0.,0.001,0.,0.001,0.,0.,0.,0.,0.,0.,0.001,0.,0.001,,,
179,0.,0.,0.,0.,0.,0.,0.,0.,0.,0.,0.,0.,0.001,0.,0.001,0.,0.,0.,0.,0.,0.,0.001,0.,0.001,,,
180,0.,0.,0.,0.,0.,0.,0.004,0.,0.004,0.,0.,0.,0.004,0.,0.004,0.,0.,0.,0.,0.,0.,0.005,0.,0.005,,,
181,0.,0.,0.,0.,0.,0.,0.,0.,0.,0.,0.,0.,0.001,0.,0.001,0.,0.,0.,0.,0.,0.,0.001,0.,0.001,,,
182,0.,0.,0.,0.,0.,0.,0.,0.,0.,0.,0.,0.,0.001,0.,0.001,0.,0.,0.,0.,0.,0.,0.001,0.,0.001,,,
183,0.,0.,0.,0.,0.,0.,0.,0.,0.,0.,0.,0.,0.001,0.,0.001,0.,0.,0.,0.,0.,0.,0.001,0.,0.001,,,
184,0.,0.,0.,0.,0.,0.,0.,0.,0.,0.,0.,0.,0.001,0.,0.001,0.,0.,0.,0.,0.,0.,0.001,0.,0.001,,,
185,0.,0.,0.,0.,0.,0.,0.,0.,0.,0.,0.,0.,0.001,0.,0.001,0.,0.,0.,0.,0.,0.,0.001,0.,0.001,,,
186,0.,0.,0.,0.,0.,0.,0.,0.,0.,0.,0.,0.,0.001,0.,0.001,0.,0.,0.,0.,0.,0.,0.001,0.,0.001,,,
187,0.,0.,0.,0.,0.,0.,0.,0.,0.,0.,0.,0.,0.001,0.,0.001,0.,0.,0.,0.,0.,0.,0.001,0.,0.001,,,
188,0.,0.,0.,0.,0.,0.,0.,0.,0.,0.,0.,0.,0.001,0.,0.001,0.,0.,0.,0.,0.,0.,0.001,0.,0.001,,,
189,0.,0.,0.,0.,0.,0.,0.,0.,0.,0.,0.,0.,0.001,0.,0.001,0.,0.,0.,0.,0.,0.,0.001,0.,0.001,,,
190,0.,0.,0.,0.,0.,0.,0.,0.,0.,0.,0.,0.,0.001,0.,0.001,0.,0.,0.,0.,0.,0.,0.001,0.,0.001,,,
191,0.,0.,0.,0.,0.,0.,0.,0.,0.,0.,0.,0.,0.001,0.,0.001,0.,0.,0.,0.,0.,0.,0.001,0.,0.001,,,
192,0.,0.,0.,0.,0.,0.,0.,0.,0.,0.,0.,0.,0.001,0.,0.001,0.,0.,0.,0.,0.,0.,0.001,0.,0.001,,,
193,0.,0.,0.,0.,0.,0.,0.,0.,0.,0.,0.,0.,0.001,0.,0.001,0.,0.,0.,0.,0.,0.,0.001,0.,0.001,,,
194,0.,0.,0.,0.,0.,0.,0.,0.,0.,0.,0.,0.,0.001,0.,0.001,0.,0.,0.,0.,0.,0.,0.001,0.,0.001,,,
195,0.,0.,0.,0.,0.,0.,0.,0.,0.,0.,0.,0.,0.001,0.,0.001,0.,0.,0.,0.,0.,0.,0.001,0.,0.001,,,
196,0.,0.,0.,0.,0.,0.,0.,0.,0.,0.,0.,0.,0.001,0.,0.001,0.,0.,0.,0.,0.,0.,0.001,0.,0.001,,,
197,0.,0.,0.,0.,0.,0.,0.,0.,0.,0.,0.,0.,0.001,0.,0.001,0.,0.,0.,0.,0.,0.,0.001,0.,0.001,,,
198,0.,0.,0.,0.,0.,0.,0.,0.,0.,0.,0.,0.,0.001,0.,0.001,0.,0.,0.,0.,0.,0.,0.001,0.,0.001,,,
199,0.007,0.,0.007,0.,0.,0.,0.,0.,0.,0.,0.,0.,0.008,0.,0.008,0.,0.,0.,0.,0.,0.,0.008,0.,0.008,,,
200,0.,0.,0.,0.,0.,0.,0.,0.,0.,0.,0.,0.,0.001,0.,0.001,0.,0.,0.,0.,0.,0.,0.001,0.,0.001,,,
201,0.,0.,0.,0.,0.,0.,0.,0.,0.,0.,0.,0.,0.001,0.,0.001,0.,0.,0.,0.,0.,0.,0.001,0.,0.001,,,
202,0.,0.,0.,0.,0.,0.,0.,0.,0.,0.,0.,0.,0.001,0.,0.001,0.,0.,0.,0.,0.,0.,0.001,0.,0.001,,,
203,0.,0.,0.,0.,0.,0.,0.,0.,0.,0.,0.,0.,0.001,0.,0.001,0.,0.,0.,0.,0.,0.,0.001,0.,0.001,,,
204,0.,0.,0.,0.,0.,0.,0.,0.,0.,0.,0.,0.,0.001,0.,0.001,0.,0.,0.,0.,0.,0.,0.001,0.,0.001,,,
205,0.,0.,0.,0.,0.,0.,0.,0.,0.,0.,0.,0.,0.001,0.,0.001,0.,0.,0.,0.,0.,0.,0.001,0.,0.001,,,
206,0.,0.,0.,0.,0.,0.,0.,0.,0.,0.,0.,0.,0.001,0.,0.001,0.,0.,0.,0.,0.,0.,0.001,0.,0.001,,,
207,0.,0.,0.,0.,0.,0.,0.,0.,0.,0.,0.,0.,0.001,0.,0.001,0.,0.,0.,0.,0.,0.,0.001,0.,0.001,,,
208,0.,0.,0.,0.,0.,0.,0.,0.,0.,0.,0.,0.,0.001,0.,0.001,0.,0.,0.,0.,0.,0.,0.001,0.,0.001,,,
209,0.,0.,0.,0.,0.,0.,0.,0.,0.,0.,0.,0.,0.001,0.,0.001,0.,0.,0.,0.,0.,0.,0.001,0.,0.001,,,
210,0.,0.,0.,0.,0.,0.,0.,0.,0.,0.,0.,0.,0.001,0.,0.001,0.,0.,0.,0.,0.,0.,0.001,0.,0.001,,,
211,0.,0.,0.,0.,0.,0.,0.,0.,0.,0.,0.,0.,0.001,0.,0.001,0.,0.,0.,0.,0.,0.,0.001,0.,0.001,,,
212,0.,0.,0.,0.,0.,0.,0.,0.,0.,0.,0.,0.,0.001,0.,0.001,0.,0.,0.,0.,0.,0.,0.001,0.,0.001,,,
213,0.,0.,0.,0.,0.,0.,0.,0.,0.,0.,0.,0.,0.001,0.,0.001,0.,0.,0.,0.,0.,0.,0.001,0.,0.001,,,
214,0.,0.,0.,0.,0.,0.,0.,0.,0.,0.,0.,0.,0.001,0.,0.001,0.,0.,0.,0.,0.,0.,0.001,0.,0.001,,,
215,0.,0.,0.,0.,0.,0.,0.,0.,0.,0.,0.,0.,0.001,0.,0.001,0.,0.,0.,0.,0.,0.,0.001,0.,0.001,,,
216,0.,0.,0.,0.,0.,0.,0.,0.,0.,0.,0.,0.,0.001,0.,0.001,0.,0.,0.,0.,0.,0.,0.001,0.,0.001,,,
217,0.,0.,0.,0.,0.,0.,0.,0.,0.,0.,0.,0.,0.001,0.,0.001,0.,0.,0.,0.,0.,0.,0.001,0.,0.001,,,
218,0.,0.,0.,0.,0.,0.,0.,0.,0.,0.,0.,0.,0.001,0.,0.001,0.,0.,0.,0.,0.,0.,0.001,0.,0.001,,,
219,0.,0.,0.,0.,0.,0.,0.,0.,0.,0.,0.,0.,0.001,0.,0.001,0.,0.,0.,0.,0.,0.,0.001,0.,0.001,,,
220,0.,0.,0.,0.,0.,0.,0.,0.,0.,0.,0.,0.,0.001,0.,0.001,0.,0.,0.,0.,0.,0.,0.001,0.,0.001,,,
221,0.,0.,0.,0.,0.,0.,0.,0.,0.,0.,0.,0.,0.001,0.,0.001,0.,0.,0.,0.,0.,0.,0.001,0.,0.001,,,
222,0.,0.,0.,0.,0.,0.,0.,0.,0.,0.,0.,0.,0.001,0.,0.001,0.,0.,0.,0.,0.,0.,0.001,0.,0.001,,,
223,0.,0.,0.,0.,0.,0.,0.,0.,0.,0.,0.,0.,0.001,0.,0.001,0.,0.,0.,0.,0.,0.,0.001,0.,0.001,,,
224,0.,0.,0.,0.,0.,0.,0.,0.,0.,0.,0.,0.,0.001,0.,0.001,0.,0.,0.,0.,0.,0.,0.001,0.,0.001,,,
225,0.,0.,0.,0.,0.,0.,0.,0.,0.,0.,0.,0.,0.001,0.,0.001,0.,0.,0.,0.,0.,0.,0.001,0.,0.001,,,
226,0.,0.,0.,0.,0.,0.,0.,0.,0.,0.,0.,0.,0.001,0.,0.001,0.,0.,0.,0.,0.,0.,0.001,0.,0.001,,,
227,0.,0.,0.,0.,0.,0.,0.,0.,0.,0.,0.,0.,0.001,0.,0.001,0.,0.,0.,0.,0.,0.,0.001,0.,0.001,,,
228,0.,0.,0.,0.,0.,0.,0.,0.,0.,0.,0.,0.,0.001,0.,0.001,0.,0.,0.,0.,0.,0.,0.001,0.,0.001,,,
229,0.,0.,0.,0.,0.,0.,0.,0.,0.,0.,0.,0.,0.001,0.,0.001,0.,0.,0.,0.,0.,0.,0.001,0.,0.001,,,
230,0.,0.,0.,0.,0.,0.,0.,0.,0.,0.,0.,0.,0.001,0.,0.001,0.,0.,0.,0.,0.,0.,0.001,0.,0.001,,,
231,0.,0.,0.,0.,0.,0.,0.,0.,0.,0.,0.,0.,0.001,0.,0.001,0.,0.,0.,0.,0.,0.,0.001,0.,0.001,,,
232,0.,0.,0.,0.,0.,0.,0.,0.,0.,0.,0.,0.,0.001,0.,0.001,0.,0.,0.,0.,0.,0.,0.001,0.,0.001,,,
233,0.,0.,0.,0.,0.,0.,0.007,0.,0.007,0.,0.,0.,0.007,0.,0.007,0.,0.,0.,0.,0.,0.,0.008,0.,0.008,,,
234,0.,0.,0.,0.,0.,0.,0.,0.,0.,0.,0.,0.,0.001,0.,0.001,0.,0.,0.,0.,0.,0.,0.001,0.,0.001,,,
235,0.,0.,0.,0.,0.,0.,0.,0.,0.,0.,0.,0.,0.001,0.,0.001,0.,0.,0.,0.,0.,0.,0.001,0.,0.001,,,
236,0.,0.,0.,0.,0.,0.,0.,0.,0.,0.,0.,0.,0.001,0.,0.001,0.,0.,0.,0.,0.,0.,0.001,0.,0.001,,,
237,0.,0.,0.,0.,0.,0.,0.,0.,0.,0.,0.,0.,0.001,0.,0.001,0.,0.,0.,0.,0.,0.,0.001,0.,0.001,,,
238,0.,0.,0.,0.,0.,0.,0.,0.,0.,0.,0.,0.,0.001,0.,0.001,0.,0.,0.,0.,0.,0.,0.001,0.,0.001,,,
239,0.,0.,0.,0.,0.,0.,0.,0.,0.,0.,0.,0.,0.001,0.,0.001,0.,0.,0.,0.,0.,0.,0.001,0.,0.001,,,
240,0.,0.,0.,0.,0.,0.,0.,0.,0.,0.,0.,0.,0.001,0.,0.001,0.,0.,0.,0.,0.,0.,0.001,0.,0.001,,,
241,0.,0.,0.,0.,0.,0.,0.,0.,0.,0.,0.,0.,0.001,0.,0.001,0.,0.,0.,0.,0.,0.,0.001,0.,0.001,,,
242,0.,0.,0.,0.,0.,0.,0.,0.,0.,0.,0.,0.,0.001,0.,0.001,0.,0.,0.,0.,0.,0.,0.001,0.,0.001,,,
243,0.,0.,0.,0.,0.,0.,0.,0.,0.,0.,0.,0.,0.001,0.,0.001,0.,0.,0.,0.,0.,0.,0.001,0.,0.001,,,
244,0.,0.,0.,0.,0.,0.,0.,0.,0.,0.,0.,0.,0.001,0.,0.001,0.,0.,0.,0.,0.,0.,0.001,0.,0.001,,,
245,0.,0.,0.,0.,0.,0.,0.,0.,0.,0.,0.,0.,0.001,0.,0.001,0.,0.,0.,0.,0.,0.,0.001,0.,0.001,,,
246,0.,0.,0.,0.,0.,0.,0.,0.,0.,0.,0.,0.,0.001,0.,0.001,0.,0.,0.,0.,0.,0.,0.001,0.,0.001,,,
247,0.,0.,0.,0.,0.,0.,0.,0.,0.,0.,0.,0.,0.001,0.,0.001,0.,0.,0.,0.,0.,0.,0.001,0.,0.001,,,
248,0.,0.,0.,0.,0.,0.,0.,0.,0.,0.,0.,0.,0.001,0.,0.001,0.,0.,0.,0.,0.,0.,0.001,0.,0.001,,,
249,0.,0.,0.,0.,0.,0.,0.,0.,0.,0.,0.,0.,0.001,0.,0.001,0.,0.,0.,0.,0.,0.,0.001,0.,0.001,,,
250,0.,0.,0.,0.,0.,0.,0.,0.,0.,0.,0.,0.,0.001,0.,0.001,0.,0.,0.,0.,0.,0.,0.001,0.,0.001,,,
251,0.,0.,0.,0.,0.,0.,0.,0.,0.,0.,0.,0.,0.001,0.,0.001,0.,0.,0.,0.,0.,0.,0.001,0.,0.001,,,
252,0.,0.,0.,0.,0.,0.,0.,0.,0.,0.,0.,0.,0.001,0.,0.001,0.,0.,0.,0.,0.,0.,0.001,0.,0.001,,,
253,0.,0.,0.,0.,0.,0.,0.,0.,0.,0.,0.,0.,0.001,0.,0.001,0.,0.,0.,0.,0.,0.,0.001,0.,0.001,,,
254,0.,0.,0.,0.,0.,0.,0.,0.,0.,0.,0.,0.,0.001,0.,0.001,0.,0.,0.,0.,0.,0.,0.001,0.,0.001,,,
255,0.,0.,0.,0.,0.,0.,0.,0.,0.,0.,0.,0.,0.001,0.,0.001,0.,0.,0.,0.,0.,0.,0.001,0.,0.001,,,
256,0.,0.,0.,0.,0.,0.,0.,0.,0.,0.,0.,0.,0.001,0.,0.001,0.,0.,0.,0.,0.,0.,0.001,0.,0.001,,,
257,0.,0.,0.,0.,0.,0.,0.,0.,0.,0.,0.,0.,0.001,0.,0.001,0.,0.,0.,0.,0.,0.,0.001,0.,0.001,,,
258,0.,0.,0.,0.,0.,0.,0.,0.,0.,0.,0.,0.,0.001,0.,0.001,0.,0.,0.,0.,0.,0.,0.001,0.,0.001,,,
259,0.,0.,0.,0.,0.,0.,0.,0.,0.,0.,0.,0.,0.001,0.,0.001,0.,0.,0.,0.,0.,0.,0.001,0.,0.001,,,
260,0.,0.,0.,0.,0.,0.,0.,0.,0.,0.,0.,0.,0.001,0.,0.001,0.,0.,0.,0.,0.,0.,0.001,0.,0.001,,,
261,0.,0.,0.,0.,0.,0.,0.,0.,0.,0.,0.,0.,0.001,0.,0.001,0.,0.,0.,0.,0.,0.,0.001,0.,0.001,,,
262,0.,0.,0.,0.,0.,0.,0.,0.,0.,0.,0.,0.,0.001,0.,0.001,0.,0.,0.,0.,0.,0.,0.001,0.,0.001,,,
263,0.,0.,0.,0.,0.,0.,0.,0.,0.,0.,0.,0.,0.001,0.,0.001,0.,0.,0.,0.,0.,0.,0.001,0.,0.001,,,
264,0.,0.,0.,0.,0.,0.,0.,0.,0.,0.,0.,0.,0.001,0.,0.001,0.,0.,0.,0.,0.,0.,0.001,0.,0.001,,,
265,0.,0.,0.,0.,0.,0.,0.,0.,0.,0.,0.,0.,0.001,0.,0.001,0.,0.,0.,0.,0.,0.,0.001,0.,0.001,,,
266,0.,0.,0.,0.,0.,0.,0.,0.,0.,0.,0.,0.,0.001,0.,0.001,0.,0.,0.,0.,0.,0.,0.001,0.,0.001,,,
267,0.,0.,0.,0.,0.,0.,0.,0.,0.,0.,0.,0.,0.001,0.,0.001,0.,0.,0.,0.,0.,0.,0.001,0.,0.001,,,
268,0.,0.,0.,0.,0.,0.,0.,0.,0.,0.,0.,0.,0.001,0.,0.001,0.,0.,0.,0.,0.,0.,0.001,0.,0.001,,,
269,0.,0.,0.,0.,0.,0.,0.,0.,0.,0.,0.,0.,0.001,0.,0.001,0.,0.,0.,0.,0.,0.,0.001,0.,0.001,,,
270,0.,0.,0.,0.,0.,0.,0.,0.,0.,0.,0.,0.,0.001,0.,0.001,0.,0.,0.,0.,0.,0.,0.001,0.,0.001,,,
271,0.,0.,0.,0.,0.,0.,0.,0.,0.,0.,0.,0.,0.001,0.,0.001,0.,0.,0.,0.,0.,0.,0.001,0.,0.001,,,
272,0.,0.,0.,0.,0.,0.,0.,0.,0.,0.,0.,0.,0.001,0.,0.001,0.,0.,0.,0.,0.,0.,0.001,0.,0.001,,,
273,0.,0.,0.,0.,0.,0.,0.,0.,0.,0.,0.,0.,0.001,0.,0.001,0.,0.,0.,0.,0.,0.,0.001,0.,0.001,,,
274,0.,0.,0.,0.,0.,0.,0.,0.,0.,0.,0.,0.,0.001,0.,0.001,0.,0.,0.,0.,0.,0.,0.001,0.,0.001,,,
275,0.,0.,0.,0.,0.,0.,0.,0.,0.,0.,0.,0.,0.001,0.,0.001,0.,0.,0.,0.,0.,0.,0.001,0.,0.001,,,
276,0.,0.,0.,0.,0.,0.,0.,0.,0.,0.,0.,0.,0.001,0.,0.001,0.,0.,0.,0.,0.,0.,0.001,0.,0.001,,,
277,0.,0.,0.,0.,0.,0.,0.,0.,0.,0.,0.,0.,0.001,0.,0.001,0.,0.,0.,0.,0.,0.,0.001,0.,0.001,,,
278,0.,0.,0.,0.,0.,0.,0.,0.,0.,0.,0.,0.,0.001,0.,0.001,0.,0.,0.,0.,0.,0.,0.001,0.,0.001,,,
279,0.,0.,0.,0.,0.,0.,0.,0.,0.,0.,0.,0.,0.001,0.,0.001,0.,0.,0.,0.,0.,0.,0.001,0.,0.001,,,
280,0.,0.,0.,0.,0.,0.,0.,0.,0.,0.,0.,0.,0.001,0.,0.001,0.,0.,0.,0.,0.,0.,0.001,0.,0.001,,,
281,0.,0.,0.,0.,0.,0.,0.,0.,0.,0.,0.,0.,0.001,0.,0.001,0.,0.,0.,0.,0.,0.,0.001,0.,0.001,,,
282,0.,0.,0.,0.,0.,0.,0.,0.,0.,0.,0.,0.,0.001,0.,0.001,0.,0.,0.,0.,0.,0.,0.001,0.,0.001,,,
283,0.,0.,0.,0.,0.,0.,0.,0.,0.,0.,0.,0.,0.001,0.,0.001,0.,0.,0.,0.,0.,0.,0.001,0.,0.001,,,
284,0.,0.,0.,0.,0.,0.,0.,0.,0.,0.,0.,0.,0.001,0.,0.001,0.,0.,0.,0.,0.,0.,0.001,0.,0.001,,,
285,0.,0.,0.,0.,0.,0.,0.,0.,0.,0.,0.,0.,0.001,0.,0.001,0.,0.,0.,0.,0.,0.,0.001,0.,0.001,,,
286,0.,0.,0.,0.,0.,0.,0.,0.,0.,0.,0.,0.,0.001,0.,0.001,0.,0.,0.,0.,0.,0.,0.001,0.,0.001,,,
287,0.,0.,0.,0.,0.,0.,0.,0.,0.,0.,0.,0.,0.001,0.,0.001,0.,0.,0.,0.,0.,0.,0.001,0.,0.001,,,
288,0.,0.,0.,0.,0.,0.,0.,0.,0.,0.,0.,0.,0.001,0.,0.001,0.,0.,0.,0.,0.,0.,0.001,0.,0.001,,,
289,0.,0.,0.,0.,0.,0.,0.,0.,0.,0.,0.,0.,0.001,0.,0.001,0.,0.,0.,0.,0.,0.,0.001,0.,0.001,,,
290,0.,0.,0.,0.,0.,0.,0.,0.,0.,0.,0.,0.,0.001,0.,0.001,0.,0.,0.,0.,0.,0.,0.001,0.,0.001,,,
291,0.,0.,0.,0.,0.,0.,0.005,0.,0.005,0.,0.,0.,0.006,0.,0.006,0.,0.,0.,0.,0.,0.,0.006,0.,0.006,,,
292,0.,0.,0.,0.,0.,0.,0.,0.,0.,0.,0.,0.,0.001,0.,0.001,0.,0.,0.,0.,0.,0.,0.001,0.,0.001,,,
293,0.,0.,0.,0.,0.,0.,0.,0.,0.,0.,0.,0.,0.001,0.,0.001,0.,0.,0.,0.,0.,0.,0.001,0.,0.001,,,
294,0.,0.,0.,0.,0.,0.,0.,0.,0.,0.,0.,0.,0.001,0.,0.001,0.,0.,0.,0.,0.,0.,0.001,0.,0.001,,,
295,0.,0.,0.,0.,0.,0.,0.,0.,0.,0.,0.,0.,0.001,0.,0.001,0.,0.,0.,0.,0.,0.,0.001,0.,0.001,,,
296,0.,0.,0.,0.,0.,0.,0.,0.,0.,0.,0.,0.,0.001,0.,0.001,0.,0.,0.,0.,0.,0.,0.001,0.,0.001,,,
297,0.,0.,0.,0.,0.,0.,0.,0.,0.,0.,0.,0.,0.001,0.,0.001,0.,0.,0.,0.,0.,0.,0.001,0.,0.001,,,
298,0.,0.,0.,0.,0.,0.,0.,0.,0.,0.,0.,0.,0.001,0.,0.001,0.,0.,0.,0.,0.,0.,0.002,0.,0.002,,,
299,0.,0.,0.,0.,0.,0.,0.,0.,0.,0.,0.,0.,0.001,0.,0.001,0.,0.,0.,0.,0.,0.,0.001,0.,0.001,,,
300,0.,0.,0.,0.,0.,0.,0.,0.,0.,0.,0.,0.,0.001,0.001,0.,0.,0.,0.,0.,0.,0.,0.002,0.002,0.,,,
301,0.,0.,0.,0.,0.,0.,0.,0.,0.,0.,0.,0.,0.001,0.,0.001,0.,0.,0.,0.,0.,0.,0.001,0.,0.001,,,
302,0.,0.,0.,0.,0.,0.,0.,0.,0.,0.,0.,0.,0.001,0.,0.001,0.,0.,0.,0.,0.,0.,0.001,0.,0.001,,,
303,0.,0.,0.,0.,0.,0.,0.,0.,0.,0.,0.,0.,0.001,0.,0.001,0.,0.,0.,0.,0.,0.,0.001,0.,0.001,,,
304,0.,0.,0.,0.,0.,0.,0.003,0.,0.003,0.,0.,0.,0.004,0.,0.004,0.,0.,0.,0.,0.,0.,0.004,0.,0.004,,,
305,0.,0.,0.,0.,0.,0.,0.,0.,0.,0.,0.,0.,0.001,0.,0.001,0.,0.,0.,0.,0.,0.,0.001,0.,0.001,,,
306,0.,0.,0.,0.,0.,0.,0.,0.,0.,0.,0.,0.,0.001,0.,0.001,0.,0.,0.,0.,0.,0.,0.002,0.,0.002,,,
307,0.,0.,0.,0.,0.,0.,0.,0.,0.,0.,0.,0.,0.001,0.,0.001,0.,0.,0.,0.,0.,0.,0.002,0.,0.002,,,
308,0.,0.,0.,0.,0.,0.,0.,0.,0.,0.,0.,0.,0.001,0.,0.001,0.,0.,0.,0.,0.,0.,0.001,0.,0.001,,,
309,0.,0.,0.,0.,0.,0.,0.,0.,0.,0.,0.,0.,0.001,0.,0.001,0.,0.,0.,0.,0.,0.,0.001,0.,0.001,,,
310,0.,0.,0.,0.,0.,0.,0.,0.,0.,0.,0.,0.,0.001,0.,0.001,0.,0.,0.,0.,0.,0.,0.002,0.,0.002,,,
311,0.,0.,0.,0.,0.,0.,0.,0.,0.,0.,0.,0.,0.001,0.,0.001,0.,0.,0.,0.,0.,0.,0.001,0.,0.001,,,
312,0.,0.,0.,0.,0.,0.,0.,0.,0.,0.,0.,0.,0.001,0.,0.001,0.,0.,0.,0.,0.,0.,0.002,0.,0.002,,,
313,0.,0.,0.,0.,0.,0.,0.,0.,0.,0.,0.,0.,0.001,0.,0.001,0.,0.,0.,0.,0.,0.,0.002,0.,0.002,,,
314,0.,0.,0.,0.,0.,0.,0.,0.,0.,0.,0.,0.,0.001,0.,0.001,0.,0.,0.,0.,0.,0.,0.002,0.,0.002,,,
315,0.,0.,0.,0.,0.,0.,0.,0.,0.,0.,0.,0.,0.001,0.,0.001,0.,0.,0.,0.,0.,0.,0.002,0.,0.002,,,
316,0.,0.,0.,0.,0.,0.,0.,0.,0.,0.,0.,0.,0.001,0.001,0.,0.,0.,0.,0.,0.,0.,0.002,0.001,0.,,,
317,0.,0.,0.,0.,0.,0.,0.,0.,0.,0.,0.,0.,0.001,0.,0.001,0.,0.,0.,0.,0.,0.,0.002,0.,0.002,,,
318,0.,0.,0.,0.,0.,0.,0.,0.,0.,0.,0.,0.,0.001,0.,0.001,0.,0.,0.,0.,0.,0.,0.002,0.,0.002,,,
319,0.,0.,0.,0.,0.,0.,0.,0.,0.,0.,0.,0.,0.001,0.,0.001,0.,0.,0.,0.,0.,0.,0.002,0.,0.002,,,
320,0.,0.,0.,0.,0.,0.,0.,0.,0.,0.,0.,0.,0.001,0.,0.001,0.,0.,0.,0.,0.,0.,0.002,0.,0.002,,,
321,0.,0.,0.,0.,0.,0.,0.,0.,0.,0.,0.,0.,0.001,0.,0.001,0.,0.,0.,0.,0.,0.,0.002,0.,0.002,,,
322,0.,0.,0.,0.,0.,0.,0.,0.,0.,0.,0.,0.,0.001,0.,0.001,0.,0.,0.,0.,0.,0.,0.002,0.,0.002,,,
323,0.,0.,0.,0.,0.,0.,0.,0.,0.,0.,0.,0.,0.001,0.,0.001,0.,0.,0.,0.,0.,0.,0.002,0.,0.002,,,
324,0.,0.,0.,0.,0.,0.,0.,0.,0.,0.,0.,0.,0.001,0.,0.001,0.,0.,0.,0.,0.,0.,0.002,0.,0.002,,,
325,0.,0.,0.,0.,0.,0.,0.,0.,0.,0.,0.,0.,0.001,0.,0.001,0.,0.,0.,0.,0.,0.,0.002,0.,0.002,,,
326,0.,0.,0.,0.,0.,0.,0.,0.,0.,0.,0.,0.,0.001,0.,0.001,0.,0.,0.,0.,0.,0.,0.002,0.,0.002,,,
327,0.,0.,0.,0.,0.,0.,0.,0.,0.,0.,0.,0.,0.001,0.,0.001,0.,0.,0.,0.,0.,0.,0.002,0.,0.002,,,
328,0.,0.,0.,0.,0.,0.,0.,0.,0.,0.,0.,0.,0.001,0.,0.001,0.,0.,0.,0.,0.,0.,0.002,0.,0.002,,,
329,0.,0.,0.,0.004,0.,0.004,0.,0.,0.,0.,0.,0.,0.001,0.,0.001,0.,0.,0.,0.,0.,0.,0.002,0.,0.002,,,
330,0.,0.,0.,0.,0.,0.,0.,0.,0.,0.,0.,0.,0.001,0.,0.001,0.,0.,0.,0.,0.,0.,0.002,0.,0.002,,,
331,0.,0.,0.,0.,0.,0.,0.,0.,0.,0.,0.,0.,0.001,0.,0.001,0.,0.,0.,0.,0.,0.,0.002,0.,0.002,,,
332,0.,0.,0.,0.,0.,0.,0.,0.,0.,0.,0.,0.,0.001,0.,0.001,0.,0.,0.,0.,0.,0.,0.002,0.,0.002,,,
333,0.,0.,0.,0.,0.,0.,0.,0.,0.,0.,0.,0.,0.001,0.,0.001,0.,0.,0.,0.,0.,0.,0.002,0.,0.002,,,
334,0.,0.,0.,0.,0.,0.,0.,0.,0.,0.,0.,0.,0.001,0.,0.001,0.,0.,0.,0.,0.,0.,0.002,0.,0.002,,,
335,0.,0.,0.,0.,0.,0.,0.,0.,0.,0.,0.,0.,0.001,0.001,0.,0.,0.,0.,0.,0.,0.,0.002,0.002,0.,,,
336,0.,0.,0.,0.,0.,0.,0.,0.,0.,0.,0.,0.,0.001,0.,0.001,0.,0.,0.,0.,0.,0.,0.002,0.,0.002,,,
337,0.,0.,0.,0.,0.,0.,0.,0.,0.,0.,0.,0.,0.001,0.,0.001,0.,0.,0.,0.,0.,0.,0.002,0.,0.002,,,
338,0.,0.,0.,0.,0.,0.,0.,0.,0.,0.,0.,0.,0.001,0.,0.001,0.,0.,0.,0.,0.,0.,0.002,0.,0.002,,,
339,0.,0.,0.,0.,0.,0.,0.,0.,0.,0.,0.,0.,0.001,0.,0.001,0.,0.,0.,0.,0.,0.,0.002,0.,0.002,,,
340,0.,0.,0.,0.,0.,0.,0.,0.,0.,0.,0.,0.,0.001,0.,0.001,0.,0.,0.,0.,0.,0.,0.002,0.,0.002,,,
341,0.,0.,0.,0.,0.,0.,0.,0.,0.,0.,0.,0.,0.001,0.,0.001,0.,0.,0.,0.,0.,0.,0.002,0.,0.002,,,
342,0.,0.,0.,0.,0.,0.,0.001,0.,0.001,0.,0.,0.,0.001,0.,0.001,0.,0.,0.,0.,0.,0.,0.002,0.,0.002,,,
343,0.,0.,0.,0.,0.,0.,0.,0.,0.,0.,0.,0.,0.001,0.,0.001,0.,0.,0.,0.,0.,0.,0.002,0.,0.002,,,
344,0.,0.,0.,0.,0.,0.,0.,0.,0.,0.,0.,0.,0.001,0.,0.001,0.,0.,0.,0.,0.,0.,0.002,0.,0.002,,,
345,0.,0.,0.,0.,0.,0.,0.,0.,0.,0.,0.,0.,0.001,0.,0.001,0.,0.,0.,0.,0.,0.,0.002,0.,0.002,,,
346,0.,0.,0.,0.,0.,0.,0.,0.,0.,0.,0.,0.,0.001,0.,0.001,0.,0.,0.,0.,0.,0.,0.002,0.,0.002,,,
347,0.,0.,0.,0.,0.,0.,0.,0.,0.,0.,0.,0.,0.001,0.,0.001,0.,0.,0.,0.,0.,0.,0.002,0.,0.002,,,
348,0.,0.,0.,0.,0.,0.,0.001,0.,0.001,0.,0.,0.,0.001,0.,0.001,0.,0.,0.,0.,0.,0.,0.002,0.,0.002,,,
349,0.,0.,0.,0.,0.,0.,0.001,0.,0.001,0.,0.,0.,0.001,0.,0.001,0.,0.,0.,0.,0.,0.,0.002,0.,0.002,,,
350,0.,0.,0.,0.,0.,0.,0.,0.,0.,0.,0.,0.,0.001,0.,0.001,0.,0.,0.,0.,0.,0.,0.002,0.,0.002,,,
351,0.,0.,0.,0.,0.,0.,0.,0.,0.,0.,0.,0.,0.001,0.,0.001,0.,0.,0.,0.,0.,0.,0.002,0.,0.002,,,
352,0.,0.,0.,0.003,0.,0.003,0.001,0.,0.001,0.,0.,0.,0.001,0.,0.001,0.,0.,0.,0.,0.,0.,0.002,0.,0.002,,,
353,0.,0.,0.,0.,0.,0.,0.001,0.,0.001,0.,0.,0.,0.001,0.,0.001,0.,0.,0.,0.,0.,0.,0.002,0.,0.002,,,
354,0.,0.,0.,0.,0.,0.,0.001,0.,0.001,0.,0.,0.,0.001,0.,0.001,0.,0.,0.,0.,0.,0.,0.002,0.,0.002,,,
355,0.,0.,0.,0.,0.,0.,0.001,0.,0.001,0.,0.,0.,0.001,0.,0.001,0.,0.,0.,0.,0.,0.,0.002,0.,0.002,,,
356,0.,0.,0.,0.,0.,0.,0.001,0.,0.001,0.,0.,0.,0.001,0.,0.001,0.,0.,0.,0.,0.,0.,0.002,0.,0.002,,,
357,0.,0.,0.,0.,0.,0.,0.001,0.,0.001,0.,0.,0.,0.001,0.,0.001,0.,0.,0.,0.,0.,0.,0.002,0.,0.002,,,
358,0.,0.,0.,0.,0.,0.,0.001,0.,0.001,0.,0.,0.,0.001,0.,0.001,0.,0.,0.,0.,0.,0.,0.002,0.,0.002,,,
359,0.,0.,0.,0.,0.,0.,0.001,0.,0.001,0.,0.,0.,0.001,0.,0.001,0.,0.,0.,0.,0.,0.,0.002,0.,0.002,,,
360,0.,0.,0.,0.,0.,0.,0.001,0.,0.001,0.,0.,0.,0.001,0.,0.001,0.,0.,0.,0.,0.,0.,0.002,0.,0.002,,,
361,0.,0.,0.,0.,0.,0.,0.001,0.,0.001,0.,0.,0.,0.001,0.,0.001,0.,0.,0.,0.,0.,0.,0.002,0.,0.002,,,
362,0.,0.,0.,0.,0.,0.,0.001,0.,0.001,0.,0.,0.,0.001,0.,0.001,0.,0.,0.,0.,0.,0.,0.002,0.,0.002,,,
363,0.005,0.,0.005,0.,0.,0.,0.001,0.,0.001,0.,0.,0.,0.007,0.,0.007,0.,0.,0.,0.,0.,0.,0.007,0.,0.007,,,
364,0.,0.,0.,0.,0.,0.,0.001,0.,0.001,0.,0.,0.,0.001,0.,0.001,0.,0.,0.,0.,0.,0.,0.002,0.,0.002,,,
365,0.,0.,0.,0.,0.,0.,0.001,0.,0.001,0.,0.,0.,0.001,0.,0.001,0.,0.,0.,0.,0.,0.,0.002,0.,0.002,,,
366,0.,0.,0.,0.,0.,0.,0.001,0.,0.001,0.,0.,0.,0.001,0.,0.001,0.,0.,0.,0.,0.,0.,0.002,0.,0.002,,,
367,0.,0.,0.,0.,0.,0.,0.001,0.,0.001,0.,0.,0.,0.001,0.,0.001,0.,0.,0.,0.,0.,0.,0.002,0.,0.002,,,
368,0.,0.,0.,0.,0.,0.,0.001,0.,0.001,0.,0.,0.,0.001,0.,0.001,0.,0.,0.,0.,0.,0.,0.002,0.,0.002,,,
369,0.,0.,0.,0.,0.,0.,0.001,0.,0.001,0.,0.,0.,0.001,0.,0.001,0.,0.,0.,0.,0.,0.,0.002,0.,0.002,,,
370,0.,0.,0.,0.,0.,0.,0.001,0.,0.001,0.,0.,0.,0.001,0.,0.001,0.,0.,0.,0.,0.,0.,0.002,0.,0.002,,,
371,0.,0.,0.,0.,0.,0.,0.001,0.,0.001,0.,0.,0.,0.001,0.,0.001,0.,0.,0.,0.,0.,0.,0.002,0.,0.002,,,
372,0.,0.,0.,0.,0.,0.,0.001,0.,0.001,0.,0.,0.,0.001,0.,0.001,0.,0.,0.,0.,0.,0.,0.002,0.,0.002,,,
373,0.,0.,0.,0.,0.,0.,0.001,0.,0.001,0.,0.,0.,0.001,0.,0.001,0.,0.,0.,0.,0.,0.,0.002,0.,0.002,,,
374,0.,0.,0.,0.004,0.,0.004,0.001,0.,0.001,0.,0.,0.,0.001,0.,0.001,0.,0.,0.,0.,0.,0.,0.002,0.,0.002,,,
375,0.,0.,0.,0.,0.,0.,0.001,0.,0.001,0.,0.,0.,0.001,0.,0.001,0.,0.,0.,0.,0.,0.,0.002,0.,0.002,,,
376,0.,0.,0.,0.,0.,0.,0.001,0.,0.001,0.,0.,0.,0.001,0.,0.001,0.,0.,0.,0.,0.,0.,0.002,0.,0.002,,,
377,0.,0.,0.,0.,0.,0.,0.001,0.,0.001,0.,0.,0.,0.001,0.,0.001,0.,0.,0.,0.,0.,0.,0.002,0.,0.002,,,
378,0.,0.,0.,0.,0.,0.,0.001,0.,0.001,0.,0.,0.,0.001,0.,0.001,0.,0.,0.,0.,0.,0.,0.002,0.,0.002,,,
379,0.,0.,0.,0.,0.,0.,0.001,0.,0.001,0.,0.,0.,0.002,0.,0.002,0.,0.,0.,0.,0.,0.,0.002,0.,0.002,,,
380,0.,0.,0.,0.,0.,0.,0.001,0.,0.001,0.,0.,0.,0.001,0.,0.001,0.,0.,0.,0.,0.,0.,0.002,0.,0.002,,,
381,0.,0.,0.,0.,0.,0.,0.001,0.,0.001,0.,0.,0.,0.001,0.,0.001,0.,0.,0.,0.,0.,0.,0.002,0.,0.002,,,
382,0.,0.,0.,0.,0.,0.,0.001,0.,0.001,0.,0.,0.,0.001,0.,0.001,0.,0.,0.,0.,0.,0.,0.002,0.,0.002,,,
383,0.,0.,0.,0.,0.,0.,0.001,0.,0.001,0.,0.,0.,0.002,0.,0.002,0.,0.,0.,0.,0.,0.,0.002,0.,0.002,,,
384,0.,0.,0.,0.,0.,0.,0.006,0.,0.006,0.,0.,0.,0.007,0.,0.007,0.,0.,0.,0.,0.,0.,0.007,0.,0.007,,,
385,0.,0.,0.,0.,0.,0.,0.001,0.,0.001,0.,0.,0.,0.001,0.,0.001,0.,0.,0.,0.,0.,0.,0.002,0.,0.002,,,
386,0.,0.,0.,0.,0.,0.,0.001,0.,0.001,0.,0.,0.,0.002,0.,0.002,0.,0.,0.,0.,0.,0.,0.002,0.,0.002,,,
387,0.,0.,0.,0.,0.,0.,0.001,0.,0.001,0.,0.,0.,0.002,0.,0.002,0.,0.,0.,0.,0.,0.,0.002,0.,0.002,,,
388,0.,0.,0.,0.,0.,0.,0.001,0.,0.001,0.,0.,0.,0.001,0.,0.001,0.,0.,0.,0.,0.,0.,0.002,0.,0.002,,,
389,0.,0.,0.,0.,0.,0.,0.001,0.,0.001,0.,0.,0.,0.001,0.,0.001,0.,0.,0.,0.,0.,0.,0.002,0.,0.002,,,
390,0.,0.,0.,0.,0.,0.,0.001,0.,0.001,0.,0.,0.,0.002,0.,0.002,0.,0.,0.,0.,0.,0.,0.002,0.,0.002,,,
391,0.,0.,0.,0.,0.,0.,0.001,0.,0.001,0.,0.,0.,0.002,0.,0.002,0.,0.,0.,0.,0.,0.,0.002,0.,0.002,,,
392,0.,0.,0.,0.,0.,0.,0.001,0.,0.001,0.,0.,0.,0.002,0.,0.002,0.,0.,0.,0.,0.,0.,0.002,0.,0.002,,,
393,0.,0.,0.,0.,0.,0.,0.001,0.,0.001,0.,0.,0.,0.002,0.,0.002,0.,0.,0.,0.,0.,0.,0.002,0.,0.002,,,
394,0.,0.,0.,0.,0.,0.,0.001,0.,0.001,0.,0.,0.,0.002,0.,0.002,0.,0.,0.,0.,0.,0.,0.002,0.,0.002,,,
395,0.,0.,0.,0.,0.,0.,0.001,0.,0.001,0.,0.,0.,0.002,0.,0.002,0.,0.,0.,0.,0.,0.,0.002,0.,0.002,,,
396,0.,0.,0.,0.,0.,0.,0.001,0.,0.001,0.,0.,0.,0.002,0.,0.002,0.,0.,0.,0.,0.,0.,0.002,0.,0.002,,,
397,0.,0.,0.,0.,0.,0.,0.001,0.,0.001,0.,0.,0.,0.002,0.,0.002,0.,0.,0.,0.,0.,0.,0.002,0.,0.002,,,
398,0.,0.,0.,0.,0.,0.,0.001,0.,0.001,0.,0.,0.,0.002,0.,0.002,0.,0.,0.,0.,0.,0.,0.002,0.,0.002,,,
399,0.,0.,0.,0.,0.,0.,0.001,0.,0.001,0.,0.,0.,0.002,0.,0.002,0.,0.,0.,0.,0.,0.,0.002,0.,0.002,,,
400,0.,0.,0.,0.,0.,0.,0.001,0.,0.001,0.,0.,0.,0.002,0.,0.002,0.,0.,0.,0.,0.,0.,0.002,0.,0.002,,,
401,0.,0.,0.,0.,0.,0.,0.001,0.,0.001,0.,0.,0.,0.002,0.,0.002,0.,0.,0.,0.,0.,0.,0.002,0.,0.002,,,
402,0.,0.,0.,0.,0.,0.,0.001,0.,0.001,0.,0.,0.,0.002,0.,0.002,0.,0.,0.,0.,0.,0.,0.002,0.,0.002,,,
403,0.,0.,0.,0.,0.,0.,0.001,0.,0.001,0.,0.,0.,0.002,0.,0.002,0.,0.,0.,0.,0.,0.,0.002,0.,0.002,,,
404,0.,0.,0.,0.,0.,0.,0.001,0.,0.001,0.,0.,0.,0.002,0.,0.002,0.,0.,0.,0.,0.,0.,0.002,0.,0.002,,,
405,0.,0.,0.,0.,0.,0.,0.001,0.,0.001,0.,0.,0.,0.002,0.,0.002,0.,0.,0.,0.,0.,0.,0.002,0.,0.002,,,
406,0.,0.,0.,0.,0.,0.,0.001,0.,0.001,0.,0.,0.,0.002,0.,0.002,0.,0.,0.,0.,0.,0.,0.002,0.,0.002,,,
407,0.,0.,0.,0.,0.,0.,0.001,0.,0.001,0.,0.,0.,0.002,0.,0.002,0.,0.,0.,0.,0.,0.,0.002,0.,0.002,,,
408,0.,0.,0.,0.,0.,0.,0.001,0.,0.001,0.,0.,0.,0.002,0.,0.002,0.,0.,0.,0.,0.,0.,0.002,0.,0.002,,,
409,0.,0.,0.,0.,0.,0.,0.001,0.,0.001,0.,0.,0.,0.002,0.,0.002,0.,0.,0.,0.,0.,0.,0.002,0.,0.002,,,
410,0.,0.,0.,0.,0.,0.,0.001,0.,0.001,0.,0.,0.,0.002,0.,0.002,0.,0.,0.,0.,0.,0.,0.002,0.,0.002,,,
411,0.,0.,0.,0.,0.,0.,0.001,0.,0.001,0.,0.,0.,0.002,0.,0.002,0.,0.,0.,0.,0.,0.,0.002,0.,0.002,,,
412,0.,0.,0.,0.,0.,0.,0.001,0.,0.001,0.,0.,0.,0.002,0.,0.002,0.,0.,0.,0.,0.,0.,0.002,0.,0.002,,,
413,0.,0.,0.,0.,0.,0.,0.001,0.,0.001,0.,0.,0.,0.002,0.,0.002,0.,0.,0.,0.,0.,0.,0.002,0.,0.002,,,
414,0.,0.,0.,0.,0.,0.,0.001,0.,0.001,0.,0.,0.,0.002,0.,0.002,0.,0.,0.,0.,0.,0.,0.002,0.,0.002,,,
415,0.,0.,0.,0.,0.,0.,0.001,0.,0.001,0.,0.,0.,0.002,0.,0.002,0.,0.,0.,0.,0.,0.,0.002,0.,0.002,,,
416,0.,0.,0.,0.,0.,0.,0.001,0.,0.001,0.,0.,0.,0.002,0.,0.002,0.,0.,0.,0.,0.,0.,0.002,0.,0.002,,,
417,0.,0.,0.,0.,0.,0.,0.001,0.,0.001,0.,0.,0.,0.002,0.,0.002,0.,0.,0.,0.,0.,0.,0.002,0.,0.002,,,
418,0.,0.,0.,0.,0.,0.,0.001,0.,0.001,0.,0.,0.,0.002,0.,0.002,0.,0.,0.,0.,0.,0.,0.002,0.,0.002,,,
419,0.,0.,0.,0.,0.,0.,0.001,0.,0.001,0.,0.,0.,0.002,0.,0.002,0.,0.,0.,0.,0.,0.,0.002,0.,0.002,,,
420,0.,0.,0.,0.,0.,0.,0.001,0.,0.001,0.,0.,0.,0.002,0.,0.002,0.,0.,0.,0.,0.,0.,0.002,0.,0.002,,,
421,0.,0.,0.,0.,0.,0.,0.001,0.,0.001,0.,0.,0.,0.002,0.,0.002,0.,0.,0.,0.,0.,0.,0.002,0.,0.002,,,
422,0.,0.,0.,0.,0.,0.,0.001,0.,0.001,0.,0.,0.,0.002,0.,0.002,0.,0.,0.,0.,0.,0.,0.002,0.,0.002,,,
423,0.,0.,0.,0.,0.,0.,0.001,0.,0.001,0.,0.,0.,0.002,0.,0.002,0.,0.,0.,0.,0.,0.,0.002,0.,0.002,,,
424,0.,0.,0.,0.,0.,0.,0.005,0.,0.005,0.,0.,0.,0.006,0.,0.006,0.,0.,0.,0.,0.,0.,0.006,0.,0.006,,,
425,0.,0.,0.,0.,0.,0.,0.001,0.,0.001,0.,0.,0.,0.002,0.,0.002,0.,0.,0.,0.,0.,0.,0.002,0.,0.002,,,
426,0.,0.,0.,0.,0.,0.,0.001,0.,0.001,0.,0.,0.,0.002,0.,0.002,0.,0.,0.,0.,0.,0.,0.002,0.,0.002,,,
427,0.,0.,0.,0.,0.,0.,0.001,0.,0.001,0.,0.,0.,0.002,0.,0.002,0.,0.,0.,0.,0.,0.,0.002,0.,0.002,,,
428,0.,0.,0.,0.,0.,0.,0.001,0.,0.001,0.,0.,0.,0.002,0.,0.002,0.,0.,0.,0.,0.,0.,0.002,0.,0.002,,,
429,0.,0.,0.,0.,0.,0.,0.001,0.,0.001,0.,0.,0.,0.002,0.,0.002,0.,0.,0.,0.,0.,0.,0.002,0.,0.002,,,
430,0.,0.,0.,0.,0.,0.,0.001,0.,0.001,0.,0.,0.,0.002,0.,0.002,0.,0.,0.,0.,0.,0.,0.002,0.,0.002,,,
431,0.,0.,0.,0.,0.,0.,0.001,0.,0.001,0.,0.,0.,0.002,0.,0.002,0.,0.,0.,0.,0.,0.,0.002,0.,0.002,,,
432,0.,0.,0.,0.,0.,0.,0.001,0.,0.001,0.,0.,0.,0.002,0.,0.002,0.,0.,0.,0.,0.,0.,0.002,0.,0.002,,,
433,0.,0.,0.,0.,0.,0.,0.001,0.,0.001,0.,0.,0.,0.002,0.,0.002,0.,0.,0.,0.,0.,0.,0.002,0.,0.002,,,
434,0.,0.,0.,0.,0.,0.,0.001,0.,0.001,0.,0.,0.,0.002,0.,0.002,0.,0.,0.,0.,0.,0.,0.002,0.,0.002,,,
435,0.,0.,0.,0.,0.,0.,0.001,0.,0.001,0.,0.,0.,0.002,0.,0.002,0.,0.,0.,0.,0.,0.,0.002,0.,0.002,,,
436,0.,0.,0.,0.,0.,0.,0.001,0.,0.001,0.,0.,0.,0.002,0.,0.002,0.,0.,0.,0.,0.,0.,0.002,0.,0.002,,,
437,0.,0.,0.,0.,0.,0.,0.001,0.,0.001,0.,0.,0.,0.002,0.,0.002,0.,0.,0.,0.,0.,0.,0.002,0.,0.002,,,
438,0.,0.,0.,0.,0.,0.,0.001,0.,0.001,0.,0.,0.,0.002,0.,0.002,0.,0.,0.,0.,0.,0.,0.002,0.,0.002,,,
439,0.,0.,0.,0.,0.,0.,0.001,0.,0.001,0.,0.,0.,0.002,0.,0.002,0.,0.,0.,0.,0.,0.,0.002,0.,0.002,,,
440,0.,0.,0.,0.,0.,0.,0.001,0.,0.001,0.,0.,0.,0.002,0.,0.002,0.,0.,0.,0.,0.,0.,0.002,0.,0.002,,,
441,0.,0.,0.,0.,0.,0.,0.001,0.,0.001,0.,0.,0.,0.002,0.,0.002,0.,0.,0.,0.,0.,0.,0.002,0.,0.002,,,
442,0.,0.,0.,0.,0.,0.,0.001,0.,0.001,0.,0.,0.,0.002,0.,0.002,0.,0.,0.,0.,0.,0.,0.002,0.,0.002,,,
443,0.,0.,0.,0.005,0.,0.005,0.001,0.,0.001,0.,0.,0.,0.002,0.,0.002,0.,0.,0.,0.,0.,0.,0.002,0.,0.002,,,
444,0.,0.,0.,0.001,0.,0.001,0.001,0.,0.001,0.,0.,0.,0.002,0.,0.002,0.,0.,0.,0.,0.,0.,0.002,0.,0.002,,,
445,0.,0.,0.,0.,0.,0.,0.001,0.,0.001,0.,0.,0.,0.002,0.,0.002,0.,0.,0.,0.,0.,0.,0.002,0.,0.002,,,
446,0.,0.,0.,0.,0.,0.,0.001,0.,0.001,0.,0.,0.,0.002,0.,0.002,0.,0.,0.,0.,0.,0.,0.002,0.,0.002,,,
447,0.,0.,0.,0.,0.,0.,0.001,0.,0.001,0.,0.,0.,0.002,0.,0.002,0.,0.,0.,0.,0.,0.,0.002,0.,0.002,,,
448,0.,0.,0.,0.,0.,0.,0.001,0.,0.001,0.,0.,0.,0.002,0.,0.002,0.,0.,0.,0.,0.,0.,0.002,0.,0.002,,,
449,0.,0.,0.,0.,0.,0.,0.001,0.,0.001,0.,0.,0.,0.002,0.,0.002,0.,0.,0.,0.,0.,0.,0.002,0.,0.002,,,
450,0.,0.,0.,0.,0.,0.,0.001,0.,0.001,0.,0.,0.,0.002,0.,0.002,0.,0.,0.,0.,0.,0.,0.002,0.,0.002,,,
451,0.,0.,0.,0.,0.,0.,0.001,0.,0.001,0.,0.,0.,0.002,0.,0.002,0.,0.,0.,0.,0.,0.,0.002,0.,0.002,,,
452,0.,0.,0.,0.005,0.,0.005,0.001,0.,0.001,0.,0.,0.,0.002,0.,0.002,0.,0.,0.,0.,0.,0.,0.002,0.,0.002,,,
453,0.,0.,0.,0.,0.,0.,0.001,0.,0.001,0.,0.,0.,0.002,0.,0.002,0.,0.,0.,0.,0.,0.,0.002,0.,0.002,,,
454,0.,0.,0.,0.,0.,0.,0.001,0.,0.001,0.,0.,0.,0.002,0.,0.002,0.,0.,0.,0.,0.,0.,0.002,0.,0.002,,,
455,0.,0.,0.,0.,0.,0.,0.001,0.001,0.,0.,0.,0.,0.002,0.002,0.,0.,0.,0.,0.,0.,0.,0.002,0.002,0.,,,
456,0.,0.,0.,0.,0.,0.,0.001,0.,0.001,0.,0.,0.,0.002,0.,0.002,0.,0.,0.,0.,0.,0.,0.002,0.,0.002,,,
457,0.,0.,0.,0.,0.,0.,0.001,0.,0.001,0.,0.,0.,0.002,0.,0.002,0.,0.,0.,0.,0.,0.,0.002,0.,0.002,,,
458,0.,0.,0.,0.,0.,0.,0.001,0.,0.001,0.,0.,0.,0.002,0.,0.002,0.,0.,0.,0.,0.,0.,0.002,0.,0.002,,,
459,0.,0.,0.,0.,0.,0.,0.001,0.,0.001,0.,0.,0.,0.002,0.,0.002,0.,0.,0.,0.,0.,0.,0.002,0.,0.002,,,
460,0.,0.,0.,0.,0.,0.,0.001,0.,0.001,0.,0.,0.,0.002,0.,0.002,0.,0.,0.,0.,0.,0.,0.002,0.,0.002,,,
461,0.,0.,0.,0.005,0.,0.005,0.001,0.,0.001,0.,0.,0.,0.002,0.,0.002,0.,0.,0.,0.,0.,0.,0.002,0.,0.002,,,
462,0.,0.,0.,0.,0.,0.,0.001,0.,0.001,0.,0.,0.,0.002,0.,0.002,0.,0.,0.,0.,0.,0.,0.002,0.,0.002,,,
463,0.,0.,0.,0.,0.,0.,0.001,0.,0.001,0.,0.,0.,0.002,0.,0.002,0.,0.,0.,0.,0.,0.,0.002,0.,0.002,,,
464,0.,0.,0.,0.,0.,0.,0.001,0.,0.001,0.,0.,0.,0.002,0.,0.002,0.,0.,0.,0.,0.,0.,0.002,0.,0.002,,,
465,0.,0.,0.,0.,0.,0.,0.001,0.,0.001,0.,0.,0.,0.002,0.,0.002,0.,0.,0.,0.,0.,0.,0.002,0.,0.002,,,
466,0.,0.,0.,0.,0.,0.,0.001,0.,0.001,0.,0.,0.,0.002,0.,0.002,0.,0.,0.,0.,0.,0.,0.002,0.,0.002,,,
467,0.,0.,0.,0.,0.,0.,0.001,0.,0.001,0.,0.,0.,0.002,0.,0.002,0.,0.,0.,0.,0.,0.,0.002,0.,0.002,,,
468,0.,0.,0.,0.,0.,0.,0.001,0.,0.001,0.,0.,0.,0.002,0.,0.002,0.,0.,0.,0.,0.,0.,0.002,0.,0.002,,,
469,0.,0.,0.,0.,0.,0.,0.001,0.,0.001,0.,0.,0.,0.002,0.,0.002,0.,0.,0.,0.,0.,0.,0.002,0.,0.002,,,
470,0.,0.,0.,0.001,0.,0.001,0.001,0.,0.001,0.,0.,0.,0.002,0.,0.002,0.,0.,0.,0.,0.,0.,0.002,0.,0.002,,,
471,0.,0.,0.,0.001,0.,0.001,0.001,0.,0.001,0.,0.,0.,0.002,0.,0.002,0.,0.,0.,0.,0.,0.,0.002,0.,0.002,,,
472,0.,0.,0.,0.001,0.,0.001,0.001,0.,0.001,0.,0.,0.,0.002,0.,0.002,0.,0.,0.,0.,0.,0.,0.002,0.,0.002,,,
473,0.,0.,0.,0.,0.,0.,0.001,0.,0.001,0.,0.,0.,0.002,0.,0.002,0.,0.,0.,0.,0.,0.,0.002,0.,0.002,,,
474,0.,0.,0.,0.001,0.,0.001,0.001,0.,0.001,0.,0.,0.,0.002,0.,0.002,0.,0.,0.,0.,0.,0.,0.002,0.,0.002,,,
475,0.,0.,0.,0.001,0.,0.001,0.001,0.,0.001,0.,0.,0.,0.002,0.,0.002,0.,0.,0.,0.,0.,0.,0.002,0.,0.002,,,
476,0.,0.,0.,0.001,0.,0.001,0.001,0.,0.001,0.,0.,0.,0.002,0.,0.002,0.,0.,0.,0.,0.,0.,0.002,0.,0.002,,,
477,0.,0.,0.,0.001,0.,0.001,0.001,0.,0.001,0.,0.,0.,0.002,0.,0.002,0.,0.,0.,0.,0.,0.,0.002,0.,0.002,,,
478,0.,0.,0.,0.001,0.,0.001,0.005,0.,0.005,0.,0.,0.,0.006,0.,0.006,0.,0.,0.,0.,0.,0.,0.007,0.,0.007,,,
479,0.,0.,0.,0.001,0.,0.001,0.001,0.,0.001,0.,0.,0.,0.002,0.,0.002,0.,0.,0.,0.,0.,0.,0.002,0.,0.002,,,
480,0.,0.,0.,0.001,0.,0.001,0.001,0.,0.001,0.,0.,0.,0.002,0.,0.002,0.,0.,0.,0.,0.,0.,0.002,0.,0.002,,,
481,0.,0.,0.,0.001,0.,0.001,0.001,0.,0.001,0.,0.,0.,0.002,0.,0.002,0.,0.,0.,0.,0.,0.,0.002,0.,0.002,,,
482,0.,0.,0.,0.001,0.,0.001,0.001,0.,0.001,0.,0.,0.,0.002,0.,0.002,0.,0.,0.,0.,0.,0.,0.002,0.,0.002,,,
483,0.,0.,0.,0.001,0.,0.001,0.001,0.,0.001,0.,0.,0.,0.002,0.,0.002,0.,0.,0.,0.,0.,0.,0.002,0.,0.002,,,
484,0.001,0.,0.001,0.001,0.,0.001,0.001,0.,0.001,0.,0.,0.,0.002,0.,0.002,0.,0.,0.,0.,0.,0.,0.002,0.,0.002,,,
485,0.001,0.,0.001,0.001,0.,0.001,0.001,0.,0.001,0.,0.,0.,0.002,0.,0.002,0.,0.,0.,0.,0.,0.,0.002,0.,0.002,,,
486,0.,0.,0.,0.001,0.,0.001,0.001,0.,0.001,0.,0.,0.,0.002,0.,0.002,0.,0.,0.,0.,0.,0.,0.002,0.,0.002,,,
487,0.,0.,0.,0.001,0.,0.001,0.001,0.,0.001,0.,0.,0.,0.002,0.,0.002,0.,0.,0.,0.,0.,0.,0.002,0.,0.002,,,
488,0.001,0.,0.001,0.001,0.,0.001,0.001,0.,0.001,0.,0.,0.,0.002,0.,0.002,0.,0.,0.,0.,0.,0.,0.002,0.,0.002,,,
489,0.001,0.,0.001,0.001,0.,0.001,0.001,0.,0.001,0.,0.,0.,0.002,0.,0.002,0.,0.,0.,0.,0.,0.,0.002,0.,0.002,,,
490,0.001,0.001,0.,0.001,0.,0.001,0.001,0.001,0.,0.,0.,0.,0.002,0.002,0.,0.,0.,0.,0.,0.,0.,0.002,0.002,0.,,,
491,0.001,0.,0.,0.001,0.,0.,0.001,0.,0.001,0.,0.,0.,0.002,0.,0.002,0.,0.,0.,0.,0.,0.,0.002,0.,0.002,,,
492,0.,0.,0.,0.001,0.,0.001,0.001,0.,0.001,0.,0.,0.,0.002,0.,0.002,0.,0.,0.,0.,0.,0.,0.002,0.,0.002,,,
493,0.001,0.,0.,0.001,0.,0.001,0.001,0.,0.001,0.,0.,0.,0.002,0.,0.002,0.,0.,0.,0.,0.,0.,0.002,0.,0.002,,,
494,0.001,0.,0.001,0.001,0.,0.001,0.001,0.,0.001,0.,0.,0.,0.002,0.,0.002,0.,0.,0.,0.,0.,0.,0.002,0.,0.002,,,
495,0.005,0.,0.005,0.001,0.,0.001,0.001,0.,0.001,0.,0.,0.,0.006,0.,0.006,0.,0.,0.,0.,0.,0.,0.007,0.,0.007,,,
496,0.001,0.,0.001,0.001,0.,0.001,0.001,0.,0.001,0.,0.,0.,0.002,0.,0.002,0.,0.,0.,0.,0.,0.,0.003,0.,0.003,,,
497,0.001,0.,0.001,0.001,0.,0.001,0.001,0.,0.001,0.,0.,0.,0.002,0.,0.002,0.,0.,0.,0.,0.,0.,0.003,0.,0.003,,,
498,0.001,0.,0.001,0.001,0.,0.001,0.001,0.,0.001,0.,0.,0.,0.002,0.,0.002,0.,0.,0.,0.,0.,0.,0.002,0.,0.002,,,
499,0.001,0.,0.001,0.001,0.,0.001,0.001,0.,0.001,0.,0.,0.,0.002,0.,0.002,0.,0.,0.,0.,0.,0.,0.002,0.,0.002,,,
500,0.001,0.,0.001,0.001,0.,0.001,0.001,0.,0.001,0.,0.,0.,0.002,0.,0.002,0.,0.,0.,0.,0.,0.,0.003,0.,0.003,,,
505,0.001,0.,0.001,0.001,0.,0.001,0.001,0.,0.001,0.,0.,0.,0.002,0.,0.002,0.,0.,0.,0.,0.,0.,0.003,0.,0.003,,,
510,0.001,0.,0.001,0.001,0.,0.001,0.001,0.,0.001,0.,0.,0.,0.002,0.,0.002,0.,0.,0.,0.,0.,0.,0.003,0.,0.003,,,
515,0.001,0.,0.001,0.001,0.,0.001,0.004,0.,0.004,0.,0.,0.,0.005,0.,0.005,0.,0.,0.,0.,0.,0.,0.006,0.,0.006,,,
520,0.001,0.,0.001,0.001,0.,0.001,0.001,0.,0.001,0.,0.,0.,0.002,0.,0.002,0.,0.,0.,0.,0.,0.,0.003,0.,0.003,,,
525,0.001,0.,0.001,0.001,0.,0.001,0.001,0.,0.001,0.,0.,0.,0.002,0.,0.002,0.,0.,0.,0.,0.,0.,0.003,0.,0.003,,,
530,0.001,0.,0.001,0.001,0.,0.001,0.001,0.,0.001,0.,0.,0.,0.002,0.,0.002,0.,0.,0.,0.,0.,0.,0.003,0.,0.003,,,
535,0.001,0.,0.001,0.001,0.,0.001,0.001,0.,0.001,0.,0.,0.,0.002,0.,0.002,0.,0.,0.,0.,0.,0.,0.003,0.,0.003,,,
540,0.001,0.,0.001,0.001,0.,0.001,0.001,0.,0.001,0.,0.,0.,0.002,0.,0.002,0.,0.,0.,0.,0.,0.,0.003,0.,0.003,,,
545,0.001,0.,0.001,0.001,0.,0.001,0.001,0.,0.001,0.,0.,0.,0.002,0.,0.002,0.,0.,0.,0.,0.,0.,0.003,0.,0.003,,,
550,0.001,0.,0.001,0.001,0.,0.001,0.001,0.,0.001,0.,0.,0.,0.002,0.,0.002,0.,0.,0.,0.,0.,0.,0.003,0.,0.003,,,
555,0.001,0.,0.001,0.006,0.,0.006,0.001,0.,0.001,0.,0.,0.,0.002,0.,0.002,0.,0.,0.,0.,0.,0.,0.003,0.,0.003,,,
560,0.001,0.,0.001,0.001,0.,0.001,0.001,0.,0.001,0.,0.,0.,0.002,0.,0.002,0.,0.,0.,0.,0.,0.,0.003,0.,0.003,,,
565,0.001,0.,0.001,0.001,0.,0.001,0.001,0.,0.001,0.,0.,0.,0.002,0.,0.002,0.,0.,0.,0.,0.,0.,0.003,0.,0.003,,,
570,0.001,0.,0.001,0.001,0.,0.001,0.001,0.,0.001,0.,0.,0.,0.002,0.,0.002,0.,0.,0.,0.,0.,0.,0.003,0.,0.003,,,
575,0.001,0.,0.001,0.001,0.,0.001,0.001,0.,0.001,0.,0.,0.,0.002,0.,0.002,0.,0.,0.,0.,0.,0.,0.003,0.,0.003,,,
580,0.001,0.,0.001,0.001,0.,0.001,0.001,0.,0.001,0.,0.,0.,0.002,0.,0.002,0.,0.,0.,0.,0.,0.,0.003,0.,0.003,,,
585,0.001,0.,0.001,0.001,0.,0.001,0.001,0.,0.001,0.,0.,0.,0.002,0.,0.002,0.,0.,0.,0.,0.,0.,0.003,0.,0.003,,,
590,0.001,0.,0.001,0.001,0.,0.001,0.005,0.,0.005,0.,0.,0.,0.006,0.,0.006,0.,0.,0.,0.,0.,0.,0.007,0.,0.007,,,
595,0.001,0.,0.001,0.001,0.,0.001,0.001,0.,0.001,0.,0.,0.,0.002,0.,0.002,0.,0.,0.,0.,0.,0.,0.003,0.,0.003,,,
600,0.001,0.,0.001,0.001,0.,0.001,0.001,0.,0.001,0.,0.,0.,0.002,0.,0.002,0.,0.,0.,0.,0.,0.,0.003,0.,0.003,,,
605,0.001,0.,0.001,0.001,0.,0.001,0.001,0.,0.001,0.,0.,0.,0.003,0.,0.003,0.,0.,0.,0.,0.,0.,0.003,0.,0.003,,,
610,0.001,0.,0.001,0.001,0.,0.001,0.001,0.,0.001,0.,0.,0.,0.002,0.,0.002,0.,0.,0.,0.,0.,0.,0.003,0.,0.003,,,
615,0.001,0.,0.001,0.001,0.,0.001,0.001,0.,0.001,0.,0.,0.,0.003,0.,0.003,0.,0.,0.,0.,0.,0.,0.003,0.,0.003,,,
620,0.001,0.,0.001,0.001,0.,0.001,0.001,0.,0.001,0.,0.,0.,0.003,0.,0.003,0.,0.,0.,0.,0.,0.,0.003,0.,0.003,,,
625,0.007,0.,0.007,0.001,0.,0.001,0.001,0.,0.001,0.,0.,0.,0.009,0.,0.009,0.,0.,0.,0.,0.,0.,0.01,0.,0.01,,,
630,0.001,0.,0.001,0.001,0.,0.001,0.001,0.,0.001,0.,0.,0.,0.003,0.,0.003,0.,0.,0.,0.,0.,0.,0.003,0.,0.003,,,
635,0.001,0.,0.001,0.001,0.,0.001,0.001,0.,0.001,0.,0.,0.,0.003,0.,0.003,0.,0.,0.,0.,0.,0.,0.003,0.,0.003,,,
640,0.001,0.,0.001,0.001,0.,0.001,0.001,0.,0.001,0.,0.,0.,0.003,0.,0.003,0.,0.,0.,0.,0.,0.,0.003,0.,0.003,,,
645,0.001,0.,0.001,0.001,0.,0.001,0.001,0.,0.001,0.,0.,0.,0.003,0.,0.003,0.,0.,0.,0.,0.,0.,0.003,0.,0.003,,,
650,0.001,0.,0.001,0.001,0.,0.001,0.001,0.,0.001,0.,0.,0.,0.003,0.,0.003,0.,0.,0.,0.,0.,0.,0.003,0.,0.003,,,
655,0.001,0.,0.001,0.001,0.,0.001,0.001,0.,0.001,0.,0.,0.,0.003,0.,0.003,0.,0.,0.,0.,0.,0.,0.003,0.,0.003,,,
660,0.001,0.,0.001,0.001,0.,0.001,0.001,0.,0.001,0.,0.,0.,0.003,0.,0.003,0.,0.,0.,0.,0.,0.,0.003,0.,0.003,,,
665,0.001,0.,0.001,0.001,0.,0.001,0.001,0.,0.001,0.,0.,0.,0.003,0.,0.003,0.,0.,0.,0.,0.,0.,0.003,0.,0.003,,,
670,0.001,0.,0.001,0.001,0.,0.001,0.001,0.,0.001,0.,0.,0.,0.003,0.,0.003,0.,0.,0.,0.,0.,0.,0.003,0.,0.003,,,
675,0.001,0.,0.001,0.001,0.,0.001,0.001,0.,0.001,0.,0.,0.,0.003,0.,0.003,0.,0.,0.,0.,0.,0.,0.003,0.,0.003,,,
680,0.001,0.,0.001,0.001,0.,0.001,0.001,0.,0.001,0.,0.,0.,0.003,0.,0.003,0.,0.,0.,0.,0.,0.,0.003,0.,0.003,,,
685,0.001,0.,0.001,0.001,0.,0.001,0.001,0.,0.001,0.,0.,0.,0.003,0.,0.003,0.,0.,0.,0.,0.,0.,0.004,0.,0.004,,,
690,0.001,0.,0.001,0.001,0.,0.001,0.001,0.,0.001,0.,0.,0.,0.003,0.,0.003,0.,0.,0.,0.,0.,0.,0.004,0.,0.004,,,
695,0.001,0.,0.001,0.001,0.,0.001,0.001,0.,0.001,0.,0.,0.,0.003,0.,0.003,0.,0.,0.,0.,0.,0.,0.004,0.,0.004,,,
700,0.001,0.,0.001,0.001,0.,0.001,0.001,0.,0.001,0.,0.,0.,0.003,0.,0.003,0.,0.,0.,0.,0.,0.,0.004,0.,0.004,,,
705,0.001,0.,0.001,0.001,0.,0.001,0.001,0.,0.001,0.,0.,0.,0.003,0.,0.003,0.,0.,0.,0.,0.,0.,0.004,0.,0.004,,,
710,0.001,0.,0.001,0.001,0.,0.001,0.002,0.,0.002,0.,0.,0.,0.003,0.,0.003,0.,0.,0.,0.,0.,0.,0.004,0.,0.004,,,
715,0.001,0.,0.001,0.001,0.,0.001,0.002,0.,0.002,0.,0.,0.,0.003,0.,0.003,0.,0.,0.,0.,0.,0.,0.004,0.,0.004,,,
720,0.001,0.,0.001,0.001,0.,0.001,0.002,0.,0.002,0.,0.,0.,0.003,0.,0.003,0.,0.,0.,0.,0.,0.,0.004,0.,0.004,,,
725,0.001,0.,0.001,0.001,0.,0.001,0.002,0.,0.002,0.,0.,0.,0.003,0.,0.003,0.,0.,0.,0.,0.,0.,0.004,0.,0.004,,,
730,0.001,0.,0.001,0.001,0.,0.001,0.002,0.,0.002,0.,0.,0.,0.003,0.,0.003,0.,0.,0.,0.,0.,0.,0.004,0.,0.004,,,
735,0.001,0.,0.001,0.001,0.,0.001,0.002,0.,0.002,0.,0.,0.,0.003,0.,0.003,0.,0.,0.,0.,0.,0.,0.004,0.,0.004,,,
740,0.001,0.,0.001,0.001,0.,0.001,0.002,0.,0.002,0.,0.,0.,0.003,0.,0.003,0.,0.,0.,0.,0.,0.,0.004,0.,0.004,,,
745,0.001,0.,0.001,0.001,0.,0.001,0.002,0.,0.002,0.,0.,0.,0.003,0.,0.003,0.,0.,0.,0.,0.,0.,0.004,0.,0.004,,,
750,0.001,0.,0.001,0.001,0.,0.001,0.002,0.,0.002,0.,0.,0.,0.003,0.,0.003,0.,0.,0.,0.,0.,0.,0.004,0.,0.004,,,
755,0.001,0.,0.001,0.001,0.,0.001,0.002,0.,0.002,0.,0.,0.,0.003,0.,0.003,0.,0.,0.,0.,0.,0.,0.004,0.,0.004,,,
760,0.001,0.,0.001,0.001,0.,0.001,0.002,0.,0.002,0.,0.,0.,0.003,0.,0.003,0.,0.,0.,0.,0.,0.,0.004,0.,0.004,,,
765,0.001,0.,0.001,0.001,0.,0.001,0.002,0.,0.002,0.,0.,0.,0.003,0.,0.003,0.,0.,0.,0.,0.,0.,0.004,0.,0.004,,,
770,0.001,0.,0.001,0.001,0.,0.001,0.002,0.,0.002,0.,0.,0.,0.003,0.,0.003,0.,0.,0.,0.,0.,0.,0.004,0.,0.004,,,
775,0.004,0.,0.004,0.001,0.,0.001,0.002,0.,0.002,0.,0.,0.,0.006,0.,0.006,0.,0.,0.,0.,0.,0.,0.006,0.,0.006,,,
780,0.001,0.,0.001,0.001,0.,0.001,0.002,0.,0.002,0.,0.,0.,0.003,0.,0.003,0.,0.,0.,0.,0.,0.,0.004,0.,0.004,,,
785,0.001,0.,0.001,0.001,0.,0.001,0.002,0.,0.002,0.,0.,0.,0.003,0.,0.003,0.,0.,0.,0.,0.,0.,0.004,0.,0.004,,,
790,0.001,0.,0.001,0.001,0.,0.001,0.002,0.,0.002,0.,0.,0.,0.003,0.,0.003,0.,0.,0.,0.,0.,0.,0.004,0.,0.004,,,
795,0.001,0.,0.001,0.001,0.,0.001,0.002,0.,0.002,0.,0.,0.,0.003,0.,0.003,0.,0.,0.,0.,0.,0.,0.004,0.,0.004,,,
800,0.001,0.,0.001,0.001,0.,0.001,0.002,0.,0.002,0.,0.,0.,0.003,0.,0.003,0.,0.,0.,0.,0.,0.,0.009,0.,0.009,,,
805,0.001,0.,0.001,0.001,0.,0.001,0.002,0.,0.002,0.,0.,0.,0.004,0.,0.004,0.,0.,0.,0.,0.,0.,0.004,0.,0.004,,,
810,0.001,0.,0.001,0.001,0.,0.001,0.002,0.,0.002,0.,0.,0.,0.003,0.,0.003,0.,0.,0.,0.,0.,0.,0.004,0.,0.004,,,
815,0.001,0.,0.001,0.001,0.,0.001,0.002,0.,0.002,0.,0.,0.,0.004,0.,0.004,0.,0.,0.,0.,0.,0.,0.004,0.,0.004,,,
820,0.001,0.,0.001,0.001,0.,0.001,0.002,0.,0.002,0.,0.,0.,0.004,0.,0.004,0.,0.,0.,0.,0.,0.,0.004,0.,0.004,,,
825,0.001,0.,0.001,0.001,0.,0.001,0.002,0.,0.002,0.,0.,0.,0.004,0.,0.004,0.,0.,0.,0.,0.,0.,0.004,0.,0.004,,,
830,0.001,0.,0.001,0.001,0.,0.001,0.002,0.,0.002,0.,0.,0.,0.004,0.,0.004,0.,0.,0.,0.,0.,0.,0.004,0.,0.004,,,
835,0.001,0.,0.001,0.001,0.,0.001,0.002,0.,0.002,0.,0.,0.,0.004,0.,0.004,0.,0.,0.,0.,0.,0.,0.004,0.,0.004,,,
840,0.001,0.,0.001,0.001,0.,0.001,0.002,0.,0.002,0.,0.,0.,0.004,0.,0.004,0.,0.,0.,0.,0.,0.,0.004,0.,0.004,,,
845,0.001,0.,0.001,0.001,0.,0.001,0.002,0.,0.002,0.,0.,0.,0.004,0.,0.004,0.,0.,0.,0.,0.,0.,0.004,0.,0.004,,,
850,0.001,0.,0.001,0.001,0.,0.001,0.002,0.,0.002,0.,0.,0.,0.004,0.,0.004,0.,0.,0.,0.,0.,0.,0.004,0.,0.004,,,
855,0.001,0.,0.001,0.001,0.,0.001,0.002,0.,0.002,0.,0.,0.,0.004,0.,0.004,0.,0.,0.,0.,0.,0.,0.004,0.,0.004,,,
860,0.001,0.,0.001,0.001,0.,0.001,0.002,0.,0.002,0.,0.,0.,0.004,0.,0.004,0.,0.,0.,0.,0.,0.,0.004,0.,0.004,,,
865,0.001,0.,0.001,0.001,0.,0.001,0.002,0.,0.002,0.,0.,0.,0.004,0.,0.004,0.,0.,0.,0.,0.,0.,0.004,0.,0.004,,,
870,0.001,0.,0.001,0.001,0.,0.001,0.002,0.,0.002,0.,0.,0.,0.004,0.,0.004,0.,0.,0.,0.,0.,0.,0.004,0.,0.004,,,
875,0.001,0.,0.001,0.001,0.,0.001,0.002,0.,0.002,0.,0.,0.,0.004,0.,0.004,0.,0.,0.,0.,0.,0.,0.004,0.,0.004,,,
880,0.001,0.,0.001,0.001,0.,0.001,0.002,0.,0.002,0.,0.,0.,0.004,0.,0.004,0.,0.,0.,0.,0.,0.,0.005,0.,0.005,,,
885,0.001,0.,0.001,0.001,0.,0.001,0.002,0.,0.002,0.,0.,0.,0.004,0.,0.004,0.,0.,0.,0.,0.,0.,0.005,0.,0.004,,,
890,0.001,0.,0.001,0.001,0.,0.001,0.002,0.,0.002,0.,0.,0.,0.004,0.,0.004,0.,0.,0.,0.,0.,0.,0.005,0.,0.005,,,
895,0.001,0.,0.001,0.001,0.,0.001,0.002,0.,0.002,0.,0.,0.,0.004,0.,0.004,0.,0.,0.,0.,0.,0.,0.005,0.,0.005,,,
900,0.001,0.,0.001,0.001,0.,0.001,0.002,0.,0.002,0.004,0.,0.004,0.004,0.,0.004,0.,0.,0.,0.,0.,0.,0.008,0.,0.008,,,
905,0.001,0.,0.001,0.001,0.,0.001,0.002,0.,0.002,0.,0.,0.,0.004,0.,0.004,0.,0.,0.,0.,0.,0.,0.005,0.,0.005,,,
910,0.001,0.,0.001,0.001,0.,0.001,0.002,0.,0.002,0.,0.,0.,0.004,0.,0.004,0.,0.,0.,0.,0.,0.,0.005,0.,0.005,,,
915,0.001,0.,0.001,0.001,0.,0.001,0.002,0.,0.002,0.,0.,0.,0.004,0.,0.004,0.,0.,0.,0.,0.,0.,0.005,0.,0.005,,,
920,0.001,0.,0.001,0.001,0.,0.001,0.002,0.,0.002,0.,0.,0.,0.004,0.,0.004,0.,0.,0.,0.,0.,0.,0.005,0.,0.005,,,
925,0.004,0.,0.004,0.001,0.,0.001,0.002,0.,0.002,0.,0.,0.,0.007,0.,0.007,0.,0.,0.,0.,0.,0.,0.008,0.,0.008,,,
930,0.001,0.,0.001,0.001,0.,0.001,0.002,0.,0.002,0.,0.,0.,0.004,0.,0.004,0.,0.,0.,0.,0.,0.,0.005,0.,0.005,,,
935,0.001,0.,0.001,0.002,0.,0.002,0.002,0.,0.002,0.,0.,0.,0.004,0.,0.004,0.,0.,0.,0.,0.,0.,0.005,0.,0.005,,,
940,0.001,0.,0.001,0.001,0.,0.001,0.002,0.,0.002,0.,0.,0.,0.004,0.,0.004,0.,0.,0.,0.,0.,0.,0.005,0.,0.005,,,
945,0.001,0.,0.001,0.002,0.,0.002,0.002,0.,0.002,0.,0.,0.,0.004,0.,0.004,0.,0.,0.,0.,0.,0.,0.005,0.,0.005,,,
950,0.001,0.,0.001,0.001,0.,0.001,0.002,0.,0.002,0.,0.,0.,0.004,0.,0.004,0.,0.,0.,0.,0.,0.,0.005,0.,0.005,,,
955,0.001,0.,0.001,0.002,0.,0.002,0.002,0.,0.002,0.,0.,0.,0.004,0.,0.004,0.,0.,0.,0.,0.,0.,0.005,0.,0.005,,,
960,0.001,0.,0.001,0.002,0.,0.002,0.002,0.,0.002,0.,0.,0.,0.004,0.,0.004,0.,0.,0.,0.,0.,0.,0.005,0.,0.005,,,
965,0.001,0.,0.001,0.002,0.,0.002,0.002,0.,0.002,0.,0.,0.,0.004,0.,0.004,0.,0.,0.,0.,0.,0.,0.005,0.,0.005,,,
970,0.001,0.,0.001,0.002,0.,0.002,0.005,0.,0.005,0.,0.,0.,0.007,0.,0.007,0.,0.,0.,0.,0.,0.,0.008,0.,0.008,,,
975,0.001,0.,0.001,0.002,0.,0.002,0.002,0.,0.002,0.,0.,0.,0.004,0.,0.004,0.,0.,0.,0.,0.,0.,0.005,0.,0.005,,,
980,0.001,0.,0.001,0.002,0.,0.002,0.002,0.,0.002,0.,0.,0.,0.004,0.,0.004,0.,0.,0.,0.,0.,0.,0.005,0.,0.005,,,
985,0.001,0.,0.001,0.002,0.,0.002,0.002,0.,0.002,0.,0.,0.,0.004,0.,0.004,0.,0.,0.,0.,0.,0.,0.005,0.,0.005,,,
990,0.001,0.,0.001,0.002,0.,0.002,0.002,0.,0.002,0.,0.,0.,0.004,0.,0.004,0.,0.,0.,0.,0.,0.,0.005,0.,0.005,,,
995,0.002,0.,0.002,0.002,0.,0.002,0.002,0.,0.002,0.,0.,0.,0.004,0.,0.004,0.,0.,0.,0.,0.,0.,0.005,0.,0.005,,,
1000,0.001,0.,0.001,0.002,0.,0.002,0.002,0.,0.002,0.,0.,0.,0.004,0.,0.004,0.,0.,0.,0.,0.,0.,0.005,0.,0.005,,,
1010,0.002,0.,0.002,0.003,0.,0.003,0.004,0.,0.004,0.001,0.,0.001,0.007,0.,0.007,0.,0.,0.,0.,0.,0.,0.008,0.,0.008,,,
1020,0.002,0.,0.002,0.003,0.003,0.,0.056,0.031,0.024,0.,0.,0.,0.059,0.032,0.027,0.,0.,0.,0.,0.,0.,0.06,0.032,0.027,,,
1030,0.002,0.,0.001,0.002,0.,0.002,0.002,0.,0.002,0.,0.,0.,0.005,0.,0.004,0.,0.,0.,0.,0.,0.,0.005,0.,0.005,,,
1040,0.002,0.,0.002,0.002,0.,0.002,0.002,0.,0.002,0.,0.,0.,0.005,0.,0.005,0.,0.,0.,0.,0.,0.,0.005,0.,0.005,,,
1050,0.002,0.,0.002,0.002,0.,0.002,0.002,0.,0.002,0.,0.,0.,0.005,0.,0.005,0.,0.,0.,0.,0.,0.,0.005,0.,0.005,,,
1060,0.002,0.,0.002,0.002,0.,0.002,0.002,0.,0.002,0.005,0.,0.005,0.005,0.,0.005,0.,0.,0.,0.,0.,0.,0.011,0.,0.011,,,
1070,0.002,0.,0.002,0.002,0.,0.002,0.002,0.,0.002,0.,0.,0.,0.005,0.,0.005,0.,0.,0.,0.,0.,0.,0.006,0.,0.006,,,
1080,0.002,0.,0.002,0.002,0.,0.002,0.003,0.,0.003,0.,0.,0.,0.005,0.,0.005,0.,0.,0.,0.,0.,0.,0.006,0.,0.006,,,
1090,0.002,0.,0.002,0.002,0.,0.002,0.003,0.,0.003,0.,0.,0.,0.005,0.,0.005,0.,0.,0.,0.,0.,0.,0.006,0.,0.006,,,
1100,0.002,0.,0.002,0.002,0.,0.002,0.01,0.,0.009,0.,0.,0.,0.012,0.,0.012,0.,0.,0.,0.,0.,0.,0.013,0.,0.013,,,
1110,0.002,0.,0.002,0.002,0.,0.002,0.003,0.,0.003,0.,0.,0.,0.005,0.,0.005,0.,0.,0.,0.,0.,0.,0.006,0.,0.006,,,
1120,0.002,0.,0.002,0.002,0.,0.002,0.003,0.,0.003,0.,0.,0.,0.005,0.,0.005,0.,0.,0.,0.,0.,0.,0.006,0.,0.006,,,
1130,0.002,0.,0.002,0.002,0.,0.002,0.003,0.,0.003,0.,0.,0.,0.005,0.,0.005,0.,0.,0.,0.,0.,0.,0.006,0.,0.006,,,
1140,0.002,0.,0.002,0.002,0.,0.002,0.007,0.,0.007,0.,0.,0.,0.01,0.,0.01,0.,0.,0.,0.,0.,0.,0.011,0.,0.011,,,
1150,0.002,0.,0.002,0.002,0.,0.002,0.003,0.,0.003,0.,0.,0.,0.005,0.,0.005,0.,0.,0.,0.,0.,0.,0.006,0.,0.006,,,
1160,0.002,0.,0.002,0.002,0.,0.002,0.003,0.,0.003,0.,0.,0.,0.005,0.,0.005,0.,0.,0.,0.,0.,0.,0.006,0.,0.006,,,
1170,0.002,0.,0.002,0.002,0.,0.002,0.003,0.,0.003,0.,0.,0.,0.005,0.,0.005,0.,0.,0.,0.,0.,0.,0.006,0.,0.006,,,
1180,0.002,0.,0.002,0.012,0.,0.012,0.003,0.,0.003,0.,0.,0.,0.005,0.,0.005,0.,0.,0.,0.,0.,0.,0.006,0.,0.006,,,
1190,0.002,0.,0.002,0.002,0.,0.002,0.003,0.,0.003,0.,0.,0.,0.005,0.,0.005,0.,0.,0.,0.,0.,0.,0.006,0.,0.006,,,
1200,0.002,0.,0.002,0.002,0.,0.002,0.003,0.,0.003,0.,0.,0.,0.005,0.,0.005,0.,0.,0.,0.,0.,0.,0.006,0.,0.006,,,
1210,0.002,0.,0.002,0.002,0.,0.002,0.003,0.,0.003,0.,0.,0.,0.005,0.,0.005,0.,0.,0.,0.,0.,0.,0.006,0.,0.006,,,
1220,0.002,0.,0.002,0.002,0.,0.002,0.003,0.,0.003,0.,0.,0.,0.006,0.,0.006,0.,0.,0.,0.,0.,0.,0.007,0.,0.007,,,
1230,0.002,0.,0.002,0.002,0.,0.002,0.003,0.,0.003,0.,0.,0.,0.006,0.,0.006,0.,0.,0.,0.,0.,0.,0.007,0.,0.007,,,
1240,0.002,0.,0.002,0.002,0.,0.002,0.003,0.,0.003,0.,0.,0.,0.006,0.,0.006,0.,0.,0.,0.,0.,0.,0.007,0.,0.007,,,
1250,0.008,0.,0.008,0.002,0.,0.002,0.003,0.,0.003,0.,0.,0.,0.012,0.,0.012,0.,0.,0.,0.,0.,0.,0.013,0.,0.013,,,
1260,0.002,0.,0.002,0.002,0.,0.002,0.003,0.,0.003,0.,0.,0.,0.006,0.,0.006,0.,0.,0.,0.,0.,0.,0.007,0.,0.007,,,
1270,0.002,0.,0.002,0.002,0.,0.002,0.003,0.,0.003,0.,0.,0.,0.006,0.,0.006,0.,0.,0.,0.,0.,0.,0.007,0.,0.007,,,
1280,0.002,0.,0.002,0.002,0.,0.002,0.003,0.,0.003,0.,0.,0.,0.006,0.,0.006,0.,0.,0.,0.,0.,0.,0.007,0.,0.007,,,
1290,0.002,0.,0.002,0.002,0.,0.002,0.003,0.,0.003,0.,0.,0.,0.006,0.,0.006,0.,0.,0.,0.,0.,0.,0.007,0.,0.007,,,
1300,0.002,0.,0.002,0.002,0.,0.002,0.003,0.,0.003,0.,0.,0.,0.006,0.,0.006,0.,0.,0.,0.,0.,0.,0.007,0.,0.007,,,
1310,0.002,0.,0.002,0.002,0.,0.002,0.003,0.,0.003,0.,0.,0.,0.006,0.,0.006,0.,0.,0.,0.,0.,0.,0.007,0.,0.007,,,
1320,0.002,0.,0.002,0.006,0.,0.006,0.003,0.,0.003,0.,0.,0.,0.006,0.,0.006,0.,0.,0.,0.,0.,0.,0.007,0.,0.007,,,
1330,0.002,0.,0.002,0.002,0.,0.002,0.003,0.,0.003,0.,0.,0.,0.006,0.,0.006,0.,0.,0.,0.,0.,0.,0.007,0.,0.007,,,
1340,0.002,0.,0.002,0.002,0.,0.002,0.003,0.,0.003,0.,0.,0.,0.006,0.,0.006,0.,0.,0.,0.,0.,0.,0.007,0.,0.007,,,
1350,0.006,0.,0.006,0.002,0.,0.002,0.003,0.,0.003,0.,0.,0.,0.01,0.,0.01,0.,0.,0.,0.,0.,0.,0.011,0.,0.011,,,
1360,0.002,0.,0.002,0.003,0.,0.003,0.003,0.,0.003,0.,0.,0.,0.006,0.,0.006,0.,0.,0.,0.,0.,0.,0.007,0.,0.007,,,
1370,0.002,0.,0.002,0.003,0.,0.003,0.003,0.,0.003,0.,0.,0.,0.006,0.,0.006,0.,0.,0.,0.,0.,0.,0.007,0.,0.007,,,
1380,0.002,0.,0.002,0.003,0.,0.003,0.01,0.,0.01,0.,0.,0.,0.013,0.,0.013,0.,0.,0.,0.,0.,0.,0.014,0.,0.014,,,
1390,0.002,0.,0.002,0.003,0.,0.003,0.003,0.,0.003,0.,0.,0.,0.006,0.,0.006,0.,0.,0.,0.,0.,0.,0.007,0.,0.007,,,
1400,0.002,0.,0.002,0.003,0.,0.003,0.003,0.,0.003,0.,0.,0.,0.006,0.,0.006,0.,0.,0.,0.,0.,0.,0.007,0.,0.007,,,
1410,0.002,0.,0.002,0.003,0.,0.003,0.009,0.,0.009,0.,0.,0.,0.012,0.,0.012,0.,0.,0.,0.,0.,0.,0.013,0.,0.013,,,
1420,0.002,0.,0.002,0.003,0.,0.003,0.003,0.,0.003,0.,0.,0.,0.006,0.,0.006,0.,0.,0.,0.,0.,0.,0.007,0.,0.007,,,
1430,0.002,0.,0.002,0.003,0.,0.003,0.003,0.,0.003,0.,0.,0.,0.006,0.,0.006,0.,0.,0.,0.,0.,0.,0.007,0.,0.007,,,
1440,0.002,0.,0.002,0.003,0.,0.003,0.003,0.,0.003,0.011,0.,0.011,0.006,0.,0.006,0.,0.,0.,0.,0.,0.,0.018,0.,0.018,,,
1450,0.002,0.,0.002,0.003,0.,0.003,0.004,0.,0.004,0.,0.,0.,0.007,0.,0.007,0.,0.,0.,0.,0.,0.,0.008,0.,0.008,,,
1460,0.002,0.,0.002,0.003,0.,0.003,0.004,0.,0.004,0.,0.,0.,0.007,0.,0.007,0.,0.,0.,0.,0.,0.,0.008,0.,0.008,,,
1470,0.002,0.,0.002,0.003,0.,0.003,0.01,0.,0.01,0.,0.,0.,0.013,0.,0.013,0.,0.,0.,0.,0.,0.,0.014,0.,0.014,,,
1480,0.002,0.,0.002,0.003,0.,0.003,0.004,0.,0.004,0.,0.,0.,0.007,0.,0.007,0.,0.,0.,0.,0.,0.,0.008,0.,0.008,,,
1490,0.002,0.,0.002,0.003,0.,0.003,0.004,0.,0.004,0.,0.,0.,0.007,0.,0.007,0.,0.,0.,0.,0.,0.,0.008,0.,0.008,,,
1500,0.002,0.,0.002,0.003,0.,0.003,0.016,0.,0.016,0.,0.,0.,0.019,0.,0.019,0.,0.,0.,0.,0.,0.,0.02,0.,0.02,,,
1510,0.002,0.,0.002,0.003,0.,0.003,0.004,0.,0.004,0.,0.,0.,0.007,0.,0.007,0.,0.,0.,0.,0.,0.,0.008,0.,0.008,,,
1520,0.002,0.,0.002,0.003,0.,0.003,0.004,0.,0.004,0.,0.,0.,0.007,0.,0.007,0.,0.,0.,0.,0.,0.,0.008,0.,0.008,,,
1530,0.003,0.,0.003,0.003,0.,0.003,0.008,0.,0.008,0.,0.,0.,0.011,0.,0.011,0.,0.,0.,0.,0.,0.,0.012,0.,0.012,,,
1540,0.003,0.,0.003,0.003,0.,0.003,0.004,0.,0.004,0.001,0.,0.001,0.007,0.,0.007,0.,0.,0.,0.,0.,0.,0.008,0.,0.008,,,
1550,0.003,0.,0.003,0.003,0.,0.003,0.004,0.,0.004,0.001,0.,0.001,0.007,0.,0.007,0.,0.,0.,0.,0.,0.,0.008,0.,0.008,,,
1560,0.009,0.,0.009,0.003,0.,0.003,0.004,0.,0.004,0.,0.,0.,0.014,0.,0.014,0.,0.,0.,0.,0.,0.,0.015,0.,0.015,,,
1570,0.003,0.,0.003,0.003,0.,0.003,0.004,0.,0.004,0.,0.,0.,0.007,0.,0.007,0.,0.,0.,0.,0.,0.,0.008,0.,0.008,,,
1580,0.003,0.,0.003,0.003,0.,0.003,0.004,0.,0.004,0.001,0.,0.001,0.007,0.,0.007,0.,0.,0.,0.,0.,0.,0.008,0.,0.008,,,
1590,0.003,0.,0.003,0.003,0.,0.003,0.004,0.,0.004,0.,0.,0.,0.007,0.,0.007,0.,0.,0.,0.,0.,0.,0.008,0.,0.008,,,
1600,0.003,0.,0.003,0.003,0.,0.003,0.004,0.,0.004,0.001,0.,0.001,0.007,0.,0.007,0.,0.,0.,0.,0.,0.,0.009,0.,0.009,,,
1610,0.003,0.,0.003,0.003,0.,0.003,0.004,0.,0.004,0.,0.,0.,0.007,0.,0.007,0.,0.,0.,0.,0.,0.,0.008,0.,0.008,,,
1620,0.003,0.,0.003,0.003,0.,0.003,0.004,0.,0.004,0.001,0.,0.001,0.007,0.,0.007,0.,0.,0.,0.,0.,0.,0.009,0.,0.009,,,
1630,0.003,0.,0.003,0.003,0.,0.003,0.004,0.,0.004,0.001,0.,0.001,0.007,0.,0.007,0.,0.,0.,0.,0.,0.,0.009,0.,0.009,,,
1640,0.003,0.,0.003,0.003,0.,0.003,0.009,0.003,0.005,0.,0.,0.,0.012,0.003,0.009,0.,0.,0.,0.,0.,0.,0.013,0.003,0.01,,,
1650,0.003,0.,0.003,0.003,0.,0.003,0.004,0.,0.004,0.001,0.,0.001,0.007,0.,0.007,0.,0.,0.,0.,0.,0.,0.009,0.,0.009,,,
1660,0.003,0.,0.003,0.003,0.,0.003,0.004,0.,0.004,0.001,0.,0.001,0.007,0.,0.007,0.,0.,0.,0.,0.,0.,0.009,0.,0.009,,,
1670,0.003,0.,0.003,0.01,0.,0.01,0.004,0.,0.004,0.001,0.,0.001,0.008,0.,0.008,0.,0.,0.,0.,0.,0.,0.009,0.,0.009,,,
1680,0.003,0.,0.003,0.003,0.,0.003,0.004,0.,0.004,0.001,0.,0.001,0.007,0.,0.007,0.,0.,0.,0.,0.,0.,0.009,0.,0.009,,,
1690,0.003,0.,0.003,0.003,0.,0.003,0.004,0.,0.004,0.001,0.,0.001,0.008,0.,0.008,0.,0.,0.,0.,0.,0.,0.009,0.,0.009,,,
1700,0.003,0.,0.003,0.003,0.,0.003,0.004,0.,0.004,0.001,0.,0.001,0.008,0.,0.008,0.,0.,0.,0.,0.,0.,0.009,0.,0.009,,,
1710,0.003,0.,0.003,0.003,0.,0.003,0.004,0.,0.004,0.001,0.,0.001,0.008,0.,0.008,0.,0.,0.,0.,0.,0.,0.009,0.,0.009,,,
1720,0.003,0.,0.003,0.012,0.,0.012,0.004,0.,0.004,0.001,0.,0.001,0.008,0.,0.008,0.,0.,0.,0.,0.,0.,0.009,0.,0.009,,,
1730,0.003,0.,0.003,0.003,0.,0.003,0.004,0.,0.004,0.001,0.,0.001,0.008,0.,0.008,0.,0.,0.,0.,0.,0.,0.009,0.,0.009,,,
1740,0.003,0.,0.003,0.003,0.,0.003,0.004,0.,0.004,0.001,0.,0.001,0.008,0.,0.008,0.,0.,0.,0.,0.,0.,0.009,0.,0.009,,,
1750,0.003,0.,0.003,0.003,0.,0.003,0.004,0.,0.004,0.001,0.,0.001,0.008,0.,0.008,0.,0.,0.,0.,0.,0.,0.009,0.,0.009,,,
1760,0.003,0.,0.003,0.003,0.,0.003,0.004,0.,0.004,0.001,0.,0.001,0.008,0.,0.008,0.,0.,0.,0.,0.,0.,0.009,0.,0.009,,,
1770,0.006,0.,0.006,0.003,0.,0.003,0.004,0.,0.004,0.001,0.,0.001,0.011,0.,0.011,0.,0.,0.,0.,0.,0.,0.013,0.,0.012,,,
1780,0.003,0.,0.003,0.004,0.,0.004,0.005,0.,0.005,0.001,0.,0.001,0.008,0.,0.008,0.,0.,0.,0.,0.,0.,0.01,0.,0.01,,,
1790,0.003,0.,0.003,0.004,0.,0.004,0.004,0.,0.004,0.001,0.,0.001,0.008,0.,0.008,0.,0.,0.,0.,0.,0.,0.01,0.,0.01,,,
1800,0.003,0.,0.003,0.004,0.,0.004,0.005,0.,0.005,0.001,0.,0.001,0.008,0.,0.008,0.,0.,0.,0.,0.,0.,0.009,0.,0.009,,,
1810,0.003,0.,0.003,0.004,0.,0.004,0.004,0.,0.004,0.001,0.,0.001,0.008,0.,0.008,0.,0.,0.,0.,0.,0.,0.01,0.,0.01,,,
1820,0.003,0.,0.003,0.007,0.,0.007,0.005,0.,0.005,0.001,0.,0.001,0.008,0.,0.008,0.,0.,0.,0.,0.,0.,0.01,0.,0.01,,,
1830,0.003,0.,0.003,0.004,0.,0.004,0.005,0.,0.005,0.001,0.,0.001,0.008,0.,0.008,0.,0.,0.,0.,0.,0.,0.01,0.,0.01,,,
1840,0.003,0.,0.003,0.004,0.,0.004,0.012,0.,0.012,0.,0.,0.,0.016,0.,0.016,0.,0.,0.,0.,0.,0.,0.017,0.,0.017,,,
1850,0.003,0.,0.003,0.004,0.,0.004,0.005,0.,0.005,0.001,0.,0.001,0.008,0.,0.008,0.,0.,0.,0.,0.,0.,0.01,0.,0.01,,,
1860,0.003,0.,0.003,0.004,0.,0.004,0.005,0.,0.005,0.001,0.,0.001,0.009,0.,0.009,0.,0.,0.,0.,0.,0.,0.01,0.,0.01,,,
1870,0.003,0.,0.003,0.004,0.,0.004,0.005,0.,0.005,0.001,0.,0.001,0.009,0.,0.009,0.,0.,0.,0.,0.,0.,0.01,0.,0.01,,,
1880,0.003,0.,0.003,0.004,0.,0.004,0.005,0.,0.005,0.001,0.,0.001,0.008,0.,0.008,0.,0.,0.,0.,0.,0.,0.01,0.,0.01,,,
1890,0.003,0.,0.003,0.008,0.,0.008,0.005,0.,0.005,0.001,0.,0.001,0.008,0.,0.008,0.,0.,0.,0.,0.,0.,0.009,0.,0.009,,,
1900,0.003,0.,0.003,0.004,0.,0.004,0.005,0.,0.005,0.001,0.,0.001,0.009,0.,0.009,0.,0.,0.,0.,0.,0.,0.01,0.,0.01,,,
1910,0.003,0.,0.003,0.004,0.,0.004,0.011,0.,0.011,0.001,0.,0.001,0.015,0.,0.015,0.,0.,0.,0.,0.,0.,0.017,0.,0.017,,,
1920,0.003,0.,0.003,0.004,0.,0.004,0.005,0.,0.005,0.001,0.,0.001,0.009,0.,0.009,0.,0.,0.,0.,0.,0.,0.01,0.,0.01,,,
1930,0.003,0.,0.003,0.004,0.,0.004,0.005,0.,0.005,0.001,0.,0.001,0.009,0.,0.009,0.,0.,0.,0.,0.,0.,0.01,0.,0.01,,,
1940,0.003,0.,0.003,0.004,0.,0.004,0.005,0.,0.005,0.001,0.,0.001,0.009,0.,0.009,0.,0.,0.,0.,0.,0.,0.01,0.,0.01,,,
1950,0.003,0.,0.003,0.004,0.,0.004,0.005,0.,0.005,0.001,0.001,0.,0.009,0.,0.009,0.,0.,0.,0.,0.,0.,0.01,0.001,0.009,,,
1960,0.003,0.,0.003,0.007,0.,0.006,0.005,0.,0.005,0.001,0.,0.001,0.009,0.,0.009,0.,0.,0.,0.,0.,0.,0.01,0.,0.01,,,
1970,0.003,0.,0.003,0.004,0.,0.004,0.005,0.,0.005,0.001,0.,0.001,0.009,0.,0.009,0.,0.,0.,0.,0.,0.,0.01,0.,0.01,,,
1980,0.007,0.,0.007,0.004,0.,0.004,0.005,0.,0.005,0.001,0.,0.001,0.012,0.,0.012,0.,0.,0.,0.,0.,0.,0.013,0.,0.013,,,
1990,0.003,0.,0.003,0.004,0.,0.004,0.005,0.,0.005,0.001,0.,0.001,0.009,0.,0.009,0.,0.,0.,0.,0.,0.,0.011,0.,0.011,,,
2000,0.004,0.,0.004,0.004,0.,0.004,0.01,0.,0.01,0.001,0.,0.001,0.014,0.,0.014,0.,0.,0.,0.,0.,0.,0.016,0.,0.016,,,
2050,0.004,0.,0.004,0.004,0.,0.004,0.005,0.,0.005,0.001,0.,0.001,0.009,0.,0.009,0.,0.,0.,0.,0.,0.,0.011,0.,0.011,,,
2100,0.004,0.,0.004,0.004,0.,0.004,0.005,0.,0.005,0.006,0.,0.006,0.01,0.,0.01,0.,0.,0.,0.,0.,0.,0.016,0.,0.016,,,
2150,0.004,0.,0.004,0.004,0.,0.004,0.006,0.,0.006,0.001,0.,0.001,0.01,0.,0.01,0.,0.,0.,0.,0.,0.,0.012,0.,0.012,,,
2200,0.004,0.,0.004,0.004,0.,0.004,0.006,0.,0.006,0.01,0.,0.01,0.01,0.,0.01,0.,0.,0.,0.,0.,0.,0.021,0.,0.021,,,
2250,0.004,0.,0.004,0.005,0.,0.005,0.006,0.,0.006,0.001,0.,0.001,0.01,0.,0.01,0.,0.,0.,0.,0.,0.,0.012,0.,0.012,,,
2300,0.004,0.,0.004,0.005,0.,0.005,0.016,0.003,0.012,0.001,0.,0.001,0.021,0.003,0.017,0.,0.,0.,0.,0.,0.,0.022,0.003,0.018,,,
2350,0.004,0.,0.004,0.005,0.,0.005,0.006,0.,0.006,0.001,0.,0.001,0.011,0.,0.011,0.,0.,0.,0.,0.,0.,0.012,0.,0.012,,,
2400,0.004,0.,0.004,0.005,0.,0.005,0.02,0.,0.02,0.001,0.,0.001,0.024,0.,0.024,0.,0.,0.,0.,0.,0.,0.026,0.,0.026,,,
2450,0.004,0.,0.004,0.005,0.,0.005,0.006,0.,0.006,0.001,0.,0.001,0.011,0.,0.011,0.,0.,0.,0.,0.,0.,0.013,0.,0.013,,,
2500,0.008,0.,0.008,0.005,0.,0.005,0.006,0.,0.006,0.001,0.,0.001,0.015,0.,0.015,0.,0.,0.,0.,0.,0.,0.016,0.,0.016,,,
2550,0.004,0.,0.004,0.005,0.,0.005,0.007,0.,0.007,0.001,0.,0.001,0.012,0.,0.012,0.,0.,0.,0.,0.,0.,0.013,0.,0.013,,,
2600,0.005,0.,0.005,0.005,0.,0.005,0.007,0.,0.007,0.001,0.,0.001,0.012,0.,0.012,0.,0.,0.,0.,0.,0.,0.014,0.,0.014,,,
2650,0.005,0.,0.005,0.006,0.,0.006,0.007,0.,0.007,0.001,0.,0.001,0.012,0.,0.012,0.,0.,0.,0.,0.,0.,0.014,0.,0.014,,,
2700,0.005,0.,0.005,0.006,0.,0.006,0.007,0.,0.007,0.001,0.,0.001,0.012,0.,0.012,0.,0.,0.,0.,0.,0.,0.014,0.,0.014,,,
2750,0.005,0.,0.005,0.006,0.,0.006,0.007,0.,0.007,0.001,0.,0.001,0.013,0.,0.013,0.,0.,0.,0.,0.,0.,0.014,0.,0.014,,,
2800,0.005,0.,0.005,0.006,0.,0.006,0.007,0.,0.007,0.001,0.,0.001,0.013,0.,0.013,0.,0.,0.,0.,0.,0.,0.015,0.,0.015,,,
2850,0.005,0.,0.005,0.006,0.,0.006,0.007,0.,0.007,0.001,0.,0.001,0.013,0.,0.013,0.,0.,0.,0.,0.,0.,0.015,0.,0.015,,,
2900,0.005,0.,0.005,0.006,0.,0.006,0.01,0.,0.01,0.001,0.,0.001,0.015,0.,0.015,0.,0.,0.,0.,0.,0.,0.017,0.,0.017,,,
2950,0.005,0.,0.005,0.006,0.,0.006,0.008,0.,0.008,0.001,0.,0.001,0.014,0.,0.014,0.,0.,0.,0.,0.,0.,0.016,0.,0.016,,,
3000,0.005,0.,0.005,0.006,0.,0.006,0.008,0.,0.008,0.001,0.,0.001,0.014,0.,0.014,0.,0.,0.,0.,0.,0.,0.016,0.,0.016,,,
3050,0.005,0.,0.005,0.006,0.,0.006,0.009,0.,0.009,0.001,0.,0.001,0.015,0.,0.015,0.,0.,0.,0.,0.,0.,0.017,0.,0.017,,,
3100,0.006,0.,0.005,0.007,0.,0.006,0.008,0.,0.008,0.001,0.,0.001,0.014,0.,0.014,0.,0.,0.,0.,0.,0.,0.016,0.,0.016,,,
3150,0.006,0.,0.006,0.006,0.,0.006,0.008,0.,0.008,0.001,0.,0.001,0.014,0.,0.014,0.,0.,0.,0.,0.,0.,0.016,0.,0.016,,,
3200,0.006,0.,0.006,0.008,0.,0.008,0.008,0.,0.008,0.001,0.,0.001,0.015,0.,0.015,0.,0.,0.,0.,0.,0.,0.017,0.,0.017,,,
3250,0.006,0.,0.006,0.007,0.,0.007,0.02,0.,0.02,0.001,0.,0.001,0.027,0.,0.027,0.,0.,0.,0.,0.,0.,0.029,0.,0.029,,,
3300,0.006,0.,0.006,0.007,0.,0.007,0.009,0.,0.009,0.001,0.,0.001,0.015,0.,0.015,0.,0.,0.,0.,0.,0.,0.017,0.,0.017,,,
3350,0.006,0.,0.006,0.007,0.,0.007,0.009,0.,0.009,0.001,0.,0.001,0.015,0.,0.015,0.,0.,0.,0.,0.,0.,0.018,0.,0.018,,,
3400,0.011,0.,0.011,0.007,0.,0.007,0.009,0.,0.009,0.001,0.,0.001,0.02,0.,0.02,0.,0.,0.,0.,0.,0.,0.022,0.,0.022,,,
3450,0.006,0.,0.006,0.007,0.,0.007,0.011,0.,0.011,0.002,0.,0.002,0.018,0.,0.018,0.,0.,0.,0.,0.,0.,0.021,0.,0.021,,,
3500,0.006,0.,0.006,0.007,0.,0.007,0.009,0.,0.009,0.002,0.,0.002,0.016,0.,0.016,0.,0.,0.,0.,0.,0.,0.018,0.,0.018,,,
3550,0.006,0.,0.006,0.008,0.,0.008,0.009,0.,0.009,0.002,0.,0.002,0.016,0.,0.016,0.,0.,0.,0.,0.,0.,0.018,0.,0.018,,,
3600,0.006,0.,0.006,0.009,0.,0.009,0.009,0.,0.009,0.002,0.,0.002,0.017,0.,0.017,0.,0.,0.,0.,0.,0.,0.019,0.,0.019,,,
3650,0.011,0.,0.011,0.008,0.,0.008,0.009,0.,0.009,0.001,0.,0.001,0.021,0.,0.021,0.,0.,0.,0.,0.,0.,0.023,0.,0.023,,,
3700,0.006,0.,0.006,0.008,0.,0.008,0.012,0.,0.012,0.002,0.,0.002,0.019,0.,0.019,0.,0.,0.,0.,0.,0.,0.021,0.,0.021,,,
3750,0.007,0.,0.007,0.008,0.,0.008,0.01,0.,0.01,0.002,0.,0.002,0.017,0.,0.017,0.,0.,0.,0.,0.,0.,0.02,0.,0.02,,,
3800,0.007,0.,0.007,0.008,0.,0.008,0.01,0.,0.01,0.002,0.,0.002,0.018,0.,0.018,0.,0.,0.,0.,0.,0.,0.02,0.,0.02,,,
3850,0.007,0.,0.007,0.008,0.,0.008,0.01,0.,0.01,0.002,0.,0.002,0.018,0.,0.018,0.,0.,0.,0.,0.,0.,0.021,0.,0.021,,,
3900,0.007,0.,0.007,0.009,0.,0.009,0.01,0.,0.01,0.002,0.,0.002,0.018,0.,0.018,0.,0.,0.,0.,0.,0.,0.021,0.,0.021,,,
3950,0.007,0.,0.007,0.011,0.,0.011,0.01,0.,0.01,0.002,0.,0.002,0.018,0.,0.018,0.,0.,0.,0.,0.,0.,0.021,0.,0.021,,,
4000,0.012,0.,0.012,0.009,0.,0.009,0.011,0.,0.011,0.002,0.,0.002,0.023,0.,0.023,0.,0.,0.,0.,0.,0.,0.026,0.,0.026,,,
4050,0.007,0.,0.007,0.009,0.,0.009,0.013,0.,0.013,0.002,0.,0.002,0.021,0.,0.021,0.,0.,0.,0.,0.,0.,0.024,0.,0.024,,,
4100,0.007,0.,0.007,0.009,0.,0.009,0.02,0.,0.02,0.002,0.,0.002,0.028,0.,0.028,0.,0.,0.,0.,0.,0.,0.031,0.,0.031,,,
4150,0.008,0.,0.008,0.009,0.,0.009,0.015,0.,0.015,0.002,0.,0.002,0.023,0.,0.023,0.,0.,0.,0.,0.,0.,0.026,0.,0.026,,,
4200,0.008,0.,0.008,0.009,0.,0.009,0.031,0.,0.031,0.002,0.,0.002,0.039,0.,0.039,0.,0.,0.,0.,0.,0.,0.042,0.,0.042,,,
4250,0.008,0.,0.008,0.009,0.,0.009,0.011,0.,0.011,0.01,0.,0.01,0.019,0.,0.019,0.,0.,0.,0.,0.,0.,0.031,0.,0.031,,,
4300,0.008,0.,0.008,0.009,0.,0.009,0.012,0.,0.012,0.015,0.,0.015,0.02,0.,0.02,0.,0.,0.,0.,0.,0.,0.036,0.,0.036,,,
4350,0.008,0.,0.008,0.01,0.,0.01,0.012,0.,0.012,0.002,0.,0.002,0.02,0.,0.02,0.,0.,0.,0.,0.,0.,0.023,0.,0.023,,,
4400,0.009,0.,0.008,0.01,0.,0.01,0.013,0.,0.013,0.003,0.,0.003,0.023,0.,0.022,0.,0.,0.,0.,0.,0.,0.026,0.,0.025,,,
4450,0.008,0.,0.008,0.011,0.,0.011,0.012,0.,0.012,0.002,0.,0.002,0.021,0.,0.021,0.,0.,0.,0.,0.,0.,0.024,0.,0.024,,,
4500,0.008,0.,0.008,0.01,0.,0.01,0.012,0.,0.012,0.002,0.,0.002,0.021,0.,0.021,0.,0.,0.,0.,0.,0.,0.024,0.,0.024,,,
4550,0.008,0.,0.008,0.01,0.,0.01,0.012,0.,0.012,0.002,0.,0.002,0.021,0.,0.021,0.,0.,0.,0.,0.,0.,0.024,0.,0.024,,,
4600,0.008,0.,0.008,0.01,0.,0.01,0.012,0.,0.012,0.008,0.,0.008,0.021,0.,0.021,0.,0.,0.,0.,0.,0.,0.03,0.,0.03,,,
4650,0.008,0.,0.008,0.01,0.,0.01,0.031,0.007,0.023,0.002,0.,0.002,0.04,0.007,0.032,0.,0.,0.,0.,0.,0.,0.043,0.007,0.035,,,
4700,0.009,0.,0.009,0.01,0.,0.01,0.043,0.,0.043,0.003,0.,0.003,0.052,0.,0.052,0.,0.,0.,0.,0.,0.,0.056,0.,0.056,,,
4750,0.009,0.,0.009,0.011,0.,0.011,0.025,0.,0.025,0.002,0.,0.002,0.035,0.,0.035,0.,0.,0.,0.,0.,0.,0.037,0.,0.037,,,
4800,0.009,0.,0.009,0.01,0.,0.01,0.033,0.,0.033,0.003,0.,0.003,0.043,0.,0.043,0.,0.,0.,0.,0.,0.,0.047,0.,0.047,,,
4850,0.009,0.,0.009,0.011,0.,0.011,0.025,0.,0.025,0.002,0.,0.002,0.035,0.,0.035,0.,0.,0.,0.,0.,0.,0.038,0.,0.038,,,
4900,0.027,0.,0.027,0.011,0.,0.011,0.013,0.,0.013,0.003,0.,0.003,0.04,0.,0.04,0.,0.,0.,0.,0.,0.,0.044,0.,0.044,,,
4950,0.009,0.,0.009,0.033,0.,0.033,0.013,0.,0.013,0.003,0.,0.003,0.023,0.,0.023,0.,0.,0.,0.,0.,0.,0.026,0.,0.026,,,
5000,0.009,0.,0.009,0.038,0.,0.038,0.013,0.,0.013,0.003,0.,0.003,0.023,0.,0.023,0.,0.,0.,0.,0.,0.,0.027,0.,0.027,,,
5050,0.009,0.,0.009,0.011,0.,0.011,0.014,0.,0.014,0.003,0.,0.003,0.024,0.,0.024,0.,0.,0.,0.,0.,0.,0.027,0.,0.027,,,
5100,0.009,0.,0.009,0.011,0.,0.011,0.014,0.,0.014,0.003,0.,0.003,0.024,0.,0.024,0.,0.,0.,0.,0.,0.,0.027,0.,0.027,,,
5150,0.009,0.,0.009,0.011,0.,0.011,0.017,0.,0.017,0.003,0.,0.003,0.027,0.,0.027,0.,0.,0.,0.,0.,0.,0.03,0.,0.03,,,
5200,0.01,0.,0.01,0.012,0.,0.012,0.028,0.,0.028,0.002,0.,0.002,0.038,0.,0.038,0.,0.,0.,0.,0.,0.,0.041,0.,0.041,,,
5250,0.025,0.,0.025,0.012,0.,0.012,0.014,0.,0.014,0.003,0.,0.003,0.039,0.,0.039,0.,0.,0.,0.,0.,0.,0.043,0.,0.043,,,
5300,0.01,0.,0.01,0.031,0.,0.031,0.014,0.,0.014,0.003,0.,0.003,0.025,0.,0.025,0.,0.,0.,0.,0.,0.,0.028,0.,0.028,,,
5350,0.01,0.,0.01,0.012,0.,0.012,0.015,0.,0.015,0.003,0.,0.003,0.025,0.,0.025,0.,0.,0.,0.,0.,0.,0.029,0.,0.029,,,
5400,0.01,0.,0.01,0.012,0.,0.012,0.015,0.,0.015,0.003,0.,0.003,0.025,0.,0.025,0.,0.,0.,0.,0.,0.,0.029,0.,0.029,,,
5450,0.01,0.,0.01,0.012,0.,0.012,0.026,0.003,0.022,0.002,0.,0.002,0.036,0.003,0.032,0.,0.,0.,0.,0.,0.,0.039,0.003,0.035,,,
5500,0.015,0.,0.015,0.013,0.,0.013,0.015,0.,0.015,0.003,0.,0.003,0.031,0.,0.031,0.,0.,0.,0.,0.,0.,0.035,0.,0.035,,,
5550,0.01,0.,0.01,0.033,0.004,0.029,0.015,0.,0.015,0.003,0.,0.003,0.026,0.,0.026,0.,0.,0.,0.,0.,0.,0.03,0.,0.03,,,
5600,0.01,0.,0.01,0.012,0.,0.012,0.015,0.,0.015,0.022,0.,0.022,0.026,0.,0.026,0.,0.,0.,0.,0.,0.,0.049,0.,0.049,,,
5650,0.011,0.,0.011,0.013,0.,0.013,0.027,0.,0.027,0.004,0.,0.004,0.038,0.,0.038,0.,0.,0.,0.,0.,0.,0.043,0.,0.043,,,
5700,0.009,0.,0.009,0.013,0.,0.013,0.015,0.,0.015,0.002,0.,0.002,0.025,0.,0.025,0.,0.,0.,0.,0.,0.,0.035,0.,0.035,,,
5750,0.01,0.,0.01,0.018,0.,0.018,0.015,0.,0.015,0.003,0.,0.003,0.026,0.,0.026,0.,0.,0.,0.,0.,0.,0.03,0.,0.03,,,
5800,0.011,0.,0.011,0.013,0.,0.013,0.017,0.,0.017,0.003,0.,0.003,0.029,0.,0.029,0.,0.,0.,0.,0.,0.,0.032,0.,0.032,,,
5850,0.017,0.007,0.009,0.013,0.,0.013,0.015,0.,0.015,0.003,0.,0.003,0.033,0.007,0.025,0.,0.,0.,0.,0.,0.,0.036,0.007,0.028,,,
5900,0.011,0.,0.011,0.019,0.,0.019,0.016,0.,0.016,0.003,0.,0.003,0.027,0.,0.027,0.,0.,0.,0.,0.,0.,0.031,0.,0.031,,,
5950,0.011,0.,0.011,0.013,0.,0.013,0.018,0.,0.018,0.003,0.,0.003,0.029,0.,0.029,0.,0.,0.,0.,0.,0.,0.033,0.,0.033,,,
6000,0.011,0.,0.011,0.013,0.,0.013,0.024,0.,0.024,0.003,0.,0.003,0.036,0.,0.036,0.,0.,0.,0.,0.,0.,0.039,0.,0.039,,,
6050,0.012,0.,0.011,0.018,0.,0.018,0.017,0.,0.017,0.004,0.,0.004,0.029,0.,0.029,0.,0.,0.,0.,0.,0.,0.033,0.,0.033,,,
6100,0.011,0.,0.011,0.013,0.,0.013,0.023,0.,0.023,0.004,0.,0.004,0.035,0.,0.035,0.,0.,0.,0.,0.,0.,0.039,0.,0.039,,,
6150,0.017,0.003,0.014,0.014,0.,0.014,0.016,0.,0.016,0.003,0.,0.003,0.035,0.003,0.031,0.,0.,0.,0.,0.,0.,0.038,0.003,0.034,,,
6200,0.011,0.,0.011,0.014,0.,0.014,0.017,0.,0.017,0.003,0.,0.003,0.029,0.,0.029,0.,0.,0.,0.,0.,0.,0.033,0.,0.033,,,
6250,0.012,0.,0.012,0.014,0.,0.014,0.018,0.,0.018,0.004,0.,0.004,0.03,0.,0.03,0.,0.,0.,0.,0.,0.,0.034,0.,0.034,,,
6300,0.012,0.,0.011,0.027,0.,0.027,0.017,0.,0.017,0.004,0.,0.004,0.029,0.,0.029,0.,0.,0.,0.,0.,0.,0.034,0.,0.034,,,
6350,0.011,0.,0.011,0.014,0.,0.014,0.038,0.,0.038,0.003,0.,0.003,0.05,0.,0.05,0.,0.,0.,0.,0.,0.,0.054,0.,0.054,,,
6400,0.025,0.,0.025,0.015,0.,0.015,0.017,0.,0.017,0.003,0.,0.003,0.043,0.,0.043,0.,0.,0.,0.,0.,0.,0.046,0.,0.046,,,
6450,0.012,0.,0.012,0.015,0.,0.015,0.017,0.,0.017,0.016,0.,0.016,0.03,0.,0.03,0.,0.,0.,0.,0.,0.,0.047,0.,0.047,,,
6500,0.013,0.,0.013,0.015,0.,0.015,0.043,0.,0.043,0.005,0.,0.005,0.057,0.,0.057,0.,0.,0.,0.,0.,0.,0.062,0.,0.062,,,
6550,0.012,0.,0.012,0.021,0.,0.021,0.017,0.,0.017,0.004,0.,0.004,0.031,0.,0.031,0.,0.,0.,0.,0.,0.,0.035,0.,0.035,,,
6600,0.012,0.,0.012,0.015,0.,0.015,0.03,0.,0.03,0.003,0.,0.003,0.043,0.,0.043,0.,0.,0.,0.,0.,0.,0.047,0.,0.047,,,
6650,0.012,0.,0.012,0.037,0.,0.037,0.018,0.,0.018,0.003,0.,0.003,0.031,0.,0.031,0.,0.,0.,0.,0.,0.,0.035,0.,0.035,,,
6700,0.013,0.,0.013,0.015,0.,0.015,0.038,0.,0.038,0.004,0.,0.004,0.051,0.,0.051,0.,0.,0.,0.,0.,0.,0.057,0.,0.057,,,
6750,0.013,0.,0.013,0.028,0.,0.028,0.019,0.,0.019,0.005,0.,0.005,0.032,0.,0.032,0.,0.,0.,0.,0.,0.,0.038,0.,0.038,,,
6800,0.013,0.,0.013,0.015,0.,0.015,0.033,0.,0.033,0.003,0.,0.003,0.046,0.,0.046,0.,0.,0.,0.,0.,0.,0.05,0.,0.05,,,
6850,0.013,0.,0.013,0.034,0.,0.034,0.019,0.,0.019,0.005,0.,0.005,0.032,0.,0.032,0.,0.,0.,0.,0.,0.,0.037,0.,0.037,,,
6900,0.026,0.,0.026,0.016,0.,0.016,0.018,0.,0.018,0.004,0.,0.004,0.045,0.,0.045,0.,0.,0.,0.,0.,0.,0.05,0.,0.05,,,
6950,0.013,0.,0.013,0.016,0.,0.016,0.029,0.,0.029,0.004,0.,0.004,0.042,0.,0.042,0.,0.,0.,0.,0.,0.,0.047,0.,0.047,,,
7000,0.019,0.,0.019,0.016,0.,0.016,0.019,0.,0.019,0.003,0.,0.003,0.039,0.,0.039,0.,0.,0.,0.,0.,0.,0.043,0.,0.043,,,
7050,0.013,0.,0.013,0.016,0.,0.016,0.038,0.007,0.03,0.003,0.,0.003,0.051,0.007,0.043,0.,0.,0.,0.,0.,0.,0.055,0.007,0.047,,,
7100,0.014,0.,0.014,0.016,0.,0.016,0.019,0.,0.019,0.005,0.,0.005,0.034,0.,0.034,0.,0.,0.,0.,0.,0.,0.039,0.,0.039,,,
7150,0.013,0.,0.013,0.016,0.,0.016,0.023,0.,0.023,0.004,0.,0.004,0.036,0.,0.036,0.,0.,0.,0.,0.,0.,0.041,0.,0.041,,,
7200,0.014,0.,0.014,0.024,0.,0.024,0.019,0.,0.019,0.01,0.,0.01,0.034,0.,0.034,0.,0.,0.,0.,0.,0.,0.044,0.,0.044,,,
7250,0.025,0.,0.025,0.016,0.,0.016,0.019,0.,0.019,0.003,0.,0.003,0.045,0.,0.045,0.,0.,0.,0.,0.,0.,0.048,0.,0.048,,,
7300,0.014,0.,0.014,0.017,0.,0.017,0.039,0.,0.039,0.003,0.,0.003,0.054,0.,0.054,0.,0.,0.,0.,0.,0.,0.058,0.,0.058,,,
7350,0.014,0.,0.014,0.03,0.,0.03,0.02,0.,0.02,0.004,0.,0.004,0.034,0.,0.034,0.,0.,0.,0.,0.,0.,0.039,0.,0.039,,,
7400,0.019,0.,0.019,0.016,0.,0.016,0.02,0.,0.02,0.005,0.,0.005,0.04,0.,0.04,0.,0.,0.,0.,0.,0.,0.046,0.,0.046,,,
7450,0.014,0.,0.014,0.017,0.,0.017,0.025,0.,0.025,0.004,0.,0.004,0.04,0.,0.04,0.,0.,0.,0.,0.,0.,0.045,0.,0.045,,,
7500,0.014,0.,0.014,0.028,0.,0.028,0.021,0.,0.021,0.004,0.,0.004,0.035,0.,0.035,0.,0.,0.,0.,0.,0.,0.04,0.,0.04,,,
7550,0.026,0.,0.026,0.017,0.,0.017,0.02,0.,0.02,0.004,0.,0.004,0.046,0.,0.046,0.,0.,0.,0.,0.,0.,0.051,0.,0.051,,,
7600,0.014,0.,0.014,0.018,0.,0.018,0.039,0.,0.039,0.004,0.,0.004,0.054,0.,0.054,0.,0.,0.,0.,0.,0.,0.059,0.,0.059,,,
7650,0.014,0.,0.014,0.026,0.,0.026,0.021,0.,0.021,0.005,0.,0.005,0.036,0.,0.036,0.,0.,0.,0.,0.,0.,0.042,0.,0.042,,,
7700,0.017,0.,0.017,0.018,0.,0.018,0.021,0.,0.021,0.005,0.,0.005,0.039,0.,0.039,0.,0.,0.,0.,0.,0.,0.045,0.,0.045,,,
7750,0.014,0.,0.014,0.018,0.,0.017,0.025,0.,0.025,0.005,0.,0.005,0.04,0.,0.04,0.,0.,0.,0.,0.,0.,0.046,0.,0.046,,,
7800,0.015,0.,0.015,0.018,0.,0.018,0.024,0.,0.024,0.005,0.,0.005,0.039,0.,0.039,0.,0.,0.,0.,0.,0.,0.045,0.,0.045,,,
7850,0.015,0.,0.015,0.03,0.,0.03,0.021,0.,0.021,0.005,0.,0.005,0.037,0.,0.037,0.,0.,0.,0.,0.,0.,0.043,0.,0.043,,,
7900,0.027,0.,0.027,0.019,0.,0.019,0.021,0.,0.021,0.004,0.,0.004,0.048,0.,0.048,0.,0.,0.,0.,0.,0.,0.053,0.,0.053,,,
7950,0.015,0.,0.015,0.018,0.,0.018,0.028,0.,0.028,0.005,0.,0.005,0.044,0.,0.044,0.,0.,0.,0.,0.,0.,0.05,0.,0.05,,,
8000,0.016,0.,0.016,0.019,0.,0.019,0.032,0.,0.032,0.006,0.,0.006,0.048,0.,0.048,0.,0.,0.,0.,0.,0.,0.055,0.,0.055,,,
8050,0.015,0.,0.015,0.029,0.,0.029,0.022,0.,0.022,0.03,0.,0.03,0.038,0.,0.038,0.,0.,0.,0.,0.,0.,0.068,0.,0.068,,,
8100,0.015,0.,0.015,0.035,0.,0.035,0.022,0.,0.022,0.005,0.,0.005,0.038,0.,0.038,0.,0.,0.,0.,0.,0.,0.044,0.,0.044,,,
8150,0.027,0.,0.027,0.019,0.,0.019,0.022,0.,0.022,0.004,0.,0.004,0.049,0.,0.049,0.,0.,0.,0.,0.,0.,0.054,0.,0.054,,,
8200,0.015,0.,0.015,0.019,0.,0.019,0.033,0.,0.033,0.004,0.,0.004,0.049,0.,0.049,0.,0.,0.,0.,0.,0.,0.053,0.,0.053,,,
8250,0.016,0.,0.016,0.019,0.,0.019,0.055,0.,0.055,0.004,0.,0.004,0.072,0.,0.072,0.,0.,0.,0.,0.,0.,0.077,0.,0.076,,,
8300,0.016,0.,0.016,0.019,0.,0.019,0.057,0.003,0.053,0.004,0.,0.004,0.074,0.003,0.07,0.,0.,0.,0.,0.,0.,0.078,0.004,0.074,,,
8350,0.016,0.,0.016,0.051,0.,0.051,0.058,0.003,0.054,0.004,0.,0.004,0.074,0.004,0.07,0.,0.,0.,0.,0.,0.,0.078,0.004,0.074,,,
8400,0.016,0.,0.016,0.02,0.,0.02,0.023,0.,0.023,0.006,0.,0.006,0.039,0.,0.039,0.,0.,0.,0.,0.,0.,0.046,0.,0.046,,,
8450,0.016,0.,0.016,0.021,0.,0.021,0.023,0.,0.023,0.005,0.,0.005,0.04,0.,0.04,0.,0.,0.,0.,0.,0.,0.046,0.,0.046,,,
8500,0.018,0.,0.018,0.02,0.,0.02,0.024,0.,0.024,0.006,0.,0.006,0.043,0.,0.043,0.,0.,0.,0.,0.,0.,0.05,0.,0.05,,,
8550,0.019,0.,0.019,0.02,0.,0.02,0.024,0.,0.024,0.006,0.,0.006,0.044,0.,0.044,0.,0.,0.,0.,0.,0.,0.051,0.,0.051,,,
8600,0.016,0.,0.016,0.021,0.,0.021,0.026,0.,0.026,0.006,0.,0.006,0.042,0.,0.042,0.,0.,0.,0.,0.,0.,0.049,0.,0.049,,,
8650,0.016,0.,0.016,0.02,0.,0.02,0.028,0.,0.028,0.006,0.,0.006,0.045,0.,0.045,0.,0.,0.,0.,0.,0.,0.052,0.,0.052,,,
8700,0.016,0.,0.016,0.02,0.,0.02,0.027,0.,0.027,0.006,0.,0.006,0.044,0.,0.044,0.,0.,0.,0.,0.,0.,0.05,0.,0.05,,,
8750,0.017,0.,0.017,0.021,0.,0.021,0.028,0.,0.028,0.006,0.,0.006,0.046,0.,0.046,0.,0.,0.,0.,0.,0.,0.053,0.,0.053,,,
8800,0.016,0.,0.016,0.021,0.,0.021,0.028,0.,0.028,0.006,0.,0.006,0.045,0.,0.045,0.,0.,0.,0.,0.,0.,0.051,0.,0.051,,,
8850,0.017,0.,0.017,0.02,0.,0.02,0.028,0.,0.028,0.006,0.,0.006,0.046,0.,0.046,0.,0.,0.,0.,0.,0.,0.053,0.,0.053,,,
8900,0.018,0.,0.018,0.021,0.,0.021,0.028,0.,0.028,0.006,0.,0.006,0.046,0.,0.046,0.,0.,0.,0.,0.,0.,0.053,0.,0.053,,,
8950,0.017,0.,0.017,0.02,0.,0.02,0.031,0.,0.031,0.007,0.,0.007,0.049,0.,0.049,0.,0.,0.,0.,0.,0.,0.057,0.,0.057,,,
9000,0.017,0.,0.017,0.021,0.,0.021,0.03,0.,0.03,0.007,0.,0.006,0.048,0.,0.048,0.,0.,0.,0.,0.,0.,0.055,0.,0.055,,,
9050,0.018,0.,0.018,0.021,0.,0.021,0.029,0.,0.029,0.007,0.,0.007,0.048,0.,0.048,0.,0.,0.,0.,0.,0.,0.055,0.,0.055,,,
9100,0.017,0.,0.017,0.022,0.,0.022,0.028,0.,0.028,0.006,0.,0.006,0.046,0.,0.046,0.,0.,0.,0.,0.,0.,0.053,0.,0.052,,,
9150,0.018,0.,0.018,0.022,0.,0.022,0.028,0.,0.028,0.007,0.,0.007,0.046,0.,0.046,0.,0.,0.,0.,0.,0.,0.054,0.,0.054,,,
9200,0.017,0.003,0.014,0.022,0.,0.022,0.028,0.,0.028,0.007,0.,0.007,0.046,0.003,0.043,0.,0.,0.,0.,0.,0.,0.054,0.003,0.05,,,
9250,0.017,0.,0.017,0.022,0.,0.022,0.029,0.,0.029,0.006,0.,0.006,0.047,0.,0.047,0.,0.,0.,0.,0.,0.,0.054,0.,0.054,,,
9300,0.018,0.,0.018,0.022,0.,0.022,0.03,0.,0.03,0.007,0.,0.007,0.048,0.,0.048,0.,0.,0.,0.,0.,0.,0.056,0.,0.056,,,
9350,0.02,0.,0.02,0.022,0.,0.022,0.026,0.,0.026,0.007,0.,0.007,0.047,0.,0.047,0.,0.,0.,0.,0.,0.,0.055,0.,0.055,,,
9400,0.023,0.,0.023,0.022,0.,0.022,0.026,0.,0.026,0.007,0.,0.007,0.05,0.,0.05,0.,0.,0.,0.,0.,0.,0.058,0.,0.058,,,
9450,0.019,0.,0.019,0.025,0.,0.025,0.026,0.,0.026,0.007,0.,0.007,0.046,0.,0.046,0.,0.,0.,0.,0.,0.,0.054,0.,0.054,,,
9500,0.018,0.,0.018,0.025,0.,0.025,0.026,0.,0.026,0.03,0.,0.03,0.045,0.,0.045,0.,0.,0.,0.,0.,0.,0.076,0.,0.076,,,
9550,0.019,0.,0.019,0.034,0.,0.034,0.06,0.,0.06,0.005,0.,0.005,0.079,0.,0.079,0.,0.,0.,0.,0.,0.,0.085,0.,0.085,,,
9600,0.018,0.,0.018,0.049,0.,0.049,0.052,0.,0.052,0.007,0.,0.007,0.071,0.,0.071,0.,0.,0.,0.,0.,0.,0.079,0.,0.079,,,
9650,0.018,0.,0.018,0.023,0.,0.023,0.049,0.,0.049,0.007,0.,0.007,0.068,0.,0.068,0.,0.,0.,0.,0.,0.,0.075,0.,0.075,,,
9700,0.019,0.,0.019,0.023,0.,0.023,0.036,0.,0.036,0.007,0.,0.007,0.056,0.,0.056,0.,0.,0.,0.,0.,0.,0.064,0.,0.064,,,
9750,0.027,0.,0.027,0.023,0.,0.023,0.028,0.,0.028,0.008,0.,0.008,0.055,0.,0.055,0.,0.,0.,0.,0.,0.,0.064,0.,0.064,,,
9800,0.019,0.,0.019,0.031,0.,0.031,0.027,0.,0.027,0.032,0.,0.032,0.047,0.,0.047,0.,0.,0.,0.,0.,0.,0.08,0.,0.08,,,
9850,0.018,0.,0.018,0.065,0.,0.065,0.055,0.,0.055,0.005,0.,0.005,0.074,0.,0.074,0.,0.,0.,0.,0.,0.,0.08,0.,0.08,,,
9900,0.019,0.,0.019,0.058,0.,0.058,0.052,0.,0.052,0.005,0.,0.005,0.072,0.,0.072,0.,0.,0.,0.,0.,0.,0.078,0.,0.078,,,
9950,0.019,0.,0.019,0.024,0.,0.024,0.055,0.003,0.051,0.005,0.,0.005,0.075,0.003,0.071,0.,0.,0.,0.,0.,0.,0.081,0.003,0.077,,,
10000,0.049,0.004,0.045,0.024,0.,0.024,0.027,0.,0.027,0.005,0.,0.005,0.077,0.004,0.073,0.,0.,0.,0.,0.,0.,0.082,0.004,0.078,,,
10100,0.019,0.,0.019,0.04,0.,0.04,0.031,0.,0.031,0.007,0.,0.007,0.051,0.,0.051,0.,0.,0.,0.,0.,0.,0.059,0.,0.059,,,
10200,0.02,0.,0.02,0.042,0.,0.042,0.04,0.,0.04,0.008,0.,0.008,0.06,0.,0.06,0.,0.,0.,0.,0.,0.,0.068,0.,0.068,,,
10300,0.02,0.,0.02,0.025,0.,0.025,0.037,0.,0.037,0.008,0.,0.008,0.058,0.,0.058,0.,0.,0.,0.,0.,0.,0.066,0.,0.066,,,
10400,0.021,0.,0.02,0.029,0.,0.029,0.029,0.,0.029,0.033,0.003,0.029,0.05,0.,0.05,0.,0.,0.,0.,0.,0.,0.084,0.003,0.08,,,
10500,0.02,0.,0.02,0.044,0.,0.044,0.057,0.,0.057,0.005,0.,0.005,0.078,0.,0.078,0.,0.,0.,0.,0.,0.,0.084,0.,0.084,,,
10600,0.02,0.,0.02,0.026,0.,0.026,0.052,0.,0.052,0.005,0.,0.005,0.072,0.,0.072,0.,0.,0.,0.,0.,0.,0.078,0.,0.078,,,
10700,0.021,0.,0.021,0.057,0.,0.057,0.043,0.,0.043,0.008,0.,0.008,0.065,0.,0.065,0.,0.,0.,0.,0.,0.,0.073,0.,0.073,,,
10800,0.021,0.,0.021,0.038,0.,0.038,0.037,0.,0.037,0.008,0.,0.008,0.058,0.,0.058,0.,0.,0.,0.,0.,0.,0.067,0.,0.067,,,
10900,0.028,0.,0.028,0.026,0.,0.026,0.031,0.,0.031,0.008,0.,0.008,0.059,0.,0.059,0.,0.,0.,0.,0.,0.,0.068,0.,0.068,,,
11000,0.022,0.,0.022,0.028,0.,0.028,0.064,0.,0.064,0.006,0.,0.006,0.086,0.,0.086,0.,0.,0.,0.,0.,0.,0.093,0.,0.092,,,
11100,0.046,0.,0.046,0.027,0.,0.027,0.031,0.,0.031,0.009,0.,0.009,0.078,0.,0.078,0.,0.,0.,0.,0.,0.,0.087,0.,0.087,,,
11200,0.022,0.,0.022,0.033,0.,0.033,0.064,0.,0.064,0.006,0.,0.006,0.087,0.,0.087,0.,0.,0.,0.,0.,0.,0.093,0.,0.093,,,
11300,0.042,0.,0.042,0.028,0.,0.028,0.03,0.,0.03,0.006,0.,0.006,0.072,0.,0.072,0.,0.,0.,0.,0.,0.,0.079,0.,0.079,,,
11400,0.023,0.,0.023,0.047,0.,0.047,0.06,0.,0.06,0.009,0.,0.009,0.083,0.,0.083,0.,0.,0.,0.,0.,0.,0.093,0.,0.093,,,
11500,0.039,0.,0.039,0.028,0.,0.028,0.032,0.,0.032,0.031,0.,0.031,0.072,0.,0.072,0.,0.,0.,0.,0.,0.,0.104,0.,0.104,,,
11600,0.023,0.,0.023,0.059,0.,0.059,0.055,0.,0.055,0.006,0.,0.006,0.078,0.,0.078,0.,0.,0.,0.,0.,0.,0.085,0.,0.085,,,
11700,0.022,0.,0.022,0.06,0.,0.06,0.033,0.,0.033,0.009,0.,0.009,0.055,0.,0.055,0.,0.,0.,0.,0.,0.,0.065,0.,0.065,,,
11800,0.023,0.,0.023,0.028,0.,0.028,0.036,0.,0.036,0.009,0.,0.009,0.059,0.,0.059,0.,0.,0.,0.,0.,0.,0.069,0.,0.069,,,
11900,0.023,0.,0.023,0.03,0.,0.03,0.066,0.003,0.062,0.006,0.,0.006,0.09,0.003,0.086,0.,0.,0.,0.,0.,0.,0.097,0.003,0.093,,,
12000,0.02,0.,0.02,0.055,0.003,0.051,0.049,0.,0.049,0.006,0.,0.006,0.07,0.,0.07,0.,0.,0.,0.,0.,0.,0.077,0.,0.077,,,
12100,0.025,0.,0.025,0.029,0.,0.029,0.039,0.,0.039,0.009,0.,0.009,0.064,0.,0.064,0.,0.,0.,0.,0.,0.,0.074,0.,0.074,,,
12200,0.024,0.,0.024,0.032,0.,0.032,0.067,0.,0.067,0.006,0.,0.006,0.091,0.,0.091,0.,0.,0.,0.,0.,0.,0.098,0.,0.098,,,
12300,0.024,0.,0.024,0.063,0.,0.062,0.05,0.,0.05,0.009,0.,0.009,0.074,0.,0.074,0.,0.,0.,0.,0.,0.,0.084,0.,0.084,,,
12400,0.03,0.,0.03,0.03,0.,0.03,0.035,0.,0.035,0.027,0.,0.027,0.066,0.,0.066,0.,0.,0.,0.,0.,0.,0.093,0.,0.093,,,
12500,0.025,0.,0.025,0.03,0.,0.03,0.057,0.,0.057,0.006,0.,0.006,0.083,0.,0.083,0.,0.,0.,0.,0.,0.,0.09,0.,0.09,,,
12600,0.024,0.,0.024,0.075,0.,0.075,0.072,0.,0.072,0.007,0.,0.007,0.097,0.,0.097,0.,0.,0.,0.,0.,0.,0.104,0.,0.104,,,
12700,0.024,0.,0.024,0.069,0.,0.069,0.097,0.,0.097,0.01,0.,0.01,0.122,0.,0.122,0.,0.,0.,0.,0.,0.,0.133,0.,0.133,,,
12800,0.025,0.,0.025,0.049,0.,0.049,0.069,0.,0.069,0.007,0.,0.007,0.094,0.,0.094,0.,0.,0.,0.,0.,0.,0.102,0.,0.102,,,
12900,0.043,0.,0.043,0.031,0.,0.031,0.059,0.,0.059,0.007,0.,0.007,0.102,0.,0.102,0.,0.,0.,0.,0.,0.,0.11,0.,0.11,,,
13000,0.034,0.,0.034,0.031,0.,0.031,0.073,0.,0.073,0.007,0.,0.007,0.107,0.,0.107,0.,0.,0.,0.,0.,0.,0.115,0.,0.115,,,
13100,0.037,0.,0.037,0.031,0.,0.031,0.035,0.,0.035,0.007,0.,0.007,0.073,0.,0.073,0.,0.,0.,0.,0.,0.,0.08,0.,0.08,,,
13200,0.031,0.,0.031,0.032,0.,0.032,0.037,0.,0.037,0.01,0.,0.01,0.068,0.,0.068,0.,0.,0.,0.,0.,0.,0.078,0.,0.078,,,
13300,0.026,0.,0.026,0.031,0.,0.031,0.062,0.,0.062,0.007,0.,0.007,0.088,0.,0.088,0.,0.,0.,0.,0.,0.,0.096,0.,0.096,,,
13400,0.026,0.,0.026,0.07,0.,0.07,0.061,0.,0.061,0.01,0.,0.01,0.087,0.,0.087,0.,0.,0.,0.,0.,0.,0.099,0.,0.099,,,
13500,0.027,0.,0.027,0.038,0.,0.038,0.063,0.,0.063,0.007,0.,0.007,0.091,0.,0.091,0.,0.,0.,0.,0.,0.,0.099,0.,0.099,,,
13600,0.027,0.,0.027,0.069,0.,0.069,0.059,0.,0.059,0.011,0.,0.011,0.086,0.,0.086,0.,0.,0.,0.,0.,0.,0.098,0.,0.098,,,
13700,0.05,0.,0.05,0.033,0.,0.033,0.036,0.,0.036,0.023,0.,0.023,0.087,0.,0.087,0.,0.,0.,0.,0.,0.,0.111,0.,0.111,,,
13800,0.031,0.,0.031,0.034,0.,0.034,0.039,0.,0.039,0.027,0.,0.027,0.07,0.,0.07,0.,0.,0.,0.,0.,0.,0.098,0.,0.098,,,
13900,0.05,0.,0.05,0.034,0.,0.034,0.05,0.,0.05,0.007,0.,0.007,0.1,0.,0.1,0.,0.,0.,0.,0.,0.,0.108,0.,0.108,,,
14000,0.032,0.,0.032,0.034,0.,0.034,0.074,0.,0.074,0.007,0.,0.007,0.106,0.,0.106,0.,0.,0.,0.,0.,0.,0.114,0.,0.114,,,
14100,0.028,0.,0.028,0.058,0.,0.058,0.069,0.,0.069,0.007,0.,0.007,0.098,0.,0.098,0.,0.,0.,0.,0.,0.,0.106,0.,0.106,,,
14200,0.028,0.,0.028,0.067,0.,0.067,0.086,0.,0.086,0.011,0.,0.011,0.115,0.,0.115,0.,0.,0.,0.,0.,0.,0.127,0.,0.127,,,
14300,0.029,0.,0.029,0.05,0.,0.05,0.064,0.,0.064,0.007,0.,0.007,0.094,0.,0.094,0.,0.,0.,0.,0.,0.,0.102,0.,0.102,,,
14400,0.03,0.,0.03,0.072,0.,0.072,0.08,0.,0.08,0.04,0.,0.04,0.111,0.,0.111,0.,0.,0.,0.,0.,0.,0.152,0.,0.152,,,
14500,0.044,0.,0.044,0.035,0.,0.035,0.04,0.,0.04,0.008,0.,0.008,0.084,0.,0.084,0.,0.,0.,0.,0.,0.,0.092,0.,0.092,,,
14600,0.029,0.,0.029,0.039,0.,0.039,0.075,0.,0.075,0.008,0.,0.008,0.105,0.,0.105,0.,0.,0.,0.,0.,0.,0.113,0.,0.113,,,
14700,0.03,0.,0.03,0.076,0.007,0.068,0.065,0.,0.065,0.012,0.,0.012,0.096,0.,0.096,0.,0.,0.,0.,0.,0.,0.108,0.,0.108,,,
14800,0.031,0.,0.031,0.046,0.,0.046,0.066,0.,0.066,0.022,0.,0.022,0.098,0.,0.098,0.,0.,0.,0.,0.,0.,0.12,0.,0.12,,,
14900,0.052,0.,0.052,0.037,0.,0.037,0.079,0.007,0.072,0.008,0.,0.008,0.132,0.007,0.124,0.,0.,0.,0.,0.,0.,0.141,0.007,0.133,,,
15000,0.03,0.,0.03,0.069,0.,0.069,0.058,0.,0.058,0.012,0.,0.012,0.089,0.,0.089,0.,0.,0.,0.,0.,0.,0.101,0.,0.101,,,
15100,0.031,0.,0.031,0.043,0.,0.043,0.064,0.,0.064,0.054,0.,0.054,0.096,0.,0.096,0.,0.,0.,0.,0.,0.,0.15,0.,0.15,,,
15200,0.028,0.,0.028,0.059,0.,0.059,0.082,0.,0.082,0.01,0.,0.01,0.111,0.,0.111,0.,0.,0.,0.,0.,0.,0.122,0.,0.121,,,
15300,0.032,0.,0.032,0.05,0.,0.05,0.067,0.,0.067,0.008,0.,0.008,0.1,0.,0.1,0.,0.,0.,0.,0.,0.,0.109,0.,0.109,,,
15400,0.067,0.,0.067,0.038,0.,0.038,0.082,0.003,0.078,0.008,0.,0.008,0.149,0.003,0.145,0.,0.,0.,0.,0.,0.,0.158,0.003,0.154,,,
15500,0.032,0.,0.032,0.069,0.,0.069,0.065,0.,0.065,0.013,0.,0.013,0.098,0.,0.098,0.,0.,0.,0.,0.,0.,0.112,0.,0.112,,,
15600,0.053,0.,0.053,0.04,0.,0.04,0.057,0.,0.057,0.008,0.,0.008,0.111,0.,0.111,0.,0.,0.,0.,0.,0.,0.12,0.,0.12,,,
15700,0.033,0.,0.033,0.046,0.,0.046,0.07,0.,0.07,0.008,0.,0.008,0.104,0.,0.104,0.,0.,0.,0.,0.,0.,0.113,0.,0.113,,,
15800,0.05,0.,0.05,0.072,0.,0.072,0.089,0.,0.089,0.009,0.,0.009,0.14,0.,0.14,0.,0.,0.,0.,0.,0.,0.149,0.,0.149,,,
15900,0.033,0.,0.033,0.067,0.,0.067,0.061,0.,0.061,0.013,0.,0.013,0.095,0.,0.095,0.,0.,0.,0.,0.,0.,0.108,0.,0.108,,,
16000,0.054,0.,0.054,0.04,0.,0.04,0.057,0.,0.057,0.008,0.,0.008,0.111,0.,0.111,0.,0.,0.,0.,0.,0.,0.121,0.,0.121,,,
16100,0.033,0.,0.033,0.043,0.,0.043,0.069,0.,0.069,0.008,0.,0.008,0.103,0.,0.103,0.,0.,0.,0.,0.,0.,0.112,0.,0.112,,,
16200,0.034,0.,0.034,0.054,0.,0.054,0.078,0.,0.078,0.009,0.,0.009,0.113,0.,0.113,0.,0.,0.,0.,0.,0.,0.122,0.,0.122,,,
16300,0.033,0.,0.033,0.077,0.,0.077,0.09,0.,0.09,0.009,0.,0.009,0.124,0.,0.124,0.,0.,0.,0.,0.,0.,0.133,0.,0.133,,,
16400,0.035,0.,0.035,0.108,0.,0.107,0.071,0.,0.071,0.009,0.,0.009,0.106,0.,0.106,0.,0.,0.,0.,0.,0.,0.116,0.,0.116,,,
16500,0.067,0.,0.067,0.041,0.,0.041,0.081,0.,0.081,0.009,0.,0.009,0.149,0.,0.149,0.,0.,0.,0.,0.,0.,0.159,0.,0.159,,,
16600,0.033,0.,0.033,0.077,0.,0.077,0.139,0.,0.139,0.009,0.,0.009,0.172,0.,0.172,0.,0.,0.,0.,0.,0.,0.182,0.,0.182,,,
16700,0.034,0.,0.034,0.069,0.,0.069,0.067,0.,0.067,0.014,0.,0.014,0.102,0.,0.102,0.,0.,0.,0.,0.,0.,0.117,0.,0.117,,,
16800,0.032,0.,0.032,0.065,0.,0.065,0.059,0.,0.059,0.013,0.,0.013,0.092,0.,0.092,0.,0.,0.,0.,0.,0.,0.105,0.,0.105,,,
16900,0.053,0.,0.053,0.047,0.,0.047,0.06,0.,0.06,0.009,0.,0.009,0.113,0.,0.113,0.,0.,0.,0.,0.,0.,0.123,0.,0.123,,,
17000,0.034,0.,0.034,0.046,0.,0.046,0.079,0.,0.079,0.009,0.,0.009,0.114,0.,0.114,0.,0.,0.,0.,0.,0.,0.124,0.,0.124,,,
17100,0.035,0.,0.035,0.067,0.,0.067,0.067,0.,0.067,0.022,0.,0.022,0.103,0.,0.103,0.,0.,0.,0.,0.,0.,0.127,0.,0.126,,,
17200,0.035,0.,0.035,0.061,0.,0.061,0.074,0.,0.074,0.009,0.,0.009,0.11,0.,0.11,0.,0.,0.,0.,0.,0.,0.12,0.,0.12,,,
17300,0.036,0.003,0.033,0.057,0.,0.057,0.08,0.,0.08,0.009,0.,0.009,0.117,0.003,0.114,0.,0.,0.,0.,0.,0.,0.127,0.003,0.123,,,
17400,0.057,0.,0.057,0.044,0.,0.044,0.086,0.,0.086,0.009,0.,0.009,0.143,0.,0.143,0.,0.,0.,0.,0.,0.,0.153,0.,0.153,,,
17500,0.053,0.,0.053,0.053,0.,0.053,0.08,0.,0.08,0.009,0.,0.009,0.133,0.,0.133,0.,0.,0.,0.,0.,0.,0.143,0.,0.143,,,
17600,0.051,0.,0.051,0.055,0.,0.055,0.07,0.,0.07,0.009,0.,0.009,0.122,0.,0.122,0.,0.,0.,0.,0.,0.,0.132,0.,0.132,,,
17700,0.052,0.,0.052,0.053,0.,0.053,0.07,0.,0.07,0.009,0.,0.009,0.123,0.,0.123,0.,0.,0.,0.,0.,0.,0.133,0.,0.133,,,
17800,0.037,0.,0.037,0.052,0.,0.052,0.091,0.,0.091,0.01,0.,0.01,0.129,0.,0.129,0.,0.,0.,0.,0.,0.,0.139,0.,0.139,,,
17900,0.037,0.,0.037,0.08,0.,0.08,0.07,0.003,0.066,0.01,0.,0.01,0.108,0.003,0.104,0.,0.,0.,0.,0.,0.,0.118,0.003,0.114,,,
18000,0.037,0.,0.037,0.048,0.,0.048,0.085,0.003,0.081,0.009,0.,0.009,0.123,0.003,0.119,0.,0.,0.,0.,0.,0.,0.133,0.003,0.129,,,
18100,0.038,0.,0.038,0.075,0.,0.075,0.082,0.004,0.078,0.01,0.,0.01,0.12,0.004,0.116,0.,0.,0.,0.,0.,0.,0.131,0.004,0.127,,,
18200,0.055,0.,0.055,0.071,0.,0.071,0.064,0.,0.062,0.009,0.,0.009,0.12,0.,0.118,0.,0.,0.,0.,0.,0.,0.13,0.,0.128,,,
18300,0.052,0.,0.052,0.051,0.,0.051,0.061,0.,0.061,0.01,0.,0.01,0.114,0.,0.114,0.,0.,0.,0.,0.,0.,0.124,0.,0.124,,,
18400,0.054,0.,0.054,0.05,0.,0.05,0.064,0.,0.064,0.01,0.,0.01,0.118,0.,0.118,0.,0.,0.,0.,0.,0.,0.128,0.,0.128,,,
18500,0.056,0.,0.056,0.051,0.,0.051,0.063,0.,0.062,0.01,0.,0.01,0.12,0.,0.12,0.,0.,0.,0.,0.,0.,0.13,0.,0.13,,,
18600,0.034,0.,0.034,0.068,0.,0.068,0.062,0.,0.062,0.012,0.,0.012,0.096,0.,0.096,0.,0.,0.,0.,0.,0.,0.109,0.,0.109,,,
18700,0.038,0.,0.038,0.077,0.,0.077,0.09,0.,0.09,0.01,0.,0.01,0.128,0.,0.128,0.,0.,0.,0.,0.,0.,0.139,0.,0.139,,,
18800,0.039,0.,0.039,0.099,0.,0.099,0.108,0.,0.108,0.01,0.,0.01,0.147,0.,0.147,0.,0.,0.,0.,0.,0.,0.158,0.,0.158,,,
18900,0.04,0.,0.04,0.089,0.,0.089,0.088,0.,0.088,0.01,0.,0.01,0.128,0.,0.128,0.,0.,0.,0.,0.,0.,0.139,0.,0.139,,,
19000,0.054,0.,0.054,0.095,0.,0.095,0.076,0.,0.076,0.01,0.,0.01,0.131,0.,0.131,0.,0.,0.,0.,0.,0.,0.141,0.,0.141,,,
19100,0.035,0.,0.035,0.068,0.,0.068,0.055,0.,0.055,0.012,0.,0.012,0.09,0.,0.09,0.,0.,0.,0.,0.,0.,0.103,0.,0.103,,,
19200,0.04,0.,0.04,0.084,0.,0.084,0.077,0.,0.077,0.041,0.,0.041,0.118,0.,0.118,0.,0.,0.,0.,0.,0.,0.159,0.,0.159,,,
19300,0.041,0.,0.04,0.095,0.,0.095,0.14,0.,0.14,0.01,0.,0.01,0.181,0.,0.181,0.,0.,0.,0.,0.,0.,0.192,0.,0.192,,,
19400,0.057,0.,0.057,0.072,0.,0.072,0.095,0.,0.095,0.01,0.,0.01,0.153,0.,0.153,0.,0.,0.,0.,0.,0.,0.164,0.,0.164,,,
19500,0.04,0.,0.04,0.061,0.,0.061,0.081,0.,0.081,0.027,0.,0.027,0.121,0.,0.121,0.,0.,0.,0.,0.,0.,0.148,0.,0.148,,,
19600,0.041,0.,0.041,0.065,0.,0.065,0.108,0.,0.108,0.01,0.,0.01,0.15,0.,0.15,0.,0.,0.,0.,0.,0.,0.161,0.,0.161,,,
19700,0.08,0.,0.08,0.071,0.,0.071,0.093,0.,0.093,0.01,0.,0.01,0.173,0.,0.173,0.,0.,0.,0.,0.,0.,0.184,0.,0.184,,,
19800,0.041,0.,0.041,0.083,0.,0.083,0.103,0.,0.103,0.011,0.,0.011,0.145,0.,0.145,0.,0.,0.,0.,0.,0.,0.157,0.,0.157,,,
19900,0.054,0.,0.054,0.098,0.,0.098,0.075,0.,0.075,0.011,0.,0.011,0.13,0.,0.13,0.,0.,0.,0.,0.,0.,0.141,0.,0.141,,,
20000,0.041,0.,0.041,0.08,0.,0.08,0.069,0.,0.069,0.042,0.,0.042,0.111,0.,0.111,0.,0.,0.,0.,0.,0.,0.154,0.,0.154,,,