param-n,abstract-regression-cubic-real,abstract-regression-cubic-sys,abstract-regression-cubic-user,close-abstract-regression-cubic-real,close-abstract-regression-cubic-sys,close-abstract-regression-cubic-user,fast-rewrite-regression-cubic-real,fast-rewrite-regression-cubic-sys,fast-rewrite-regression-cubic-user,pose-build-and-refine-regression-cubic-real,pose-build-and-refine-regression-cubic-sys,pose-build-and-refine-regression-cubic-user,refine-regression-quadratic-regression-linear-real,refine-regression-quadratic-regression-linear-sys,refine-regression-quadratic-regression-linear-user
1,0.001,0.,0.,0.,0.,0.,0.,0.,0.,0.,0.,0.,0.,0.,0.
2,0.001,0.,0.001,0.,0.,0.,0.,0.,0.,0.,0.,0.,0.,0.,0.
3,0.001,0.,0.001,0.,0.,0.,0.001,0.,0.001,0.001,0.,0.001,0.,0.,0.
4,0.001,0.,0.001,0.,0.,0.,0.,0.,0.,0.,0.,0.,0.,0.,0.
5,0.001,0.,0.001,0.,0.,0.,0.001,0.,0.001,0.001,0.,0.001,0.,0.,0.
6,0.002,0.,0.002,0.,0.,0.,0.001,0.,0.001,0.001,0.,0.001,0.,0.,0.
7,0.002,0.002,0.,0.,0.,0.,0.001,0.001,0.,0.001,0.001,0.,0.,0.,0.
8,0.002,0.001,0.001,0.,0.,0.,0.001,0.,0.,0.001,0.,0.,0.,0.,0.
9,0.003,0.,0.003,0.,0.,0.,0.002,0.,0.002,0.002,0.,0.002,0.,0.,0.
10,0.003,0.,0.003,0.,0.,0.,0.002,0.,0.002,0.002,0.,0.002,0.,0.,0.
11,0.003,0.,0.003,0.,0.,0.,0.002,0.,0.002,0.002,0.,0.002,0.,0.,0.
12,0.003,0.001,0.002,0.,0.,0.,0.002,0.,0.002,0.002,0.,0.002,0.,0.,0.
13,0.004,0.001,0.002,0.,0.,0.,0.002,0.,0.002,0.002,0.,0.002,0.,0.,0.
14,0.003,0.003,0.,0.,0.,0.,0.003,0.003,0.,0.003,0.003,0.,0.,0.,0.
15,0.056,0.003,0.053,0.053,0.003,0.05,0.003,0.,0.003,0.003,0.,0.003,0.,0.,0.
16,0.003,0.,0.003,0.,0.,0.,0.002,0.,0.001,0.002,0.,0.001,0.,0.,0.
17,0.003,0.,0.003,0.,0.,0.,0.002,0.,0.002,0.002,0.,0.002,0.,0.,0.
18,0.004,0.,0.004,0.,0.,0.,0.002,0.,0.002,0.002,0.,0.002,0.,0.,0.
19,0.004,0.,0.004,0.001,0.,0.001,0.003,0.,0.003,0.003,0.,0.003,0.,0.,0.
20,0.004,0.,0.004,0.001,0.,0.001,0.003,0.,0.003,0.003,0.,0.003,0.,0.,0.
21,0.004,0.,0.004,0.001,0.,0.001,0.003,0.,0.003,0.003,0.,0.003,0.,0.,0.
22,0.005,0.,0.005,0.001,0.,0.001,0.003,0.,0.003,0.003,0.,0.003,0.,0.,0.
23,0.005,0.,0.005,0.001,0.,0.001,0.003,0.,0.003,0.003,0.,0.003,0.,0.,0.
24,0.005,0.,0.005,0.001,0.,0.001,0.003,0.,0.003,0.003,0.,0.003,0.,0.,0.
25,0.006,0.001,0.004,0.001,0.001,0.,0.004,0.,0.004,0.004,0.,0.004,0.,0.,0.
26,0.006,0.001,0.004,0.001,0.,0.001,0.004,0.001,0.003,0.004,0.001,0.003,0.,0.,0.
27,0.007,0.,0.006,0.001,0.,0.001,0.005,0.,0.004,0.005,0.,0.004,0.,0.,0.
28,0.01,0.,0.01,0.001,0.,0.001,0.008,0.,0.008,0.008,0.,0.008,0.,0.,0.
29,0.007,0.,0.007,0.001,0.,0.001,0.004,0.,0.004,0.004,0.,0.004,0.,0.,0.
30,0.007,0.,0.007,0.001,0.,0.001,0.005,0.,0.005,0.005,0.,0.005,0.,0.,0.
31,0.007,0.,0.007,0.002,0.,0.002,0.005,0.,0.005,0.005,0.,0.005,0.,0.,0.
32,0.008,0.,0.008,0.002,0.,0.002,0.005,0.,0.005,0.005,0.,0.005,0.,0.,0.
33,0.008,0.,0.008,0.002,0.,0.002,0.005,0.,0.005,0.005,0.,0.005,0.,0.,0.
34,0.008,0.,0.008,0.002,0.,0.002,0.006,0.,0.006,0.006,0.,0.006,0.,0.,0.
35,0.009,0.,0.009,0.002,0.,0.002,0.006,0.,0.006,0.006,0.,0.006,0.,0.,0.
36,0.015,0.,0.015,0.002,0.,0.002,0.012,0.,0.012,0.012,0.,0.012,0.,0.,0.
37,0.009,0.,0.009,0.002,0.,0.002,0.006,0.,0.006,0.006,0.,0.006,0.,0.,0.
38,0.01,0.,0.01,0.002,0.,0.002,0.006,0.,0.006,0.006,0.,0.006,0.,0.,0.
39,0.01,0.,0.01,0.003,0.,0.003,0.007,0.,0.007,0.007,0.,0.007,0.,0.,0.
40,0.01,0.,0.01,0.003,0.,0.003,0.007,0.,0.007,0.007,0.,0.007,0.,0.,0.
41,0.011,0.,0.011,0.003,0.,0.003,0.007,0.,0.007,0.007,0.,0.007,0.,0.,0.
42,0.011,0.,0.011,0.003,0.,0.003,0.007,0.,0.007,0.007,0.,0.007,0.,0.,0.
43,0.015,0.,0.015,0.003,0.,0.003,0.011,0.,0.011,0.011,0.,0.011,0.,0.,0.
44,0.012,0.,0.012,0.003,0.,0.003,0.008,0.,0.008,0.008,0.,0.008,0.,0.,0.
45,0.013,0.,0.013,0.003,0.,0.003,0.008,0.,0.008,0.008,0.,0.008,0.,0.,0.
46,0.013,0.,0.013,0.004,0.,0.004,0.008,0.,0.008,0.008,0.,0.008,0.,0.,0.
47,0.013,0.,0.013,0.004,0.,0.004,0.009,0.,0.009,0.009,0.,0.009,0.,0.,0.
48,0.02,0.,0.02,0.004,0.,0.004,0.015,0.,0.015,0.015,0.,0.015,0.,0.,0.
49,0.014,0.,0.014,0.004,0.,0.004,0.009,0.,0.009,0.009,0.,0.009,0.,0.,0.
50,0.02,0.007,0.013,0.005,0.003,0.002,0.015,0.003,0.011,0.015,0.003,0.011,0.,0.,0.
51,0.015,0.,0.015,0.005,0.,0.005,0.01,0.,0.01,0.01,0.,0.01,0.,0.,0.
52,0.016,0.,0.016,0.005,0.,0.005,0.01,0.,0.01,0.01,0.,0.01,0.,0.,0.
53,0.016,0.,0.016,0.005,0.,0.005,0.01,0.,0.01,0.01,0.,0.01,0.,0.,0.
54,0.02,0.,0.02,0.005,0.,0.005,0.014,0.,0.014,0.014,0.,0.014,0.,0.,0.
55,0.017,0.,0.017,0.005,0.,0.005,0.011,0.,0.011,0.011,0.,0.011,0.,0.,0.
56,0.018,0.,0.018,0.006,0.,0.006,0.011,0.,0.011,0.011,0.,0.011,0.,0.,0.
57,0.018,0.,0.018,0.006,0.,0.006,0.011,0.,0.011,0.011,0.,0.011,0.,0.,0.
58,0.024,0.,0.024,0.006,0.,0.006,0.017,0.,0.017,0.017,0.,0.017,0.,0.,0.
59,0.02,0.,0.02,0.006,0.,0.006,0.012,0.,0.012,0.012,0.,0.012,0.,0.,0.
60,0.02,0.,0.02,0.007,0.,0.007,0.013,0.,0.013,0.013,0.,0.013,0.,0.,0.
61,0.021,0.002,0.018,0.007,0.,0.007,0.013,0.002,0.011,0.013,0.002,0.011,0.,0.,0.
62,0.024,0.,0.024,0.007,0.,0.007,0.016,0.,0.016,0.016,0.,0.016,0.,0.,0.
63,0.022,0.,0.022,0.007,0.,0.007,0.013,0.,0.013,0.013,0.,0.013,0.,0.,0.
64,0.023,0.,0.022,0.008,0.,0.008,0.014,0.,0.014,0.014,0.,0.014,0.,0.,0.
65,0.025,0.,0.025,0.008,0.,0.008,0.016,0.,0.016,0.016,0.,0.016,0.,0.,0.
66,0.024,0.,0.024,0.008,0.,0.008,0.015,0.,0.014,0.014,0.,0.014,0.,0.,0.
67,0.024,0.,0.024,0.009,0.,0.009,0.015,0.,0.015,0.015,0.,0.015,0.,0.,0.
68,0.028,0.,0.028,0.009,0.,0.009,0.018,0.,0.018,0.018,0.,0.018,0.003,0.,0.003
69,0.026,0.,0.026,0.009,0.,0.009,0.015,0.,0.015,0.015,0.,0.015,0.,0.,0.
70,0.027,0.,0.027,0.01,0.,0.01,0.016,0.,0.016,0.016,0.,0.016,0.,0.,0.
71,0.035,0.,0.035,0.01,0.,0.01,0.024,0.,0.024,0.024,0.,0.024,0.,0.,0.
72,0.028,0.,0.028,0.01,0.,0.01,0.016,0.,0.016,0.016,0.,0.016,0.,0.,0.
73,0.028,0.,0.028,0.01,0.,0.01,0.017,0.,0.017,0.017,0.,0.017,0.,0.,0.
74,0.033,0.,0.033,0.011,0.,0.011,0.022,0.,0.022,0.022,0.,0.021,0.,0.,0.
75,0.03,0.,0.03,0.011,0.,0.011,0.018,0.,0.018,0.018,0.,0.018,0.,0.,0.
76,0.031,0.,0.031,0.011,0.,0.011,0.018,0.,0.018,0.018,0.,0.018,0.,0.,0.
77,0.042,0.,0.042,0.012,0.,0.012,0.029,0.,0.029,0.029,0.,0.029,0.,0.,0.
78,0.032,0.,0.032,0.012,0.,0.012,0.019,0.,0.019,0.019,0.,0.019,0.,0.,0.
79,0.034,0.,0.034,0.014,0.,0.014,0.019,0.,0.019,0.019,0.,0.019,0.,0.,0.
80,0.033,0.,0.033,0.013,0.,0.013,0.019,0.,0.019,0.019,0.,0.019,0.,0.,0.
81,0.034,0.,0.034,0.013,0.,0.013,0.02,0.,0.02,0.02,0.,0.02,0.,0.,0.
82,0.037,0.,0.037,0.014,0.,0.014,0.023,0.,0.023,0.023,0.,0.023,0.001,0.,0.001
83,0.036,0.,0.036,0.014,0.,0.014,0.021,0.,0.021,0.021,0.,0.021,0.001,0.,0.001
84,0.041,0.,0.041,0.014,0.,0.014,0.025,0.,0.025,0.025,0.,0.025,0.,0.,0.
85,0.038,0.,0.038,0.015,0.,0.015,0.022,0.,0.022,0.022,0.,0.022,0.001,0.,0.001
86,0.038,0.,0.038,0.015,0.,0.015,0.022,0.,0.022,0.022,0.,0.022,0.001,0.,0.001
87,0.048,0.,0.048,0.016,0.,0.016,0.031,0.,0.031,0.031,0.,0.031,0.001,0.,0.001
88,0.04,0.,0.04,0.016,0.,0.016,0.023,0.,0.023,0.023,0.,0.023,0.001,0.,0.001
89,0.044,0.,0.044,0.016,0.,0.016,0.026,0.,0.026,0.026,0.,0.026,0.001,0.,0.001
90,0.042,0.,0.042,0.017,0.,0.017,0.024,0.,0.024,0.024,0.,0.024,0.001,0.,0.001
91,0.049,0.,0.049,0.018,0.,0.018,0.031,0.,0.031,0.031,0.,0.031,0.001,0.,0.001
92,0.044,0.,0.044,0.018,0.,0.018,0.024,0.,0.024,0.024,0.,0.024,0.001,0.,0.001
93,0.048,0.,0.048,0.018,0.,0.018,0.029,0.,0.029,0.029,0.,0.029,0.001,0.,0.001
94,0.045,0.,0.045,0.019,0.,0.019,0.025,0.,0.025,0.025,0.,0.025,0.001,0.,0.001
95,0.055,0.,0.055,0.02,0.,0.02,0.034,0.,0.034,0.034,0.,0.034,0.001,0.,0.001
96,0.047,0.,0.047,0.02,0.,0.02,0.026,0.,0.026,0.026,0.,0.026,0.001,0.,0.001
97,0.051,0.,0.051,0.02,0.,0.02,0.03,0.,0.03,0.03,0.,0.03,0.001,0.,0.001
98,0.049,0.,0.049,0.021,0.,0.021,0.027,0.,0.027,0.027,0.,0.027,0.001,0.,0.001
99,0.058,0.,0.058,0.022,0.,0.022,0.035,0.,0.035,0.035,0.,0.035,0.001,0.,0.001
100,0.113,0.02,0.093,0.022,0.,0.021,0.091,0.019,0.071,0.091,0.019,0.071,0.001,0.,0.
110,0.067,0.003,0.063,0.032,0.003,0.029,0.033,0.,0.033,0.033,0.,0.033,0.001,0.,0.001
120,0.075,0.,0.075,0.035,0.,0.035,0.038,0.,0.038,0.038,0.,0.038,0.001,0.,0.001
130,0.121,0.,0.121,0.043,0.,0.043,0.076,0.,0.076,0.076,0.,0.076,0.001,0.,0.001
140,0.136,0.,0.136,0.052,0.,0.052,0.083,0.,0.083,0.083,0.,0.083,0.001,0.,0.001
150,0.142,0.,0.142,0.061,0.,0.061,0.08,0.,0.08,0.08,0.,0.08,0.001,0.,0.001
160,0.189,0.003,0.185,0.075,0.,0.075,0.112,0.003,0.108,0.112,0.003,0.108,0.001,0.,0.001
170,0.192,0.003,0.188,0.088,0.,0.088,0.103,0.003,0.099,0.103,0.003,0.099,0.001,0.,0.001
180,0.221,0.004,0.217,0.102,0.,0.102,0.117,0.003,0.113,0.117,0.003,0.113,0.001,0.,0.001
190,0.255,0.,0.255,0.12,0.,0.12,0.134,0.,0.134,0.134,0.,0.134,0.002,0.,0.002
200,0.318,0.,0.318,0.138,0.,0.138,0.18,0.,0.179,0.179,0.,0.179,0.002,0.,0.002
210,0.342,0.007,0.334,0.159,0.,0.159,0.181,0.007,0.173,0.181,0.007,0.173,0.002,0.,0.002
220,0.409,0.004,0.405,0.182,0.,0.182,0.225,0.004,0.221,0.225,0.004,0.221,0.002,0.,0.002
230,0.451,0.,0.451,0.205,0.,0.205,0.245,0.,0.245,0.245,0.,0.245,0.002,0.,0.002
240,0.456,0.,0.456,0.229,0.,0.229,0.226,0.,0.226,0.226,0.,0.226,0.002,0.,0.002
250,0.53,0.005,0.524,0.253,0.,0.253,0.276,0.005,0.271,0.276,0.005,0.271,0.002,0.,0.002
260,0.54,0.007,0.532,0.288,0.003,0.284,0.251,0.003,0.247,0.251,0.003,0.247,0.002,0.,0.002
270,0.588,0.,0.588,0.319,0.,0.319,0.268,0.,0.268,0.268,0.,0.268,0.002,0.,0.002
280,0.678,0.,0.678,0.357,0.,0.357,0.32,0.,0.32,0.32,0.,0.32,0.003,0.,0.003
290,0.777,0.003,0.773,0.398,0.003,0.394,0.377,0.,0.377,0.377,0.,0.377,0.003,0.,0.003
300,0.763,0.007,0.755,0.429,0.003,0.426,0.333,0.003,0.329,0.333,0.003,0.329,0.003,0.003,0.
310,0.817,0.,0.817,0.475,0.,0.475,0.34,0.,0.34,0.34,0.,0.34,0.003,0.,0.003
320,0.889,0.,0.889,0.52,0.,0.52,0.368,0.,0.367,0.368,0.,0.367,0.003,0.,0.003
330,1.053,0.,1.053,0.595,0.,0.595,0.456,0.,0.456,0.456,0.,0.456,0.003,0.,0.003
340,1.068,0.,1.068,0.619,0.,0.619,0.448,0.,0.448,0.448,0.,0.448,0.003,0.,0.003
350,1.178,0.011,1.166,0.697,0.003,0.693,0.48,0.008,0.472,0.48,0.008,0.472,0.003,0.,0.003
360,1.187,0.,1.187,0.731,0.,0.731,0.454,0.,0.454,0.454,0.,0.454,0.003,0.,0.003
370,1.389,0.,1.389,0.826,0.,0.826,0.561,0.,0.561,0.561,0.,0.561,0.004,0.,0.004
380,1.378,0.,1.378,0.855,0.,0.855,0.522,0.,0.521,0.521,0.,0.521,0.004,0.,0.004
390,1.468,0.007,1.46,0.932,0.007,0.924,0.534,0.,0.534,0.534,0.,0.534,0.004,0.,0.004
400,1.587,0.019,1.563,0.98,0.,0.979,0.607,0.019,0.583,0.607,0.019,0.583,0.004,0.,0.004
500,2.885,0.,2.885,1.93,0.,1.93,0.954,0.,0.953,0.953,0.,0.953,0.005,0.,0.005
600,4.605,0.019,4.585,3.302,0.016,3.286,1.301,0.003,1.297,1.301,0.003,1.297,0.006,0.,0.006
700,6.899,0.023,6.874,5.322,0.004,5.318,1.575,0.019,1.555,1.575,0.019,1.555,0.007,0.,0.007
800,9.917,0.027,9.888,7.84,0.027,7.811,2.075,0.,2.075,2.075,0.,2.075,0.008,0.,0.008
900,13.553,0.015,13.536,10.962,0.011,10.948,2.59,0.003,2.586,2.59,0.003,2.586,0.01,0.,0.01
1000,17.992,0.012,17.978,14.837,0.,14.836,3.153,0.012,3.141,3.153,0.012,3.141,0.01,0.,0.01