param-n,autorewrite-noop-regression-quadratic-real,autorewrite-noop-regression-quadratic-sys,autorewrite-noop-regression-quadratic-user,try-rewrite!-evar-noop-regression-quadratic-real,try-rewrite!-evar-noop-regression-quadratic-sys,try-rewrite!-evar-noop-regression-quadratic-user,try-rewrite!-noop-regression-quadratic-real,try-rewrite!-noop-regression-quadratic-sys,try-rewrite!-noop-regression-quadratic-user,try-rewrite-evar-noop-regression-quadratic-real,try-rewrite-evar-noop-regression-quadratic-sys,try-rewrite-evar-noop-regression-quadratic-user,try-rewrite-noop-regression-quadratic-real,try-rewrite-noop-regression-quadratic-sys,try-rewrite-noop-regression-quadratic-user,try-rewrite?-evar-noop-regression-quadratic-real,try-rewrite?-evar-noop-regression-quadratic-sys,try-rewrite?-evar-noop-regression-quadratic-user,try-rewrite?-noop-regression-quadratic-real,try-rewrite?-noop-regression-quadratic-sys,try-rewrite?-noop-regression-quadratic-user,try-ssr-rewrite!-evar-noop-regression-linear-real,try-ssr-rewrite!-evar-noop-regression-linear-sys,try-ssr-rewrite!-evar-noop-regression-linear-user,try-ssr-rewrite!-noop-regression-linear-real,try-ssr-rewrite!-noop-regression-linear-sys,try-ssr-rewrite!-noop-regression-linear-user,try-ssr-rewrite-evar-noop-regression-linear-real,try-ssr-rewrite-evar-noop-regression-linear-sys,try-ssr-rewrite-evar-noop-regression-linear-user,try-ssr-rewrite-noop-regression-linear-real,try-ssr-rewrite-noop-regression-linear-sys,try-ssr-rewrite-noop-regression-linear-user,try-ssr-rewrite?-evar-noop-regression-linear-real,try-ssr-rewrite?-evar-noop-regression-linear-sys,try-ssr-rewrite?-evar-noop-regression-linear-user,try-ssr-rewrite?-noop-regression-linear-real,try-ssr-rewrite?-noop-regression-linear-sys,try-ssr-rewrite?-noop-regression-linear-user
1,0.,0.,0.,0.,0.,0.,0.,0.,0.,0.,0.,0.,0.,0.,0.,0.,0.,0.,0.,0.,0.,0.,0.,0.,0.,0.,0.,0.,0.,0.,0.,0.,0.,0.,0.,0.,0.,0.,0.
2,0.,0.,0.,0.,0.,0.,0.,0.,0.,0.,0.,0.,0.,0.,0.,0.,0.,0.,0.,0.,0.,0.,0.,0.,0.,0.,0.,0.,0.,0.,0.,0.,0.,0.,0.,0.,0.,0.,0.
3,0.,0.,0.,0.,0.,0.,0.,0.,0.,0.,0.,0.,0.,0.,0.,0.,0.,0.,0.,0.,0.,0.,0.,0.,0.,0.,0.,0.,0.,0.,0.,0.,0.,0.,0.,0.,0.,0.,0.
4,0.,0.,0.,0.,0.,0.,0.,0.,0.,0.,0.,0.,0.,0.,0.,0.,0.,0.,0.,0.,0.,0.,0.,0.,0.,0.,0.,0.,0.,0.,0.,0.,0.,0.,0.,0.,0.,0.,0.
8,0.,0.,0.,0.,0.,0.,0.,0.,0.,0.,0.,0.,0.,0.,0.,0.,0.,0.,0.,0.,0.,0.,0.,0.,0.,0.,0.,0.,0.,0.,0.,0.,0.,0.,0.,0.,0.,0.,0.
12,0.,0.,0.,0.,0.,0.,0.,0.,0.,0.,0.,0.,0.,0.,0.,0.,0.,0.,0.,0.,0.,0.,0.,0.,0.,0.,0.,0.,0.,0.,0.,0.,0.,0.,0.,0.,0.,0.,0.
16,0.,0.,0.,0.,0.,0.,0.032,0.,0.032,0.,0.,0.,0.,0.,0.,0.,0.,0.,0.,0.,0.,0.,0.,0.,0.,0.,0.,0.,0.,0.,0.,0.,0.,0.,0.,0.,0.,0.,0.
20,0.,0.,0.,0.,0.,0.,0.,0.,0.,0.,0.,0.,0.,0.,0.,0.,0.,0.,0.,0.,0.,0.,0.,0.,0.,0.,0.,0.,0.,0.,0.,0.,0.,0.,0.,0.,0.,0.,0.
24,0.,0.,0.,0.,0.,0.,0.,0.,0.,0.,0.,0.,0.,0.,0.,0.,0.,0.,0.,0.,0.,0.,0.,0.,0.,0.,0.,0.,0.,0.,0.,0.,0.,0.,0.,0.,0.,0.,0.
28,0.,0.,0.,0.,0.,0.,0.,0.,0.,0.,0.,0.,0.,0.,0.,0.,0.,0.,0.,0.,0.,0.,0.,0.,0.,0.,0.,0.,0.,0.,0.,0.,0.,0.,0.,0.,0.,0.,0.
32,0.,0.,0.,0.,0.,0.,0.,0.,0.,0.,0.,0.,0.,0.,0.,0.,0.,0.,0.,0.,0.,0.,0.,0.,0.,0.,0.,0.,0.,0.,0.,0.,0.,0.,0.,0.,0.,0.,0.
36,0.,0.,0.,0.,0.,0.,0.,0.,0.,0.,0.,0.,0.,0.,0.,0.,0.,0.,0.,0.,0.,0.,0.,0.,0.,0.,0.,0.,0.,0.,0.,0.,0.,0.,0.,0.,0.,0.,0.
40,0.,0.,0.,0.,0.,0.,0.,0.,0.,0.,0.,0.,0.,0.,0.,0.,0.,0.,0.,0.,0.,0.,0.,0.,0.,0.,0.,0.,0.,0.,0.,0.,0.,0.,0.,0.,0.,0.,0.
44,0.,0.,0.,0.,0.,0.,0.,0.,0.,0.,0.,0.,0.,0.,0.,0.,0.,0.,0.,0.,0.,0.,0.,0.,0.,0.,0.,0.,0.,0.,0.,0.,0.,0.,0.,0.,0.,0.,0.
48,0.,0.,0.,0.,0.,0.,0.,0.,0.,0.,0.,0.,0.,0.,0.,0.,0.,0.,0.,0.,0.,0.,0.,0.,0.,0.,0.,0.,0.,0.,0.,0.,0.,0.,0.,0.,0.,0.,0.
50,0.,0.,0.,0.,0.,0.,0.,0.,0.,0.,0.,0.,0.,0.,0.,0.,0.,0.,0.,0.,0.,0.,0.,0.,0.,0.,0.,0.,0.,0.,0.,0.,0.,0.,0.,0.,0.,0.,0.
52,0.,0.,0.,0.,0.,0.,0.,0.,0.,0.,0.,0.,0.,0.,0.,0.,0.,0.,0.,0.,0.,0.,0.,0.,0.,0.,0.,0.,0.,0.,0.,0.,0.,0.,0.,0.,0.,0.,0.
56,0.,0.,0.,0.,0.,0.,0.,0.,0.,0.,0.,0.,0.,0.,0.,0.,0.,0.,0.,0.,0.,0.,0.,0.,0.,0.,0.,0.,0.,0.,0.,0.,0.,0.,0.,0.,0.,0.,0.
60,0.,0.,0.,0.,0.,0.,0.,0.,0.,0.,0.,0.,0.,0.,0.,0.,0.,0.,0.,0.,0.,0.,0.,0.,0.,0.,0.,0.,0.,0.,0.,0.,0.,0.,0.,0.,0.,0.,0.
64,0.,0.,0.,0.,0.,0.,0.,0.,0.,0.,0.,0.,0.,0.,0.,0.,0.,0.,0.,0.,0.,0.,0.,0.,0.,0.,0.,0.,0.,0.,0.,0.,0.,0.,0.,0.,0.,0.,0.
68,0.,0.,0.,0.,0.,0.,0.,0.,0.,0.,0.,0.,0.033,0.003,0.029,0.,0.,0.,0.,0.,0.,0.,0.,0.,0.,0.,0.,0.,0.,0.,0.,0.,0.,0.,0.,0.,0.,0.,0.
72,0.,0.,0.,0.,0.,0.,0.,0.,0.,0.,0.,0.,0.,0.,0.,0.,0.,0.,0.,0.,0.,0.,0.,0.,0.,0.,0.,0.,0.,0.,0.,0.,0.,0.,0.,0.,0.,0.,0.
76,0.,0.,0.,0.001,0.,0.001,0.,0.,0.,0.001,0.,0.001,0.,0.,0.,0.001,0.,0.001,0.,0.,0.,0.,0.,0.,0.,0.,0.,0.,0.,0.,0.,0.,0.,0.,0.,0.,0.,0.,0.
80,0.,0.,0.,0.001,0.,0.001,0.,0.,0.,0.001,0.,0.001,0.,0.,0.,0.001,0.,0.001,0.,0.,0.,0.,0.,0.,0.,0.,0.,0.,0.,0.,0.,0.,0.,0.,0.,0.,0.,0.,0.
84,0.,0.,0.,0.001,0.,0.001,0.,0.,0.,0.001,0.,0.001,0.,0.,0.,0.001,0.,0.001,0.,0.,0.,0.,0.,0.,0.,0.,0.,0.,0.,0.,0.,0.,0.,0.,0.,0.,0.,0.,0.
88,0.,0.,0.,0.001,0.,0.001,0.,0.,0.,0.001,0.,0.001,0.,0.,0.,0.001,0.,0.001,0.,0.,0.,0.,0.,0.,0.,0.,0.,0.,0.,0.,0.,0.,0.,0.,0.,0.,0.,0.,0.
92,0.,0.,0.,0.001,0.,0.001,0.,0.,0.,0.001,0.,0.001,0.,0.,0.,0.001,0.,0.001,0.,0.,0.,0.,0.,0.,0.,0.,0.,0.,0.,0.,0.,0.,0.,0.,0.,0.,0.,0.,0.
96,0.,0.,0.,0.001,0.,0.001,0.,0.,0.,0.043,0.,0.043,0.,0.,0.,0.001,0.,0.001,0.,0.,0.,0.,0.,0.,0.,0.,0.,0.,0.,0.,0.,0.,0.,0.,0.,0.,0.,0.,0.
100,0.001,0.,0.001,0.001,0.,0.001,0.001,0.,0.001,0.001,0.,0.001,0.001,0.,0.001,0.001,0.,0.001,0.001,0.,0.001,0.,0.,0.,0.,0.,0.,0.,0.,0.,0.,0.,0.,0.,0.,0.,0.,0.,0.
104,0.,0.,0.,0.001,0.,0.001,0.,0.,0.,0.001,0.,0.001,0.,0.,0.,0.001,0.,0.001,0.,0.,0.,0.,0.,0.,0.,0.,0.,0.,0.,0.,0.,0.,0.,0.,0.,0.,0.,0.,0.
108,0.,0.,0.,0.001,0.,0.001,0.,0.,0.,0.001,0.,0.001,0.,0.,0.,0.001,0.,0.001,0.001,0.,0.001,0.,0.,0.,0.,0.,0.,0.,0.,0.,0.,0.,0.,0.,0.,0.,0.,0.,0.
112,0.001,0.,0.001,0.001,0.,0.001,0.001,0.,0.001,0.001,0.,0.001,0.001,0.,0.001,0.001,0.,0.001,0.001,0.,0.001,0.,0.,0.,0.,0.,0.,0.,0.,0.,0.,0.,0.,0.,0.,0.,0.,0.,0.
116,0.001,0.,0.001,0.001,0.,0.001,0.001,0.,0.001,0.001,0.,0.001,0.001,0.,0.001,0.001,0.,0.001,0.001,0.,0.001,0.,0.,0.,0.,0.,0.,0.,0.,0.,0.,0.,0.,0.,0.,0.,0.,0.,0.
120,0.001,0.,0.001,0.001,0.,0.001,0.001,0.,0.001,0.001,0.,0.001,0.001,0.,0.001,0.001,0.,0.001,0.001,0.,0.001,0.,0.,0.,0.,0.,0.,0.,0.,0.,0.,0.,0.,0.,0.,0.,0.,0.,0.
124,0.001,0.,0.001,0.001,0.,0.001,0.001,0.,0.001,0.001,0.,0.001,0.001,0.,0.001,0.001,0.,0.001,0.001,0.,0.001,0.,0.,0.,0.,0.,0.,0.,0.,0.,0.,0.,0.,0.,0.,0.,0.,0.,0.
128,0.001,0.,0.001,0.001,0.,0.001,0.001,0.,0.001,0.001,0.,0.001,0.001,0.,0.001,0.001,0.,0.001,0.001,0.,0.001,0.,0.,0.,0.,0.,0.,0.,0.,0.,0.,0.,0.,0.,0.,0.,0.,0.,0.
132,0.001,0.,0.001,0.002,0.,0.002,0.001,0.,0.001,0.002,0.,0.002,0.001,0.,0.001,0.002,0.,0.002,0.001,0.,0.001,0.,0.,0.,0.,0.,0.,0.,0.,0.,0.,0.,0.,0.,0.,0.,0.,0.,0.
136,0.001,0.,0.001,0.002,0.,0.002,0.001,0.,0.001,0.002,0.,0.002,0.001,0.,0.001,0.002,0.,0.002,0.001,0.,0.001,0.,0.,0.,0.,0.,0.,0.,0.,0.,0.,0.,0.,0.,0.,0.,0.,0.,0.
140,0.001,0.001,0.,0.002,0.,0.002,0.001,0.001,0.,0.002,0.,0.002,0.001,0.,0.001,0.002,0.,0.002,0.001,0.,0.001,0.,0.,0.,0.,0.,0.,0.,0.,0.,0.,0.,0.,0.,0.,0.,0.,0.,0.
144,0.002,0.,0.002,0.002,0.,0.002,0.001,0.,0.001,0.002,0.,0.002,0.001,0.,0.001,0.002,0.,0.002,0.001,0.,0.001,0.,0.,0.,0.,0.,0.,0.,0.,0.,0.,0.,0.,0.,0.,0.,0.,0.,0.
148,0.001,0.,0.001,0.002,0.,0.002,0.001,0.,0.001,0.002,0.,0.002,0.001,0.,0.001,0.002,0.,0.002,0.001,0.,0.001,0.,0.,0.,0.,0.,0.,0.,0.,0.,0.,0.,0.,0.,0.,0.,0.,0.,0.
150,0.001,0.001,0.,0.002,0.,0.002,0.001,0.001,0.,0.002,0.,0.002,0.001,0.,0.001,0.002,0.,0.002,0.001,0.,0.001,0.,0.,0.,0.,0.,0.,0.,0.,0.,0.,0.,0.,0.,0.,0.,0.,0.,0.
152,0.001,0.,0.001,0.002,0.,0.002,0.001,0.,0.001,0.002,0.,0.002,0.001,0.,0.001,0.002,0.,0.002,0.001,0.,0.001,0.,0.,0.,0.,0.,0.,0.,0.,0.,0.,0.,0.,0.,0.,0.,0.,0.,0.
156,0.001,0.,0.001,0.002,0.,0.002,0.001,0.,0.001,0.002,0.,0.002,0.001,0.,0.001,0.002,0.,0.002,0.001,0.,0.001,0.,0.,0.,0.,0.,0.,0.,0.,0.,0.,0.,0.,0.,0.,0.,0.,0.,0.
160,0.001,0.,0.001,0.002,0.,0.002,0.001,0.,0.001,0.002,0.,0.002,0.002,0.,0.002,0.002,0.,0.002,0.001,0.,0.001,0.,0.,0.,0.,0.,0.,0.,0.,0.,0.,0.,0.,0.,0.,0.,0.,0.,0.
164,0.001,0.,0.001,0.002,0.,0.002,0.001,0.,0.001,0.002,0.,0.002,0.001,0.,0.001,0.002,0.,0.002,0.001,0.,0.001,0.,0.,0.,0.,0.,0.,0.,0.,0.,0.,0.,0.,0.,0.,0.,0.,0.,0.
168,0.001,0.,0.001,0.002,0.,0.002,0.001,0.,0.001,0.002,0.,0.002,0.001,0.,0.001,0.002,0.,0.002,0.001,0.,0.001,0.,0.,0.,0.,0.,0.,0.,0.,0.,0.,0.,0.,0.,0.,0.,0.,0.,0.
172,0.001,0.,0.001,0.002,0.,0.002,0.001,0.,0.001,0.002,0.,0.002,0.001,0.,0.001,0.002,0.,0.002,0.001,0.,0.001,0.,0.,0.,0.,0.,0.,0.,0.,0.,0.,0.,0.,0.,0.,0.,0.,0.,0.
176,0.001,0.,0.001,0.003,0.,0.003,0.002,0.,0.002,0.003,0.,0.003,0.001,0.,0.001,0.003,0.,0.003,0.001,0.,0.001,0.,0.,0.,0.,0.,0.,0.,0.,0.,0.,0.,0.,0.,0.,0.,0.,0.,0.
180,0.001,0.,0.001,0.003,0.,0.003,0.001,0.,0.001,0.003,0.,0.003,0.001,0.,0.001,0.003,0.,0.003,0.002,0.,0.002,0.,0.,0.,0.,0.,0.,0.,0.,0.,0.,0.,0.,0.,0.,0.,0.,0.,0.
184,0.001,0.,0.001,0.003,0.,0.003,0.001,0.,0.001,0.003,0.,0.003,0.002,0.,0.002,0.003,0.,0.003,0.002,0.,0.002,0.,0.,0.,0.,0.,0.,0.,0.,0.,0.,0.,0.,0.,0.,0.,0.,0.,0.
188,0.002,0.,0.002,0.003,0.,0.003,0.002,0.,0.002,0.004,0.,0.004,0.002,0.,0.002,0.003,0.,0.003,0.002,0.,0.002,0.,0.,0.,0.,0.,0.,0.,0.,0.,0.,0.,0.,0.,0.,0.,0.,0.,0.
192,0.002,0.,0.002,0.003,0.,0.003,0.002,0.,0.002,0.003,0.,0.003,0.002,0.,0.002,0.003,0.,0.003,0.002,0.,0.002,0.,0.,0.,0.,0.,0.,0.,0.,0.,0.,0.,0.,0.,0.,0.,0.,0.,0.
196,0.002,0.,0.002,0.003,0.,0.003,0.002,0.,0.002,0.003,0.,0.003,0.002,0.,0.002,0.003,0.,0.003,0.002,0.,0.002,0.,0.,0.,0.,0.,0.,0.,0.,0.,0.,0.,0.,0.,0.,0.,0.,0.,0.
200,0.002,0.002,0.,0.003,0.,0.003,0.038,0.,0.037,0.003,0.,0.003,0.002,0.,0.002,0.003,0.,0.003,0.002,0.,0.002,0.,0.,0.,0.,0.,0.,0.,0.,0.,0.,0.,0.,0.,0.,0.,0.,0.,0.
204,0.002,0.,0.002,0.003,0.,0.003,0.002,0.,0.002,0.003,0.,0.003,0.002,0.,0.002,0.003,0.,0.003,0.002,0.,0.002,0.,0.,0.,0.,0.,0.,0.,0.,0.,0.,0.,0.,0.,0.,0.,0.,0.,0.
208,0.002,0.,0.002,0.003,0.,0.003,0.002,0.,0.002,0.003,0.,0.003,0.002,0.,0.002,0.003,0.,0.003,0.002,0.,0.002,0.,0.,0.,0.,0.,0.,0.,0.,0.,0.,0.,0.,0.,0.,0.,0.,0.,0.
212,0.002,0.,0.002,0.003,0.,0.003,0.002,0.,0.002,0.003,0.,0.003,0.002,0.,0.002,0.003,0.,0.003,0.002,0.,0.002,0.,0.,0.,0.,0.,0.,0.,0.,0.,0.,0.,0.,0.,0.,0.,0.,0.,0.
216,0.002,0.,0.002,0.003,0.,0.003,0.002,0.,0.002,0.003,0.,0.003,0.002,0.,0.002,0.003,0.,0.003,0.002,0.,0.002,0.,0.,0.,0.,0.,0.,0.,0.,0.,0.,0.,0.,0.,0.,0.,0.,0.,0.
220,0.002,0.,0.002,0.003,0.,0.003,0.002,0.,0.002,0.003,0.,0.003,0.002,0.,0.002,0.003,0.,0.003,0.002,0.,0.002,0.,0.,0.,0.,0.,0.,0.,0.,0.,0.,0.,0.,0.,0.,0.,0.,0.,0.
224,0.002,0.,0.002,0.004,0.,0.004,0.002,0.,0.002,0.004,0.,0.004,0.002,0.,0.002,0.004,0.,0.004,0.002,0.,0.002,0.,0.,0.,0.,0.,0.,0.,0.,0.,0.,0.,0.,0.,0.,0.,0.,0.,0.
228,0.002,0.,0.002,0.004,0.,0.004,0.002,0.,0.002,0.004,0.,0.004,0.002,0.,0.002,0.004,0.,0.004,0.002,0.,0.002,0.,0.,0.,0.,0.,0.,0.,0.,0.,0.,0.,0.,0.,0.,0.,0.,0.,0.
232,0.003,0.,0.003,0.004,0.,0.004,0.002,0.,0.002,0.004,0.,0.004,0.002,0.,0.002,0.004,0.,0.004,0.002,0.,0.002,0.,0.,0.,0.,0.,0.,0.,0.,0.,0.,0.,0.,0.,0.,0.,0.,0.,0.
236,0.002,0.,0.002,0.004,0.,0.004,0.002,0.,0.002,0.004,0.,0.004,0.002,0.,0.002,0.004,0.,0.004,0.002,0.,0.002,0.,0.,0.,0.,0.,0.,0.,0.,0.,0.,0.,0.,0.,0.,0.,0.,0.,0.
240,0.002,0.,0.002,0.004,0.,0.004,0.002,0.,0.002,0.004,0.,0.004,0.002,0.,0.002,0.005,0.,0.005,0.002,0.,0.002,0.,0.,0.,0.,0.,0.,0.,0.,0.,0.,0.,0.,0.,0.,0.,0.,0.,0.
244,0.002,0.,0.002,0.004,0.,0.004,0.002,0.,0.002,0.004,0.,0.004,0.002,0.,0.002,0.004,0.,0.004,0.002,0.,0.002,0.,0.,0.,0.,0.,0.,0.,0.,0.,0.,0.,0.,0.,0.,0.,0.,0.,0.
248,0.003,0.,0.003,0.004,0.,0.004,0.003,0.,0.003,0.004,0.,0.004,0.003,0.,0.003,0.004,0.,0.004,0.003,0.,0.003,0.,0.,0.,0.,0.,0.,0.,0.,0.,0.,0.,0.,0.,0.,0.,0.,0.,0.
250,0.003,0.,0.003,0.005,0.,0.005,0.003,0.,0.003,0.004,0.,0.004,0.003,0.,0.003,0.005,0.,0.005,0.003,0.,0.003,0.,0.,0.,0.,0.,0.,0.,0.,0.,0.,0.,0.,0.,0.,0.,0.,0.,0.
252,0.003,0.,0.003,0.005,0.,0.005,0.003,0.,0.003,0.005,0.,0.005,0.003,0.,0.003,0.005,0.,0.005,0.003,0.,0.003,0.,0.,0.,0.,0.,0.,0.,0.,0.,0.,0.,0.,0.,0.,0.,0.,0.,0.
256,0.003,0.,0.003,0.005,0.,0.005,0.003,0.,0.003,0.005,0.,0.005,0.003,0.,0.003,0.005,0.,0.005,0.003,0.,0.003,0.,0.,0.,0.,0.,0.,0.,0.,0.,0.,0.,0.,0.,0.,0.,0.,0.,0.
260,0.003,0.,0.003,0.005,0.,0.005,0.003,0.,0.003,0.005,0.,0.005,0.003,0.,0.003,0.005,0.,0.005,0.003,0.,0.003,0.,0.,0.,0.,0.,0.,0.,0.,0.,0.,0.,0.,0.,0.,0.,0.,0.,0.
264,0.003,0.,0.003,0.005,0.,0.005,0.003,0.,0.003,0.005,0.,0.005,0.003,0.,0.003,0.005,0.,0.005,0.003,0.,0.003,0.,0.,0.,0.,0.,0.,0.,0.,0.,0.,0.,0.,0.,0.,0.,0.,0.,0.
268,0.003,0.,0.003,0.005,0.,0.005,0.003,0.,0.003,0.005,0.,0.005,0.003,0.,0.003,0.005,0.,0.005,0.003,0.,0.003,0.,0.,0.,0.,0.,0.,0.,0.,0.,0.,0.,0.,0.,0.,0.,0.,0.,0.
272,0.003,0.,0.003,0.006,0.,0.006,0.003,0.,0.003,0.005,0.,0.005,0.003,0.,0.003,0.005,0.,0.005,0.003,0.,0.003,0.,0.,0.,0.,0.,0.,0.,0.,0.,0.,0.,0.,0.,0.,0.,0.,0.,0.
276,0.003,0.,0.003,0.005,0.,0.005,0.003,0.,0.003,0.005,0.,0.005,0.003,0.,0.003,0.005,0.,0.005,0.003,0.,0.003,0.,0.,0.,0.,0.,0.,0.,0.,0.,0.,0.,0.,0.,0.,0.,0.,0.,0.
280,0.003,0.,0.003,0.006,0.,0.006,0.003,0.,0.003,0.005,0.,0.005,0.003,0.,0.003,0.006,0.,0.006,0.003,0.,0.003,0.,0.,0.,0.,0.,0.,0.,0.,0.,0.,0.,0.,0.,0.,0.,0.,0.,0.
284,0.003,0.,0.003,0.006,0.,0.006,0.003,0.,0.003,0.006,0.,0.006,0.003,0.,0.003,0.005,0.,0.005,0.003,0.,0.003,0.,0.,0.,0.,0.,0.,0.,0.,0.,0.,0.,0.,0.,0.,0.,0.,0.,0.
288,0.003,0.,0.003,0.006,0.,0.006,0.003,0.,0.003,0.006,0.,0.006,0.003,0.,0.003,0.006,0.,0.006,0.003,0.,0.003,0.,0.,0.,0.,0.,0.,0.,0.,0.,0.,0.,0.,0.,0.,0.,0.,0.,0.
292,0.003,0.,0.003,0.006,0.,0.006,0.003,0.,0.003,0.006,0.,0.006,0.004,0.,0.004,0.006,0.,0.006,0.003,0.,0.003,0.,0.,0.,0.,0.,0.,0.,0.,0.,0.,0.,0.,0.,0.,0.,0.,0.,0.
296,0.003,0.,0.003,0.006,0.,0.006,0.003,0.,0.003,0.006,0.,0.006,0.003,0.,0.003,0.006,0.,0.006,0.003,0.,0.003,0.,0.,0.,0.,0.,0.,0.,0.,0.,0.,0.,0.,0.,0.,0.,0.,0.,0.
300,0.004,0.,0.004,0.006,0.,0.006,0.004,0.,0.004,0.006,0.,0.006,0.004,0.,0.004,0.007,0.,0.007,0.004,0.,0.004,0.,0.,0.,0.,0.,0.,0.,0.,0.,0.,0.,0.,0.,0.,0.,0.,0.,0.
304,0.004,0.,0.004,0.007,0.,0.007,0.004,0.,0.004,0.006,0.,0.006,0.004,0.,0.004,0.006,0.,0.006,0.004,0.,0.004,0.,0.,0.,0.,0.,0.,0.,0.,0.,0.,0.,0.,0.,0.,0.,0.,0.,0.
308,0.004,0.,0.004,0.006,0.,0.006,0.004,0.,0.004,0.006,0.,0.006,0.004,0.,0.004,0.006,0.,0.006,0.004,0.,0.004,0.,0.,0.,0.,0.,0.,0.,0.,0.,0.,0.,0.,0.,0.,0.,0.,0.,0.
312,0.004,0.,0.004,0.007,0.,0.007,0.004,0.,0.004,0.007,0.,0.007,0.004,0.,0.004,0.006,0.,0.006,0.004,0.,0.004,0.,0.,0.,0.,0.,0.,0.,0.,0.,0.,0.,0.,0.,0.,0.,0.,0.,0.
316,0.004,0.,0.004,0.007,0.,0.007,0.004,0.,0.004,0.007,0.,0.007,0.004,0.,0.004,0.007,0.,0.007,0.004,0.,0.004,0.,0.,0.,0.,0.,0.,0.,0.,0.,0.,0.,0.,0.,0.,0.,0.,0.,0.
320,0.004,0.,0.004,0.007,0.,0.007,0.004,0.,0.004,0.007,0.,0.007,0.004,0.,0.004,0.007,0.,0.007,0.004,0.,0.004,0.,0.,0.,0.,0.,0.,0.,0.,0.,0.,0.,0.,0.,0.,0.,0.,0.,0.
324,0.004,0.,0.004,0.007,0.,0.007,0.004,0.,0.004,0.007,0.,0.007,0.004,0.,0.004,0.007,0.,0.007,0.004,0.,0.004,0.,0.,0.,0.,0.,0.,0.,0.,0.,0.,0.,0.,0.,0.,0.,0.,0.,0.
328,0.004,0.,0.004,0.007,0.,0.007,0.004,0.,0.004,0.007,0.,0.007,0.004,0.,0.004,0.008,0.,0.008,0.004,0.,0.004,0.,0.,0.,0.,0.,0.,0.,0.,0.,0.,0.,0.,0.,0.,0.,0.,0.,0.
332,0.004,0.,0.004,0.007,0.,0.007,0.004,0.,0.004,0.007,0.,0.007,0.004,0.,0.004,0.007,0.,0.007,0.004,0.,0.004,0.,0.,0.,0.,0.,0.,0.,0.,0.,0.,0.,0.,0.,0.,0.,0.,0.,0.
336,0.004,0.,0.004,0.007,0.,0.007,0.004,0.,0.004,0.007,0.,0.007,0.004,0.,0.004,0.008,0.,0.008,0.004,0.,0.004,0.,0.,0.,0.,0.,0.,0.,0.,0.,0.,0.,0.,0.,0.,0.,0.,0.,0.
340,0.004,0.,0.004,0.007,0.,0.007,0.004,0.,0.004,0.007,0.,0.007,0.004,0.,0.004,0.007,0.,0.007,0.004,0.,0.004,0.,0.,0.,0.,0.,0.,0.,0.,0.,0.,0.,0.,0.,0.,0.,0.,0.,0.
344,0.004,0.,0.004,0.008,0.,0.008,0.004,0.,0.004,0.008,0.,0.008,0.004,0.,0.004,0.007,0.,0.007,0.004,0.,0.004,0.,0.,0.,0.,0.,0.,0.,0.,0.,0.,0.,0.,0.,0.,0.,0.,0.,0.
348,0.004,0.,0.004,0.008,0.,0.008,0.005,0.,0.005,0.008,0.,0.008,0.004,0.,0.004,0.008,0.,0.008,0.004,0.,0.004,0.,0.,0.,0.,0.,0.,0.,0.,0.,0.,0.,0.,0.,0.,0.,0.,0.,0.
350,0.005,0.,0.005,0.008,0.,0.008,0.005,0.,0.005,0.008,0.,0.008,0.005,0.,0.005,0.008,0.,0.008,0.005,0.,0.005,0.,0.,0.,0.,0.,0.,0.,0.,0.,0.,0.,0.,0.,0.,0.,0.,0.,0.
352,0.005,0.,0.005,0.008,0.,0.008,0.004,0.,0.004,0.008,0.,0.008,0.005,0.,0.005,0.008,0.,0.008,0.005,0.,0.005,0.,0.,0.,0.,0.,0.,0.,0.,0.,0.,0.,0.,0.,0.,0.,0.,0.,0.
356,0.005,0.,0.005,0.008,0.,0.008,0.005,0.,0.005,0.008,0.,0.008,0.005,0.,0.005,0.008,0.,0.008,0.005,0.,0.005,0.,0.,0.,0.,0.,0.,0.,0.,0.,0.,0.,0.,0.,0.,0.,0.,0.,0.
360,0.005,0.,0.005,0.009,0.,0.009,0.005,0.,0.005,0.008,0.,0.008,0.005,0.,0.005,0.008,0.,0.008,0.005,0.,0.005,0.,0.,0.,0.,0.,0.,0.,0.,0.,0.,0.,0.,0.,0.,0.,0.,0.,0.
364,0.005,0.,0.005,0.008,0.,0.008,0.005,0.,0.005,0.009,0.,0.009,0.005,0.,0.005,0.009,0.,0.009,0.005,0.,0.005,0.,0.,0.,0.,0.,0.,0.,0.,0.,0.,0.,0.,0.,0.,0.,0.,0.,0.
368,0.005,0.,0.005,0.009,0.,0.009,0.005,0.,0.005,0.008,0.,0.008,0.005,0.,0.005,0.009,0.,0.009,0.006,0.,0.006,0.,0.,0.,0.,0.,0.,0.,0.,0.,0.,0.,0.,0.,0.,0.,0.,0.,0.
372,0.005,0.,0.005,0.009,0.,0.009,0.005,0.,0.005,0.009,0.,0.009,0.005,0.,0.005,0.009,0.,0.009,0.005,0.,0.005,0.,0.,0.,0.,0.,0.,0.,0.,0.,0.,0.,0.,0.,0.,0.,0.,0.,0.
376,0.005,0.,0.005,0.009,0.,0.009,0.006,0.,0.006,0.009,0.,0.009,0.006,0.,0.006,0.009,0.,0.009,0.006,0.,0.006,0.,0.,0.,0.,0.,0.,0.,0.,0.,0.,0.,0.,0.,0.,0.,0.,0.,0.
380,0.005,0.,0.005,0.01,0.,0.01,0.005,0.,0.005,0.009,0.,0.009,0.006,0.,0.006,0.009,0.,0.009,0.005,0.,0.005,0.,0.,0.,0.,0.,0.,0.,0.,0.,0.,0.,0.,0.,0.,0.,0.,0.,0.
384,0.005,0.,0.005,0.009,0.,0.009,0.005,0.,0.005,0.009,0.,0.009,0.006,0.,0.006,0.009,0.,0.009,0.005,0.,0.005,0.,0.,0.,0.,0.,0.,0.,0.,0.,0.,0.,0.,0.,0.,0.,0.,0.,0.
388,0.005,0.,0.005,0.01,0.,0.01,0.006,0.,0.006,0.01,0.,0.01,0.005,0.,0.005,0.01,0.,0.01,0.006,0.,0.006,0.,0.,0.,0.,0.,0.,0.,0.,0.,0.,0.,0.,0.,0.,0.,0.,0.,0.
392,0.006,0.,0.006,0.01,0.,0.01,0.006,0.,0.006,0.01,0.,0.01,0.006,0.,0.006,0.01,0.,0.01,0.006,0.,0.006,0.,0.,0.,0.,0.,0.,0.,0.,0.,0.,0.,0.,0.,0.,0.,0.,0.,0.
396,0.006,0.001,0.005,0.01,0.,0.01,0.006,0.,0.006,0.01,0.,0.01,0.006,0.,0.006,0.01,0.,0.01,0.006,0.,0.006,0.,0.,0.,0.,0.,0.,0.,0.,0.,0.,0.,0.,0.,0.,0.,0.,0.,0.
400,0.006,0.,0.006,0.011,0.,0.011,0.006,0.,0.006,0.01,0.,0.01,0.006,0.,0.006,0.01,0.,0.01,0.006,0.,0.006,0.,0.,0.,0.,0.,0.,0.,0.,0.,0.,0.,0.,0.,0.,0.,0.,0.,0.
404,0.006,0.,0.006,0.011,0.,0.011,0.006,0.,0.006,0.01,0.,0.01,0.006,0.,0.006,0.01,0.,0.01,0.006,0.,0.006,0.,0.,0.,0.,0.,0.,0.,0.,0.,0.,0.,0.,0.,0.,0.,0.,0.,0.
408,0.007,0.,0.007,0.011,0.,0.011,0.006,0.,0.006,0.01,0.,0.01,0.006,0.,0.006,0.011,0.,0.011,0.006,0.,0.006,0.,0.,0.,0.,0.,0.,0.,0.,0.,0.,0.,0.,0.,0.,0.,0.,0.,0.
412,0.006,0.,0.006,0.01,0.,0.01,0.006,0.,0.006,0.011,0.,0.011,0.006,0.,0.006,0.01,0.,0.01,0.006,0.,0.006,0.,0.,0.,0.,0.,0.,0.,0.,0.,0.,0.,0.,0.,0.,0.,0.,0.,0.
416,0.006,0.,0.006,0.011,0.,0.011,0.006,0.,0.006,0.01,0.,0.01,0.006,0.,0.006,0.011,0.,0.011,0.006,0.,0.006,0.,0.,0.,0.,0.,0.,0.,0.,0.,0.,0.,0.,0.,0.,0.,0.,0.,0.
420,0.006,0.,0.006,0.011,0.,0.011,0.006,0.,0.006,0.011,0.,0.011,0.006,0.,0.006,0.011,0.,0.011,0.007,0.,0.007,0.,0.,0.,0.,0.,0.,0.,0.,0.,0.,0.,0.,0.,0.,0.,0.,0.,0.
424,0.006,0.,0.006,0.011,0.,0.011,0.006,0.,0.006,0.011,0.,0.011,0.006,0.,0.006,0.011,0.,0.011,0.006,0.,0.006,0.,0.,0.,0.,0.,0.,0.,0.,0.,0.,0.,0.,0.,0.,0.,0.,0.,0.
428,0.006,0.,0.006,0.011,0.,0.011,0.007,0.,0.007,0.011,0.,0.011,0.006,0.,0.006,0.011,0.,0.011,0.007,0.,0.007,0.,0.,0.,0.,0.,0.,0.,0.,0.,0.,0.,0.,0.,0.,0.,0.,0.,0.
432,0.006,0.,0.006,0.012,0.,0.012,0.006,0.,0.006,0.011,0.,0.011,0.006,0.,0.006,0.011,0.,0.011,0.006,0.,0.006,0.,0.,0.,0.,0.,0.,0.,0.,0.,0.,0.,0.,0.,0.,0.,0.,0.,0.
436,0.006,0.,0.006,0.012,0.,0.012,0.007,0.,0.007,0.011,0.,0.011,0.006,0.,0.006,0.012,0.,0.012,0.007,0.,0.007,0.,0.,0.,0.,0.,0.,0.,0.,0.,0.,0.,0.,0.,0.,0.,0.,0.,0.
440,0.007,0.,0.007,0.012,0.,0.012,0.007,0.,0.007,0.012,0.,0.012,0.007,0.,0.007,0.012,0.,0.012,0.007,0.,0.007,0.,0.,0.,0.,0.,0.,0.,0.,0.,0.,0.,0.,0.,0.,0.,0.,0.,0.
444,0.006,0.,0.006,0.012,0.,0.012,0.007,0.,0.007,0.012,0.,0.012,0.007,0.,0.007,0.012,0.,0.012,0.007,0.,0.007,0.,0.,0.,0.,0.,0.,0.,0.,0.,0.,0.,0.,0.,0.,0.,0.,0.,0.
448,0.007,0.,0.007,0.012,0.,0.012,0.007,0.,0.007,0.012,0.,0.012,0.007,0.,0.007,0.012,0.,0.012,0.007,0.,0.007,0.,0.,0.,0.,0.,0.,0.,0.,0.,0.,0.,0.,0.,0.,0.,0.,0.,0.
452,0.008,0.,0.008,0.013,0.,0.013,0.008,0.,0.008,0.012,0.,0.012,0.008,0.,0.008,0.012,0.,0.012,0.008,0.,0.008,0.,0.,0.,0.,0.,0.,0.,0.,0.,0.,0.,0.,0.,0.,0.,0.,0.,0.
456,0.007,0.,0.007,0.013,0.,0.013,0.007,0.,0.007,0.012,0.,0.012,0.007,0.,0.007,0.012,0.,0.012,0.007,0.,0.007,0.,0.,0.,0.,0.,0.,0.,0.,0.,0.,0.,0.,0.,0.,0.,0.,0.,0.
460,0.007,0.,0.007,0.012,0.,0.012,0.007,0.,0.007,0.013,0.,0.013,0.007,0.,0.007,0.012,0.,0.012,0.007,0.,0.007,0.,0.,0.,0.,0.,0.,0.,0.,0.,0.,0.,0.,0.,0.,0.,0.,0.,0.
464,0.008,0.,0.008,0.013,0.,0.013,0.008,0.,0.008,0.013,0.,0.013,0.007,0.,0.007,0.013,0.,0.013,0.008,0.,0.008,0.,0.,0.,0.,0.,0.,0.,0.,0.,0.,0.,0.,0.,0.,0.,0.,0.,0.
468,0.008,0.,0.008,0.014,0.,0.014,0.007,0.,0.007,0.013,0.,0.013,0.008,0.,0.008,0.013,0.,0.013,0.007,0.,0.007,0.,0.,0.,0.,0.,0.,0.,0.,0.,0.,0.,0.,0.,0.,0.,0.,0.,0.
472,0.008,0.,0.008,0.013,0.,0.013,0.008,0.,0.008,0.013,0.,0.013,0.008,0.,0.008,0.014,0.,0.014,0.008,0.,0.008,0.,0.,0.,0.,0.,0.,0.,0.,0.,0.,0.,0.,0.,0.,0.,0.,0.,0.
476,0.007,0.,0.007,0.013,0.,0.013,0.007,0.,0.007,0.013,0.,0.013,0.007,0.,0.007,0.013,0.,0.013,0.008,0.,0.008,0.,0.,0.,0.,0.,0.,0.,0.,0.,0.,0.,0.,0.,0.,0.,0.,0.,0.
480,0.008,0.,0.008,0.013,0.,0.013,0.008,0.,0.008,0.014,0.,0.014,0.009,0.,0.009,0.013,0.,0.013,0.008,0.,0.008,0.,0.,0.,0.,0.,0.,0.,0.,0.,0.,0.,0.,0.,0.,0.,0.,0.,0.
484,0.008,0.,0.008,0.014,0.,0.014,0.008,0.,0.008,0.014,0.,0.014,0.008,0.,0.008,0.014,0.,0.014,0.008,0.,0.008,0.,0.,0.,0.,0.,0.,0.,0.,0.,0.,0.,0.,0.,0.,0.,0.,0.,0.
488,0.008,0.,0.008,0.014,0.,0.014,0.008,0.,0.008,0.014,0.,0.014,0.008,0.,0.008,0.014,0.,0.014,0.008,0.,0.008,0.,0.,0.,0.,0.,0.,0.,0.,0.,0.,0.,0.,0.,0.,0.,0.,0.,0.
492,0.009,0.,0.009,0.014,0.,0.014,0.008,0.,0.008,0.014,0.,0.014,0.008,0.,0.008,0.014,0.,0.014,0.008,0.,0.008,0.,0.,0.,0.,0.,0.,0.,0.,0.,0.,0.,0.,0.,0.,0.,0.,0.,0.
496,0.008,0.,0.008,0.015,0.,0.015,0.008,0.,0.008,0.014,0.,0.014,0.008,0.,0.008,0.014,0.,0.014,0.008,0.,0.008,0.,0.,0.,0.,0.,0.,0.,0.,0.,0.,0.,0.,0.,0.,0.,0.,0.,0.
500,0.009,0.,0.009,0.015,0.,0.015,0.009,0.,0.009,0.014,0.,0.014,0.009,0.,0.009,0.015,0.,0.015,0.009,0.,0.009,0.,0.,0.,0.,0.,0.,0.,0.,0.,0.,0.,0.,0.,0.,0.,0.,0.,0.
504,0.009,0.,0.009,0.015,0.,0.015,0.009,0.,0.009,0.015,0.,0.015,0.009,0.,0.009,0.015,0.,0.015,0.009,0.,0.009,0.,0.,0.,0.,0.,0.,0.,0.,0.,0.,0.,0.,0.,0.,0.,0.,0.,0.
508,0.008,0.,0.008,0.014,0.,0.014,0.009,0.,0.009,0.014,0.,0.014,0.008,0.,0.008,0.014,0.,0.014,0.009,0.,0.009,0.,0.,0.,0.,0.,0.,0.,0.,0.,0.,0.,0.,0.,0.,0.,0.,0.,0.
512,0.009,0.,0.009,0.016,0.,0.016,0.009,0.,0.009,0.015,0.,0.015,0.008,0.,0.008,0.015,0.,0.015,0.008,0.,0.008,0.,0.,0.,0.,0.,0.,0.,0.,0.,0.,0.,0.,0.,0.,0.,0.,0.,0.
516,0.009,0.,0.009,0.016,0.,0.016,0.009,0.,0.009,0.016,0.,0.016,0.009,0.,0.009,0.016,0.,0.016,0.01,0.,0.01,0.,0.,0.,0.,0.,0.,0.,0.,0.,0.,0.,0.,0.,0.,0.,0.,0.,0.
520,0.01,0.,0.01,0.015,0.,0.015,0.01,0.,0.01,0.016,0.,0.016,0.01,0.,0.01,0.016,0.,0.016,0.01,0.,0.01,0.,0.,0.,0.,0.,0.,0.,0.,0.,0.,0.,0.,0.,0.,0.,0.,0.,0.
524,0.009,0.,0.009,0.017,0.,0.017,0.009,0.,0.009,0.016,0.,0.016,0.009,0.,0.009,0.016,0.,0.016,0.009,0.,0.009,0.,0.,0.,0.,0.,0.,0.,0.,0.,0.,0.,0.,0.,0.,0.,0.,0.,0.
528,0.009,0.,0.009,0.015,0.,0.015,0.009,0.,0.009,0.016,0.,0.016,0.009,0.,0.009,0.016,0.,0.016,0.009,0.,0.009,0.,0.,0.,0.,0.,0.,0.,0.,0.,0.,0.,0.,0.,0.,0.,0.,0.,0.
532,0.009,0.,0.009,0.016,0.,0.016,0.009,0.,0.009,0.017,0.,0.017,0.009,0.,0.009,0.017,0.,0.017,0.009,0.,0.009,0.,0.,0.,0.,0.,0.,0.,0.,0.,0.,0.,0.,0.,0.,0.,0.,0.,0.
536,0.009,0.,0.009,0.017,0.,0.017,0.009,0.,0.009,0.017,0.,0.017,0.009,0.,0.009,0.017,0.,0.017,0.009,0.,0.009,0.,0.,0.,0.,0.,0.,0.,0.,0.,0.,0.,0.,0.,0.,0.,0.,0.,0.
540,0.01,0.,0.01,0.017,0.,0.017,0.01,0.,0.01,0.018,0.,0.018,0.01,0.,0.01,0.018,0.,0.018,0.01,0.,0.01,0.,0.,0.,0.,0.,0.,0.,0.,0.,0.,0.,0.,0.,0.,0.,0.,0.,0.
544,0.011,0.,0.011,0.018,0.,0.018,0.011,0.,0.011,0.018,0.,0.018,0.011,0.,0.011,0.018,0.,0.018,0.011,0.,0.011,0.,0.,0.,0.,0.,0.,0.,0.,0.,0.,0.,0.,0.,0.,0.,0.,0.,0.
548,0.01,0.,0.01,0.019,0.,0.019,0.011,0.,0.011,0.019,0.,0.019,0.01,0.,0.01,0.019,0.,0.019,0.011,0.,0.011,0.,0.,0.,0.,0.,0.,0.,0.,0.,0.,0.,0.,0.,0.,0.,0.,0.,0.
552,0.011,0.,0.011,0.018,0.,0.018,0.011,0.,0.011,0.02,0.,0.02,0.011,0.,0.011,0.019,0.,0.019,0.011,0.,0.011,0.,0.,0.,0.,0.,0.,0.,0.,0.,0.,0.,0.,0.,0.,0.,0.,0.,0.
556,0.011,0.,0.011,0.019,0.,0.019,0.01,0.,0.01,0.018,0.,0.018,0.011,0.,0.011,0.018,0.,0.018,0.011,0.,0.011,0.,0.,0.,0.,0.,0.,0.,0.,0.,0.,0.,0.,0.,0.,0.,0.,0.,0.
560,0.01,0.,0.01,0.018,0.,0.018,0.01,0.,0.01,0.019,0.,0.019,0.01,0.,0.01,0.019,0.,0.019,0.01,0.,0.01,0.,0.,0.,0.,0.,0.,0.,0.,0.,0.,0.,0.,0.,0.,0.,0.,0.,0.
564,0.011,0.,0.011,0.019,0.,0.019,0.012,0.,0.012,0.019,0.,0.019,0.011,0.,0.011,0.019,0.,0.019,0.012,0.,0.012,0.,0.,0.,0.,0.,0.,0.,0.,0.,0.,0.,0.,0.,0.,0.,0.,0.,0.
568,0.011,0.,0.011,0.018,0.,0.018,0.011,0.,0.011,0.019,0.,0.019,0.012,0.,0.012,0.019,0.,0.019,0.011,0.,0.011,0.,0.,0.,0.,0.,0.,0.,0.,0.,0.,0.,0.,0.,0.,0.,0.,0.,0.
572,0.01,0.,0.01,0.019,0.,0.019,0.01,0.,0.01,0.018,0.,0.018,0.01,0.,0.01,0.017,0.,0.017,0.01,0.,0.01,0.,0.,0.,0.,0.,0.,0.,0.,0.,0.,0.,0.,0.,0.,0.,0.,0.,0.
576,0.01,0.,0.01,0.018,0.,0.018,0.011,0.,0.011,0.019,0.,0.019,0.011,0.,0.011,0.018,0.,0.018,0.01,0.,0.01,0.,0.,0.,0.,0.,0.,0.,0.,0.,0.,0.,0.,0.,0.,0.,0.,0.,0.
580,0.01,0.,0.01,0.018,0.,0.018,0.011,0.,0.011,0.018,0.,0.018,0.011,0.,0.011,0.018,0.,0.018,0.011,0.,0.011,0.,0.,0.,0.,0.,0.,0.,0.,0.,0.,0.,0.,0.,0.,0.,0.,0.,0.
584,0.011,0.,0.011,0.017,0.,0.017,0.01,0.,0.01,0.017,0.,0.017,0.011,0.,0.011,0.018,0.,0.018,0.01,0.,0.01,0.,0.,0.,0.,0.,0.,0.,0.,0.,0.,0.,0.,0.,0.,0.,0.,0.,0.
588,0.011,0.,0.011,0.018,0.,0.018,0.01,0.,0.01,0.018,0.,0.018,0.011,0.,0.011,0.018,0.,0.018,0.011,0.,0.011,0.,0.,0.,0.,0.,0.,0.,0.,0.,0.,0.,0.,0.,0.,0.,0.,0.,0.
592,0.011,0.,0.011,0.018,0.,0.018,0.011,0.,0.011,0.018,0.,0.018,0.011,0.,0.011,0.018,0.,0.018,0.011,0.,0.011,0.,0.,0.,0.,0.,0.,0.,0.,0.,0.,0.,0.,0.,0.,0.,0.,0.,0.
596,0.011,0.,0.011,0.018,0.,0.018,0.011,0.,0.011,0.018,0.,0.018,0.012,0.,0.012,0.018,0.,0.018,0.011,0.,0.011,0.,0.,0.,0.,0.,0.,0.,0.,0.,0.,0.,0.,0.,0.,0.,0.,0.,0.
600,0.011,0.,0.011,0.019,0.,0.019,0.011,0.,0.011,0.019,0.,0.019,0.011,0.,0.011,0.018,0.,0.018,0.012,0.,0.012,0.,0.,0.,0.,0.,0.,0.,0.,0.,0.,0.,0.,0.,0.,0.,0.,0.,0.
604,0.011,0.,0.011,0.019,0.,0.019,0.012,0.,0.012,0.019,0.,0.019,0.012,0.,0.012,0.019,0.,0.019,0.011,0.,0.011,0.,0.,0.,0.,0.,0.,0.,0.,0.,0.,0.,0.,0.,0.,0.,0.,0.,0.
608,0.012,0.,0.012,0.019,0.,0.019,0.01,0.,0.01,0.02,0.,0.02,0.012,0.,0.012,0.019,0.,0.019,0.012,0.,0.012,0.,0.,0.,0.,0.,0.,0.,0.,0.,0.,0.,0.,0.,0.,0.,0.,0.,0.
612,0.012,0.,0.012,0.019,0.,0.019,0.01,0.,0.01,0.02,0.,0.02,0.011,0.,0.011,0.019,0.,0.019,0.012,0.,0.012,0.,0.,0.,0.,0.,0.,0.,0.,0.,0.,0.,0.,0.,0.,0.,0.,0.,0.
616,0.012,0.,0.012,0.019,0.,0.019,0.012,0.,0.012,0.019,0.,0.019,0.012,0.,0.012,0.02,0.,0.02,0.012,0.,0.012,0.,0.,0.,0.,0.,0.,0.,0.,0.,0.,0.,0.,0.,0.,0.,0.,0.,0.
620,0.012,0.,0.012,0.019,0.,0.019,0.012,0.,0.012,0.019,0.,0.019,0.012,0.,0.012,0.019,0.,0.019,0.012,0.,0.012,0.,0.,0.,0.,0.,0.,0.,0.,0.,0.,0.,0.,0.,0.,0.,0.,0.,0.
624,0.012,0.,0.012,0.021,0.,0.021,0.012,0.,0.012,0.02,0.,0.02,0.012,0.,0.012,0.021,0.,0.021,0.012,0.,0.012,0.,0.,0.,0.,0.,0.,0.,0.,0.,0.,0.,0.,0.,0.,0.,0.,0.,0.
628,0.014,0.,0.014,0.022,0.,0.022,0.014,0.,0.014,0.021,0.,0.021,0.013,0.,0.013,0.023,0.,0.023,0.013,0.,0.013,0.,0.,0.,0.,0.,0.,0.,0.,0.,0.,0.,0.,0.,0.,0.,0.,0.,0.
632,0.013,0.,0.013,0.023,0.,0.023,0.013,0.,0.013,0.023,0.,0.023,0.013,0.,0.013,0.023,0.,0.023,0.013,0.,0.013,0.,0.,0.,0.,0.,0.,0.,0.,0.,0.,0.,0.,0.,0.,0.,0.,0.,0.
636,0.013,0.,0.013,0.022,0.,0.022,0.015,0.,0.015,0.023,0.,0.023,0.014,0.,0.014,0.022,0.,0.022,0.013,0.,0.013,0.,0.,0.,0.,0.,0.,0.,0.,0.,0.,0.,0.,0.,0.,0.,0.,0.,0.
640,0.014,0.,0.014,0.024,0.,0.024,0.013,0.,0.013,0.024,0.,0.024,0.014,0.,0.014,0.024,0.,0.024,0.014,0.,0.014,0.,0.,0.,0.,0.,0.,0.,0.,0.,0.,0.,0.,0.,0.,0.,0.,0.,0.
644,0.013,0.,0.013,0.024,0.,0.024,0.013,0.,0.013,0.024,0.,0.024,0.014,0.,0.014,0.024,0.,0.024,0.013,0.,0.013,0.,0.,0.,0.,0.,0.,0.,0.,0.,0.,0.,0.,0.,0.,0.,0.,0.,0.
648,0.013,0.,0.013,0.024,0.,0.024,0.013,0.,0.013,0.023,0.,0.023,0.013,0.,0.013,0.023,0.,0.023,0.014,0.,0.014,0.,0.,0.,0.,0.,0.,0.,0.,0.,0.,0.,0.,0.,0.,0.,0.,0.,0.
652,0.013,0.,0.013,0.022,0.,0.022,0.013,0.,0.013,0.023,0.,0.023,0.013,0.,0.013,0.023,0.,0.023,0.014,0.,0.014,0.,0.,0.,0.,0.,0.,0.,0.,0.,0.,0.,0.,0.,0.,0.,0.,0.,0.
656,0.013,0.,0.013,0.023,0.,0.023,0.013,0.,0.013,0.022,0.,0.022,0.013,0.,0.013,0.022,0.,0.022,0.013,0.,0.013,0.,0.,0.,0.,0.,0.,0.,0.,0.,0.,0.,0.,0.,0.,0.,0.,0.,0.
660,0.013,0.,0.013,0.023,0.,0.023,0.013,0.,0.013,0.022,0.,0.022,0.013,0.,0.013,0.021,0.,0.021,0.013,0.,0.013,0.,0.,0.,0.,0.,0.,0.,0.,0.,0.,0.,0.,0.,0.,0.,0.,0.,0.
664,0.013,0.,0.013,0.023,0.,0.023,0.013,0.,0.013,0.022,0.,0.022,0.014,0.,0.014,0.022,0.,0.022,0.013,0.,0.013,0.,0.,0.,0.,0.,0.,0.,0.,0.,0.,0.,0.,0.,0.,0.,0.,0.,0.
668,0.013,0.,0.013,0.023,0.,0.023,0.014,0.,0.014,0.022,0.,0.022,0.014,0.,0.014,0.022,0.,0.022,0.014,0.,0.014,0.,0.,0.,0.,0.,0.,0.,0.,0.,0.,0.,0.,0.,0.,0.,0.,0.,0.
672,0.014,0.,0.014,0.024,0.,0.024,0.013,0.,0.013,0.023,0.,0.023,0.014,0.,0.014,0.023,0.,0.023,0.014,0.,0.014,0.,0.,0.,0.,0.,0.,0.,0.,0.,0.,0.,0.,0.,0.,0.,0.,0.,0.
676,0.013,0.,0.013,0.023,0.,0.023,0.014,0.,0.014,0.022,0.,0.022,0.013,0.,0.013,0.022,0.,0.022,0.013,0.,0.013,0.,0.,0.,0.,0.,0.,0.,0.,0.,0.,0.,0.,0.,0.,0.,0.,0.,0.
680,0.014,0.,0.014,0.024,0.,0.024,0.015,0.,0.015,0.023,0.,0.023,0.014,0.,0.014,0.023,0.,0.023,0.014,0.,0.014,0.,0.,0.,0.,0.,0.,0.,0.,0.,0.,0.,0.,0.,0.,0.,0.,0.,0.
684,0.014,0.,0.014,0.024,0.,0.024,0.014,0.,0.014,0.024,0.,0.024,0.014,0.,0.014,0.023,0.,0.023,0.014,0.,0.014,0.,0.,0.,0.,0.,0.,0.,0.,0.,0.,0.,0.,0.,0.,0.,0.,0.,0.
688,0.014,0.,0.014,0.025,0.,0.025,0.015,0.,0.015,0.023,0.,0.023,0.014,0.,0.014,0.024,0.,0.024,0.014,0.,0.014,0.,0.,0.,0.,0.,0.,0.,0.,0.,0.,0.,0.,0.,0.,0.,0.,0.,0.
692,0.015,0.,0.015,0.023,0.,0.023,0.014,0.,0.014,0.024,0.,0.024,0.014,0.,0.014,0.024,0.,0.024,0.014,0.,0.014,0.,0.,0.,0.,0.,0.,0.,0.,0.,0.,0.,0.,0.,0.,0.,0.,0.,0.
696,0.015,0.,0.015,0.025,0.,0.025,0.014,0.,0.014,0.026,0.,0.026,0.014,0.,0.014,0.026,0.,0.026,0.016,0.,0.016,0.,0.,0.,0.,0.,0.,0.,0.,0.,0.,0.,0.,0.,0.,0.,0.,0.,0.
700,0.014,0.,0.015,0.025,0.,0.025,0.015,0.,0.015,0.025,0.,0.025,0.014,0.,0.014,0.024,0.,0.024,0.015,0.,0.015,0.,0.,0.,0.,0.,0.,0.,0.,0.,0.,0.,0.,0.,0.,0.,0.,0.,0.
704,0.014,0.,0.014,0.025,0.,0.025,0.014,0.,0.014,0.025,0.,0.025,0.015,0.,0.015,0.025,0.,0.025,0.016,0.,0.016,0.,0.,0.,0.,0.,0.,0.,0.,0.,0.,0.,0.,0.,0.,0.,0.,0.,0.
708,0.015,0.,0.015,0.025,0.,0.025,0.015,0.,0.015,0.023,0.,0.023,0.015,0.,0.015,0.023,0.,0.023,0.015,0.,0.015,0.,0.,0.,0.,0.,0.,0.,0.,0.,0.,0.,0.,0.,0.,0.,0.,0.,0.
712,0.015,0.,0.015,0.025,0.,0.025,0.015,0.,0.015,0.024,0.,0.024,0.015,0.,0.015,0.025,0.,0.025,0.017,0.,0.017,0.,0.,0.,0.,0.,0.,0.,0.,0.,0.,0.,0.,0.,0.,0.,0.,0.,0.
716,0.016,0.,0.016,0.026,0.,0.026,0.015,0.,0.015,0.025,0.,0.025,0.015,0.,0.015,0.025,0.,0.025,0.015,0.,0.015,0.,0.,0.,0.,0.,0.,0.,0.,0.,0.,0.,0.,0.,0.,0.,0.,0.,0.
720,0.017,0.,0.017,0.028,0.,0.028,0.017,0.,0.017,0.026,0.,0.026,0.018,0.,0.018,0.026,0.,0.026,0.017,0.,0.017,0.,0.,0.,0.,0.,0.,0.,0.,0.,0.,0.,0.,0.,0.,0.,0.,0.,0.
724,0.016,0.,0.016,0.028,0.,0.028,0.017,0.,0.017,0.027,0.,0.027,0.017,0.,0.017,0.027,0.,0.027,0.016,0.,0.016,0.,0.,0.,0.,0.,0.,0.,0.,0.,0.,0.,0.,0.,0.,0.,0.,0.,0.
728,0.017,0.,0.017,0.027,0.,0.027,0.019,0.,0.019,0.027,0.,0.027,0.018,0.,0.018,0.027,0.,0.027,0.018,0.,0.018,0.,0.,0.,0.,0.,0.,0.,0.,0.,0.,0.,0.,0.,0.,0.,0.,0.,0.
732,0.017,0.,0.017,0.028,0.,0.028,0.018,0.,0.018,0.027,0.,0.027,0.018,0.,0.018,0.027,0.,0.027,0.018,0.,0.018,0.,0.,0.,0.,0.,0.,0.,0.,0.,0.,0.,0.,0.,0.,0.,0.,0.,0.
736,0.018,0.,0.018,0.027,0.,0.027,0.018,0.,0.018,0.027,0.,0.027,0.018,0.,0.018,0.027,0.,0.027,0.018,0.,0.018,0.,0.,0.,0.,0.,0.,0.,0.,0.,0.,0.,0.,0.,0.,0.,0.,0.,0.
740,0.017,0.,0.017,0.027,0.,0.027,0.019,0.,0.019,0.027,0.,0.027,0.018,0.,0.018,0.028,0.,0.028,0.017,0.,0.017,0.,0.,0.,0.,0.,0.,0.,0.,0.,0.,0.,0.,0.,0.,0.,0.,0.,0.
744,0.018,0.,0.018,0.028,0.,0.028,0.019,0.,0.019,0.029,0.,0.029,0.019,0.,0.019,0.028,0.,0.028,0.019,0.,0.019,0.,0.,0.,0.,0.,0.,0.,0.,0.,0.,0.,0.,0.,0.,0.,0.,0.,0.
748,0.019,0.,0.019,0.03,0.,0.03,0.019,0.,0.019,0.029,0.,0.029,0.019,0.,0.019,0.03,0.,0.03,0.019,0.,0.019,0.,0.,0.,0.,0.,0.,0.,0.,0.,0.,0.,0.,0.,0.,0.,0.,0.,0.
752,0.018,0.,0.018,0.028,0.,0.028,0.018,0.,0.018,0.028,0.,0.028,0.019,0.,0.019,0.028,0.,0.028,0.019,0.,0.019,0.,0.,0.,0.,0.,0.,0.,0.,0.,0.,0.,0.,0.,0.,0.,0.,0.,0.
756,0.017,0.,0.017,0.029,0.,0.029,0.019,0.,0.019,0.028,0.,0.028,0.019,0.,0.019,0.028,0.,0.028,0.019,0.,0.019,0.,0.,0.,0.,0.,0.,0.,0.,0.,0.,0.,0.,0.,0.,0.,0.,0.,0.
760,0.018,0.,0.018,0.029,0.,0.029,0.018,0.,0.018,0.029,0.,0.029,0.019,0.,0.019,0.029,0.,0.029,0.019,0.,0.019,0.,0.,0.,0.,0.,0.,0.,0.,0.,0.,0.,0.,0.,0.,0.,0.,0.,0.
764,0.018,0.,0.018,0.028,0.,0.028,0.019,0.,0.019,0.029,0.,0.029,0.02,0.,0.02,0.029,0.,0.029,0.019,0.,0.019,0.,0.,0.,0.,0.,0.,0.,0.,0.,0.,0.,0.,0.,0.,0.,0.,0.,0.
768,0.019,0.,0.019,0.032,0.,0.032,0.019,0.,0.019,0.03,0.,0.03,0.018,0.,0.018,0.033,0.,0.033,0.02,0.,0.02,0.,0.,0.,0.,0.,0.,0.,0.,0.,0.,0.,0.,0.,0.,0.,0.,0.,0.
772,0.02,0.,0.02,0.031,0.,0.031,0.019,0.,0.019,0.031,0.,0.031,0.02,0.,0.02,0.031,0.,0.031,0.02,0.,0.02,0.,0.,0.,0.,0.,0.,0.,0.,0.,0.,0.,0.,0.,0.,0.,0.,0.,0.
776,0.019,0.,0.019,0.031,0.,0.031,0.02,0.,0.02,0.031,0.,0.031,0.02,0.,0.02,0.032,0.,0.032,0.02,0.,0.02,0.,0.,0.,0.,0.,0.,0.,0.,0.,0.,0.,0.,0.,0.,0.,0.,0.,0.
780,0.017,0.,0.017,0.029,0.,0.029,0.017,0.,0.017,0.029,0.,0.029,0.017,0.,0.017,0.029,0.,0.029,0.018,0.,0.018,0.,0.,0.,0.,0.,0.,0.,0.,0.,0.,0.,0.,0.,0.,0.,0.,0.,0.
784,0.018,0.,0.018,0.03,0.,0.03,0.017,0.,0.017,0.03,0.,0.03,0.017,0.,0.017,0.03,0.,0.03,0.018,0.,0.018,0.,0.,0.,0.,0.,0.,0.,0.,0.,0.,0.,0.,0.,0.,0.,0.,0.,0.
788,0.017,0.,0.017,0.03,0.,0.03,0.018,0.,0.018,0.03,0.,0.03,0.018,0.,0.018,0.029,0.,0.029,0.017,0.,0.017,0.,0.,0.,0.,0.,0.,0.,0.,0.,0.,0.,0.,0.,0.,0.,0.,0.,0.
792,0.02,0.,0.02,0.032,0.,0.032,0.02,0.,0.02,0.032,0.,0.032,0.02,0.,0.02,0.032,0.,0.032,0.02,0.,0.02,0.,0.,0.,0.,0.,0.,0.,0.,0.,0.,0.,0.,0.,0.,0.,0.,0.,0.
796,0.02,0.,0.02,0.033,0.,0.033,0.021,0.,0.021,0.032,0.,0.032,0.021,0.,0.021,0.033,0.,0.033,0.021,0.,0.021,0.,0.,0.,0.,0.,0.,0.,0.,0.,0.,0.,0.,0.,0.,0.,0.,0.,0.
800,0.021,0.,0.021,0.033,0.,0.033,0.021,0.,0.021,0.033,0.,0.033,0.021,0.,0.021,0.033,0.,0.033,0.021,0.,0.021,0.,0.,0.,0.,0.,0.,0.,0.,0.,0.,0.,0.,0.,0.,0.,0.,0.,0.
804,0.02,0.,0.02,0.033,0.,0.033,0.021,0.,0.021,0.034,0.,0.034,0.02,0.,0.02,0.034,0.,0.034,0.022,0.,0.022,0.,0.,0.,0.,0.,0.,0.,0.,0.,0.,0.,0.,0.,0.,0.,0.,0.,0.
808,0.02,0.,0.02,0.032,0.,0.032,0.021,0.,0.021,0.031,0.,0.031,0.021,0.,0.021,0.03,0.,0.03,0.02,0.,0.02,0.,0.,0.,0.,0.,0.,0.,0.,0.,0.,0.,0.,0.,0.,0.,0.,0.,0.
812,0.019,0.,0.019,0.032,0.,0.032,0.02,0.,0.02,0.031,0.,0.031,0.02,0.,0.02,0.031,0.,0.031,0.021,0.,0.021,0.,0.,0.,0.,0.,0.,0.,0.,0.,0.,0.,0.,0.,0.,0.,0.,0.,0.
816,0.019,0.,0.019,0.032,0.,0.032,0.021,0.,0.021,0.032,0.,0.032,0.019,0.,0.019,0.032,0.,0.032,0.02,0.,0.02,0.,0.,0.,0.,0.,0.,0.,0.,0.,0.,0.,0.,0.,0.,0.,0.,0.,0.
820,0.021,0.,0.021,0.032,0.,0.032,0.02,0.,0.02,0.032,0.,0.032,0.02,0.,0.02,0.032,0.,0.032,0.019,0.,0.019,0.,0.,0.,0.,0.,0.,0.,0.,0.,0.,0.,0.,0.,0.,0.,0.,0.,0.
824,0.019,0.,0.019,0.032,0.,0.032,0.019,0.,0.019,0.032,0.,0.032,0.019,0.,0.019,0.032,0.,0.032,0.02,0.,0.02,0.,0.,0.,0.,0.,0.,0.,0.,0.,0.,0.,0.,0.,0.,0.,0.,0.,0.
828,0.02,0.,0.02,0.033,0.,0.033,0.019,0.,0.019,0.033,0.,0.033,0.019,0.,0.019,0.033,0.,0.033,0.02,0.,0.02,0.,0.,0.,0.,0.,0.,0.,0.,0.,0.,0.,0.,0.,0.,0.,0.,0.,0.
832,0.022,0.,0.022,0.033,0.,0.033,0.021,0.,0.021,0.034,0.,0.034,0.023,0.,0.023,0.034,0.,0.034,0.023,0.,0.023,0.,0.,0.,0.,0.,0.,0.,0.,0.,0.,0.,0.,0.,0.,0.,0.,0.,0.
836,0.022,0.,0.022,0.034,0.,0.034,0.023,0.,0.023,0.034,0.,0.034,0.023,0.,0.023,0.034,0.,0.034,0.023,0.,0.023,0.,0.,0.,0.,0.,0.,0.,0.,0.,0.,0.,0.,0.,0.,0.,0.,0.,0.
840,0.022,0.,0.022,0.038,0.,0.038,0.023,0.,0.023,0.038,0.,0.038,0.023,0.,0.023,0.037,0.,0.037,0.023,0.,0.023,0.,0.,0.,0.,0.,0.,0.,0.,0.,0.,0.,0.,0.,0.,0.,0.,0.,0.
844,0.023,0.,0.023,0.039,0.,0.039,0.023,0.,0.023,0.039,0.,0.039,0.024,0.,0.024,0.04,0.,0.04,0.022,0.,0.022,0.,0.,0.,0.,0.,0.,0.,0.,0.,0.,0.,0.,0.,0.,0.,0.,0.,0.
848,0.022,0.,0.022,0.038,0.,0.038,0.023,0.,0.023,0.04,0.,0.04,0.024,0.,0.024,0.038,0.,0.038,0.024,0.,0.024,0.,0.,0.,0.,0.,0.,0.,0.,0.,0.,0.,0.,0.,0.,0.,0.,0.,0.
852,0.024,0.,0.024,0.037,0.,0.037,0.024,0.,0.024,0.039,0.,0.039,0.023,0.,0.023,0.04,0.,0.04,0.024,0.,0.024,0.,0.,0.,0.,0.,0.,0.,0.,0.,0.,0.,0.,0.,0.,0.,0.,0.,0.
856,0.024,0.,0.024,0.039,0.,0.039,0.024,0.,0.024,0.04,0.,0.04,0.024,0.,0.024,0.038,0.,0.038,0.024,0.,0.024,0.,0.,0.,0.,0.,0.,0.,0.,0.,0.,0.,0.,0.,0.,0.,0.,0.,0.
860,0.023,0.,0.023,0.041,0.,0.041,0.022,0.,0.022,0.042,0.,0.042,0.024,0.,0.024,0.042,0.,0.042,0.023,0.,0.023,0.,0.,0.,0.,0.,0.,0.,0.,0.,0.,0.,0.,0.,0.,0.,0.,0.,0.
864,0.023,0.,0.023,0.04,0.,0.04,0.023,0.,0.023,0.042,0.,0.042,0.024,0.,0.024,0.042,0.,0.042,0.024,0.,0.024,0.,0.,0.,0.,0.,0.,0.,0.,0.,0.,0.,0.,0.,0.,0.,0.,0.,0.
868,0.023,0.,0.023,0.04,0.,0.04,0.024,0.,0.024,0.038,0.,0.038,0.023,0.,0.023,0.043,0.,0.043,0.024,0.,0.024,0.,0.,0.,0.,0.,0.,0.,0.,0.,0.,0.,0.,0.,0.,0.,0.,0.,0.
872,0.024,0.,0.024,0.042,0.,0.042,0.025,0.,0.025,0.039,0.,0.039,0.025,0.,0.025,0.036,0.,0.036,0.024,0.,0.024,0.,0.,0.,0.,0.,0.,0.,0.,0.,0.,0.,0.,0.,0.,0.,0.,0.,0.
876,0.025,0.,0.025,0.04,0.,0.04,0.025,0.,0.025,0.043,0.,0.043,0.026,0.,0.026,0.041,0.,0.041,0.025,0.,0.025,0.,0.,0.,0.,0.,0.,0.,0.,0.,0.,0.,0.,0.,0.,0.,0.,0.,0.
880,0.025,0.,0.025,0.042,0.,0.042,0.024,0.,0.024,0.041,0.,0.041,0.025,0.,0.025,0.041,0.,0.041,0.025,0.,0.025,0.,0.,0.,0.,0.,0.,0.,0.,0.,0.,0.,0.,0.,0.,0.,0.,0.,0.
884,0.026,0.,0.026,0.038,0.,0.038,0.025,0.,0.025,0.041,0.,0.041,0.024,0.,0.024,0.042,0.,0.042,0.025,0.,0.025,0.,0.,0.,0.,0.,0.,0.,0.,0.,0.,0.,0.,0.,0.,0.,0.,0.,0.
888,0.025,0.,0.025,0.041,0.,0.041,0.025,0.,0.025,0.042,0.,0.042,0.025,0.,0.025,0.045,0.,0.045,0.024,0.,0.024,0.,0.,0.,0.,0.,0.,0.,0.,0.,0.,0.,0.,0.,0.,0.,0.,0.,0.
892,0.025,0.,0.025,0.038,0.,0.038,0.026,0.,0.026,0.041,0.,0.041,0.026,0.,0.025,0.038,0.,0.038,0.025,0.,0.025,0.,0.,0.,0.,0.,0.,0.,0.,0.,0.,0.,0.,0.,0.,0.,0.,0.,0.
896,0.023,0.,0.023,0.041,0.,0.041,0.024,0.,0.024,0.042,0.,0.042,0.022,0.,0.022,0.041,0.,0.041,0.023,0.,0.023,0.,0.,0.,0.,0.,0.,0.,0.,0.,0.,0.,0.,0.,0.,0.,0.,0.,0.
900,0.024,0.,0.024,0.041,0.,0.041,0.024,0.,0.024,0.041,0.,0.041,0.024,0.,0.024,0.042,0.,0.042,0.024,0.,0.024,0.,0.,0.,0.,0.,0.,0.,0.,0.,0.,0.,0.,0.,0.,0.,0.,0.,0.
904,0.026,0.,0.026,0.045,0.,0.045,0.026,0.,0.026,0.045,0.,0.045,0.023,0.,0.023,0.046,0.,0.046,0.026,0.,0.026,0.,0.,0.,0.,0.,0.,0.,0.,0.,0.,0.,0.,0.,0.,0.,0.,0.,0.
908,0.024,0.,0.024,0.04,0.,0.04,0.025,0.,0.025,0.041,0.,0.041,0.023,0.,0.023,0.039,0.,0.039,0.024,0.,0.024,0.,0.,0.,0.,0.,0.,0.,0.,0.,0.,0.,0.,0.,0.,0.,0.,0.,0.
912,0.027,0.,0.027,0.043,0.,0.043,0.026,0.,0.026,0.04,0.,0.04,0.027,0.,0.027,0.038,0.,0.038,0.027,0.,0.027,0.,0.,0.,0.,0.,0.,0.,0.,0.,0.,0.,0.,0.,0.,0.,0.,0.,0.
916,0.024,0.,0.024,0.043,0.,0.043,0.024,0.,0.024,0.041,0.,0.041,0.024,0.,0.024,0.041,0.,0.041,0.025,0.,0.025,0.,0.,0.,0.,0.,0.,0.,0.,0.,0.,0.,0.,0.,0.,0.,0.,0.,0.
920,0.023,0.,0.023,0.041,0.,0.041,0.025,0.,0.025,0.042,0.,0.042,0.023,0.,0.023,0.041,0.,0.041,0.023,0.,0.023,0.,0.,0.,0.,0.,0.,0.,0.,0.,0.,0.,0.,0.,0.,0.,0.,0.,0.
924,0.023,0.,0.023,0.041,0.,0.041,0.025,0.,0.025,0.043,0.,0.043,0.022,0.,0.022,0.044,0.,0.044,0.025,0.,0.025,0.,0.,0.,0.,0.,0.,0.,0.,0.,0.,0.,0.,0.,0.,0.,0.,0.,0.
928,0.024,0.,0.024,0.04,0.,0.04,0.024,0.,0.024,0.044,0.,0.044,0.024,0.,0.024,0.043,0.,0.043,0.025,0.,0.025,0.,0.,0.,0.,0.,0.,0.,0.,0.,0.,0.,0.,0.,0.,0.,0.,0.,0.
932,0.027,0.,0.027,0.042,0.,0.042,0.028,0.,0.028,0.046,0.,0.046,0.028,0.,0.028,0.044,0.,0.044,0.027,0.,0.027,0.,0.,0.,0.,0.,0.,0.,0.,0.,0.,0.,0.,0.,0.,0.,0.,0.,0.
936,0.026,0.,0.026,0.042,0.,0.042,0.027,0.,0.027,0.044,0.,0.044,0.026,0.,0.026,0.041,0.,0.041,0.026,0.,0.026,0.,0.,0.,0.,0.,0.,0.,0.,0.,0.,0.,0.,0.,0.,0.,0.,0.,0.
940,0.025,0.,0.025,0.044,0.,0.044,0.025,0.,0.025,0.043,0.,0.042,0.025,0.,0.025,0.045,0.,0.045,0.025,0.,0.025,0.,0.,0.,0.,0.,0.,0.,0.,0.,0.,0.,0.,0.,0.,0.,0.,0.,0.
944,0.026,0.,0.026,0.041,0.,0.041,0.025,0.,0.025,0.042,0.,0.042,0.024,0.,0.024,0.042,0.,0.042,0.026,0.,0.026,0.,0.,0.,0.,0.,0.,0.,0.,0.,0.,0.,0.,0.,0.,0.,0.,0.,0.
948,0.025,0.,0.025,0.045,0.,0.045,0.025,0.,0.025,0.045,0.,0.045,0.025,0.,0.025,0.047,0.,0.047,0.025,0.,0.025,0.,0.,0.,0.,0.,0.,0.,0.,0.,0.,0.,0.,0.,0.,0.,0.,0.,0.
952,0.026,0.,0.026,0.043,0.,0.043,0.026,0.,0.026,0.047,0.,0.047,0.026,0.,0.026,0.046,0.,0.046,0.026,0.,0.026,0.,0.,0.,0.,0.,0.,0.,0.,0.,0.,0.,0.,0.,0.,0.,0.,0.,0.
956,0.026,0.,0.026,0.047,0.,0.047,0.025,0.,0.025,0.046,0.,0.046,0.025,0.,0.025,0.046,0.,0.046,0.026,0.,0.026,0.,0.,0.,0.,0.,0.,0.,0.,0.,0.,0.,0.,0.,0.,0.,0.,0.,0.
960,0.026,0.,0.026,0.046,0.,0.046,0.025,0.,0.025,0.046,0.,0.046,0.026,0.,0.026,0.047,0.,0.047,0.026,0.,0.026,0.,0.,0.,0.,0.,0.,0.,0.,0.,0.,0.,0.,0.,0.,0.,0.,0.,0.
964,0.025,0.,0.025,0.047,0.,0.047,0.026,0.,0.026,0.047,0.,0.047,0.025,0.,0.025,0.05,0.,0.05,0.026,0.,0.026,0.,0.,0.,0.,0.,0.,0.,0.,0.,0.,0.,0.,0.,0.,0.,0.,0.,0.
968,0.025,0.,0.025,0.047,0.,0.047,0.025,0.,0.025,0.047,0.,0.047,0.025,0.,0.025,0.048,0.,0.048,0.027,0.,0.027,0.,0.,0.,0.,0.,0.,0.,0.,0.,0.,0.,0.,0.,0.,0.,0.,0.,0.
972,0.026,0.,0.026,0.05,0.,0.05,0.027,0.,0.027,0.049,0.,0.049,0.027,0.,0.027,0.046,0.,0.046,0.027,0.,0.027,0.,0.,0.,0.,0.,0.,0.,0.,0.,0.,0.,0.,0.,0.,0.,0.,0.,0.
976,0.026,0.,0.026,0.048,0.,0.048,0.026,0.,0.026,0.048,0.,0.048,0.027,0.,0.027,0.044,0.,0.044,0.026,0.,0.026,0.,0.,0.,0.,0.,0.,0.,0.,0.,0.,0.,0.,0.,0.,0.,0.,0.,0.
980,0.027,0.,0.027,0.048,0.,0.048,0.027,0.,0.027,0.048,0.,0.048,0.027,0.,0.027,0.05,0.,0.05,0.026,0.,0.026,0.,0.,0.,0.,0.,0.,0.,0.,0.,0.,0.,0.,0.,0.,0.,0.,0.,0.
984,0.029,0.,0.029,0.05,0.,0.05,0.03,0.,0.03,0.052,0.,0.052,0.03,0.,0.03,0.051,0.,0.051,0.03,0.,0.03,0.,0.,0.,0.,0.,0.,0.,0.,0.,0.,0.,0.,0.,0.,0.,0.,0.,0.
988,0.029,0.,0.029,0.048,0.,0.048,0.03,0.,0.03,0.052,0.,0.052,0.032,0.,0.032,0.053,0.,0.053,0.032,0.,0.032,0.,0.,0.,0.,0.,0.,0.,0.,0.,0.,0.,0.,0.,0.,0.,0.,0.,0.
992,0.031,0.,0.031,0.051,0.,0.051,0.031,0.,0.031,0.05,0.,0.05,0.031,0.,0.031,0.048,0.,0.048,0.032,0.,0.032,0.,0.,0.,0.,0.,0.,0.,0.,0.,0.,0.,0.,0.,0.,0.,0.,0.,0.
996,0.029,0.,0.029,0.052,0.,0.052,0.031,0.,0.031,0.05,0.,0.05,0.031,0.,0.031,0.051,0.,0.051,0.032,0.,0.032,0.,0.,0.,0.,0.,0.,0.,0.,0.,0.,0.,0.,0.,0.,0.,0.,0.,0.
1000,0.031,0.,0.031,0.05,0.,0.05,0.032,0.,0.032,0.05,0.,0.05,0.032,0.,0.032,0.05,0.,0.05,0.032,0.,0.032,0.,0.,0.,0.,0.,0.,0.,0.,0.,0.,0.,0.,0.,0.,0.,0.,0.,0.
1100,0.038,0.,0.038,0.061,0.,0.061,0.038,0.,0.038,0.061,0.,0.061,0.038,0.,0.038,0.061,0.,0.061,0.038,0.,0.038,0.,0.,0.,0.,0.,0.,0.,0.,0.,0.,0.,0.,0.,0.,0.,0.,0.,0.
1200,0.045,0.,0.045,0.073,0.,0.073,0.042,0.,0.042,0.07,0.,0.07,0.043,0.,0.043,0.071,0.,0.071,0.043,0.,0.043,0.,0.,0.,0.,0.,0.,0.,0.,0.,0.,0.,0.,0.,0.,0.,0.,0.,0.
1300,0.052,0.,0.052,0.086,0.,0.086,0.051,0.,0.051,0.086,0.,0.086,0.047,0.,0.047,0.087,0.,0.087,0.05,0.,0.05,0.,0.,0.,0.,0.,0.,0.,0.,0.,0.,0.,0.,0.,0.,0.,0.,0.,0.
1400,0.05,0.,0.05,0.092,0.,0.092,0.05,0.,0.05,0.092,0.,0.092,0.054,0.,0.054,0.085,0.,0.085,0.05,0.,0.05,0.,0.,0.,0.,0.,0.,0.,0.,0.,0.,0.,0.,0.,0.,0.,0.,0.,0.
1500,0.064,0.,0.064,0.104,0.,0.104,0.059,0.,0.059,0.112,0.,0.112,0.057,0.,0.057,0.12,0.,0.12,0.058,0.,0.058,0.,0.,0.,0.,0.,0.,0.,0.,0.,0.,0.,0.,0.,0.,0.,0.,0.,0.
1600,0.067,0.,0.067,0.128,0.,0.128,0.064,0.,0.064,0.118,0.,0.118,0.068,0.,0.068,0.12,0.,0.12,0.064,0.,0.064,0.,0.,0.,0.,0.,0.,0.,0.,0.,0.,0.,0.,0.,0.,0.,0.,0.,0.
1700,0.073,0.,0.073,0.137,0.002,0.134,0.074,0.,0.074,0.124,0.,0.124,0.071,0.,0.071,0.12,0.,0.12,0.073,0.,0.073,0.,0.,0.,0.,0.,0.,0.,0.,0.,0.,0.,0.,0.,0.,0.,0.,0.,0.
1800,0.091,0.,0.091,0.154,0.,0.154,0.096,0.,0.096,0.151,0.,0.151,0.093,0.,0.093,0.164,0.,0.164,0.094,0.,0.094,0.,0.,0.,0.,0.,0.,0.,0.,0.,0.,0.,0.,0.,0.,0.,0.,0.,0.
1900,0.1,0.,0.1,0.181,0.,0.181,0.106,0.,0.106,0.166,0.,0.166,0.105,0.,0.105,0.171,0.,0.171,0.101,0.,0.101,0.,0.,0.,0.,0.,0.,0.,0.,0.,0.,0.,0.,0.,0.,0.,0.,0.,0.
2000,0.116,0.,0.116,0.192,0.,0.192,0.123,0.,0.123,0.177,0.,0.177,0.12,0.,0.12,0.19,0.,0.19,0.119,0.,0.119,0.,0.,0.,0.,0.,0.,0.,0.,0.,0.,0.,0.,0.,0.,0.,0.,0.,0.
2100,0.11,0.,0.11,0.191,0.,0.191,0.107,0.,0.107,0.208,0.,0.208,0.113,0.,0.113,0.187,0.,0.187,0.115,0.,0.115,0.,0.,0.,0.,0.,0.,0.,0.,0.,0.,0.,0.,0.,0.,0.,0.,0.,0.
2200,0.117,0.,0.117,0.201,0.,0.201,0.121,0.,0.121,0.205,0.,0.205,0.111,0.,0.111,0.204,0.,0.204,0.12,0.,0.12,0.,0.,0.,0.,0.,0.,0.,0.,0.,0.,0.,0.,0.,0.,0.,0.,0.,0.
2300,0.128,0.,0.128,0.221,0.,0.221,0.133,0.,0.133,0.227,0.,0.227,0.134,0.,0.134,0.224,0.,0.224,0.133,0.,0.133,0.,0.,0.,0.,0.,0.,0.,0.,0.,0.,0.,0.,0.,0.,0.,0.,0.,0.
2400,0.138,0.,0.138,0.244,0.,0.244,0.137,0.,0.137,0.241,0.,0.241,0.138,0.,0.138,0.245,0.,0.245,0.128,0.,0.128,0.,0.,0.,0.,0.,0.,0.,0.,0.,0.,0.,0.,0.,0.,0.,0.,0.,0.
2500,0.145,0.,0.145,0.281,0.,0.281,0.149,0.,0.149,0.272,0.,0.272,0.15,0.,0.15,0.269,0.,0.269,0.137,0.,0.137,0.,0.,0.,0.,0.,0.,0.,0.,0.,0.,0.,0.,0.,0.,0.,0.,0.,0.
2600,0.165,0.,0.165,0.306,0.,0.306,0.161,0.003,0.157,0.28,0.,0.28,0.172,0.,0.172,0.297,0.,0.297,0.148,0.,0.148,0.,0.,0.,0.001,0.,0.001,0.,0.,0.,0.,0.,0.,0.,0.,0.,0.,0.,0.
2700,0.176,0.,0.176,0.31,0.,0.31,0.171,0.,0.171,0.318,0.,0.318,0.167,0.,0.167,0.321,0.,0.321,0.174,0.,0.174,0.,0.,0.,0.,0.,0.,0.,0.,0.,0.,0.,0.,0.,0.,0.,0.,0.,0.
2800,0.19,0.,0.19,0.349,0.,0.349,0.169,0.,0.169,0.339,0.,0.339,0.168,0.,0.168,0.352,0.,0.352,0.188,0.,0.188,0.,0.,0.,0.,0.,0.,0.,0.,0.,0.,0.,0.,0.,0.,0.,0.,0.,0.
2900,0.229,0.,0.229,0.375,0.,0.375,0.235,0.,0.235,0.367,0.,0.367,0.224,0.,0.224,0.389,0.,0.389,0.234,0.,0.234,0.001,0.,0.001,0.001,0.,0.001,0.,0.,0.,0.,0.,0.,0.,0.,0.,0.,0.,0.
3000,0.254,0.,0.254,0.397,0.,0.397,0.236,0.,0.236,0.406,0.,0.406,0.244,0.,0.244,0.401,0.,0.401,0.256,0.,0.256,0.001,0.,0.001,0.,0.,0.,0.,0.,0.,0.,0.,0.,0.,0.,0.,0.,0.,0.
3100,0.266,0.,0.266,0.395,0.,0.395,0.274,0.,0.274,0.417,0.,0.417,0.262,0.,0.262,0.414,0.,0.414,0.279,0.,0.279,0.001,0.,0.001,0.001,0.,0.001,0.,0.,0.,0.,0.,0.,0.,0.,0.,0.,0.,0.
3200,0.228,0.,0.228,0.445,0.,0.445,0.232,0.,0.232,0.442,0.,0.442,0.237,0.,0.237,0.434,0.,0.434,0.224,0.,0.224,0.001,0.001,0.,0.001,0.,0.001,0.001,0.001,0.,0.001,0.,0.001,0.,0.,0.,0.001,0.,0.001
3300,0.308,0.,0.308,0.486,0.,0.486,0.289,0.,0.289,0.5,0.,0.5,0.279,0.,0.279,0.506,0.,0.506,0.295,0.,0.295,0.001,0.,0.001,0.001,0.,0.001,0.001,0.,0.001,0.001,0.,0.001,0.001,0.,0.001,0.,0.,0.
3400,0.304,0.,0.304,0.485,0.,0.485,0.316,0.,0.316,0.506,0.,0.506,0.305,0.,0.305,0.507,0.,0.507,0.316,0.,0.316,0.001,0.,0.001,0.001,0.,0.001,0.,0.,0.,0.001,0.,0.001,0.001,0.,0.001,0.,0.,0.
3500,0.31,0.,0.31,0.554,0.,0.554,0.281,0.003,0.277,0.574,0.,0.573,0.298,0.,0.298,0.568,0.,0.568,0.285,0.,0.285,0.001,0.,0.001,0.001,0.,0.001,0.001,0.,0.001,0.001,0.,0.001,0.001,0.,0.001,0.001,0.,0.001
3600,0.308,0.,0.308,0.562,0.,0.562,0.323,0.,0.323,0.536,0.,0.536,0.324,0.,0.324,0.572,0.,0.572,0.344,0.,0.344,0.001,0.,0.001,0.001,0.,0.001,0.001,0.,0.001,0.001,0.,0.001,0.001,0.,0.001,0.001,0.,0.001
3700,0.311,0.,0.311,0.609,0.,0.609,0.327,0.,0.327,0.577,0.,0.577,0.35,0.,0.35,0.605,0.,0.605,0.332,0.,0.332,0.001,0.,0.001,0.001,0.,0.001,0.001,0.,0.001,0.001,0.,0.001,0.001,0.,0.001,0.001,0.,0.001
3800,0.347,0.,0.346,0.621,0.,0.621,0.355,0.,0.355,0.632,0.,0.632,0.381,0.,0.381,0.639,0.,0.639,0.336,0.,0.336,0.001,0.,0.001,0.001,0.,0.001,0.001,0.,0.001,0.001,0.,0.001,0.001,0.,0.001,0.001,0.,0.001
3900,0.403,0.,0.403,0.719,0.,0.719,0.438,0.,0.438,0.667,0.,0.667,0.422,0.,0.422,0.697,0.,0.697,0.424,0.,0.424,0.001,0.,0.001,0.001,0.,0.001,0.001,0.,0.001,0.001,0.,0.001,0.001,0.,0.001,0.001,0.,0.001
4000,0.439,0.,0.439,0.754,0.,0.754,0.415,0.,0.415,0.75,0.,0.75,0.408,0.,0.408,0.763,0.,0.763,0.405,0.,0.405,0.001,0.,0.001,0.001,0.,0.001,0.001,0.,0.001,0.001,0.,0.001,0.001,0.,0.001,0.001,0.,0.001
4100,0.443,0.,0.443,0.729,0.,0.729,0.43,0.,0.43,0.726,0.,0.726,0.481,0.,0.481,0.775,0.,0.775,0.473,0.,0.473,0.001,0.,0.001,0.001,0.,0.001,0.001,0.,0.001,0.001,0.,0.001,0.001,0.,0.001,0.001,0.,0.001
4200,0.456,0.,0.456,0.809,0.,0.809,0.45,0.,0.45,0.807,0.,0.807,0.474,0.,0.474,0.805,0.,0.805,0.434,0.,0.434,0.001,0.,0.001,0.001,0.,0.001,0.001,0.,0.001,0.001,0.,0.001,0.001,0.,0.001,0.001,0.,0.001
4300,0.457,0.,0.457,0.838,0.,0.838,0.44,0.,0.44,0.824,0.,0.824,0.452,0.,0.452,0.849,0.,0.849,0.452,0.,0.452,0.001,0.,0.001,0.001,0.,0.001,0.001,0.,0.001,0.001,0.,0.001,0.001,0.,0.001,0.001,0.,0.001
4400,0.442,0.,0.442,0.864,0.,0.864,0.502,0.,0.502,0.856,0.,0.856,0.453,0.,0.453,0.867,0.,0.867,0.455,0.,0.455,0.001,0.,0.001,0.001,0.,0.001,0.001,0.,0.001,0.001,0.,0.001,0.001,0.,0.001,0.001,0.,0.001
4500,0.529,0.,0.529,0.903,0.,0.903,0.489,0.,0.489,0.903,0.,0.903,0.508,0.,0.508,0.896,0.,0.896,0.483,0.,0.483,0.001,0.,0.001,0.001,0.,0.001,0.001,0.,0.001,0.001,0.,0.001,0.001,0.,0.001,0.001,0.,0.001
4600,0.536,0.,0.536,0.96,0.,0.96,0.561,0.,0.561,0.962,0.,0.962,0.563,0.,0.563,0.982,0.,0.982,0.545,0.,0.545,0.001,0.,0.001,0.001,0.,0.001,0.001,0.,0.001,0.001,0.,0.001,0.001,0.,0.001,0.001,0.,0.001
4700,0.617,0.,0.617,1.016,0.,1.016,0.538,0.,0.538,1.007,0.,1.007,0.541,0.,0.541,0.991,0.,0.991,0.559,0.,0.559,0.001,0.,0.001,0.001,0.,0.001,0.001,0.,0.001,0.001,0.,0.001,0.001,0.,0.001,0.001,0.,0.001
4800,0.54,0.,0.54,1.014,0.,1.014,0.572,0.,0.572,1.016,0.,1.016,0.527,0.,0.527,1.028,0.,1.028,0.587,0.,0.587,0.001,0.,0.001,0.001,0.,0.001,0.001,0.,0.001,0.001,0.,0.001,0.001,0.,0.001,0.001,0.,0.001
4900,0.635,0.,0.635,1.101,0.,1.101,0.661,0.,0.661,1.109,0.,1.109,0.654,0.,0.654,1.086,0.003,1.082,0.543,0.,0.543,0.002,0.,0.002,0.001,0.,0.001,0.001,0.,0.001,0.001,0.,0.001,0.001,0.,0.001,0.001,0.,0.001
5000,0.626,0.,0.626,1.067,0.,1.067,0.639,0.,0.639,1.071,0.,1.07,0.689,0.,0.688,1.113,0.,1.113,0.612,0.,0.612,0.001,0.,0.001,0.001,0.,0.001,0.001,0.,0.001,0.001,0.,0.001,0.001,0.,0.001,0.001,0.,0.001
5500,0.785,0.,0.785,1.487,0.,1.487,0.73,0.,0.73,1.317,0.,1.317,0.797,0.,0.797,1.392,0.,1.392,0.775,0.,0.775,0.001,0.,0.001,0.002,0.,0.002,0.001,0.,0.001,0.001,0.,0.001,0.001,0.,0.001,0.001,0.,0.001
6000,0.882,0.,0.882,1.507,0.,1.507,0.856,0.,0.856,1.572,0.,1.572,0.92,0.,0.92,1.612,0.,1.612,0.887,0.,0.887,0.002,0.,0.002,0.002,0.,0.002,0.001,0.,0.001,0.001,0.,0.001,0.001,0.,0.001,0.001,0.,0.001
6500,1.108,0.,1.108,1.99,0.,1.99,1.018,0.,1.018,1.795,0.,1.795,1.075,0.,1.075,1.834,0.,1.834,0.962,0.003,0.958,0.002,0.,0.002,0.002,0.,0.002,0.002,0.,0.002,0.002,0.,0.002,0.002,0.,0.002,0.002,0.,0.002
7000,1.086,0.,1.086,2.099,0.,2.099,1.165,0.,1.165,2.239,0.,2.239,1.167,0.,1.167,2.151,0.,2.151,1.201,0.,1.201,0.002,0.,0.002,0.002,0.,0.002,0.002,0.,0.002,0.002,0.,0.002,0.002,0.,0.002,0.002,0.,0.002
7500,1.304,0.,1.304,2.463,0.,2.463,1.326,0.,1.326,2.459,0.,2.459,1.274,0.,1.274,2.412,0.,2.412,1.385,0.,1.385,0.002,0.,0.002,0.002,0.,0.002,0.002,0.,0.002,0.002,0.,0.002,0.002,0.,0.002,0.002,0.,0.002
8000,1.597,0.,1.596,2.734,0.,2.734,1.585,0.,1.585,2.707,0.,2.707,1.524,0.,1.524,2.782,0.,2.782,1.628,0.,1.628,0.002,0.,0.002,0.002,0.,0.002,0.002,0.,0.002,0.002,0.,0.002,0.002,0.,0.002,0.002,0.,0.002
8500,1.798,0.,1.798,3.269,0.,3.268,1.736,0.,1.736,3.345,0.,3.344,1.678,0.,1.678,3.131,0.,3.131,1.757,0.,1.757,0.002,0.,0.002,0.003,0.,0.003,0.002,0.,0.002,0.002,0.,0.002,0.002,0.,0.002,0.002,0.,0.002
9000,2.002,0.,2.002,3.124,0.,3.124,2.062,0.,2.062,3.331,0.,3.33,2.115,0.,2.115,3.452,0.,3.452,2.124,0.,2.124,0.003,0.,0.003,0.003,0.,0.003,0.002,0.,0.002,0.003,0.,0.003,0.003,0.,0.003,0.003,0.,0.003
9500,2.076,0.,2.076,3.923,0.,3.923,2.236,0.,2.236,3.828,0.,3.828,2.1,0.,2.1,3.841,0.,3.841,2.155,0.,2.155,0.003,0.,0.003,0.003,0.,0.003,0.002,0.,0.002,0.002,0.,0.002,0.003,0.,0.003,0.002,0.,0.002
10000,2.157,0.,2.157,4.402,0.,4.402,2.225,0.,2.225,4.382,0.,4.381,2.315,0.,2.314,4.166,0.,4.166,2.378,0.,2.377,0.003,0.,0.003,0.003,0.,0.003,0.002,0.,0.002,0.003,0.,0.003,0.003,0.,0.003,0.003,0.,0.003