param-n,abstract-regression-quadratic-real,abstract-regression-quadratic-sys,abstract-regression-quadratic-user,close-abstract-regression-quadratic-real,close-abstract-regression-quadratic-sys,close-abstract-regression-quadratic-user,ssr-rewrite!-regression-quadratic-real,ssr-rewrite!-regression-quadratic-sys,ssr-rewrite!-regression-quadratic-user,ssr-rewrite?-noop-regression-linear-real,ssr-rewrite?-noop-regression-linear-sys,ssr-rewrite?-noop-regression-linear-user
1,0.,0.,0.,0.,0.,0.,0.,0.,0.,0.,0.,0.
2,0.,0.,0.,0.,0.,0.,0.,0.,0.,0.,0.,0.
3,0.,0.,0.,0.,0.,0.,0.,0.,0.,0.,0.,0.
4,0.001,0.,0.,0.,0.,0.,0.,0.,0.,0.,0.,0.
5,0.001,0.,0.,0.,0.,0.,0.,0.,0.,0.,0.,0.
6,0.001,0.001,0.,0.,0.,0.,0.,0.,0.,0.,0.,0.
7,0.001,0.001,0.,0.,0.,0.,0.,0.,0.,0.,0.,0.
8,0.002,0.,0.002,0.,0.,0.,0.001,0.,0.001,0.,0.,0.
9,0.002,0.,0.002,0.001,0.,0.001,0.001,0.,0.001,0.,0.,0.
10,0.002,0.,0.002,0.001,0.,0.001,0.001,0.,0.001,0.,0.,0.
11,0.003,0.,0.003,0.001,0.,0.001,0.001,0.,0.001,0.,0.,0.
12,0.003,0.,0.003,0.001,0.,0.001,0.001,0.,0.001,0.,0.,0.
13,0.004,0.002,0.001,0.001,0.,0.001,0.002,0.002,0.,0.,0.,0.
14,0.043,0.004,0.039,0.001,0.,0.001,0.041,0.004,0.037,0.,0.,0.
15,0.004,0.,0.004,0.001,0.,0.001,0.002,0.,0.001,0.,0.,0.
16,0.004,0.,0.004,0.002,0.,0.002,0.002,0.,0.002,0.,0.,0.
17,0.005,0.,0.005,0.002,0.,0.002,0.002,0.,0.002,0.,0.,0.
18,0.005,0.,0.005,0.002,0.,0.002,0.002,0.,0.002,0.,0.,0.
19,0.006,0.,0.006,0.002,0.,0.002,0.003,0.,0.003,0.,0.,0.
20,0.006,0.,0.006,0.003,0.,0.003,0.003,0.,0.003,0.,0.,0.
21,0.007,0.,0.007,0.003,0.,0.003,0.003,0.,0.003,0.,0.,0.
22,0.009,0.,0.009,0.003,0.,0.003,0.005,0.,0.005,0.,0.,0.
23,0.008,0.,0.008,0.004,0.,0.004,0.004,0.,0.004,0.,0.,0.
24,0.009,0.,0.009,0.004,0.,0.004,0.004,0.,0.004,0.,0.,0.
25,0.01,0.,0.01,0.004,0.,0.004,0.004,0.,0.004,0.,0.,0.
26,0.013,0.,0.013,0.007,0.,0.007,0.005,0.,0.005,0.,0.,0.
27,0.011,0.,0.011,0.005,0.,0.005,0.005,0.,0.005,0.,0.,0.
28,0.012,0.,0.012,0.006,0.,0.006,0.005,0.,0.005,0.,0.,0.
29,0.013,0.,0.013,0.006,0.,0.006,0.006,0.,0.006,0.,0.,0.
30,0.019,0.,0.019,0.011,0.,0.011,0.008,0.,0.008,0.,0.,0.
31,0.026,0.,0.026,0.014,0.,0.014,0.012,0.,0.012,0.,0.,0.
32,0.024,0.,0.024,0.01,0.,0.01,0.012,0.,0.012,0.,0.,0.
33,0.021,0.,0.021,0.008,0.,0.008,0.012,0.,0.012,0.,0.,0.
34,0.017,0.,0.017,0.009,0.,0.009,0.008,0.,0.008,0.,0.,0.
35,0.019,0.,0.019,0.01,0.,0.01,0.008,0.,0.008,0.,0.,0.
36,0.019,0.,0.019,0.01,0.,0.01,0.008,0.,0.008,0.,0.,0.
37,0.02,0.,0.02,0.01,0.,0.01,0.009,0.,0.009,0.,0.,0.
38,0.024,0.,0.024,0.011,0.,0.011,0.012,0.,0.012,0.,0.,0.
39,0.022,0.,0.022,0.011,0.,0.011,0.01,0.,0.01,0.,0.,0.
40,0.024,0.,0.024,0.012,0.,0.012,0.011,0.,0.011,0.,0.,0.
41,0.026,0.,0.026,0.015,0.,0.015,0.011,0.,0.011,0.,0.,0.
42,0.025,0.,0.025,0.013,0.,0.013,0.011,0.,0.011,0.,0.,0.
43,0.028,0.,0.028,0.015,0.,0.015,0.012,0.,0.012,0.,0.,0.
44,0.027,0.,0.027,0.014,0.,0.014,0.012,0.,0.012,0.,0.,0.
45,0.032,0.,0.032,0.015,0.,0.015,0.015,0.,0.015,0.,0.,0.
46,0.031,0.,0.031,0.017,0.,0.017,0.013,0.,0.013,0.,0.,0.
47,0.031,0.,0.031,0.016,0.,0.016,0.014,0.,0.014,0.,0.,0.
48,0.035,0.,0.035,0.017,0.,0.017,0.017,0.,0.017,0.,0.,0.
49,0.035,0.,0.035,0.018,0.,0.018,0.016,0.,0.016,0.,0.,0.
50,0.075,0.011,0.063,0.055,0.007,0.047,0.019,0.003,0.015,0.,0.,0.
51,0.039,0.,0.039,0.022,0.,0.022,0.016,0.,0.016,0.,0.,0.
52,0.039,0.,0.039,0.022,0.,0.022,0.016,0.,0.016,0.,0.,0.
53,0.043,0.,0.043,0.025,0.,0.025,0.017,0.,0.017,0.,0.,0.
54,0.041,0.,0.041,0.022,0.,0.022,0.018,0.,0.018,0.,0.,0.
55,0.043,0.,0.043,0.024,0.,0.024,0.018,0.,0.018,0.,0.,0.
56,0.044,0.,0.044,0.024,0.,0.024,0.019,0.,0.019,0.,0.,0.
57,0.046,0.,0.046,0.025,0.,0.025,0.02,0.,0.02,0.,0.,0.
58,0.048,0.003,0.044,0.026,0.003,0.023,0.02,0.,0.02,0.,0.,0.
59,0.05,0.,0.05,0.028,0.,0.028,0.021,0.,0.021,0.,0.,0.
60,0.051,0.,0.051,0.028,0.,0.028,0.022,0.,0.022,0.,0.,0.
61,0.055,0.,0.055,0.031,0.,0.031,0.023,0.,0.023,0.,0.,0.
62,0.054,0.,0.054,0.029,0.,0.029,0.025,0.,0.025,0.,0.,0.
63,0.059,0.,0.059,0.031,0.,0.031,0.027,0.,0.027,0.,0.,0.
64,0.059,0.,0.059,0.033,0.,0.033,0.024,0.,0.024,0.,0.,0.
65,0.06,0.,0.06,0.031,0.,0.031,0.027,0.,0.027,0.,0.,0.
66,0.065,0.,0.065,0.034,0.,0.034,0.031,0.,0.031,0.,0.,0.
67,0.064,0.,0.064,0.036,0.,0.036,0.027,0.,0.027,0.,0.,0.
68,0.069,0.,0.069,0.038,0.,0.038,0.029,0.,0.029,0.,0.,0.
69,0.068,0.,0.068,0.038,0.,0.038,0.028,0.,0.028,0.,0.,0.
70,0.072,0.,0.072,0.037,0.,0.037,0.033,0.,0.033,0.,0.,0.
71,0.069,0.,0.069,0.039,0.,0.039,0.03,0.,0.03,0.,0.,0.
72,0.074,0.,0.074,0.041,0.,0.041,0.032,0.,0.032,0.,0.,0.
73,0.075,0.,0.075,0.04,0.,0.04,0.034,0.,0.034,0.,0.,0.
74,0.084,0.,0.084,0.043,0.,0.043,0.04,0.,0.04,0.,0.,0.
75,0.084,0.,0.084,0.044,0.,0.044,0.039,0.,0.039,0.,0.,0.
76,0.084,0.,0.084,0.045,0.,0.045,0.038,0.,0.038,0.,0.,0.
77,0.084,0.,0.084,0.045,0.,0.045,0.037,0.,0.037,0.,0.,0.
78,0.084,0.,0.084,0.048,0.,0.048,0.035,0.,0.035,0.,0.,0.
79,0.085,0.,0.085,0.047,0.,0.047,0.036,0.,0.036,0.,0.,0.
80,0.088,0.,0.088,0.049,0.,0.049,0.038,0.,0.038,0.,0.,0.
81,0.1,0.,0.1,0.058,0.,0.058,0.04,0.,0.04,0.,0.,0.
82,0.097,0.,0.097,0.057,0.,0.057,0.039,0.,0.039,0.,0.,0.
83,0.095,0.,0.095,0.053,0.,0.053,0.041,0.,0.041,0.,0.,0.
84,0.101,0.,0.101,0.056,0.,0.056,0.043,0.,0.043,0.,0.,0.
85,0.1,0.,0.1,0.056,0.,0.056,0.042,0.,0.042,0.,0.,0.
86,0.102,0.,0.102,0.057,0.,0.057,0.044,0.,0.044,0.,0.,0.
87,0.103,0.003,0.099,0.055,0.,0.055,0.047,0.003,0.043,0.,0.,0.
88,0.105,0.,0.105,0.057,0.,0.057,0.046,0.,0.046,0.,0.,0.
89,0.109,0.,0.109,0.06,0.,0.06,0.047,0.,0.047,0.,0.,0.
90,0.111,0.,0.111,0.061,0.,0.061,0.048,0.,0.048,0.,0.,0.
91,0.113,0.,0.113,0.063,0.,0.063,0.048,0.,0.048,0.,0.,0.
92,0.116,0.,0.116,0.064,0.,0.064,0.05,0.,0.05,0.,0.,0.
93,0.12,0.,0.12,0.067,0.,0.067,0.052,0.,0.052,0.,0.,0.
94,0.121,0.003,0.117,0.067,0.003,0.064,0.052,0.,0.052,0.,0.,0.
95,0.122,0.,0.122,0.068,0.,0.068,0.053,0.,0.053,0.,0.,0.
96,0.124,0.,0.124,0.069,0.,0.069,0.053,0.,0.053,0.,0.,0.
97,0.128,0.003,0.124,0.07,0.003,0.066,0.056,0.,0.056,0.,0.,0.
98,0.139,0.,0.139,0.078,0.,0.078,0.06,0.,0.06,0.,0.,0.
99,0.141,0.,0.141,0.078,0.,0.078,0.062,0.,0.062,0.,0.,0.
100,0.14,0.,0.14,0.08,0.,0.08,0.059,0.,0.059,0.,0.,0.
110,0.19,0.,0.19,0.103,0.,0.103,0.086,0.,0.086,0.,0.,0.
120,0.215,0.003,0.211,0.121,0.003,0.117,0.093,0.,0.093,0.,0.,0.
130,0.257,0.,0.256,0.152,0.,0.152,0.103,0.,0.103,0.,0.,0.
140,0.284,0.,0.284,0.166,0.,0.166,0.116,0.,0.116,0.,0.,0.
150,0.34,0.,0.34,0.194,0.,0.194,0.145,0.,0.145,0.,0.,0.
160,0.345,0.,0.345,0.195,0.,0.195,0.149,0.,0.149,0.,0.,0.
170,0.389,0.,0.389,0.223,0.,0.223,0.164,0.,0.164,0.,0.,0.
180,0.443,0.,0.443,0.254,0.,0.254,0.187,0.,0.187,0.,0.,0.
190,0.487,0.,0.487,0.28,0.,0.28,0.206,0.,0.206,0.,0.,0.
200,0.571,0.,0.571,0.327,0.,0.327,0.243,0.,0.243,0.,0.,0.
210,0.653,0.003,0.648,0.374,0.,0.374,0.277,0.003,0.272,0.,0.,0.
220,0.683,0.,0.683,0.377,0.,0.377,0.304,0.,0.304,0.,0.,0.
230,0.706,0.,0.706,0.405,0.,0.405,0.3,0.,0.3,0.,0.,0.
240,0.777,0.,0.777,0.441,0.,0.441,0.335,0.,0.335,0.,0.,0.
250,0.818,0.007,0.81,0.466,0.,0.466,0.35,0.007,0.342,0.,0.,0.
260,0.986,0.,0.986,0.566,0.,0.566,0.419,0.,0.419,0.,0.,0.
270,0.99,0.,0.99,0.558,0.,0.558,0.431,0.,0.431,0.,0.,0.
280,1.066,0.,1.066,0.617,0.,0.617,0.448,0.,0.448,0.,0.,0.
290,1.214,0.,1.214,0.691,0.,0.691,0.522,0.,0.522,0.,0.,0.
300,1.261,0.,1.261,0.724,0.,0.724,0.536,0.,0.536,0.,0.,0.
310,1.292,0.,1.292,0.733,0.,0.733,0.558,0.,0.558,0.,0.,0.
320,1.475,0.,1.475,0.864,0.,0.864,0.609,0.,0.609,0.,0.,0.
330,1.461,0.,1.461,0.823,0.,0.823,0.637,0.,0.637,0.,0.,0.
340,1.621,0.,1.621,0.949,0.,0.949,0.67,0.,0.67,0.,0.,0.
350,1.651,0.003,1.648,0.955,0.003,0.951,0.695,0.,0.696,0.,0.,0.
360,1.738,0.,1.738,0.981,0.,0.981,0.755,0.,0.755,0.,0.,0.
370,1.931,0.,1.931,1.101,0.,1.101,0.828,0.,0.828,0.,0.,0.
380,1.952,0.,1.952,1.12,0.,1.12,0.829,0.,0.829,0.,0.,0.
390,2.114,0.,2.114,1.153,0.,1.153,0.959,0.,0.959,0.,0.,0.
400,2.213,0.003,2.209,1.218,0.003,1.214,0.994,0.,0.994,0.,0.,0.