param-n,abstract-regression-linear-real,abstract-regression-linear-sys,abstract-regression-linear-user,reify-regression-cubic-real,reify-regression-cubic-sys,reify-regression-cubic-user
1,0.,0.,0.,0.003,0.,0.003
2,0.,0.,0.,0.005,0.,0.004
3,0.,0.,0.,0.007,0.,0.007
4,0.001,0.,0.,0.008,0.004,0.004
5,0.,0.,0.,0.011,0.007,0.003
6,0.001,0.,0.001,0.013,0.,0.013
7,0.,0.,0.,0.065,0.027,0.038
8,0.,0.,0.,0.013,0.,0.012
9,0.,0.,0.,0.016,0.,0.016
10,0.,0.,0.,0.018,0.,0.018
11,0.001,0.,0.001,0.02,0.,0.02
12,0.001,0.,0.001,0.027,0.,0.027
13,0.001,0.,0.001,0.026,0.003,0.023
14,0.001,0.,0.001,0.029,0.,0.029
15,0.001,0.,0.001,0.037,0.,0.037
16,0.001,0.,0.001,0.035,0.,0.035
17,0.001,0.,0.001,0.043,0.,0.043
18,0.001,0.,0.001,0.045,0.,0.045
19,0.001,0.,0.001,0.055,0.,0.055
20,0.001,0.,0.001,0.057,0.,0.057
21,0.001,0.,0.001,0.068,0.,0.068
22,0.001,0.,0.001,0.065,0.,0.065
23,0.001,0.,0.001,0.07,0.,0.07
24,0.001,0.,0.001,0.077,0.,0.077
25,0.001,0.,0.001,0.082,0.,0.082
26,0.002,0.,0.002,0.092,0.,0.092
27,0.001,0.,0.001,0.093,0.,0.093
28,0.001,0.,0.001,0.113,0.,0.113
29,0.002,0.,0.002,0.117,0.,0.117
30,0.002,0.,0.001,0.112,0.003,0.109
31,0.002,0.,0.002,0.132,0.,0.132
32,0.002,0.,0.002,0.146,0.,0.146
33,0.002,0.,0.002,0.142,0.,0.142
34,0.002,0.,0.002,0.161,0.,0.161
35,0.002,0.,0.002,0.166,0.,0.166
36,0.002,0.,0.002,0.178,0.,0.178
37,0.002,0.,0.002,0.188,0.,0.188
38,0.002,0.,0.002,0.192,0.,0.192
39,0.002,0.,0.002,0.189,0.,0.189
40,0.002,0.,0.002,0.214,0.,0.214
41,0.002,0.,0.002,0.212,0.,0.212
42,0.002,0.,0.002,0.236,0.,0.236
43,0.006,0.,0.006,0.237,0.003,0.233
44,0.002,0.,0.002,0.245,0.,0.245
45,0.002,0.,0.002,0.264,0.,0.264
46,0.002,0.,0.002,0.281,0.003,0.277
47,0.002,0.,0.002,0.288,0.,0.288
48,0.002,0.,0.002,0.306,0.007,0.298
49,0.003,0.,0.003,0.339,0.003,0.335
50,0.002,0.,0.002,0.358,0.003,0.354
51,0.003,0.,0.003,0.368,0.,0.368
52,0.003,0.,0.003,0.389,0.012,0.377
53,0.003,0.,0.003,0.374,0.,0.374
54,0.003,0.,0.003,0.392,0.007,0.384
55,0.003,0.,0.003,0.411,0.,0.41
56,0.003,0.,0.003,0.426,0.,0.426
57,0.003,0.,0.003,0.447,0.,0.447
58,0.003,0.,0.003,0.443,0.,0.443
59,0.003,0.,0.003,0.476,0.,0.475
60,0.003,0.,0.003,0.517,0.,0.517
61,0.003,0.,0.003,0.519,0.,0.519
62,0.003,0.,0.003,0.539,0.,0.539
63,0.003,0.,0.003,0.535,0.,0.535
64,0.003,0.,0.003,0.558,0.,0.558
65,0.003,0.,0.003,0.587,0.,0.587
66,0.003,0.,0.003,0.591,0.,0.59
67,0.003,0.,0.003,0.629,0.,0.628
68,0.004,0.,0.004,0.652,0.,0.651
69,0.003,0.,0.003,0.708,0.,0.708
70,0.004,0.,0.004,0.723,0.,0.723
71,0.004,0.,0.004,0.713,0.,0.713
72,0.004,0.,0.004,0.736,0.,0.736
73,0.004,0.,0.004,0.76,0.,0.759
74,0.004,0.,0.004,0.771,0.,0.771
75,0.004,0.,0.004,0.806,0.,0.802
76,0.007,0.,0.007,0.877,0.,0.877
77,0.004,0.,0.004,0.898,0.,0.897
78,0.004,0.,0.004,0.893,0.,0.893
79,0.004,0.,0.004,0.913,0.,0.913
80,0.004,0.,0.004,0.917,0.,0.917
81,0.004,0.,0.004,0.972,0.,0.972
82,0.004,0.,0.004,0.997,0.,0.997
83,0.005,0.,0.005,1.074,0.,1.074
84,0.004,0.,0.004,1.069,0.,1.069
85,0.004,0.,0.004,1.07,0.,1.07
86,0.004,0.,0.004,1.116,0.,1.116
87,0.005,0.,0.005,1.156,0.,1.155
88,0.005,0.,0.005,1.235,0.,1.235
89,0.005,0.,0.005,1.273,0.003,1.269
90,0.005,0.,0.005,1.25,0.,1.25
91,0.005,0.,0.005,1.282,0.,1.282
92,0.005,0.,0.005,1.369,0.,1.369
93,0.005,0.,0.005,1.43,0.,1.429
94,0.005,0.,0.005,1.395,0.,1.395
95,0.005,0.,0.005,1.452,0.,1.451
96,0.005,0.,0.005,1.503,0.,1.503
97,0.005,0.,0.005,1.589,0.,1.589
98,0.005,0.,0.005,1.561,0.,1.56
99,0.005,0.,0.005,1.6,0.,1.6
100,0.005,0.,0.005,1.736,0.003,1.731
110,0.006,0.,0.005,2.233,0.043,2.19
120,0.006,0.,0.006,2.696,0.,2.696
130,0.007,0.,0.007,3.222,0.015,3.206
140,0.007,0.,0.007,3.915,0.007,3.907
150,0.007,0.,0.007,4.641,0.,4.64
160,0.008,0.,0.008,5.785,0.015,5.767
170,0.008,0.,0.008,6.435,0.,6.435
180,0.009,0.,0.009,7.601,0.027,7.572
190,0.009,0.,0.009,8.622,0.,8.619
200,0.01,0.,0.01,9.858,0.003,9.853
210,0.01,0.,0.01,11.384,0.003,11.378
220,0.011,0.,0.011,12.642,0.008,12.632
230,0.01,0.,0.01,14.476,0.,14.472
240,0.011,0.,0.011,16.474,0.003,16.465
250,0.012,0.,0.012,18.401,0.,18.398
260,0.012,0.,0.012,20.562,0.011,20.547
270,0.013,0.,0.012,23.062,0.035,23.021
280,0.014,0.,0.014,25.708,0.,25.704
290,0.015,0.,0.015,27.942,0.004,27.931
300,0.015,0.,0.015,30.907,0.004,30.899
350,0.017,0.,0.017,48.398,0.055,48.335
400,0.02,0.,0.02,71.773,0.091,71.67
450,0.033,0.,0.033,101.497,0.052,101.425
500,0.025,0.,0.025,138.401,0.111,138.268