param-n,pattern-regression-linear-real,pattern-regression-linear-sys,pattern-regression-linear-user
1,0.,0.,0.
2,0.,0.,0.
3,0.,0.,0.
4,0.,0.,0.
5,0.,0.,0.
6,0.,0.,0.
7,0.001,0.,0.001
8,0.,0.,0.
9,0.,0.,0.
10,0.,0.,0.
11,0.,0.,0.
12,0.,0.,0.
13,0.001,0.,0.001
14,0.,0.,0.
15,0.,0.,0.
16,0.,0.,0.
17,0.,0.,0.
18,0.,0.,0.
19,0.,0.,0.
20,0.,0.,0.
21,0.,0.,0.
22,0.,0.,0.
23,0.,0.,0.
24,0.,0.,0.
25,0.,0.,0.
26,0.,0.,0.
27,0.,0.,0.
28,0.,0.,0.
29,0.,0.,0.
30,0.,0.,0.
31,0.,0.,0.
32,0.,0.,0.
33,0.,0.,0.
34,0.001,0.,0.001
35,0.,0.,0.
36,0.,0.,0.
37,0.,0.,0.
38,0.,0.,0.
39,0.,0.,0.
40,0.001,0.,0.001
41,0.001,0.,0.001
42,0.001,0.,0.001
43,0.001,0.,0.001
44,0.001,0.,0.001
45,0.001,0.,0.001
46,0.001,0.,0.001
47,0.001,0.,0.001
48,0.001,0.,0.001
49,0.001,0.,0.001
50,0.001,0.,0.001
51,0.001,0.,0.001
52,0.001,0.,0.001
53,0.001,0.,0.001
54,0.001,0.,0.001
55,0.001,0.,0.001
56,0.001,0.,0.001
57,0.003,0.,0.003
58,0.001,0.,0.001
59,0.001,0.,0.001
60,0.001,0.,0.001
61,0.001,0.,0.001
62,0.001,0.,0.001
63,0.001,0.,0.001
64,0.001,0.,0.001
65,0.001,0.,0.001
66,0.001,0.,0.001
67,0.001,0.,0.001
68,0.001,0.,0.001
69,0.001,0.,0.001
70,0.001,0.,0.001
71,0.001,0.,0.001
72,0.001,0.,0.001
73,0.001,0.,0.001
74,0.001,0.,0.001
75,0.001,0.,0.001
76,0.001,0.,0.001
77,0.001,0.,0.001
78,0.002,0.,0.002
79,0.001,0.,0.001
80,0.001,0.,0.001
81,0.001,0.,0.001
82,0.001,0.,0.001
83,0.002,0.,0.002
84,0.001,0.,0.001
85,0.001,0.,0.001
86,0.003,0.,0.003
87,0.003,0.,0.003
88,0.002,0.,0.002
89,0.003,0.,0.003
90,0.002,0.,0.002
91,0.004,0.,0.004
92,0.002,0.,0.002
93,0.003,0.,0.003
94,0.002,0.,0.002
95,0.003,0.,0.003
96,0.003,0.,0.003
97,0.002,0.,0.002
98,0.003,0.,0.003
99,0.002,0.,0.002
100,0.002,0.,0.002
101,0.002,0.,0.002
102,0.002,0.,0.002
103,0.002,0.,0.002
104,0.002,0.,0.002
105,0.002,0.,0.002
106,0.002,0.,0.002
107,0.002,0.,0.002
108,0.002,0.,0.002
109,0.002,0.,0.002
110,0.002,0.,0.002
111,0.003,0.,0.003
112,0.002,0.,0.002
113,0.032,0.,0.032
114,0.002,0.,0.002
115,0.002,0.,0.002
116,0.002,0.,0.002
117,0.002,0.,0.002
118,0.002,0.,0.002
119,0.003,0.,0.003
120,0.002,0.,0.002
121,0.002,0.,0.002
122,0.002,0.,0.002
123,0.003,0.,0.003
124,0.002,0.,0.002
125,0.002,0.,0.002
126,0.002,0.,0.002
127,0.003,0.,0.003
128,0.002,0.,0.002
129,0.002,0.,0.002
130,0.003,0.,0.003
131,0.002,0.,0.002
132,0.002,0.,0.002
133,0.002,0.,0.002
134,0.002,0.,0.002
135,0.002,0.,0.002
136,0.002,0.,0.002
137,0.002,0.,0.002
138,0.003,0.,0.003
139,0.002,0.,0.002
140,0.002,0.,0.002
141,0.002,0.,0.002
142,0.002,0.,0.002
143,0.003,0.,0.003
144,0.003,0.,0.003
145,0.002,0.,0.002
146,0.003,0.,0.003
147,0.002,0.,0.002
148,0.003,0.,0.003
149,0.003,0.,0.003
150,0.003,0.,0.003
151,0.003,0.,0.003
152,0.003,0.,0.003
153,0.003,0.,0.003
154,0.002,0.,0.002
155,0.003,0.,0.003
156,0.003,0.,0.003
157,0.003,0.,0.003
158,0.003,0.,0.003
159,0.003,0.,0.003
160,0.003,0.,0.003
161,0.003,0.,0.003
162,0.005,0.,0.005
163,0.003,0.,0.003
164,0.003,0.,0.003
165,0.003,0.,0.003
166,0.003,0.,0.003
167,0.003,0.,0.003
168,0.003,0.,0.003
169,0.003,0.,0.003
170,0.003,0.,0.003
171,0.003,0.,0.003
172,0.003,0.,0.003
173,0.004,0.,0.004
174,0.003,0.,0.003
175,0.003,0.,0.003
176,0.003,0.,0.003
177,0.003,0.,0.003
178,0.003,0.,0.003
179,0.003,0.,0.003
180,0.003,0.,0.003
181,0.003,0.,0.003
182,0.005,0.,0.005
183,0.003,0.,0.003
184,0.003,0.,0.003
185,0.003,0.,0.003
186,0.004,0.,0.004
187,0.003,0.,0.003
188,0.004,0.,0.004
189,0.003,0.,0.003
190,0.003,0.,0.003
191,0.004,0.,0.004
192,0.007,0.,0.007
193,0.005,0.,0.005
194,0.004,0.,0.004
195,0.003,0.,0.003
196,0.004,0.,0.004
197,0.003,0.,0.003
198,0.004,0.,0.004
199,0.003,0.,0.003
200,0.003,0.,0.003
201,0.005,0.,0.005
202,0.003,0.,0.003
203,0.004,0.,0.004
204,0.003,0.,0.003
205,0.004,0.,0.004
206,0.004,0.,0.004
207,0.004,0.,0.004
208,0.006,0.,0.006
209,0.104,0.,0.104
210,0.005,0.,0.005
211,0.004,0.,0.004
212,0.005,0.,0.005
213,0.006,0.,0.006
214,0.005,0.,0.005
215,0.005,0.,0.005
216,0.005,0.,0.005
217,0.007,0.,0.007
218,0.005,0.,0.005
219,0.005,0.,0.005
220,0.006,0.,0.006
221,0.005,0.,0.005
222,0.005,0.,0.005
223,0.007,0.,0.007
224,0.005,0.,0.005
225,0.034,0.,0.034
226,0.005,0.,0.005
227,0.005,0.,0.005
228,0.005,0.,0.005
229,0.004,0.,0.004
230,0.004,0.,0.004
231,0.004,0.,0.004
232,0.004,0.,0.004
233,0.006,0.,0.006
234,0.005,0.,0.005
235,0.004,0.,0.004
236,0.004,0.,0.004
237,0.004,0.,0.004
238,0.004,0.,0.004
239,0.004,0.,0.004
240,0.004,0.,0.004
241,0.004,0.,0.004
242,0.004,0.,0.004
243,0.004,0.,0.004
244,0.011,0.,0.011
245,0.004,0.,0.004
246,0.005,0.,0.005
247,0.005,0.,0.005
248,0.005,0.,0.005
249,0.005,0.,0.005
250,0.005,0.,0.005
251,0.005,0.,0.005
252,0.004,0.,0.004
253,0.004,0.,0.004
254,0.004,0.,0.004
255,0.009,0.,0.009
256,0.004,0.,0.004
257,0.005,0.,0.005
258,0.005,0.,0.005
259,0.005,0.,0.005
260,0.004,0.,0.004
261,0.004,0.,0.004
262,0.005,0.,0.005
263,0.005,0.,0.005
264,0.005,0.,0.005
265,0.004,0.,0.004
266,0.004,0.,0.004
267,0.004,0.,0.004
268,0.005,0.,0.005
269,0.005,0.,0.005
270,0.005,0.,0.005
271,0.005,0.,0.005
272,0.005,0.,0.005
273,0.005,0.,0.005
274,0.006,0.,0.006
275,0.006,0.,0.006
276,0.005,0.,0.005
277,0.006,0.,0.006
278,0.005,0.,0.005
279,0.006,0.,0.006
280,0.006,0.,0.006
281,0.006,0.,0.006
282,0.005,0.,0.005
283,0.005,0.,0.005
284,0.005,0.,0.005
285,0.005,0.,0.005
286,0.006,0.,0.006
287,0.008,0.,0.008
288,0.005,0.,0.005
289,0.005,0.,0.005
290,0.005,0.,0.005
291,0.005,0.,0.005
292,0.005,0.,0.005
293,0.006,0.,0.006
294,0.006,0.,0.006
295,0.006,0.,0.006
296,0.005,0.,0.005
297,0.005,0.,0.005
298,0.005,0.,0.005
299,0.006,0.,0.006
300,0.005,0.,0.005
301,0.006,0.,0.006
302,0.006,0.,0.006
303,0.006,0.,0.006
304,0.006,0.,0.006
305,0.007,0.,0.007
306,0.006,0.,0.006
307,0.005,0.,0.005
308,0.006,0.,0.006
309,0.006,0.,0.006
310,0.006,0.,0.006
311,0.007,0.,0.007
312,0.006,0.,0.006
313,0.007,0.,0.007
314,0.006,0.,0.006
315,0.006,0.,0.006
316,0.006,0.,0.006
317,0.007,0.,0.007
318,0.007,0.,0.007
319,0.006,0.,0.006
320,0.007,0.,0.007
321,0.006,0.,0.006
322,0.008,0.,0.008
323,0.006,0.,0.006
324,0.006,0.,0.006
325,0.008,0.,0.008
326,0.006,0.,0.006
327,0.006,0.,0.006
328,0.007,0.,0.007
329,0.006,0.,0.006
330,0.006,0.,0.006
331,0.007,0.,0.007
332,0.006,0.,0.006
333,0.007,0.,0.007
334,0.007,0.,0.007
335,0.006,0.,0.006
336,0.007,0.,0.007
337,0.007,0.,0.007
338,0.006,0.,0.006
339,0.006,0.,0.006
340,0.008,0.,0.008
341,0.006,0.,0.006
342,0.006,0.,0.006
343,0.006,0.,0.006
344,0.007,0.,0.007
345,0.007,0.,0.007
346,0.006,0.,0.006
347,0.007,0.,0.007
348,0.007,0.,0.007
349,0.008,0.,0.008
350,0.007,0.,0.007
351,0.006,0.,0.006
352,0.007,0.,0.007
353,0.006,0.,0.006
354,0.008,0.,0.008
355,0.007,0.,0.007
356,0.006,0.,0.006
357,0.006,0.,0.006
358,0.006,0.,0.006
359,0.007,0.,0.007
360,0.008,0.,0.008
361,0.008,0.,0.008
362,0.007,0.,0.007
363,0.007,0.,0.007
364,0.008,0.,0.008
365,0.006,0.,0.006
366,0.007,0.,0.007
367,0.006,0.,0.006
368,0.006,0.,0.006
369,0.008,0.,0.008
370,0.006,0.,0.006
371,0.012,0.,0.012
372,0.007,0.,0.007
373,0.007,0.,0.007
374,0.008,0.,0.008
375,0.007,0.,0.007
376,0.007,0.,0.007
377,0.006,0.,0.006
378,0.006,0.,0.006
379,0.006,0.,0.006
380,0.007,0.,0.007
381,0.006,0.,0.006
382,0.008,0.,0.008
383,0.008,0.,0.008
384,0.006,0.,0.006
385,0.008,0.,0.007
386,0.007,0.,0.007
387,0.007,0.,0.007
388,0.008,0.,0.008
389,0.006,0.,0.006
390,0.007,0.,0.007
391,0.007,0.,0.007
392,0.008,0.,0.008
393,0.009,0.,0.009
394,0.007,0.,0.007
395,0.007,0.,0.007
396,0.007,0.,0.007
397,0.008,0.,0.008
398,0.007,0.,0.007
399,0.007,0.,0.007
400,0.008,0.,0.008
401,0.007,0.,0.007
402,0.008,0.,0.008
403,0.009,0.,0.009
404,0.007,0.,0.007
405,0.007,0.,0.007
406,0.009,0.,0.009
407,0.008,0.,0.008
408,0.008,0.,0.008
409,0.008,0.,0.008
410,0.008,0.,0.008
411,0.008,0.,0.008
412,0.008,0.,0.008
413,0.01,0.,0.01
414,0.007,0.,0.007
415,0.008,0.,0.008
416,0.008,0.,0.008
417,0.008,0.,0.008
418,0.008,0.,0.008
419,0.008,0.,0.008
420,0.007,0.,0.007
421,0.007,0.,0.007
422,0.007,0.,0.007
423,0.007,0.,0.007
424,0.007,0.,0.007
425,0.008,0.,0.008
426,0.008,0.,0.008
427,0.009,0.,0.009
428,0.01,0.003,0.006
429,0.007,0.,0.007
430,0.008,0.,0.008
431,0.007,0.,0.007
432,0.01,0.,0.01
433,0.008,0.,0.008
434,0.009,0.,0.009
435,0.007,0.,0.007
436,0.009,0.002,0.006
437,0.008,0.,0.008
438,0.01,0.,0.01
439,0.008,0.,0.008
440,0.009,0.,0.009
441,0.009,0.,0.009
442,0.008,0.,0.008
443,0.008,0.,0.008
444,0.009,0.,0.009
445,0.008,0.,0.008
446,0.008,0.,0.008
447,0.008,0.,0.008
448,0.009,0.,0.009
449,0.008,0.,0.008
450,0.008,0.,0.008
451,0.009,0.,0.009
452,0.01,0.,0.01
453,0.008,0.,0.008
454,0.009,0.,0.009
455,0.01,0.,0.01
456,0.01,0.,0.01
457,0.008,0.,0.008
458,0.009,0.,0.009
459,0.008,0.,0.008
460,0.01,0.,0.01
461,0.009,0.,0.009
462,0.008,0.,0.008
463,0.008,0.,0.008
464,0.009,0.,0.009
465,0.008,0.,0.008
466,0.008,0.,0.008
467,0.008,0.,0.008
468,0.009,0.,0.009
469,0.01,0.,0.01
470,0.009,0.,0.009
471,0.008,0.,0.008
472,0.009,0.,0.009
473,0.008,0.,0.008
474,0.009,0.,0.009
475,0.008,0.,0.008
476,0.009,0.,0.009
477,0.008,0.,0.008
478,0.011,0.,0.011
479,0.009,0.,0.009
480,0.01,0.,0.01
481,0.009,0.,0.009
482,0.009,0.,0.009
483,0.009,0.,0.009
484,0.008,0.,0.008
485,0.008,0.,0.008
486,0.01,0.,0.01
487,0.009,0.,0.009
488,0.008,0.,0.008
489,0.009,0.,0.009
490,0.009,0.,0.009
491,0.009,0.,0.009
492,0.009,0.,0.009
493,0.011,0.,0.011
494,0.01,0.,0.01
495,0.011,0.,0.011
496,0.009,0.,0.009
497,0.009,0.,0.009
498,0.011,0.,0.011
499,0.01,0.,0.01
500,0.01,0.,0.01
600,0.02,0.01,0.009
800,0.064,0.,0.064
1000,0.019,0.,0.019
1200,0.023,0.,0.023
1400,0.098,0.,0.098
1600,0.035,0.,0.035
1800,0.061,0.,0.061
2000,0.041,0.,0.041
2200,0.042,0.,0.042
2400,0.051,0.003,0.048
2600,0.076,0.004,0.072
2800,0.08,0.,0.08
3000,0.072,0.,0.072
3200,0.159,0.,0.159
3400,0.083,0.,0.083
3600,0.071,0.,0.071
3800,0.098,0.,0.098
4000,0.106,0.,0.106
4200,0.123,0.,0.123
4400,0.113,0.,0.113
4600,0.103,0.,0.103
4800,0.107,0.,0.107
5000,0.139,0.,0.139
5200,0.124,0.003,0.12
5400,0.147,0.,0.147
5600,0.128,0.004,0.124
5800,0.141,0.004,0.137
6000,0.132,0.,0.132
6200,0.148,0.,0.148
6400,0.163,0.,0.163
6600,0.176,0.,0.176
6800,0.155,0.,0.155
7000,0.165,0.,0.165
7200,0.167,0.,0.167
7400,0.16,0.,0.16
7600,0.183,0.,0.183
7800,0.2,0.,0.2
8000,0.182,0.,0.182
8200,0.199,0.,0.199
8400,0.189,0.,0.189
8600,0.2,0.,0.2
8800,0.246,0.,0.246
9000,0.243,0.003,0.24
9200,0.244,0.,0.244
9400,0.265,0.,0.265
9600,0.285,0.,0.285
9800,0.287,0.,0.287
10000,0.288,0.,0.288
10200,0.305,0.003,0.301
10400,0.298,0.,0.298
10600,0.304,0.,0.304
10800,0.325,0.,0.324
11000,0.35,0.003,0.346
11200,0.387,0.,0.387
11400,0.362,0.,0.362
11600,0.364,0.,0.364
11800,0.366,0.,0.366
12000,0.365,0.,0.364
12200,0.391,0.,0.391
12400,0.404,0.,0.404
12600,0.39,0.,0.39
12800,0.389,0.,0.389
13000,0.388,0.,0.388
13200,0.415,0.,0.415
13400,0.422,0.,0.422
13600,0.406,0.,0.406
13800,0.419,0.,0.419
14000,0.393,0.,0.393
14200,0.402,0.,0.402
14400,0.448,0.003,0.444
14600,0.396,0.,0.396
14800,0.392,0.,0.392
15000,0.441,0.,0.441
15200,0.403,0.,0.403
15400,0.399,0.,0.399
15600,0.365,0.,0.365
15800,0.388,0.,0.388
16000,0.445,0.,0.444
16200,0.438,0.,0.438
16400,0.466,0.,0.466
16600,0.463,0.,0.463
16800,0.487,0.,0.487
17000,0.492,0.,0.492
17200,0.515,0.,0.515
17400,0.52,0.,0.52
17600,0.522,0.,0.522
17800,0.544,0.,0.544
18000,0.607,0.,0.607
18200,0.625,0.,0.625
18400,0.63,0.,0.63
18600,0.67,0.,0.67
18800,0.628,0.,0.628
19000,0.663,0.,0.663
19200,0.674,0.,0.674
19400,0.63,0.,0.629
19600,0.671,0.,0.671
19800,0.676,0.003,0.672
20000,0.656,0.,0.656