param-n,abstract+autorewrite-regression-quadratic-real,abstract+autorewrite-regression-quadratic-sys,abstract+autorewrite-regression-quadratic-user,abstract+rewrite!-regression-quadratic-real,abstract+rewrite!-regression-quadratic-sys,abstract+rewrite!-regression-quadratic-user,autorewrite-noop-regression-linear-real,autorewrite-noop-regression-linear-sys,autorewrite-noop-regression-linear-user,autorewrite-regression-quadratic-real,autorewrite-regression-quadratic-sys,autorewrite-regression-quadratic-user,close-abstract+autorewrite-regression-quadratic-real,close-abstract+autorewrite-regression-quadratic-sys,close-abstract+autorewrite-regression-quadratic-user,close-abstract+rewrite!-regression-quadratic-real,close-abstract+rewrite!-regression-quadratic-sys,close-abstract+rewrite!-regression-quadratic-user,rewrite!-regression-quadratic-real,rewrite!-regression-quadratic-sys,rewrite!-regression-quadratic-user,rewrite?-noop-regression-linear-real,rewrite?-noop-regression-linear-sys,rewrite?-noop-regression-linear-user
1,0.,0.,0.,0.001,0.,0.,0.,0.,0.,0.,0.,0.,0.,0.,0.,0.,0.,0.,0.,0.,0.,0.,0.,0.
2,0.001,0.001,0.,0.003,0.,0.003,0.,0.,0.,0.,0.,0.,0.,0.,0.,0.,0.,0.,0.002,0.,0.002,0.,0.,0.
3,0.001,0.,0.001,0.001,0.001,0.,0.,0.,0.,0.001,0.,0.001,0.,0.,0.,0.,0.,0.,0.001,0.001,0.,0.,0.,0.
4,0.002,0.,0.002,0.002,0.,0.001,0.,0.,0.,0.001,0.,0.001,0.,0.,0.,0.,0.,0.,0.001,0.,0.,0.,0.,0.
5,0.002,0.,0.002,0.002,0.,0.002,0.,0.,0.,0.001,0.,0.001,0.,0.,0.,0.,0.,0.,0.001,0.,0.001,0.,0.,0.
6,0.003,0.,0.003,0.002,0.002,0.,0.,0.,0.,0.002,0.,0.002,0.,0.,0.,0.,0.,0.,0.002,0.002,0.,0.,0.,0.
7,0.003,0.,0.003,0.003,0.003,0.,0.,0.,0.,0.002,0.,0.002,0.,0.,0.,0.,0.,0.,0.002,0.002,0.,0.001,0.001,0.
8,0.004,0.,0.004,0.004,0.,0.003,0.,0.,0.,0.003,0.,0.003,0.,0.,0.,0.,0.,0.,0.002,0.,0.002,0.,0.,0.
9,0.004,0.,0.004,0.005,0.003,0.001,0.,0.,0.,0.003,0.,0.003,0.,0.,0.,0.001,0.,0.001,0.003,0.003,0.,0.,0.,0.
10,0.005,0.003,0.001,0.005,0.003,0.001,0.,0.,0.,0.004,0.003,0.,0.001,0.,0.001,0.001,0.,0.,0.003,0.003,0.,0.,0.,0.
11,0.007,0.005,0.002,0.005,0.004,0.001,0.,0.,0.,0.005,0.003,0.001,0.001,0.001,0.,0.001,0.,0.001,0.004,0.004,0.,0.,0.,0.
12,0.007,0.002,0.004,0.006,0.001,0.004,0.,0.,0.,0.005,0.001,0.003,0.001,0.,0.,0.001,0.001,0.,0.004,0.,0.004,0.,0.,0.
13,0.06,0.007,0.052,0.007,0.001,0.005,0.,0.,0.,0.058,0.007,0.05,0.001,0.,0.001,0.001,0.,0.001,0.005,0.001,0.004,0.,0.,0.
14,0.006,0.,0.006,0.059,0.016,0.043,0.,0.,0.,0.004,0.,0.004,0.001,0.,0.001,0.001,0.,0.001,0.057,0.015,0.041,0.,0.,0.
15,0.007,0.,0.007,0.007,0.,0.007,0.,0.,0.,0.005,0.,0.005,0.001,0.,0.001,0.001,0.,0.001,0.005,0.,0.005,0.,0.,0.
16,0.008,0.,0.008,0.007,0.,0.007,0.,0.,0.,0.005,0.,0.005,0.001,0.,0.001,0.001,0.,0.001,0.005,0.,0.005,0.,0.,0.
17,0.009,0.,0.009,0.008,0.,0.008,0.,0.,0.,0.007,0.,0.007,0.001,0.,0.001,0.001,0.,0.001,0.006,0.,0.006,0.,0.,0.
18,0.009,0.,0.009,0.009,0.,0.009,0.,0.,0.,0.006,0.,0.006,0.001,0.,0.001,0.001,0.,0.001,0.006,0.,0.006,0.,0.,0.
19,0.01,0.,0.01,0.009,0.,0.009,0.,0.,0.,0.007,0.,0.007,0.002,0.,0.002,0.001,0.,0.001,0.007,0.,0.007,0.,0.,0.
20,0.014,0.,0.014,0.011,0.,0.011,0.,0.,0.,0.01,0.,0.01,0.003,0.,0.003,0.002,0.,0.002,0.008,0.,0.008,0.,0.,0.
21,0.012,0.,0.012,0.012,0.,0.012,0.,0.,0.,0.009,0.,0.009,0.002,0.,0.002,0.002,0.,0.002,0.009,0.,0.009,0.,0.,0.
22,0.016,0.,0.016,0.013,0.,0.013,0.,0.,0.,0.012,0.,0.012,0.003,0.,0.003,0.002,0.,0.002,0.009,0.,0.009,0.,0.,0.
23,0.014,0.,0.014,0.013,0.,0.013,0.,0.,0.,0.01,0.,0.01,0.002,0.,0.002,0.002,0.,0.002,0.009,0.,0.009,0.,0.,0.
24,0.015,0.,0.015,0.014,0.,0.014,0.,0.,0.,0.011,0.,0.011,0.003,0.,0.003,0.003,0.,0.003,0.01,0.,0.01,0.,0.,0.
25,0.089,0.,0.089,0.016,0.,0.016,0.,0.,0.,0.084,0.,0.084,0.003,0.,0.003,0.004,0.,0.004,0.01,0.,0.01,0.,0.,0.
26,0.016,0.,0.016,0.097,0.,0.097,0.,0.,0.,0.012,0.,0.012,0.003,0.,0.003,0.003,0.,0.003,0.093,0.,0.093,0.,0.,0.
27,0.017,0.,0.017,0.017,0.,0.017,0.,0.,0.,0.012,0.,0.012,0.003,0.,0.003,0.003,0.,0.003,0.012,0.,0.012,0.,0.,0.
28,0.018,0.,0.018,0.018,0.,0.018,0.,0.,0.,0.013,0.,0.013,0.004,0.,0.004,0.004,0.,0.004,0.013,0.,0.013,0.,0.,0.
29,0.02,0.,0.02,0.021,0.,0.021,0.,0.,0.,0.015,0.,0.015,0.004,0.,0.004,0.004,0.,0.004,0.016,0.,0.016,0.,0.,0.
30,0.02,0.002,0.017,0.02,0.,0.02,0.,0.,0.,0.014,0.002,0.012,0.004,0.,0.004,0.004,0.,0.004,0.015,0.,0.015,0.,0.,0.
31,0.024,0.,0.024,0.022,0.,0.022,0.,0.,0.,0.018,0.,0.018,0.004,0.,0.004,0.005,0.,0.005,0.015,0.,0.015,0.,0.,0.
32,0.023,0.,0.023,0.052,0.,0.052,0.,0.,0.,0.017,0.,0.017,0.005,0.,0.005,0.005,0.,0.005,0.045,0.,0.045,0.,0.,0.
33,0.024,0.,0.024,0.023,0.,0.023,0.,0.,0.,0.018,0.,0.017,0.005,0.,0.005,0.005,0.,0.005,0.017,0.,0.016,0.,0.,0.
34,0.027,0.,0.027,0.025,0.,0.025,0.,0.,0.,0.02,0.,0.02,0.005,0.,0.005,0.005,0.,0.005,0.018,0.,0.018,0.,0.,0.
35,0.026,0.,0.026,0.027,0.003,0.023,0.,0.,0.,0.019,0.,0.019,0.006,0.,0.006,0.006,0.,0.005,0.019,0.002,0.016,0.,0.,0.
36,0.027,0.,0.027,0.027,0.,0.027,0.,0.,0.,0.02,0.,0.02,0.006,0.,0.006,0.006,0.,0.006,0.019,0.,0.019,0.,0.,0.
37,0.031,0.,0.031,0.028,0.,0.028,0.,0.,0.,0.021,0.,0.021,0.008,0.,0.008,0.006,0.,0.006,0.02,0.,0.02,0.,0.,0.
38,0.03,0.,0.03,0.03,0.,0.03,0.,0.,0.,0.021,0.,0.021,0.008,0.,0.008,0.007,0.,0.007,0.022,0.,0.022,0.,0.,0.
39,0.031,0.,0.031,0.033,0.,0.032,0.,0.,0.,0.023,0.,0.023,0.007,0.,0.007,0.007,0.,0.007,0.024,0.,0.024,0.,0.,0.
40,0.046,0.,0.046,0.032,0.,0.032,0.,0.,0.,0.037,0.,0.037,0.007,0.,0.007,0.007,0.,0.007,0.023,0.,0.023,0.,0.,0.
41,0.034,0.,0.034,0.051,0.,0.051,0.,0.,0.,0.025,0.,0.025,0.008,0.,0.008,0.008,0.,0.008,0.042,0.,0.042,0.,0.,0.
42,0.036,0.,0.036,0.036,0.,0.036,0.,0.,0.,0.027,0.,0.027,0.008,0.,0.008,0.009,0.,0.009,0.026,0.,0.026,0.,0.,0.
43,0.037,0.,0.037,0.036,0.,0.036,0.,0.,0.,0.027,0.,0.027,0.008,0.,0.008,0.009,0.,0.009,0.026,0.,0.026,0.,0.,0.
44,0.038,0.,0.038,0.054,0.,0.054,0.,0.,0.,0.027,0.,0.027,0.009,0.,0.009,0.009,0.,0.009,0.043,0.,0.043,0.,0.,0.
45,0.117,0.003,0.113,0.116,0.,0.116,0.,0.,0.,0.106,0.,0.105,0.009,0.002,0.006,0.086,0.,0.086,0.028,0.,0.028,0.,0.,0.
46,0.042,0.,0.042,0.041,0.,0.041,0.,0.,0.,0.029,0.,0.029,0.011,0.,0.011,0.01,0.,0.01,0.029,0.,0.029,0.,0.,0.
47,0.044,0.,0.044,0.043,0.,0.043,0.,0.,0.,0.032,0.,0.032,0.01,0.,0.01,0.01,0.,0.01,0.032,0.,0.032,0.,0.,0.
48,0.073,0.,0.073,0.074,0.,0.074,0.,0.,0.,0.06,0.,0.06,0.011,0.,0.011,0.01,0.,0.01,0.062,0.,0.062,0.,0.,0.
49,0.049,0.,0.049,0.046,0.,0.046,0.,0.,0.,0.036,0.,0.036,0.011,0.,0.011,0.012,0.,0.012,0.033,0.,0.033,0.,0.,0.
50,0.114,0.023,0.091,0.113,0.036,0.076,0.001,0.,0.,0.049,0.019,0.03,0.062,0.003,0.059,0.062,0.016,0.045,0.049,0.019,0.03,0.001,0.,0.
51,0.05,0.,0.05,0.051,0.,0.051,0.,0.,0.,0.037,0.,0.037,0.012,0.,0.012,0.013,0.,0.013,0.036,0.,0.036,0.,0.,0.
52,0.053,0.,0.053,0.062,0.,0.062,0.,0.,0.,0.038,0.,0.038,0.013,0.,0.013,0.015,0.,0.015,0.045,0.,0.045,0.,0.,0.
53,0.067,0.,0.067,0.062,0.,0.062,0.,0.,0.,0.039,0.,0.039,0.027,0.,0.027,0.018,0.,0.018,0.042,0.,0.042,0.,0.,0.
54,0.055,0.,0.055,0.079,0.,0.079,0.,0.,0.,0.04,0.,0.04,0.014,0.,0.014,0.022,0.,0.022,0.055,0.,0.055,0.,0.,0.
55,0.059,0.,0.059,0.065,0.,0.065,0.,0.,0.,0.043,0.,0.043,0.014,0.,0.014,0.013,0.,0.013,0.05,0.,0.05,0.,0.,0.
56,0.065,0.,0.065,0.065,0.,0.065,0.,0.,0.,0.049,0.,0.049,0.014,0.,0.014,0.015,0.,0.015,0.048,0.,0.048,0.,0.,0.
57,0.061,0.,0.061,0.064,0.,0.064,0.,0.,0.,0.044,0.,0.044,0.015,0.,0.015,0.015,0.,0.015,0.047,0.,0.047,0.,0.,0.
58,0.064,0.,0.064,0.063,0.,0.063,0.,0.,0.,0.046,0.,0.046,0.016,0.,0.016,0.016,0.,0.016,0.045,0.,0.045,0.,0.,0.
59,0.064,0.,0.064,0.065,0.,0.065,0.,0.,0.,0.045,0.,0.045,0.017,0.,0.017,0.016,0.,0.016,0.047,0.,0.047,0.,0.,0.
60,0.069,0.003,0.065,0.068,0.,0.068,0.,0.,0.,0.051,0.,0.051,0.016,0.002,0.013,0.018,0.,0.018,0.049,0.,0.049,0.,0.,0.
61,0.07,0.,0.07,0.074,0.,0.074,0.,0.,0.,0.052,0.,0.052,0.017,0.,0.017,0.017,0.,0.017,0.055,0.,0.054,0.,0.,0.
62,0.068,0.,0.068,0.075,0.,0.075,0.,0.,0.,0.051,0.,0.051,0.016,0.,0.016,0.018,0.,0.018,0.056,0.,0.056,0.,0.,0.
63,0.073,0.,0.073,0.075,0.,0.075,0.,0.,0.,0.052,0.,0.052,0.019,0.,0.019,0.018,0.,0.018,0.055,0.,0.055,0.,0.,0.
64,0.076,0.,0.076,0.077,0.,0.077,0.,0.,0.,0.055,0.,0.055,0.019,0.,0.019,0.019,0.,0.019,0.055,0.,0.055,0.,0.,0.
65,0.081,0.,0.081,0.083,0.,0.083,0.,0.,0.,0.06,0.,0.06,0.019,0.,0.019,0.02,0.,0.02,0.061,0.,0.061,0.,0.,0.
66,0.081,0.,0.081,0.08,0.,0.08,0.,0.,0.,0.059,0.,0.059,0.021,0.,0.021,0.02,0.,0.02,0.058,0.,0.058,0.,0.,0.
67,0.082,0.,0.082,0.097,0.,0.097,0.001,0.,0.001,0.059,0.,0.059,0.02,0.,0.02,0.033,0.,0.033,0.061,0.,0.061,0.,0.,0.
68,0.085,0.,0.085,0.085,0.,0.085,0.,0.,0.,0.062,0.,0.062,0.021,0.,0.021,0.021,0.,0.021,0.062,0.,0.062,0.,0.,0.
69,0.089,0.,0.089,0.085,0.,0.085,0.,0.,0.,0.063,0.,0.063,0.024,0.,0.024,0.022,0.,0.022,0.062,0.,0.062,0.,0.,0.
70,0.088,0.,0.088,0.093,0.003,0.09,0.,0.,0.,0.063,0.,0.063,0.022,0.,0.022,0.022,0.,0.022,0.07,0.003,0.067,0.,0.,0.
71,0.092,0.,0.092,0.097,0.,0.097,0.,0.,0.,0.066,0.,0.066,0.024,0.,0.024,0.024,0.,0.024,0.07,0.,0.07,0.,0.,0.
72,0.095,0.,0.095,0.098,0.,0.098,0.,0.,0.,0.067,0.,0.067,0.025,0.,0.025,0.023,0.,0.023,0.073,0.,0.073,0.,0.,0.
73,0.1,0.,0.1,0.096,0.,0.096,0.,0.,0.,0.071,0.,0.071,0.026,0.,0.026,0.024,0.,0.024,0.069,0.,0.069,0.,0.,0.
74,0.101,0.,0.101,0.105,0.,0.105,0.,0.,0.,0.071,0.,0.071,0.028,0.,0.028,0.029,0.,0.029,0.074,0.,0.074,0.,0.,0.
75,0.108,0.,0.108,0.101,0.,0.101,0.,0.,0.,0.072,0.,0.072,0.033,0.,0.033,0.025,0.,0.025,0.074,0.,0.074,0.,0.,0.
76,0.122,0.004,0.118,0.126,0.,0.126,0.,0.,0.,0.094,0.004,0.09,0.026,0.,0.026,0.026,0.,0.026,0.098,0.,0.098,0.,0.,0.
77,0.115,0.,0.115,0.111,0.,0.111,0.,0.,0.,0.085,0.,0.085,0.027,0.,0.027,0.027,0.,0.027,0.081,0.,0.081,0.,0.,0.
78,0.119,0.,0.119,0.118,0.,0.118,0.005,0.,0.005,0.084,0.,0.084,0.027,0.,0.027,0.03,0.,0.03,0.086,0.,0.085,0.,0.,0.
79,0.119,0.,0.119,0.115,0.,0.115,0.,0.,0.,0.082,0.,0.082,0.034,0.,0.034,0.032,0.,0.032,0.082,0.,0.082,0.,0.,0.
80,0.114,0.,0.114,0.118,0.,0.118,0.,0.,0.,0.081,0.,0.081,0.031,0.,0.031,0.033,0.,0.033,0.083,0.,0.083,0.,0.,0.
81,0.119,0.003,0.115,0.12,0.,0.12,0.,0.,0.,0.084,0.,0.084,0.032,0.003,0.028,0.033,0.,0.033,0.085,0.,0.085,0.,0.,0.
82,0.121,0.,0.121,0.123,0.,0.123,0.,0.,0.,0.086,0.,0.086,0.033,0.,0.033,0.032,0.,0.032,0.088,0.,0.088,0.,0.,0.
83,0.126,0.,0.126,0.124,0.,0.124,0.,0.,0.,0.09,0.,0.09,0.034,0.,0.034,0.033,0.,0.033,0.088,0.,0.088,0.001,0.,0.001
84,0.14,0.,0.14,0.134,0.,0.134,0.,0.,0.,0.107,0.,0.107,0.03,0.,0.03,0.039,0.,0.039,0.093,0.,0.093,0.001,0.,0.001
85,0.142,0.,0.142,0.131,0.,0.131,0.,0.,0.,0.101,0.,0.101,0.039,0.,0.039,0.031,0.,0.031,0.098,0.,0.097,0.,0.,0.
86,0.142,0.,0.142,0.137,0.,0.137,0.001,0.,0.001,0.101,0.,0.101,0.039,0.,0.039,0.033,0.,0.033,0.101,0.,0.101,0.,0.,0.
87,0.139,0.,0.139,0.15,0.,0.15,0.,0.,0.,0.096,0.,0.096,0.04,0.,0.04,0.041,0.,0.041,0.107,0.,0.106,0.,0.,0.
88,0.137,0.003,0.133,0.144,0.,0.144,0.001,0.,0.,0.1,0.003,0.096,0.035,0.,0.035,0.04,0.,0.04,0.102,0.,0.102,0.,0.,0.
89,0.139,0.,0.139,0.141,0.,0.141,0.001,0.,0.001,0.099,0.,0.099,0.038,0.,0.038,0.037,0.,0.037,0.101,0.,0.101,0.,0.,0.
90,0.143,0.,0.143,0.144,0.,0.144,0.001,0.,0.001,0.102,0.,0.102,0.038,0.,0.038,0.04,0.,0.04,0.102,0.,0.102,0.001,0.,0.001
91,0.163,0.,0.163,0.156,0.,0.156,0.001,0.,0.001,0.118,0.,0.118,0.042,0.,0.042,0.041,0.,0.041,0.112,0.,0.112,0.001,0.,0.001
92,0.166,0.,0.166,0.163,0.,0.163,0.001,0.,0.001,0.116,0.,0.116,0.048,0.,0.048,0.045,0.,0.045,0.115,0.,0.115,0.001,0.,0.001
93,0.158,0.,0.158,0.158,0.,0.158,0.001,0.,0.001,0.114,0.,0.114,0.041,0.,0.041,0.04,0.,0.04,0.115,0.,0.115,0.001,0.,0.001
94,0.154,0.,0.154,0.164,0.,0.164,0.005,0.,0.005,0.109,0.,0.109,0.038,0.,0.038,0.047,0.,0.047,0.115,0.,0.115,0.001,0.,0.001
95,0.168,0.,0.168,0.179,0.,0.179,0.001,0.,0.001,0.122,0.,0.122,0.043,0.,0.043,0.047,0.,0.047,0.129,0.,0.129,0.001,0.,0.001
96,0.161,0.,0.161,0.179,0.,0.179,0.001,0.,0.001,0.115,0.,0.115,0.043,0.,0.043,0.047,0.,0.047,0.129,0.,0.129,0.001,0.,0.001
97,0.175,0.002,0.172,0.17,0.,0.17,0.001,0.,0.001,0.122,0.001,0.12,0.051,0.,0.05,0.045,0.,0.045,0.122,0.,0.122,0.001,0.,0.001
98,0.176,0.,0.176,0.168,0.,0.168,0.001,0.,0.001,0.127,0.,0.127,0.047,0.,0.047,0.044,0.,0.044,0.12,0.,0.12,0.001,0.,0.001
99,0.173,0.,0.173,0.169,0.003,0.166,0.001,0.,0.001,0.125,0.,0.125,0.045,0.,0.045,0.042,0.002,0.039,0.124,0.,0.124,0.001,0.,0.001
100,0.25,0.,0.25,0.259,0.,0.259,0.001,0.,0.001,0.2,0.,0.2,0.048,0.,0.048,0.05,0.,0.05,0.207,0.,0.207,0.001,0.,0.001
110,0.213,0.,0.213,0.211,0.,0.211,0.001,0.,0.001,0.152,0.,0.152,0.058,0.,0.058,0.056,0.,0.056,0.151,0.,0.151,0.001,0.,0.001
120,0.249,0.,0.249,0.262,0.,0.262,0.001,0.,0.001,0.179,0.,0.179,0.068,0.,0.068,0.07,0.,0.07,0.188,0.,0.188,0.001,0.,0.001
130,0.288,0.,0.288,0.32,0.003,0.315,0.001,0.,0.001,0.209,0.,0.209,0.076,0.,0.076,0.085,0.,0.085,0.231,0.003,0.227,0.001,0.,0.001
140,0.335,0.,0.335,0.338,0.,0.338,0.001,0.,0.001,0.237,0.,0.237,0.094,0.,0.094,0.096,0.,0.096,0.239,0.,0.239,0.001,0.,0.001
150,0.415,0.,0.415,0.413,0.,0.413,0.001,0.,0.001,0.294,0.,0.294,0.119,0.,0.119,0.115,0.,0.115,0.295,0.,0.295,0.001,0.,0.001
160,0.44,0.003,0.436,0.453,0.003,0.449,0.001,0.,0.001,0.314,0.003,0.31,0.123,0.,0.123,0.125,0.,0.125,0.324,0.003,0.32,0.001,0.,0.001
170,0.515,0.,0.515,0.504,0.,0.504,0.001,0.,0.001,0.372,0.,0.372,0.14,0.,0.14,0.142,0.,0.141,0.357,0.,0.357,0.003,0.,0.003
180,0.57,0.004,0.566,0.569,0.003,0.565,0.001,0.,0.001,0.408,0.004,0.404,0.158,0.,0.158,0.164,0.,0.164,0.401,0.003,0.397,0.001,0.,0.001
190,0.616,0.011,0.604,0.653,0.008,0.644,0.002,0.,0.002,0.448,0.007,0.44,0.164,0.003,0.161,0.185,0.003,0.181,0.463,0.004,0.459,0.002,0.,0.002
200,0.797,0.002,0.795,0.819,0.,0.819,0.002,0.,0.002,0.599,0.,0.599,0.195,0.002,0.193,0.214,0.,0.214,0.602,0.,0.602,0.002,0.,0.002
210,0.728,0.003,0.724,0.74,0.007,0.728,0.002,0.,0.002,0.517,0.,0.517,0.207,0.003,0.203,0.202,0.,0.202,0.533,0.007,0.521,0.002,0.,0.002
220,0.8,0.007,0.792,0.801,0.003,0.796,0.002,0.,0.002,0.57,0.003,0.566,0.225,0.003,0.221,0.222,0.003,0.218,0.573,0.,0.573,0.002,0.,0.002
230,0.899,0.,0.899,0.884,0.,0.884,0.002,0.,0.002,0.654,0.,0.654,0.241,0.,0.241,0.245,0.,0.245,0.632,0.,0.632,0.002,0.,0.002
240,0.952,0.,0.952,0.966,0.,0.966,0.002,0.,0.002,0.669,0.,0.669,0.278,0.,0.278,0.285,0.,0.285,0.677,0.,0.677,0.002,0.,0.002
250,1.078,0.,1.077,1.063,0.006,1.056,0.002,0.,0.002,0.758,0.,0.758,0.316,0.,0.316,0.303,0.,0.303,0.756,0.006,0.75,0.002,0.,0.002
260,1.145,0.,1.145,1.207,0.,1.207,0.003,0.,0.003,0.819,0.,0.819,0.321,0.,0.321,0.347,0.,0.347,0.855,0.,0.855,0.002,0.,0.002
270,1.179,0.,1.179,1.217,0.,1.216,0.006,0.,0.006,0.832,0.,0.832,0.339,0.,0.339,0.338,0.,0.338,0.872,0.,0.872,0.003,0.,0.003
280,1.251,0.,1.251,1.298,0.,1.298,0.003,0.,0.003,0.892,0.,0.892,0.354,0.,0.354,0.35,0.,0.35,0.942,0.,0.942,0.003,0.,0.003
290,1.396,0.,1.396,1.398,0.003,1.393,0.002,0.,0.002,1.002,0.,1.002,0.389,0.,0.389,0.398,0.,0.398,0.994,0.003,0.99,0.003,0.,0.003
300,1.467,0.007,1.459,1.481,0.011,1.469,0.003,0.,0.003,1.062,0.,1.062,0.4,0.006,0.393,0.396,0.,0.396,1.081,0.011,1.069,0.003,0.,0.003
310,1.558,0.007,1.55,1.587,0.011,1.575,0.003,0.,0.003,1.104,0.003,1.099,0.449,0.004,0.445,0.435,0.003,0.431,1.146,0.007,1.138,0.003,0.,0.003
320,1.654,0.02,1.634,1.677,0.004,1.672,0.003,0.,0.003,1.168,0.016,1.152,0.481,0.004,0.476,0.484,0.,0.484,1.187,0.003,1.183,0.003,0.,0.003
330,1.775,0.,1.775,1.772,0.,1.772,0.003,0.,0.003,1.251,0.,1.25,0.519,0.,0.519,0.515,0.,0.515,1.251,0.,1.251,0.003,0.,0.003
340,1.837,0.,1.836,1.905,0.,1.905,0.003,0.,0.003,1.307,0.,1.306,0.524,0.,0.524,0.55,0.,0.55,1.35,0.,1.349,0.003,0.,0.003
350,1.953,0.015,1.936,1.957,0.003,1.953,0.003,0.,0.003,1.396,0.012,1.383,0.552,0.003,0.548,0.538,0.,0.538,1.414,0.003,1.41,0.003,0.,0.003
360,2.08,0.,2.08,2.068,0.,2.067,0.004,0.,0.004,1.455,0.,1.455,0.618,0.,0.618,0.578,0.,0.578,1.483,0.,1.483,0.003,0.,0.003
370,2.197,0.,2.197,2.248,0.,2.247,0.003,0.,0.003,1.578,0.,1.578,0.613,0.,0.613,0.62,0.,0.62,1.622,0.,1.622,0.003,0.,0.003
380,2.27,0.,2.269,2.301,0.,2.301,0.003,0.,0.003,1.621,0.,1.621,0.641,0.,0.641,0.665,0.,0.665,1.629,0.,1.629,0.004,0.,0.004
390,2.446,0.,2.446,2.476,0.003,2.472,0.004,0.,0.004,1.763,0.,1.763,0.675,0.,0.675,0.708,0.,0.708,1.759,0.003,1.754,0.007,0.,0.007
400,2.567,0.008,2.558,2.629,0.019,2.608,0.004,0.,0.004,1.852,0.004,1.847,0.709,0.004,0.705,0.701,0.003,0.697,1.922,0.015,1.905,0.004,0.,0.004