param-n,fast-rewrite-regression-cubic-real,fast-rewrite-regression-cubic-sys,fast-rewrite-regression-cubic-user,pose-build-and-refine-regression-cubic-real,pose-build-and-refine-regression-cubic-sys,pose-build-and-refine-regression-cubic-user,refine-regression-quadratic-regression-linear-real,refine-regression-quadratic-regression-linear-sys,refine-regression-quadratic-regression-linear-user
1,0.,0.,0.,0.,0.,0.,0.,0.,0.
2,0.,0.,0.,0.,0.,0.,0.,0.,0.
3,0.001,0.,0.,0.001,0.,0.,0.,0.,0.
4,0.,0.,0.,0.,0.,0.,0.,0.,0.
5,0.,0.,0.,0.,0.,0.,0.,0.,0.
6,0.001,0.,0.001,0.001,0.,0.001,0.,0.,0.
7,0.001,0.,0.001,0.001,0.,0.001,0.,0.,0.
8,0.001,0.,0.001,0.001,0.,0.001,0.,0.,0.
9,0.001,0.,0.001,0.001,0.,0.001,0.,0.,0.
10,0.001,0.,0.001,0.001,0.,0.001,0.,0.,0.
11,0.001,0.,0.001,0.001,0.,0.001,0.,0.,0.
12,0.001,0.,0.001,0.001,0.,0.001,0.,0.,0.
13,0.002,0.,0.002,0.002,0.,0.002,0.,0.,0.
14,0.002,0.,0.002,0.002,0.,0.002,0.,0.,0.
15,0.002,0.,0.002,0.002,0.,0.002,0.,0.,0.
16,0.002,0.002,0.,0.002,0.002,0.,0.,0.,0.
17,0.003,0.,0.002,0.003,0.,0.002,0.,0.,0.
18,0.002,0.,0.002,0.002,0.,0.002,0.,0.,0.
19,0.002,0.,0.002,0.002,0.,0.002,0.,0.,0.
20,0.003,0.,0.002,0.003,0.,0.002,0.,0.,0.
21,0.002,0.,0.002,0.002,0.,0.002,0.,0.,0.
22,0.003,0.,0.003,0.003,0.,0.003,0.,0.,0.
23,0.003,0.,0.003,0.003,0.,0.003,0.,0.,0.
24,0.003,0.,0.003,0.003,0.,0.003,0.,0.,0.
25,0.01,0.007,0.002,0.01,0.007,0.002,0.,0.,0.
26,0.004,0.,0.004,0.004,0.,0.004,0.,0.,0.
27,0.003,0.,0.003,0.003,0.,0.003,0.,0.,0.
28,0.005,0.,0.004,0.005,0.,0.004,0.,0.,0.
29,0.004,0.,0.004,0.004,0.,0.004,0.,0.,0.
30,0.004,0.,0.004,0.004,0.,0.004,0.,0.,0.
31,0.004,0.,0.004,0.004,0.,0.004,0.,0.,0.
32,0.004,0.,0.004,0.004,0.,0.004,0.,0.,0.
33,0.004,0.,0.004,0.004,0.,0.004,0.,0.,0.
34,0.005,0.,0.005,0.005,0.,0.005,0.,0.,0.
35,0.005,0.,0.005,0.005,0.,0.005,0.,0.,0.
36,0.005,0.,0.005,0.005,0.,0.005,0.,0.,0.
37,0.006,0.,0.006,0.006,0.,0.006,0.,0.,0.
38,0.093,0.,0.093,0.093,0.,0.093,0.,0.,0.
39,0.006,0.,0.006,0.006,0.,0.006,0.,0.,0.
40,0.008,0.,0.006,0.008,0.,0.006,0.,0.,0.
41,0.006,0.,0.006,0.006,0.,0.006,0.,0.,0.
42,0.006,0.,0.006,0.006,0.,0.006,0.,0.,0.
43,0.006,0.,0.006,0.006,0.,0.006,0.,0.,0.
44,0.006,0.,0.006,0.006,0.,0.006,0.,0.,0.
45,0.006,0.,0.006,0.006,0.,0.006,0.,0.,0.
46,0.007,0.,0.007,0.007,0.,0.007,0.,0.,0.
47,0.008,0.,0.008,0.008,0.,0.008,0.,0.,0.
48,0.008,0.,0.008,0.008,0.,0.008,0.,0.,0.
49,0.007,0.,0.007,0.007,0.,0.007,0.,0.,0.
50,0.01,0.007,0.002,0.01,0.007,0.002,0.,0.,0.
51,0.008,0.,0.008,0.008,0.,0.008,0.,0.,0.
52,0.008,0.,0.008,0.008,0.,0.008,0.001,0.,0.001
53,0.008,0.,0.008,0.008,0.,0.008,0.,0.,0.
54,0.008,0.,0.008,0.008,0.,0.008,0.,0.,0.
55,0.008,0.,0.008,0.008,0.,0.008,0.,0.,0.
56,0.008,0.,0.008,0.008,0.,0.008,0.,0.,0.
57,0.03,0.,0.03,0.03,0.,0.03,0.,0.,0.
58,0.009,0.,0.009,0.009,0.,0.009,0.,0.,0.
59,0.009,0.,0.009,0.009,0.,0.009,0.,0.,0.
60,0.009,0.,0.009,0.009,0.,0.009,0.,0.,0.
61,0.01,0.,0.01,0.01,0.,0.01,0.,0.,0.
62,0.009,0.,0.009,0.009,0.,0.009,0.,0.,0.
63,0.009,0.,0.01,0.009,0.,0.009,0.,0.,0.
64,0.011,0.,0.011,0.011,0.,0.011,0.,0.,0.
65,0.01,0.,0.01,0.01,0.,0.01,0.,0.,0.
66,0.01,0.,0.01,0.01,0.,0.01,0.,0.,0.
67,0.01,0.,0.01,0.01,0.,0.01,0.,0.,0.
68,0.011,0.,0.011,0.011,0.,0.011,0.,0.,0.
69,0.011,0.,0.011,0.011,0.,0.011,0.,0.,0.
70,0.011,0.,0.011,0.011,0.,0.011,0.,0.,0.
71,0.012,0.,0.012,0.012,0.,0.012,0.001,0.,0.001
72,0.011,0.,0.011,0.011,0.,0.011,0.001,0.,0.001
73,0.012,0.,0.012,0.012,0.,0.012,0.,0.,0.
74,0.011,0.,0.011,0.011,0.,0.011,0.001,0.,0.001
75,0.012,0.,0.012,0.012,0.,0.012,0.001,0.,0.001
76,0.013,0.,0.013,0.013,0.,0.013,0.,0.,0.
77,0.013,0.001,0.011,0.013,0.001,0.011,0.001,0.,0.
78,0.012,0.,0.012,0.012,0.,0.012,0.001,0.,0.
79,0.012,0.,0.012,0.012,0.,0.012,0.001,0.,0.001
80,0.014,0.,0.014,0.014,0.,0.014,0.001,0.,0.001
81,0.028,0.,0.028,0.028,0.,0.028,0.001,0.,0.001
82,0.014,0.,0.014,0.014,0.,0.014,0.001,0.,0.001
83,0.014,0.,0.014,0.014,0.,0.014,0.001,0.,0.001
84,0.014,0.,0.014,0.014,0.,0.014,0.001,0.,0.001
85,0.013,0.,0.013,0.013,0.,0.013,0.001,0.,0.001
86,0.016,0.,0.016,0.016,0.,0.016,0.,0.,0.
87,0.014,0.,0.014,0.014,0.,0.014,0.001,0.,0.001
88,0.015,0.,0.015,0.015,0.,0.015,0.001,0.,0.001
89,0.016,0.,0.016,0.016,0.,0.016,0.001,0.,0.001
90,0.015,0.,0.015,0.015,0.,0.015,0.001,0.,0.001
91,0.032,0.,0.032,0.032,0.,0.032,0.001,0.,0.001
92,0.016,0.,0.016,0.016,0.,0.016,0.001,0.,0.001
93,0.017,0.,0.017,0.017,0.,0.017,0.001,0.,0.001
94,0.017,0.,0.017,0.017,0.,0.017,0.001,0.,0.001
95,0.016,0.,0.016,0.016,0.,0.016,0.001,0.,0.001
96,0.02,0.,0.02,0.02,0.,0.02,0.001,0.,0.001
97,0.016,0.,0.016,0.016,0.,0.016,0.001,0.,0.001
98,0.017,0.,0.017,0.017,0.,0.017,0.001,0.,0.001
99,0.016,0.,0.016,0.016,0.,0.016,0.001,0.,0.001
100,0.022,0.007,0.014,0.022,0.007,0.014,0.001,0.,0.001
110,0.02,0.,0.02,0.02,0.,0.02,0.001,0.,0.001
120,0.023,0.,0.023,0.023,0.,0.023,0.001,0.,0.001
130,0.025,0.,0.025,0.025,0.,0.025,0.001,0.,0.001
140,0.115,0.,0.115,0.115,0.,0.115,0.001,0.,0.001
150,0.096,0.02,0.076,0.096,0.02,0.076,0.001,0.,0.001
160,0.036,0.,0.036,0.036,0.,0.036,0.002,0.,0.002
170,0.039,0.,0.039,0.039,0.,0.039,0.006,0.,0.006
180,0.04,0.,0.04,0.04,0.,0.04,0.002,0.,0.002
190,0.042,0.,0.042,0.042,0.,0.042,0.002,0.,0.002
200,0.048,0.,0.048,0.048,0.,0.048,0.002,0.,0.002
210,0.052,0.,0.052,0.052,0.,0.052,0.002,0.,0.002
220,0.059,0.,0.059,0.059,0.,0.059,0.002,0.,0.002
230,0.055,0.,0.055,0.055,0.,0.055,0.003,0.,0.003
240,0.058,0.,0.058,0.058,0.,0.058,0.003,0.,0.003
250,0.074,0.,0.074,0.074,0.,0.074,0.003,0.,0.003
260,0.076,0.,0.076,0.076,0.,0.076,0.003,0.,0.003
270,0.069,0.,0.069,0.069,0.,0.069,0.003,0.,0.003
280,0.078,0.,0.078,0.078,0.,0.078,0.003,0.,0.004
290,0.082,0.,0.082,0.082,0.,0.082,0.003,0.,0.003
300,0.173,0.,0.173,0.173,0.,0.173,0.004,0.,0.004
310,0.098,0.,0.098,0.098,0.,0.098,0.005,0.,0.005
320,0.097,0.,0.097,0.097,0.,0.097,0.004,0.,0.004
330,0.101,0.,0.101,0.101,0.,0.101,0.004,0.,0.004
340,0.109,0.,0.108,0.108,0.,0.108,0.004,0.,0.004
350,0.12,0.,0.12,0.12,0.,0.12,0.004,0.,0.004
360,0.126,0.,0.125,0.126,0.,0.125,0.004,0.,0.004
370,0.122,0.003,0.118,0.122,0.003,0.118,0.005,0.,0.005
380,0.124,0.,0.124,0.124,0.,0.124,0.005,0.,0.005
390,0.129,0.,0.129,0.129,0.,0.129,0.005,0.,0.005
400,0.153,0.003,0.15,0.153,0.003,0.15,0.006,0.003,0.003
410,0.15,0.,0.15,0.15,0.,0.15,0.004,0.,0.004
420,0.161,0.,0.161,0.161,0.,0.161,0.005,0.,0.005
430,0.172,0.,0.172,0.172,0.,0.172,0.006,0.,0.006
440,0.161,0.,0.161,0.161,0.,0.161,0.006,0.,0.006
450,0.167,0.,0.167,0.167,0.,0.167,0.006,0.,0.006
460,0.195,0.,0.195,0.195,0.,0.195,0.005,0.,0.005
470,0.196,0.,0.196,0.196,0.,0.196,0.006,0.,0.006
480,0.195,0.,0.195,0.195,0.,0.195,0.013,0.,0.013
490,0.205,0.,0.205,0.205,0.,0.205,0.021,0.,0.021
500,0.199,0.,0.199,0.199,0.,0.199,0.006,0.,0.006
510,0.23,0.003,0.226,0.23,0.003,0.226,0.006,0.,0.006
520,0.232,0.004,0.228,0.232,0.004,0.228,0.006,0.,0.006
530,0.218,0.,0.218,0.218,0.,0.218,0.019,0.,0.019
540,0.218,0.,0.218,0.218,0.,0.218,0.008,0.,0.008
550,0.222,0.,0.222,0.222,0.,0.222,0.008,0.,0.008
560,0.229,0.,0.229,0.229,0.,0.229,0.008,0.,0.008
570,0.236,0.,0.236,0.236,0.,0.236,0.008,0.,0.008
580,0.256,0.,0.255,0.255,0.,0.255,0.008,0.,0.008
590,0.258,0.003,0.254,0.258,0.003,0.254,0.02,0.003,0.016
600,0.292,0.004,0.288,0.292,0.004,0.288,0.015,0.,0.015
610,0.295,0.,0.295,0.295,0.,0.295,0.008,0.,0.008
620,0.304,0.,0.304,0.304,0.,0.304,0.007,0.,0.007
630,0.306,0.003,0.302,0.306,0.003,0.302,0.014,0.,0.014
640,0.312,0.,0.312,0.312,0.,0.312,0.008,0.,0.008
650,0.345,0.,0.345,0.345,0.,0.345,0.008,0.,0.008
660,0.375,0.,0.375,0.375,0.,0.375,0.008,0.,0.008
670,0.346,0.,0.346,0.346,0.,0.346,0.01,0.,0.01
680,0.362,0.,0.362,0.362,0.,0.362,0.008,0.,0.008
690,0.396,0.,0.395,0.395,0.,0.395,0.008,0.,0.009
700,0.352,0.,0.352,0.352,0.,0.351,0.009,0.,0.009
710,0.361,0.,0.361,0.361,0.,0.361,0.008,0.,0.008
720,0.38,0.003,0.376,0.38,0.003,0.376,0.009,0.,0.009
730,0.383,0.,0.383,0.383,0.,0.383,0.008,0.,0.008
740,0.402,0.,0.402,0.402,0.,0.402,0.01,0.,0.01
750,0.399,0.,0.399,0.399,0.,0.399,0.008,0.,0.008
760,0.413,0.,0.413,0.413,0.,0.413,0.009,0.,0.009
770,0.464,0.,0.463,0.464,0.,0.463,0.01,0.,0.01
780,0.447,0.,0.447,0.447,0.,0.447,0.01,0.,0.01
790,0.48,0.,0.48,0.48,0.,0.48,0.01,0.,0.01
800,0.459,0.,0.458,0.458,0.,0.458,0.021,0.,0.021
810,0.464,0.,0.464,0.464,0.,0.463,0.01,0.,0.01
820,0.47,0.007,0.462,0.47,0.007,0.462,0.011,0.,0.011
830,0.482,0.003,0.478,0.482,0.003,0.478,0.01,0.,0.01
840,0.487,0.008,0.479,0.487,0.008,0.479,0.01,0.,0.01
850,0.488,0.,0.488,0.488,0.,0.488,0.01,0.,0.01
860,0.536,0.,0.536,0.536,0.,0.536,0.015,0.,0.015
870,0.538,0.,0.538,0.538,0.,0.538,0.011,0.,0.011
880,0.555,0.,0.555,0.555,0.,0.555,0.011,0.,0.011
890,0.596,0.,0.596,0.596,0.,0.596,0.011,0.,0.011
900,0.588,0.,0.588,0.588,0.,0.588,0.011,0.,0.011
910,0.567,0.,0.567,0.567,0.,0.567,0.012,0.,0.012
920,0.563,0.,0.562,0.563,0.,0.562,0.011,0.,0.011
930,0.597,0.,0.597,0.597,0.,0.597,0.011,0.,0.011
940,0.598,0.,0.598,0.598,0.,0.598,0.013,0.,0.013
950,0.619,0.,0.619,0.619,0.,0.619,0.019,0.,0.019
960,0.609,0.,0.609,0.609,0.,0.609,0.011,0.,0.011
970,0.669,0.,0.669,0.669,0.,0.669,0.012,0.,0.012
980,0.678,0.,0.678,0.678,0.,0.678,0.012,0.,0.012
990,0.68,0.,0.68,0.68,0.,0.68,0.013,0.,0.013
1000,0.661,0.,0.66,0.661,0.,0.66,0.012,0.,0.012
1100,0.779,0.,0.779,0.779,0.,0.778,0.014,0.,0.014
1200,0.926,0.,0.926,0.926,0.,0.926,0.016,0.,0.016
1300,1.078,0.,1.078,1.078,0.,1.078,0.017,0.,0.017
1400,1.293,0.,1.293,1.293,0.,1.293,0.019,0.,0.019
1500,1.46,0.,1.459,1.46,0.,1.459,0.019,0.,0.019
1600,1.602,0.,1.602,1.602,0.,1.602,0.022,0.,0.022
1700,1.764,0.,1.764,1.764,0.,1.764,0.023,0.,0.023
1800,2.022,0.,2.021,2.022,0.,2.021,0.023,0.,0.023
1900,2.293,0.,2.293,2.293,0.,2.293,0.026,0.,0.026
2000,2.387,0.,2.387,2.387,0.,2.387,0.033,0.,0.033
3000,5.248,0.003,5.244,5.248,0.003,5.243,0.044,0.,0.044
4000,9.554,0.007,9.545,9.554,0.007,9.545,0.06,0.,0.06
5000,14.939,0.008,14.929,14.939,0.008,14.929,0.074,0.,0.074