param-n,abstract+rewrite-strat-bottomup-real,abstract+rewrite-strat-bottomup-sys,abstract+rewrite-strat-bottomup-user,abstract+rewrite-strat-topdown-real,abstract+rewrite-strat-topdown-sys,abstract+rewrite-strat-topdown-user,close-abstract+rewrite-strat-bottomup-real,close-abstract+rewrite-strat-bottomup-sys,close-abstract+rewrite-strat-bottomup-user,close-abstract+rewrite-strat-topdown-real,close-abstract+rewrite-strat-topdown-sys,close-abstract+rewrite-strat-topdown-user,rewrite-strat-bottomup-real,rewrite-strat-bottomup-sys,rewrite-strat-bottomup-user,rewrite-strat-bottomup-noop-real,rewrite-strat-bottomup-noop-sys,rewrite-strat-bottomup-noop-user,rewrite-strat-topdown-real,rewrite-strat-topdown-sys,rewrite-strat-topdown-user,rewrite-strat-topdown-noop-real,rewrite-strat-topdown-noop-sys,rewrite-strat-topdown-noop-user
1,0.003,0.003,0.,0.002,0.,0.001,0.,0.,0.,0.,0.,0.,0.002,0.002,0.,0.,0.,0.,0.001,0.,0.001,0.,0.,0.
2,0.001,0.,0.,0.001,0.,0.001,0.,0.,0.,0.,0.,0.,0.001,0.,0.,0.,0.,0.,0.001,0.,0.001,0.,0.,0.
3,0.001,0.,0.001,0.001,0.,0.001,0.,0.,0.,0.,0.,0.,0.001,0.,0.001,0.,0.,0.,0.,0.,0.,0.,0.,0.
4,0.003,0.,0.003,0.003,0.,0.003,0.,0.,0.,0.,0.,0.,0.003,0.,0.003,0.,0.,0.,0.003,0.,0.003,0.,0.,0.
5,0.002,0.002,0.,0.002,0.002,0.,0.,0.,0.,0.,0.,0.,0.002,0.002,0.,0.,0.,0.,0.001,0.001,0.,0.,0.,0.
6,0.002,0.001,0.,0.002,0.002,0.,0.,0.,0.,0.,0.,0.,0.001,0.,0.,0.,0.,0.,0.001,0.001,0.,0.,0.,0.
7,0.003,0.003,0.,0.003,0.003,0.,0.,0.,0.,0.,0.,0.,0.002,0.002,0.,0.,0.,0.,0.002,0.002,0.,0.,0.,0.
8,0.003,0.003,0.,0.003,0.003,0.,0.,0.,0.,0.,0.,0.,0.002,0.002,0.,0.,0.,0.,0.002,0.002,0.,0.,0.,0.
9,0.004,0.004,0.,0.004,0.004,0.,0.,0.,0.,0.001,0.001,0.,0.002,0.002,0.,0.,0.,0.,0.002,0.002,0.,0.,0.,0.
10,0.005,0.005,0.,0.004,0.004,0.,0.001,0.001,0.,0.001,0.001,0.,0.003,0.003,0.,0.,0.,0.,0.003,0.003,0.,0.,0.,0.
11,0.005,0.,0.005,0.005,0.004,0.001,0.001,0.,0.001,0.001,0.,0.001,0.004,0.,0.004,0.,0.,0.,0.004,0.004,0.,0.,0.,0.
12,0.006,0.001,0.005,0.006,0.,0.005,0.001,0.001,0.,0.001,0.,0.001,0.004,0.,0.004,0.,0.,0.,0.004,0.,0.004,0.,0.,0.
13,0.059,0.005,0.053,0.058,0.007,0.051,0.001,0.,0.001,0.001,0.,0.,0.057,0.005,0.052,0.,0.,0.,0.004,0.002,0.001,0.051,0.003,0.048
14,0.005,0.,0.005,0.005,0.,0.004,0.001,0.,0.001,0.001,0.,0.,0.003,0.,0.003,0.,0.,0.,0.003,0.,0.003,0.,0.,0.
15,0.005,0.,0.005,0.005,0.,0.005,0.001,0.,0.001,0.001,0.,0.001,0.004,0.,0.004,0.,0.,0.,0.003,0.,0.003,0.,0.,0.
16,0.006,0.,0.006,0.006,0.,0.006,0.001,0.,0.001,0.001,0.,0.001,0.004,0.,0.004,0.,0.,0.,0.004,0.,0.004,0.,0.,0.
17,0.007,0.,0.007,0.006,0.,0.006,0.001,0.,0.001,0.001,0.,0.001,0.005,0.,0.005,0.,0.,0.,0.004,0.,0.004,0.,0.,0.
18,0.007,0.,0.007,0.007,0.,0.007,0.001,0.,0.001,0.001,0.,0.001,0.005,0.,0.005,0.,0.,0.,0.005,0.,0.005,0.,0.,0.
19,0.008,0.,0.008,0.007,0.,0.007,0.001,0.,0.001,0.001,0.,0.001,0.006,0.,0.006,0.,0.,0.,0.005,0.,0.005,0.,0.,0.
20,0.01,0.,0.01,0.008,0.,0.008,0.002,0.,0.002,0.001,0.,0.001,0.006,0.,0.006,0.,0.,0.,0.005,0.,0.005,0.,0.,0.
21,0.009,0.,0.009,0.01,0.,0.01,0.001,0.,0.001,0.001,0.,0.001,0.007,0.,0.007,0.,0.,0.,0.008,0.,0.008,0.,0.,0.
22,0.01,0.,0.01,0.009,0.,0.009,0.002,0.,0.002,0.002,0.,0.002,0.007,0.,0.007,0.,0.,0.,0.006,0.,0.006,0.,0.,0.
23,0.011,0.,0.011,0.01,0.,0.01,0.002,0.,0.002,0.002,0.,0.002,0.008,0.,0.008,0.,0.,0.,0.007,0.,0.007,0.,0.,0.
24,0.011,0.,0.011,0.01,0.,0.01,0.002,0.,0.002,0.002,0.,0.002,0.008,0.,0.008,0.,0.,0.,0.007,0.,0.007,0.,0.,0.
25,0.08,0.,0.08,0.011,0.,0.011,0.002,0.,0.002,0.002,0.,0.002,0.077,0.,0.077,0.,0.,0.,0.008,0.,0.008,0.,0.,0.
26,0.014,0.,0.014,0.08,0.,0.079,0.002,0.,0.002,0.002,0.,0.002,0.011,0.,0.01,0.,0.,0.,0.076,0.,0.076,0.,0.,0.
27,0.014,0.,0.014,0.013,0.,0.013,0.002,0.,0.002,0.002,0.,0.002,0.01,0.,0.01,0.,0.,0.,0.009,0.,0.009,0.,0.,0.
28,0.015,0.,0.015,0.013,0.,0.013,0.003,0.,0.003,0.003,0.,0.003,0.011,0.,0.011,0.,0.,0.,0.01,0.,0.01,0.,0.,0.
29,0.016,0.,0.016,0.014,0.,0.014,0.003,0.,0.003,0.003,0.,0.003,0.012,0.,0.012,0.,0.,0.,0.01,0.,0.01,0.,0.,0.
30,0.017,0.,0.017,0.015,0.,0.015,0.003,0.,0.003,0.003,0.,0.003,0.012,0.,0.012,0.,0.,0.,0.011,0.,0.011,0.,0.,0.
31,0.018,0.,0.018,0.016,0.,0.016,0.003,0.,0.003,0.003,0.,0.003,0.013,0.,0.013,0.,0.,0.,0.011,0.,0.011,0.,0.,0.
32,0.046,0.,0.046,0.016,0.,0.016,0.003,0.,0.003,0.003,0.,0.003,0.042,0.,0.042,0.,0.,0.,0.012,0.,0.012,0.,0.,0.
33,0.02,0.,0.02,0.045,0.,0.045,0.004,0.,0.004,0.004,0.,0.004,0.014,0.,0.014,0.,0.,0.,0.04,0.,0.04,0.,0.,0.
34,0.022,0.,0.022,0.018,0.,0.018,0.004,0.,0.004,0.004,0.,0.004,0.017,0.,0.017,0.,0.,0.,0.013,0.,0.013,0.,0.,0.
35,0.022,0.,0.022,0.02,0.,0.02,0.004,0.,0.004,0.005,0.,0.005,0.016,0.,0.016,0.,0.,0.,0.014,0.,0.014,0.,0.,0.
36,0.023,0.,0.023,0.02,0.,0.02,0.004,0.,0.004,0.004,0.,0.004,0.017,0.,0.017,0.,0.,0.,0.015,0.,0.015,0.,0.,0.
37,0.024,0.,0.024,0.021,0.,0.021,0.005,0.,0.005,0.005,0.,0.005,0.018,0.,0.018,0.,0.,0.,0.015,0.,0.015,0.,0.,0.
38,0.027,0.,0.027,0.023,0.,0.023,0.006,0.,0.006,0.005,0.,0.005,0.019,0.,0.019,0.,0.,0.,0.017,0.,0.017,0.,0.,0.
39,0.026,0.,0.026,0.024,0.,0.024,0.005,0.,0.005,0.005,0.,0.005,0.02,0.,0.02,0.,0.,0.,0.017,0.,0.017,0.,0.,0.
40,0.038,0.,0.038,0.028,0.001,0.026,0.016,0.,0.016,0.005,0.,0.005,0.021,0.,0.021,0.,0.,0.,0.021,0.001,0.019,0.,0.,0.
41,0.029,0.,0.029,0.025,0.,0.025,0.006,0.,0.006,0.005,0.,0.005,0.022,0.,0.022,0.,0.,0.,0.019,0.,0.019,0.,0.,0.
42,0.031,0.,0.031,0.038,0.,0.038,0.006,0.,0.006,0.006,0.,0.006,0.024,0.,0.024,0.,0.,0.,0.031,0.,0.031,0.,0.,0.
43,0.031,0.,0.031,0.028,0.,0.028,0.006,0.,0.006,0.006,0.,0.006,0.024,0.,0.024,0.,0.,0.,0.02,0.,0.02,0.,0.,0.
44,0.05,0.,0.05,0.031,0.,0.031,0.007,0.,0.007,0.006,0.,0.006,0.042,0.,0.042,0.,0.,0.,0.023,0.,0.023,0.,0.,0.
45,0.037,0.,0.037,0.047,0.,0.047,0.006,0.,0.006,0.022,0.,0.022,0.029,0.,0.029,0.,0.,0.,0.023,0.,0.023,0.,0.,0.
46,0.035,0.,0.035,0.031,0.,0.031,0.007,0.,0.007,0.007,0.,0.007,0.027,0.,0.027,0.,0.,0.,0.023,0.,0.023,0.,0.,0.
47,0.037,0.,0.037,0.034,0.,0.034,0.007,0.,0.007,0.007,0.,0.007,0.029,0.,0.029,0.,0.,0.,0.025,0.,0.025,0.,0.,0.
48,0.118,0.,0.118,0.035,0.,0.035,0.008,0.,0.008,0.008,0.,0.008,0.108,0.,0.108,0.,0.,0.,0.026,0.,0.026,0.,0.,0.
49,0.04,0.,0.04,0.037,0.003,0.034,0.009,0.,0.009,0.008,0.,0.008,0.03,0.,0.03,0.,0.,0.,0.028,0.003,0.024,0.,0.,0.
50,0.112,0.031,0.079,0.103,0.021,0.082,0.06,0.012,0.048,0.061,0.,0.06,0.05,0.019,0.03,0.,0.,0.,0.04,0.02,0.02,0.001,0.,0.
51,0.043,0.,0.043,0.117,0.,0.117,0.009,0.,0.009,0.009,0.,0.009,0.033,0.,0.033,0.,0.,0.,0.107,0.,0.107,0.,0.,0.
52,0.063,0.,0.063,0.04,0.,0.04,0.009,0.,0.009,0.009,0.,0.009,0.052,0.,0.052,0.,0.,0.,0.029,0.,0.029,0.,0.,0.
53,0.047,0.,0.047,0.041,0.,0.041,0.009,0.,0.009,0.009,0.,0.009,0.036,0.,0.036,0.,0.,0.,0.031,0.,0.031,0.,0.,0.
54,0.05,0.,0.05,0.059,0.003,0.056,0.009,0.,0.009,0.009,0.,0.009,0.039,0.,0.039,0.,0.,0.,0.048,0.002,0.046,0.,0.,0.
55,0.052,0.,0.052,0.046,0.,0.046,0.01,0.,0.01,0.01,0.,0.01,0.04,0.,0.04,0.,0.,0.,0.034,0.,0.034,0.,0.,0.
56,0.056,0.,0.056,0.045,0.,0.045,0.01,0.,0.01,0.01,0.,0.01,0.044,0.,0.044,0.,0.,0.,0.033,0.,0.033,0.,0.,0.
57,0.055,0.,0.055,0.048,0.,0.048,0.011,0.,0.011,0.01,0.,0.01,0.043,0.,0.043,0.,0.,0.,0.036,0.,0.036,0.,0.,0.
58,0.056,0.,0.056,0.057,0.,0.057,0.011,0.,0.011,0.011,0.,0.011,0.044,0.,0.044,0.,0.,0.,0.045,0.,0.044,0.,0.,0.
59,0.058,0.,0.058,0.052,0.,0.052,0.012,0.,0.012,0.013,0.,0.013,0.045,0.,0.045,0.,0.,0.,0.037,0.,0.037,0.,0.,0.
60,0.06,0.,0.06,0.053,0.,0.053,0.012,0.,0.012,0.013,0.,0.013,0.046,0.,0.046,0.,0.,0.,0.038,0.,0.038,0.,0.,0.
61,0.061,0.,0.061,0.054,0.,0.054,0.012,0.,0.012,0.013,0.,0.013,0.047,0.,0.047,0.,0.,0.,0.04,0.,0.04,0.,0.,0.
62,0.063,0.,0.063,0.056,0.,0.056,0.012,0.,0.012,0.013,0.,0.013,0.048,0.,0.048,0.002,0.,0.002,0.04,0.,0.04,0.,0.,0.
63,0.066,0.,0.066,0.058,0.,0.058,0.013,0.,0.013,0.012,0.,0.012,0.051,0.,0.051,0.,0.,0.,0.044,0.,0.044,0.,0.,0.
64,0.069,0.,0.069,0.059,0.,0.059,0.013,0.,0.013,0.013,0.,0.013,0.053,0.,0.053,0.,0.,0.,0.044,0.,0.044,0.,0.,0.
65,0.072,0.,0.072,0.061,0.,0.061,0.015,0.,0.015,0.013,0.,0.013,0.055,0.,0.055,0.,0.,0.,0.046,0.,0.046,0.,0.,0.
66,0.072,0.,0.072,0.063,0.,0.063,0.014,0.,0.014,0.014,0.,0.014,0.056,0.,0.056,0.,0.,0.,0.047,0.,0.047,0.,0.,0.
67,0.076,0.,0.076,0.066,0.,0.066,0.015,0.,0.015,0.014,0.,0.014,0.059,0.,0.059,0.,0.,0.,0.049,0.,0.049,0.,0.,0.
68,0.079,0.,0.079,0.068,0.,0.068,0.016,0.,0.016,0.016,0.,0.016,0.06,0.,0.06,0.,0.,0.,0.05,0.,0.05,0.,0.,0.
69,0.079,0.,0.079,0.068,0.,0.068,0.016,0.,0.016,0.015,0.,0.015,0.061,0.,0.061,0.,0.,0.,0.051,0.,0.051,0.,0.,0.
70,0.08,0.,0.08,0.071,0.,0.071,0.017,0.,0.017,0.015,0.,0.015,0.061,0.,0.061,0.,0.,0.,0.053,0.,0.053,0.,0.,0.
71,0.083,0.,0.083,0.078,0.,0.078,0.016,0.,0.016,0.019,0.,0.019,0.065,0.,0.065,0.,0.,0.,0.056,0.,0.056,0.,0.,0.
72,0.091,0.,0.091,0.074,0.,0.074,0.02,0.,0.02,0.016,0.,0.016,0.069,0.,0.069,0.,0.,0.,0.056,0.,0.056,0.,0.,0.
73,0.089,0.,0.089,0.077,0.,0.077,0.017,0.,0.017,0.017,0.,0.017,0.07,0.,0.07,0.,0.,0.,0.058,0.,0.058,0.,0.,0.
74,0.09,0.,0.09,0.083,0.,0.083,0.018,0.,0.018,0.021,0.,0.021,0.07,0.,0.07,0.,0.,0.,0.06,0.,0.06,0.,0.,0.
75,0.092,0.,0.092,0.082,0.,0.082,0.019,0.,0.019,0.018,0.,0.018,0.071,0.,0.071,0.,0.,0.,0.062,0.,0.062,0.,0.,0.
76,0.099,0.,0.099,0.081,0.,0.081,0.021,0.,0.021,0.019,0.,0.019,0.075,0.,0.075,0.,0.,0.,0.06,0.,0.06,0.,0.,0.
77,0.097,0.,0.097,0.086,0.,0.086,0.019,0.,0.019,0.018,0.,0.018,0.076,0.,0.076,0.,0.,0.,0.065,0.,0.065,0.,0.,0.
78,0.105,0.,0.105,0.093,0.,0.093,0.019,0.,0.019,0.025,0.,0.025,0.083,0.,0.083,0.,0.,0.,0.066,0.,0.066,0.,0.,0.
79,0.108,0.,0.108,0.091,0.,0.091,0.02,0.,0.02,0.02,0.,0.02,0.086,0.,0.086,0.,0.,0.,0.069,0.,0.069,0.001,0.,0.001
80,0.111,0.003,0.108,0.089,0.,0.089,0.02,0.,0.02,0.02,0.,0.02,0.089,0.003,0.086,0.,0.,0.,0.067,0.,0.067,0.,0.,0.
81,0.11,0.,0.11,0.092,0.,0.092,0.021,0.,0.021,0.022,0.,0.022,0.086,0.,0.086,0.,0.,0.,0.068,0.,0.068,0.001,0.,0.001
82,0.111,0.,0.11,0.1,0.,0.1,0.022,0.,0.022,0.023,0.,0.023,0.086,0.,0.086,0.001,0.,0.001,0.074,0.,0.074,0.001,0.,0.001
83,0.114,0.,0.114,0.102,0.,0.102,0.023,0.,0.023,0.022,0.,0.022,0.089,0.,0.089,0.001,0.,0.001,0.078,0.,0.078,0.001,0.,0.001
84,0.116,0.,0.116,0.1,0.,0.1,0.023,0.,0.023,0.022,0.,0.022,0.091,0.,0.091,0.001,0.,0.001,0.075,0.,0.075,0.001,0.,0.001
85,0.119,0.,0.119,0.102,0.,0.102,0.024,0.,0.024,0.023,0.,0.023,0.093,0.,0.093,0.001,0.,0.001,0.077,0.,0.077,0.001,0.,0.001
86,0.125,0.,0.125,0.104,0.,0.104,0.025,0.,0.025,0.025,0.,0.025,0.097,0.,0.097,0.001,0.,0.001,0.077,0.,0.077,0.001,0.,0.001
87,0.133,0.,0.133,0.113,0.,0.113,0.027,0.,0.027,0.029,0.,0.029,0.104,0.,0.104,0.001,0.,0.001,0.081,0.,0.081,0.001,0.,0.001
88,0.132,0.,0.132,0.116,0.002,0.114,0.024,0.,0.024,0.031,0.,0.031,0.105,0.,0.105,0.001,0.,0.001,0.083,0.001,0.081,0.001,0.,0.001
89,0.143,0.,0.143,0.117,0.,0.117,0.03,0.,0.03,0.03,0.,0.03,0.11,0.,0.11,0.001,0.,0.001,0.084,0.,0.084,0.001,0.,0.001
90,0.142,0.,0.142,0.118,0.,0.118,0.026,0.,0.026,0.03,0.,0.03,0.107,0.,0.107,0.006,0.,0.006,0.085,0.,0.085,0.001,0.,0.001
91,0.135,0.,0.135,0.117,0.,0.117,0.027,0.,0.027,0.026,0.,0.026,0.106,0.,0.106,0.001,0.,0.001,0.088,0.,0.088,0.001,0.,0.001
92,0.142,0.,0.142,0.119,0.,0.119,0.027,0.,0.027,0.027,0.,0.027,0.109,0.,0.109,0.004,0.,0.004,0.089,0.,0.089,0.001,0.,0.001
93,0.155,0.,0.155,0.123,0.,0.123,0.033,0.,0.033,0.028,0.,0.028,0.119,0.,0.119,0.001,0.,0.001,0.092,0.,0.092,0.001,0.,0.001
94,0.152,0.,0.152,0.127,0.,0.127,0.029,0.,0.029,0.03,0.,0.03,0.12,0.,0.12,0.001,0.,0.001,0.094,0.,0.094,0.001,0.,0.001
95,0.153,0.,0.153,0.139,0.,0.139,0.032,0.,0.032,0.032,0.,0.032,0.119,0.,0.119,0.001,0.,0.001,0.104,0.,0.104,0.001,0.,0.001
96,0.164,0.,0.164,0.137,0.,0.137,0.035,0.,0.035,0.028,0.,0.028,0.126,0.,0.126,0.001,0.,0.001,0.106,0.,0.106,0.001,0.,0.001
97,0.163,0.,0.163,0.15,0.003,0.146,0.033,0.,0.033,0.036,0.,0.036,0.128,0.,0.128,0.001,0.,0.001,0.111,0.003,0.107,0.001,0.,0.001
98,0.165,0.003,0.161,0.151,0.,0.151,0.03,0.,0.03,0.03,0.,0.03,0.132,0.003,0.128,0.001,0.,0.001,0.118,0.,0.118,0.001,0.,0.001
99,0.179,0.,0.179,0.143,0.,0.143,0.033,0.,0.033,0.034,0.,0.034,0.143,0.,0.143,0.001,0.,0.001,0.106,0.,0.106,0.001,0.,0.001
100,0.238,0.,0.238,0.226,0.,0.226,0.035,0.,0.035,0.112,0.,0.112,0.2,0.,0.2,0.001,0.,0.001,0.112,0.,0.112,0.001,0.,0.001
110,0.213,0.004,0.209,0.19,0.,0.19,0.046,0.,0.046,0.047,0.,0.047,0.164,0.003,0.159,0.001,0.,0.001,0.14,0.,0.14,0.001,0.,0.001
120,0.249,0.002,0.246,0.208,0.,0.208,0.046,0.,0.046,0.048,0.,0.048,0.199,0.001,0.197,0.001,0.,0.001,0.157,0.,0.157,0.001,0.,0.001
130,0.302,0.,0.302,0.258,0.,0.258,0.058,0.,0.058,0.057,0.,0.057,0.24,0.,0.24,0.001,0.,0.001,0.197,0.,0.197,0.001,0.,0.001
140,0.35,0.,0.35,0.284,0.,0.284,0.071,0.,0.071,0.062,0.,0.062,0.276,0.,0.276,0.002,0.,0.002,0.218,0.,0.218,0.002,0.,0.002
150,0.433,0.003,0.429,0.362,0.,0.362,0.079,0.,0.079,0.087,0.,0.087,0.35,0.003,0.346,0.002,0.,0.002,0.272,0.,0.272,0.002,0.,0.002
160,0.473,0.003,0.469,0.411,0.007,0.403,0.091,0.,0.091,0.091,0.,0.091,0.378,0.003,0.374,0.002,0.,0.002,0.315,0.007,0.307,0.002,0.,0.002
170,0.532,0.,0.532,0.455,0.,0.455,0.094,0.,0.094,0.106,0.,0.106,0.433,0.,0.433,0.002,0.,0.002,0.344,0.,0.344,0.002,0.,0.002
180,0.633,0.,0.633,0.523,0.,0.523,0.13,0.,0.13,0.113,0.,0.113,0.498,0.,0.498,0.003,0.,0.003,0.405,0.,0.405,0.003,0.,0.003
190,0.69,0.003,0.686,0.636,0.003,0.633,0.128,0.,0.128,0.119,0.003,0.115,0.557,0.003,0.553,0.003,0.,0.003,0.512,0.,0.512,0.003,0.,0.003
200,0.926,0.007,0.918,0.745,0.011,0.733,0.184,0.,0.184,0.15,0.,0.149,0.737,0.007,0.729,0.003,0.,0.003,0.59,0.007,0.582,0.003,0.003,0.
210,0.879,0.024,0.855,0.743,0.011,0.731,0.158,0.012,0.146,0.159,0.,0.159,0.715,0.011,0.703,0.003,0.,0.003,0.578,0.011,0.566,0.003,0.,0.003
220,0.975,0.007,0.967,0.773,0.004,0.769,0.165,0.003,0.161,0.157,0.,0.157,0.804,0.003,0.8,0.004,0.,0.004,0.609,0.003,0.605,0.004,0.,0.004
230,1.074,0.,1.074,0.923,0.,0.923,0.199,0.,0.199,0.192,0.,0.192,0.868,0.,0.868,0.004,0.,0.004,0.725,0.,0.724,0.004,0.,0.004
240,1.19,0.007,1.182,0.934,0.,0.934,0.193,0.,0.192,0.196,0.,0.196,0.991,0.003,0.986,0.004,0.003,0.,0.731,0.,0.731,0.004,0.,0.004
250,1.346,0.012,1.334,1.192,0.004,1.188,0.212,0.,0.212,0.225,0.,0.225,1.127,0.011,1.115,0.005,0.,0.005,0.952,0.003,0.948,0.013,0.,0.013
260,1.391,0.004,1.386,1.141,0.,1.14,0.233,0.,0.233,0.225,0.,0.225,1.15,0.004,1.146,0.005,0.,0.005,0.907,0.,0.907,0.005,0.,0.005
270,1.503,0.,1.503,1.302,0.,1.302,0.234,0.,0.234,0.254,0.,0.254,1.261,0.,1.261,0.005,0.,0.005,1.04,0.,1.04,0.005,0.,0.005
280,1.704,0.,1.702,1.365,0.027,1.337,0.259,0.,0.259,0.256,0.007,0.248,1.437,0.,1.435,0.006,0.,0.006,1.1,0.019,1.08,0.006,0.,0.006
290,1.792,0.,1.791,1.635,0.007,1.627,0.284,0.,0.284,0.289,0.,0.289,1.499,0.,1.499,0.006,0.,0.006,1.337,0.007,1.329,0.006,0.,0.006
300,2.037,0.008,2.029,1.633,0.031,1.601,0.299,0.,0.299,0.298,0.007,0.29,1.729,0.008,1.721,0.006,0.,0.006,1.326,0.023,1.302,0.006,0.,0.006
310,2.11,0.,2.11,1.708,0.001,1.706,0.345,0.,0.345,0.3,0.,0.3,1.747,0.,1.747,0.014,0.,0.014,1.399,0.,1.398,0.007,0.,0.007
320,2.247,0.,2.247,1.887,0.004,1.883,0.347,0.,0.347,0.349,0.,0.349,1.891,0.,1.89,0.007,0.,0.007,1.528,0.003,1.524,0.007,0.,0.007
330,2.455,0.,2.455,1.974,0.003,1.97,0.393,0.,0.393,0.355,0.003,0.35,2.052,0.,2.051,0.008,0.,0.008,1.609,0.,1.609,0.008,0.,0.008
340,2.649,0.,2.648,2.06,0.012,2.048,0.393,0.,0.393,0.363,0.,0.363,2.245,0.,2.245,0.008,0.,0.008,1.687,0.011,1.674,0.008,0.,0.008
350,3.07,0.023,3.045,2.308,0.008,2.3,0.441,0.004,0.437,0.402,0.,0.402,2.618,0.019,2.598,0.008,0.,0.008,1.895,0.007,1.887,0.008,0.,0.008
360,3.081,0.011,3.069,2.438,0.,2.438,0.435,0.,0.435,0.429,0.,0.429,2.634,0.011,2.622,0.009,0.,0.009,1.998,0.,1.998,0.009,0.,0.009
370,3.492,0.,3.492,2.488,0.,2.488,0.489,0.,0.489,0.427,0.,0.427,2.991,0.,2.991,0.009,0.,0.009,2.049,0.,2.049,0.009,0.,0.009
380,3.388,0.,3.388,2.794,0.,2.794,0.475,0.,0.475,0.472,0.,0.472,2.901,0.,2.901,0.01,0.,0.01,2.31,0.,2.31,0.01,0.,0.01
390,3.618,0.,3.618,2.977,0.011,2.964,0.512,0.,0.512,0.487,0.,0.487,3.093,0.,3.093,0.01,0.,0.01,2.476,0.011,2.464,0.01,0.,0.01
400,3.947,0.,3.947,3.128,0.007,3.119,0.534,0.,0.534,0.514,0.,0.514,3.394,0.,3.393,0.017,0.,0.017,2.601,0.007,2.593,0.011,0.,0.011