param-n,autorewrite-noop-regression-quadratic-real,autorewrite-noop-regression-quadratic-sys,autorewrite-noop-regression-quadratic-user,try-rewrite!-evar-noop-regression-quadratic-real,try-rewrite!-evar-noop-regression-quadratic-sys,try-rewrite!-evar-noop-regression-quadratic-user,try-rewrite!-noop-regression-quadratic-real,try-rewrite!-noop-regression-quadratic-sys,try-rewrite!-noop-regression-quadratic-user,try-rewrite-evar-noop-regression-quadratic-real,try-rewrite-evar-noop-regression-quadratic-sys,try-rewrite-evar-noop-regression-quadratic-user,try-rewrite-noop-regression-quadratic-real,try-rewrite-noop-regression-quadratic-sys,try-rewrite-noop-regression-quadratic-user,try-rewrite?-evar-noop-regression-quadratic-real,try-rewrite?-evar-noop-regression-quadratic-sys,try-rewrite?-evar-noop-regression-quadratic-user,try-rewrite?-noop-regression-quadratic-real,try-rewrite?-noop-regression-quadratic-sys,try-rewrite?-noop-regression-quadratic-user,try-ssr-rewrite!-evar-noop-regression-linear-real,try-ssr-rewrite!-evar-noop-regression-linear-sys,try-ssr-rewrite!-evar-noop-regression-linear-user,try-ssr-rewrite!-noop-regression-linear-real,try-ssr-rewrite!-noop-regression-linear-sys,try-ssr-rewrite!-noop-regression-linear-user,try-ssr-rewrite-evar-noop-regression-linear-real,try-ssr-rewrite-evar-noop-regression-linear-sys,try-ssr-rewrite-evar-noop-regression-linear-user,try-ssr-rewrite-noop-regression-linear-real,try-ssr-rewrite-noop-regression-linear-sys,try-ssr-rewrite-noop-regression-linear-user,try-ssr-rewrite?-evar-noop-regression-linear-real,try-ssr-rewrite?-evar-noop-regression-linear-sys,try-ssr-rewrite?-evar-noop-regression-linear-user,try-ssr-rewrite?-noop-regression-linear-real,try-ssr-rewrite?-noop-regression-linear-sys,try-ssr-rewrite?-noop-regression-linear-user
1,0.,0.,0.,0.,0.,0.,0.,0.,0.,0.,0.,0.,0.,0.,0.,0.,0.,0.,0.,0.,0.,0.,0.,0.,0.,0.,0.,0.,0.,0.,0.001,0.,0.001,0.,0.,0.,0.,0.,0.
2,0.,0.,0.,0.,0.,0.,0.,0.,0.,0.,0.,0.,0.,0.,0.,0.,0.,0.,0.,0.,0.,0.,0.,0.,0.,0.,0.,0.,0.,0.,0.,0.,0.,0.,0.,0.,0.,0.,0.
3,0.,0.,0.,0.,0.,0.,0.,0.,0.,0.,0.,0.,0.,0.,0.,0.,0.,0.,0.,0.,0.,0.,0.,0.,0.,0.,0.,0.,0.,0.,0.,0.,0.,0.,0.,0.,0.,0.,0.
4,0.,0.,0.,0.,0.,0.,0.,0.,0.,0.,0.,0.,0.,0.,0.,0.,0.,0.,0.,0.,0.,0.,0.,0.,0.,0.,0.,0.,0.,0.,0.,0.,0.,0.,0.,0.,0.,0.,0.
8,0.,0.,0.,0.,0.,0.,0.,0.,0.,0.,0.,0.,0.,0.,0.,0.,0.,0.,0.,0.,0.,0.,0.,0.,0.,0.,0.,0.,0.,0.,0.,0.,0.,0.,0.,0.,0.,0.,0.
12,0.,0.,0.,0.,0.,0.,0.,0.,0.,0.,0.,0.,0.,0.,0.,0.,0.,0.,0.,0.,0.,0.,0.,0.,0.,0.,0.,0.,0.,0.,0.,0.,0.,0.,0.,0.,0.,0.,0.
16,0.,0.,0.,0.,0.,0.,0.,0.,0.,0.,0.,0.,0.,0.,0.,0.,0.,0.,0.,0.,0.,0.,0.,0.,0.,0.,0.,0.045,0.007,0.037,0.,0.,0.,0.,0.,0.,0.,0.,0.
20,0.,0.,0.,0.,0.,0.,0.,0.,0.,0.,0.,0.,0.,0.,0.,0.,0.,0.,0.,0.,0.,0.,0.,0.,0.,0.,0.,0.,0.,0.,0.,0.,0.,0.,0.,0.,0.,0.,0.
24,0.,0.,0.,0.,0.,0.,0.,0.,0.,0.,0.,0.,0.,0.,0.,0.,0.,0.,0.,0.,0.,0.,0.,0.,0.,0.,0.,0.,0.,0.,0.,0.,0.,0.,0.,0.,0.,0.,0.
28,0.,0.,0.,0.,0.,0.,0.,0.,0.,0.,0.,0.,0.,0.,0.,0.,0.,0.,0.,0.,0.,0.,0.,0.,0.,0.,0.,0.,0.,0.,0.,0.,0.,0.,0.,0.,0.,0.,0.
32,0.,0.,0.,0.,0.,0.,0.,0.,0.,0.,0.,0.,0.,0.,0.,0.,0.,0.,0.,0.,0.,0.,0.,0.,0.,0.,0.,0.,0.,0.,0.,0.,0.,0.,0.,0.,0.,0.,0.
36,0.,0.,0.,0.,0.,0.,0.,0.,0.,0.,0.,0.,0.,0.,0.,0.,0.,0.,0.,0.,0.,0.,0.,0.,0.,0.,0.,0.,0.,0.,0.,0.,0.,0.,0.,0.,0.,0.,0.
40,0.,0.,0.,0.,0.,0.,0.,0.,0.,0.,0.,0.,0.,0.,0.,0.,0.,0.,0.,0.,0.,0.,0.,0.,0.,0.,0.,0.,0.,0.,0.,0.,0.,0.,0.,0.,0.,0.,0.
44,0.,0.,0.,0.,0.,0.,0.,0.,0.,0.,0.,0.,0.,0.,0.,0.,0.,0.,0.,0.,0.,0.,0.,0.,0.,0.,0.,0.,0.,0.,0.,0.,0.,0.,0.,0.,0.,0.,0.
48,0.,0.,0.,0.001,0.,0.001,0.,0.,0.,0.,0.,0.,0.,0.,0.,0.,0.,0.,0.,0.,0.,0.,0.,0.,0.,0.,0.,0.,0.,0.,0.,0.,0.,0.,0.,0.,0.,0.,0.
50,0.001,0.001,0.,0.001,0.,0.001,0.001,0.001,0.,0.001,0.,0.001,0.001,0.001,0.,0.001,0.,0.001,0.,0.,0.,0.,0.,0.,0.,0.,0.,0.,0.,0.,0.,0.,0.,0.,0.,0.,0.,0.,0.
52,0.,0.,0.,0.001,0.,0.001,0.,0.,0.,0.,0.,0.,0.,0.,0.,0.,0.,0.,0.,0.,0.,0.,0.,0.,0.,0.,0.,0.,0.,0.,0.,0.,0.,0.,0.,0.,0.,0.,0.
56,0.,0.,0.,0.001,0.,0.001,0.,0.,0.,0.001,0.,0.001,0.,0.,0.,0.001,0.,0.001,0.,0.,0.,0.,0.,0.,0.,0.,0.,0.,0.,0.,0.,0.,0.,0.,0.,0.,0.,0.,0.
60,0.,0.,0.,0.001,0.,0.001,0.,0.,0.,0.001,0.,0.001,0.,0.,0.,0.001,0.,0.001,0.,0.,0.,0.,0.,0.,0.,0.,0.,0.,0.,0.,0.,0.,0.,0.,0.,0.,0.,0.,0.
64,0.,0.,0.,0.001,0.,0.001,0.,0.,0.,0.001,0.,0.001,0.,0.,0.,0.001,0.,0.001,0.,0.,0.,0.,0.,0.,0.,0.,0.,0.,0.,0.,0.,0.,0.,0.,0.,0.,0.,0.,0.
68,0.,0.,0.,0.001,0.,0.001,0.,0.,0.,0.001,0.,0.001,0.,0.,0.,0.001,0.,0.001,0.,0.,0.,0.,0.,0.,0.,0.,0.,0.,0.,0.,0.,0.,0.,0.,0.,0.,0.,0.,0.
72,0.,0.,0.,0.001,0.,0.001,0.,0.,0.,0.001,0.,0.001,0.,0.,0.,0.001,0.,0.001,0.001,0.,0.001,0.,0.,0.,0.,0.,0.,0.,0.,0.,0.,0.,0.,0.,0.,0.,0.,0.,0.
76,0.001,0.,0.001,0.001,0.,0.001,0.,0.,0.,0.001,0.,0.001,0.,0.,0.,0.001,0.,0.001,0.,0.,0.,0.,0.,0.,0.,0.,0.,0.,0.,0.,0.,0.,0.,0.,0.,0.,0.,0.,0.
80,0.001,0.,0.001,0.001,0.,0.001,0.,0.,0.,0.001,0.,0.001,0.,0.,0.,0.001,0.,0.001,0.,0.,0.,0.,0.,0.,0.,0.,0.,0.,0.,0.,0.,0.,0.,0.,0.,0.,0.,0.,0.
84,0.,0.,0.,0.001,0.,0.001,0.,0.,0.,0.001,0.,0.001,0.,0.,0.,0.001,0.,0.001,0.,0.,0.,0.,0.,0.,0.,0.,0.,0.,0.,0.,0.,0.,0.,0.,0.,0.,0.,0.,0.
88,0.001,0.,0.001,0.002,0.,0.002,0.001,0.,0.001,0.001,0.,0.001,0.,0.,0.,0.002,0.,0.002,0.,0.,0.,0.,0.,0.,0.,0.,0.,0.,0.,0.,0.,0.,0.,0.,0.,0.,0.,0.,0.
92,0.001,0.,0.001,0.001,0.,0.001,0.001,0.,0.001,0.001,0.,0.001,0.,0.,0.,0.001,0.,0.001,0.001,0.,0.001,0.,0.,0.,0.,0.,0.,0.,0.,0.,0.,0.,0.,0.,0.,0.,0.,0.,0.
96,0.001,0.,0.001,0.001,0.,0.001,0.,0.,0.,0.001,0.,0.001,0.001,0.,0.001,0.001,0.,0.001,0.001,0.,0.001,0.,0.,0.,0.,0.,0.,0.,0.,0.,0.,0.,0.,0.,0.,0.,0.,0.,0.
100,0.001,0.001,0.,0.002,0.,0.002,0.002,0.002,0.,0.003,0.003,0.,0.002,0.,0.002,0.002,0.,0.001,0.001,0.,0.001,0.,0.,0.,0.,0.,0.,0.,0.,0.,0.,0.,0.,0.,0.,0.,0.,0.,0.
104,0.001,0.,0.001,0.001,0.,0.001,0.001,0.,0.001,0.001,0.,0.001,0.001,0.,0.001,0.001,0.,0.001,0.001,0.,0.001,0.,0.,0.,0.,0.,0.,0.,0.,0.,0.,0.,0.,0.,0.,0.,0.,0.,0.
108,0.001,0.,0.001,0.001,0.,0.001,0.001,0.,0.001,0.001,0.,0.001,0.001,0.,0.001,0.001,0.,0.001,0.001,0.,0.001,0.,0.,0.,0.,0.,0.,0.,0.,0.,0.,0.,0.,0.,0.,0.,0.,0.,0.
112,0.001,0.,0.001,0.002,0.,0.002,0.001,0.,0.001,0.002,0.,0.002,0.001,0.,0.001,0.001,0.,0.001,0.001,0.,0.001,0.,0.,0.,0.,0.,0.,0.,0.,0.,0.,0.,0.,0.,0.,0.,0.,0.,0.
116,0.001,0.,0.001,0.002,0.,0.002,0.001,0.,0.001,0.002,0.,0.002,0.001,0.,0.001,0.002,0.,0.002,0.001,0.,0.001,0.,0.,0.,0.,0.,0.,0.,0.,0.,0.,0.,0.,0.,0.,0.,0.,0.,0.
120,0.001,0.,0.001,0.002,0.,0.002,0.001,0.,0.001,0.002,0.,0.002,0.001,0.,0.001,0.002,0.,0.002,0.001,0.,0.001,0.,0.,0.,0.,0.,0.,0.,0.,0.,0.,0.,0.,0.,0.,0.,0.,0.,0.
124,0.001,0.,0.001,0.002,0.,0.002,0.001,0.,0.001,0.002,0.,0.002,0.001,0.,0.001,0.002,0.,0.002,0.001,0.,0.001,0.,0.,0.,0.,0.,0.,0.,0.,0.,0.,0.,0.,0.,0.,0.,0.,0.,0.
128,0.001,0.,0.001,0.004,0.,0.004,0.001,0.,0.001,0.002,0.,0.002,0.001,0.,0.001,0.003,0.,0.003,0.001,0.,0.001,0.,0.,0.,0.,0.,0.,0.,0.,0.,0.,0.,0.,0.,0.,0.,0.,0.,0.
132,0.001,0.,0.001,0.002,0.,0.002,0.001,0.,0.001,0.002,0.,0.002,0.001,0.,0.001,0.002,0.,0.002,0.001,0.,0.001,0.,0.,0.,0.,0.,0.,0.,0.,0.,0.,0.,0.,0.,0.,0.,0.,0.,0.
136,0.001,0.,0.001,0.002,0.,0.002,0.001,0.,0.001,0.002,0.,0.002,0.001,0.,0.001,0.002,0.,0.002,0.001,0.,0.001,0.,0.,0.,0.,0.,0.,0.,0.,0.,0.,0.,0.,0.,0.,0.,0.,0.,0.
140,0.001,0.,0.001,0.002,0.,0.002,0.001,0.,0.001,0.002,0.,0.002,0.001,0.,0.001,0.002,0.,0.002,0.002,0.,0.002,0.,0.,0.,0.,0.,0.,0.,0.,0.,0.,0.,0.,0.,0.,0.,0.,0.,0.
144,0.001,0.,0.001,0.02,0.,0.02,0.001,0.,0.001,0.003,0.,0.003,0.001,0.,0.001,0.002,0.,0.002,0.001,0.,0.001,0.,0.,0.,0.,0.,0.,0.,0.,0.,0.,0.,0.,0.,0.,0.,0.,0.,0.
148,0.001,0.,0.001,0.002,0.,0.002,0.002,0.,0.002,0.002,0.,0.002,0.001,0.,0.001,0.002,0.,0.002,0.001,0.,0.001,0.,0.,0.,0.,0.,0.,0.,0.,0.,0.,0.,0.,0.,0.,0.,0.,0.,0.
150,0.002,0.,0.002,0.003,0.,0.003,0.002,0.,0.002,0.004,0.003,0.001,0.002,0.,0.002,0.004,0.,0.004,0.002,0.,0.002,0.,0.,0.,0.,0.,0.,0.,0.,0.,0.,0.,0.,0.,0.,0.,0.,0.,0.
152,0.001,0.,0.001,0.002,0.,0.002,0.001,0.,0.001,0.002,0.,0.002,0.002,0.,0.002,0.003,0.,0.003,0.001,0.,0.001,0.,0.,0.,0.,0.,0.,0.,0.,0.,0.,0.,0.,0.,0.,0.,0.,0.,0.
156,0.001,0.,0.001,0.002,0.,0.002,0.001,0.,0.001,0.003,0.,0.003,0.001,0.,0.001,0.003,0.,0.003,0.001,0.,0.001,0.,0.,0.,0.,0.,0.,0.,0.,0.,0.,0.,0.,0.,0.,0.,0.,0.,0.
160,0.001,0.,0.001,0.002,0.,0.002,0.001,0.,0.001,0.002,0.,0.002,0.001,0.,0.001,0.003,0.,0.003,0.001,0.,0.001,0.,0.,0.,0.,0.,0.,0.,0.,0.,0.,0.,0.,0.,0.,0.,0.,0.,0.
164,0.001,0.,0.001,0.003,0.,0.003,0.001,0.,0.001,0.003,0.,0.003,0.001,0.,0.001,0.003,0.,0.003,0.001,0.,0.001,0.,0.,0.,0.,0.,0.,0.,0.,0.,0.,0.,0.,0.,0.,0.,0.,0.,0.
168,0.001,0.,0.001,0.003,0.,0.003,0.001,0.,0.001,0.003,0.,0.003,0.002,0.,0.002,0.003,0.,0.003,0.001,0.,0.001,0.,0.,0.,0.,0.,0.,0.,0.,0.,0.,0.,0.,0.,0.,0.,0.,0.,0.
172,0.001,0.,0.001,0.003,0.,0.003,0.027,0.,0.027,0.003,0.,0.003,0.001,0.,0.001,0.003,0.,0.003,0.001,0.,0.001,0.,0.,0.,0.,0.,0.,0.,0.,0.,0.,0.,0.,0.,0.,0.,0.,0.,0.
176,0.001,0.,0.001,0.003,0.,0.003,0.001,0.,0.001,0.003,0.,0.003,0.001,0.,0.001,0.003,0.,0.003,0.001,0.,0.001,0.,0.,0.,0.,0.,0.,0.,0.,0.,0.,0.,0.,0.,0.,0.,0.,0.,0.
180,0.001,0.,0.001,0.003,0.,0.003,0.001,0.,0.001,0.003,0.,0.003,0.001,0.,0.001,0.004,0.,0.004,0.002,0.,0.002,0.,0.,0.,0.,0.,0.,0.,0.,0.,0.,0.,0.,0.,0.,0.,0.,0.,0.
184,0.001,0.,0.001,0.003,0.,0.003,0.13,0.,0.13,0.003,0.,0.003,0.002,0.,0.002,0.005,0.,0.005,0.001,0.,0.001,0.,0.,0.,0.,0.,0.,0.,0.,0.,0.,0.,0.,0.,0.,0.,0.,0.,0.
188,0.001,0.,0.001,0.003,0.,0.003,0.002,0.,0.002,0.003,0.,0.003,0.002,0.,0.002,0.003,0.,0.003,0.001,0.,0.001,0.,0.,0.,0.,0.,0.,0.,0.,0.,0.,0.,0.,0.,0.,0.,0.,0.,0.
192,0.002,0.,0.002,0.003,0.,0.003,0.002,0.,0.002,0.003,0.,0.003,0.001,0.,0.001,0.003,0.,0.003,0.002,0.,0.002,0.,0.,0.,0.,0.,0.,0.,0.,0.,0.,0.,0.,0.,0.,0.,0.,0.,0.
196,0.001,0.,0.001,0.003,0.,0.003,0.002,0.,0.002,0.004,0.,0.004,0.001,0.,0.001,0.003,0.,0.003,0.002,0.,0.002,0.,0.,0.,0.,0.,0.,0.,0.,0.,0.,0.,0.,0.,0.,0.,0.,0.,0.
200,0.053,0.02,0.033,0.003,0.,0.003,0.002,0.,0.002,0.004,0.,0.004,0.002,0.,0.001,0.003,0.,0.003,0.002,0.,0.002,0.,0.,0.,0.,0.,0.,0.,0.,0.,0.,0.,0.,0.,0.,0.,0.,0.,0.
204,0.002,0.,0.002,0.003,0.,0.003,0.002,0.,0.002,0.004,0.,0.004,0.002,0.,0.002,0.003,0.,0.003,0.002,0.,0.002,0.,0.,0.,0.,0.,0.,0.,0.,0.,0.,0.,0.,0.,0.,0.,0.,0.,0.
208,0.002,0.,0.002,0.004,0.,0.004,0.002,0.,0.002,0.021,0.,0.021,0.002,0.,0.002,0.004,0.,0.004,0.001,0.,0.001,0.,0.,0.,0.,0.,0.,0.,0.,0.,0.001,0.,0.001,0.,0.,0.,0.,0.,0.
212,0.002,0.,0.002,0.004,0.,0.004,0.002,0.,0.002,0.004,0.,0.004,0.002,0.,0.002,0.003,0.,0.003,0.002,0.,0.002,0.,0.,0.,0.,0.,0.,0.,0.,0.,0.,0.,0.,0.,0.,0.,0.,0.,0.
216,0.002,0.,0.002,0.004,0.,0.004,0.002,0.,0.002,0.004,0.,0.004,0.002,0.,0.002,0.004,0.,0.004,0.002,0.,0.002,0.,0.,0.,0.,0.,0.,0.,0.,0.,0.,0.,0.,0.,0.,0.,0.,0.,0.
220,0.002,0.,0.002,0.004,0.,0.004,0.002,0.,0.002,0.004,0.,0.004,0.002,0.,0.002,0.004,0.,0.004,0.002,0.,0.002,0.,0.,0.,0.,0.,0.,0.,0.,0.,0.,0.,0.,0.,0.,0.,0.,0.,0.
224,0.002,0.,0.002,0.004,0.,0.004,0.002,0.,0.002,0.004,0.,0.004,0.002,0.,0.002,0.004,0.,0.004,0.002,0.,0.002,0.,0.,0.,0.,0.,0.,0.,0.,0.,0.,0.,0.,0.,0.,0.,0.,0.,0.
228,0.002,0.,0.002,0.004,0.,0.004,0.003,0.,0.003,0.004,0.,0.004,0.002,0.,0.002,0.004,0.,0.004,0.002,0.,0.002,0.,0.,0.,0.,0.,0.,0.,0.,0.,0.,0.,0.,0.,0.,0.,0.,0.,0.
232,0.002,0.,0.002,0.004,0.,0.004,0.002,0.,0.002,0.005,0.,0.004,0.002,0.,0.002,0.004,0.,0.004,0.002,0.,0.002,0.,0.,0.,0.,0.,0.,0.,0.,0.,0.,0.,0.,0.,0.,0.,0.,0.,0.
236,0.002,0.,0.002,0.004,0.,0.004,0.002,0.,0.002,0.004,0.,0.004,0.002,0.,0.002,0.005,0.,0.005,0.004,0.,0.004,0.,0.,0.,0.,0.,0.,0.,0.,0.,0.,0.,0.,0.,0.,0.,0.,0.,0.
240,0.002,0.,0.002,0.004,0.,0.004,0.002,0.,0.002,0.006,0.,0.006,0.002,0.,0.002,0.004,0.,0.004,0.002,0.,0.002,0.,0.,0.,0.,0.,0.,0.,0.,0.,0.,0.,0.,0.,0.,0.,0.,0.,0.
244,0.002,0.,0.002,0.004,0.,0.004,0.002,0.,0.002,0.004,0.,0.004,0.002,0.,0.002,0.004,0.,0.004,0.002,0.,0.002,0.,0.,0.,0.,0.,0.,0.,0.,0.,0.,0.,0.,0.,0.,0.,0.,0.,0.
248,0.022,0.,0.022,0.004,0.,0.004,0.003,0.,0.003,0.004,0.,0.004,0.002,0.,0.002,0.005,0.,0.005,0.002,0.,0.002,0.,0.,0.,0.,0.,0.,0.,0.,0.,0.,0.,0.,0.,0.,0.,0.,0.,0.
250,0.002,0.,0.002,0.004,0.,0.004,0.002,0.,0.002,0.005,0.,0.005,0.002,0.,0.002,0.004,0.,0.004,0.002,0.,0.002,0.,0.,0.,0.,0.,0.,0.,0.,0.,0.,0.,0.,0.,0.,0.,0.,0.,0.
252,0.002,0.,0.002,0.005,0.,0.005,0.002,0.,0.002,0.004,0.,0.004,0.002,0.,0.002,0.004,0.,0.004,0.003,0.,0.003,0.,0.,0.,0.,0.,0.,0.,0.,0.,0.,0.,0.,0.,0.,0.,0.,0.,0.
256,0.002,0.,0.002,0.005,0.,0.005,0.003,0.,0.003,0.005,0.,0.005,0.002,0.,0.002,0.005,0.,0.005,0.002,0.,0.002,0.,0.,0.,0.,0.,0.,0.,0.,0.,0.,0.,0.,0.,0.,0.,0.,0.,0.
260,0.002,0.,0.002,0.005,0.,0.005,0.002,0.,0.002,0.005,0.,0.005,0.003,0.,0.003,0.005,0.,0.005,0.002,0.,0.002,0.,0.,0.,0.,0.,0.,0.,0.,0.,0.,0.,0.,0.,0.,0.,0.,0.,0.
264,0.003,0.,0.003,0.005,0.,0.005,0.003,0.,0.003,0.005,0.,0.005,0.025,0.,0.025,0.005,0.,0.005,0.003,0.,0.003,0.,0.,0.,0.,0.,0.,0.,0.,0.,0.,0.,0.,0.,0.,0.,0.,0.,0.
268,0.002,0.,0.002,0.005,0.,0.005,0.002,0.,0.002,0.005,0.,0.005,0.002,0.,0.002,0.005,0.,0.005,0.002,0.,0.002,0.,0.,0.,0.,0.,0.,0.,0.,0.,0.,0.,0.,0.,0.,0.,0.,0.,0.
272,0.002,0.,0.002,0.005,0.,0.005,0.003,0.,0.003,0.005,0.,0.005,0.028,0.,0.028,0.005,0.,0.005,0.002,0.002,0.,0.,0.,0.,0.,0.,0.,0.,0.,0.,0.,0.,0.,0.,0.,0.,0.,0.,0.
276,0.002,0.,0.002,0.005,0.,0.005,0.002,0.,0.002,0.005,0.,0.005,0.003,0.,0.003,0.005,0.,0.005,0.002,0.,0.002,0.,0.,0.,0.,0.,0.,0.,0.,0.,0.,0.,0.,0.,0.,0.,0.,0.,0.
280,0.002,0.,0.002,0.005,0.,0.005,0.003,0.,0.003,0.005,0.,0.005,0.002,0.,0.002,0.006,0.,0.006,0.002,0.,0.002,0.,0.,0.,0.,0.,0.,0.,0.,0.,0.,0.,0.,0.,0.,0.,0.,0.,0.
284,0.002,0.,0.002,0.005,0.,0.005,0.002,0.,0.002,0.005,0.,0.005,0.002,0.,0.002,0.005,0.,0.005,0.002,0.,0.002,0.,0.,0.,0.,0.,0.,0.,0.,0.,0.,0.,0.,0.,0.,0.,0.,0.,0.
288,0.003,0.,0.003,0.006,0.,0.006,0.003,0.,0.003,0.005,0.,0.005,0.002,0.,0.002,0.007,0.,0.007,0.002,0.,0.002,0.,0.,0.,0.,0.,0.,0.,0.,0.,0.,0.,0.,0.,0.,0.,0.,0.,0.
292,0.002,0.,0.002,0.006,0.,0.006,0.002,0.,0.002,0.005,0.,0.005,0.002,0.,0.002,0.007,0.,0.007,0.003,0.,0.003,0.,0.,0.,0.,0.,0.,0.,0.,0.,0.,0.,0.,0.,0.,0.,0.,0.,0.
296,0.002,0.,0.002,0.006,0.,0.006,0.003,0.,0.003,0.006,0.,0.006,0.003,0.,0.003,0.006,0.,0.006,0.003,0.,0.003,0.,0.,0.,0.,0.,0.,0.,0.,0.,0.,0.,0.,0.,0.,0.,0.,0.,0.
300,0.003,0.,0.003,0.006,0.,0.006,0.003,0.,0.003,0.006,0.,0.006,0.003,0.,0.003,0.006,0.,0.006,0.004,0.,0.004,0.,0.,0.,0.,0.,0.,0.,0.,0.,0.,0.,0.,0.,0.,0.,0.,0.,0.
304,0.003,0.,0.003,0.006,0.003,0.003,0.003,0.,0.003,0.006,0.,0.006,0.003,0.,0.003,0.006,0.,0.006,0.003,0.,0.003,0.,0.,0.,0.,0.,0.,0.,0.,0.,0.,0.,0.,0.,0.,0.,0.,0.,0.
308,0.003,0.,0.003,0.006,0.,0.006,0.003,0.,0.003,0.006,0.,0.006,0.003,0.,0.003,0.006,0.,0.006,0.003,0.,0.003,0.,0.,0.,0.,0.,0.,0.,0.,0.,0.,0.,0.,0.,0.,0.,0.,0.,0.
312,0.003,0.,0.003,0.007,0.,0.007,0.003,0.,0.003,0.006,0.,0.006,0.002,0.,0.002,0.006,0.,0.006,0.003,0.,0.003,0.,0.,0.,0.,0.,0.,0.,0.,0.,0.,0.,0.,0.,0.,0.,0.,0.,0.
316,0.003,0.,0.003,0.006,0.,0.006,0.003,0.,0.003,0.006,0.,0.006,0.003,0.,0.003,0.007,0.,0.007,0.003,0.,0.003,0.,0.,0.,0.,0.,0.,0.,0.,0.,0.,0.,0.,0.,0.,0.,0.,0.,0.
320,0.003,0.,0.003,0.006,0.,0.006,0.003,0.,0.003,0.006,0.,0.006,0.004,0.,0.004,0.006,0.,0.006,0.003,0.,0.003,0.,0.,0.,0.,0.,0.,0.,0.,0.,0.,0.,0.,0.,0.,0.,0.,0.,0.
324,0.003,0.,0.003,0.006,0.,0.006,0.004,0.,0.004,0.007,0.,0.007,0.003,0.,0.003,0.007,0.,0.007,0.003,0.,0.003,0.,0.,0.,0.,0.,0.,0.,0.,0.,0.,0.,0.,0.,0.,0.,0.,0.,0.
328,0.003,0.,0.003,0.006,0.,0.006,0.003,0.,0.003,0.007,0.,0.007,0.003,0.,0.003,0.007,0.,0.007,0.003,0.,0.003,0.,0.,0.,0.,0.,0.,0.,0.,0.,0.,0.,0.,0.,0.,0.,0.,0.,0.
332,0.003,0.,0.003,0.008,0.,0.008,0.004,0.,0.004,0.007,0.,0.007,0.003,0.,0.003,0.007,0.,0.007,0.003,0.,0.003,0.,0.,0.,0.,0.,0.,0.,0.,0.,0.,0.,0.,0.,0.,0.,0.,0.,0.
336,0.003,0.,0.003,0.007,0.,0.007,0.003,0.,0.003,0.006,0.,0.006,0.003,0.,0.003,0.007,0.,0.007,0.003,0.,0.003,0.,0.,0.,0.,0.,0.,0.,0.,0.,0.,0.,0.,0.,0.,0.,0.,0.,0.
340,0.003,0.,0.003,0.008,0.,0.008,0.004,0.,0.003,0.007,0.,0.007,0.003,0.,0.003,0.008,0.,0.008,0.003,0.,0.003,0.,0.,0.,0.,0.,0.,0.,0.,0.,0.,0.,0.,0.,0.,0.,0.,0.,0.
344,0.003,0.,0.003,0.007,0.,0.007,0.003,0.,0.003,0.007,0.,0.007,0.003,0.,0.003,0.009,0.,0.009,0.003,0.,0.003,0.,0.,0.,0.,0.,0.,0.,0.,0.,0.,0.,0.,0.,0.,0.,0.,0.,0.
348,0.004,0.,0.004,0.007,0.,0.007,0.003,0.,0.003,0.007,0.,0.007,0.004,0.,0.004,0.007,0.,0.007,0.003,0.,0.003,0.,0.,0.,0.,0.,0.,0.,0.,0.,0.,0.,0.,0.,0.,0.,0.,0.,0.
350,0.003,0.,0.003,0.008,0.,0.008,0.003,0.,0.003,0.007,0.,0.007,0.003,0.,0.003,0.007,0.,0.007,0.003,0.,0.003,0.,0.,0.,0.,0.,0.,0.,0.,0.,0.,0.,0.,0.,0.,0.,0.,0.,0.
352,0.003,0.,0.003,0.007,0.,0.007,0.009,0.,0.009,0.007,0.,0.007,0.003,0.,0.003,0.007,0.,0.007,0.004,0.,0.004,0.,0.,0.,0.,0.,0.,0.,0.,0.,0.,0.,0.,0.,0.,0.,0.,0.,0.
356,0.003,0.,0.003,0.007,0.,0.007,0.003,0.,0.003,0.007,0.,0.007,0.004,0.,0.004,0.008,0.,0.008,0.003,0.,0.003,0.,0.,0.,0.,0.,0.,0.,0.,0.,0.,0.,0.,0.,0.,0.,0.,0.,0.
360,0.003,0.,0.003,0.008,0.,0.008,0.003,0.,0.003,0.007,0.,0.007,0.003,0.,0.003,0.008,0.,0.008,0.004,0.,0.004,0.,0.,0.,0.,0.,0.,0.,0.,0.,0.,0.,0.,0.,0.,0.,0.,0.,0.
364,0.003,0.,0.003,0.007,0.,0.007,0.003,0.,0.003,0.008,0.,0.008,0.004,0.,0.004,0.007,0.,0.007,0.004,0.,0.004,0.,0.,0.,0.,0.,0.,0.,0.,0.,0.,0.,0.,0.,0.,0.,0.,0.,0.
368,0.003,0.,0.003,0.008,0.,0.008,0.003,0.,0.003,0.007,0.,0.007,0.003,0.,0.003,0.008,0.,0.008,0.003,0.,0.003,0.,0.,0.,0.,0.,0.,0.,0.,0.,0.,0.,0.,0.,0.,0.,0.,0.,0.
372,0.003,0.,0.003,0.008,0.,0.008,0.003,0.,0.003,0.008,0.,0.008,0.003,0.,0.003,0.008,0.,0.008,0.003,0.,0.003,0.,0.,0.,0.001,0.,0.001,0.,0.,0.,0.,0.,0.,0.,0.,0.,0.,0.,0.
376,0.003,0.,0.003,0.008,0.,0.008,0.003,0.,0.003,0.008,0.,0.008,0.004,0.,0.004,0.008,0.,0.008,0.003,0.,0.003,0.,0.,0.,0.,0.,0.,0.,0.,0.,0.,0.,0.,0.,0.,0.,0.,0.,0.
380,0.004,0.,0.004,0.008,0.,0.008,0.004,0.,0.004,0.009,0.,0.009,0.003,0.,0.003,0.008,0.,0.008,0.003,0.,0.003,0.,0.,0.,0.,0.,0.,0.,0.,0.,0.,0.,0.,0.,0.,0.,0.,0.,0.
384,0.003,0.,0.003,0.008,0.,0.008,0.003,0.,0.003,0.008,0.,0.008,0.003,0.,0.003,0.007,0.,0.007,0.004,0.,0.004,0.,0.,0.,0.,0.,0.,0.,0.,0.,0.,0.,0.,0.,0.,0.,0.,0.,0.
388,0.003,0.,0.003,0.009,0.,0.009,0.004,0.,0.004,0.008,0.,0.008,0.003,0.,0.003,0.008,0.,0.008,0.003,0.,0.003,0.,0.,0.,0.,0.,0.,0.,0.,0.,0.,0.,0.,0.,0.,0.,0.,0.,0.
392,0.003,0.,0.003,0.009,0.,0.009,0.003,0.,0.003,0.008,0.,0.008,0.004,0.,0.004,0.008,0.,0.008,0.003,0.,0.003,0.,0.,0.,0.,0.,0.,0.,0.,0.,0.,0.,0.,0.,0.,0.,0.,0.,0.
396,0.003,0.,0.004,0.009,0.,0.009,0.003,0.,0.003,0.009,0.,0.009,0.004,0.,0.004,0.008,0.,0.008,0.003,0.,0.003,0.,0.,0.,0.,0.,0.,0.,0.,0.,0.,0.,0.,0.,0.,0.,0.,0.,0.
400,0.004,0.,0.004,0.009,0.,0.009,0.004,0.,0.004,0.008,0.,0.008,0.004,0.,0.004,0.009,0.,0.009,0.004,0.,0.004,0.,0.,0.,0.,0.,0.,0.,0.,0.,0.,0.,0.,0.,0.,0.,0.,0.,0.
404,0.004,0.,0.004,0.01,0.,0.01,0.004,0.,0.004,0.009,0.,0.009,0.004,0.,0.004,0.009,0.,0.009,0.004,0.,0.004,0.,0.,0.,0.,0.,0.,0.,0.,0.,0.,0.,0.,0.,0.,0.,0.,0.,0.
408,0.004,0.,0.004,0.008,0.,0.008,0.004,0.,0.004,0.009,0.,0.009,0.005,0.,0.005,0.009,0.,0.009,0.004,0.,0.004,0.,0.,0.,0.,0.,0.,0.,0.,0.,0.,0.,0.,0.,0.,0.,0.,0.,0.
412,0.004,0.,0.004,0.009,0.,0.009,0.004,0.,0.004,0.01,0.,0.01,0.004,0.,0.004,0.009,0.,0.009,0.004,0.,0.004,0.,0.,0.,0.,0.,0.,0.,0.,0.,0.,0.,0.,0.,0.,0.,0.,0.,0.
416,0.004,0.,0.004,0.009,0.,0.009,0.004,0.,0.004,0.009,0.,0.009,0.004,0.,0.004,0.009,0.,0.009,0.004,0.,0.004,0.,0.,0.,0.,0.,0.,0.,0.,0.,0.,0.,0.,0.001,0.,0.001,0.,0.,0.
420,0.004,0.,0.004,0.01,0.,0.01,0.004,0.,0.004,0.009,0.,0.009,0.004,0.,0.004,0.009,0.,0.009,0.004,0.,0.004,0.,0.,0.,0.,0.,0.,0.,0.,0.,0.,0.,0.,0.,0.,0.,0.,0.,0.
424,0.004,0.,0.004,0.01,0.,0.01,0.004,0.,0.004,0.009,0.,0.009,0.004,0.,0.004,0.009,0.,0.009,0.004,0.,0.004,0.,0.,0.,0.,0.,0.,0.,0.,0.,0.,0.,0.,0.,0.,0.,0.,0.,0.
428,0.004,0.,0.004,0.01,0.,0.01,0.004,0.,0.004,0.01,0.,0.01,0.004,0.,0.004,0.009,0.,0.009,0.005,0.,0.005,0.,0.,0.,0.,0.,0.,0.,0.,0.,0.,0.,0.,0.,0.,0.,0.,0.,0.
432,0.004,0.,0.004,0.009,0.,0.009,0.004,0.,0.004,0.01,0.,0.01,0.004,0.,0.004,0.01,0.,0.01,0.004,0.,0.004,0.,0.,0.,0.,0.,0.,0.,0.,0.,0.,0.,0.,0.,0.,0.,0.,0.,0.
436,0.004,0.,0.004,0.01,0.,0.01,0.004,0.,0.004,0.012,0.,0.012,0.004,0.,0.004,0.01,0.,0.01,0.004,0.,0.004,0.,0.,0.,0.,0.,0.,0.,0.,0.,0.,0.,0.,0.,0.,0.,0.,0.,0.
440,0.005,0.,0.005,0.01,0.,0.01,0.004,0.,0.004,0.01,0.,0.01,0.004,0.,0.004,0.01,0.,0.01,0.004,0.,0.004,0.,0.,0.,0.,0.,0.,0.,0.,0.,0.,0.,0.,0.,0.,0.,0.,0.,0.
444,0.004,0.,0.004,0.01,0.,0.01,0.004,0.,0.004,0.01,0.,0.01,0.005,0.,0.005,0.01,0.,0.01,0.004,0.,0.004,0.,0.,0.,0.,0.,0.,0.,0.,0.,0.,0.,0.,0.,0.,0.,0.,0.,0.
448,0.004,0.,0.004,0.011,0.,0.011,0.004,0.,0.004,0.01,0.,0.01,0.004,0.,0.004,0.01,0.,0.01,0.004,0.,0.004,0.,0.,0.,0.,0.,0.,0.,0.,0.,0.,0.,0.,0.,0.,0.,0.,0.,0.
452,0.004,0.,0.004,0.01,0.,0.01,0.004,0.,0.004,0.011,0.,0.011,0.004,0.,0.004,0.01,0.,0.01,0.004,0.,0.004,0.,0.,0.,0.,0.,0.,0.,0.,0.,0.,0.,0.,0.,0.,0.,0.,0.,0.
456,0.004,0.,0.004,0.011,0.,0.011,0.004,0.,0.004,0.01,0.,0.01,0.004,0.,0.004,0.01,0.,0.01,0.004,0.,0.004,0.001,0.,0.001,0.,0.,0.,0.,0.,0.,0.,0.,0.,0.,0.,0.,0.,0.,0.
460,0.005,0.,0.005,0.01,0.,0.01,0.004,0.,0.004,0.011,0.,0.011,0.004,0.,0.004,0.011,0.,0.011,0.004,0.,0.004,0.,0.,0.,0.,0.,0.,0.,0.,0.,0.,0.,0.,0.,0.,0.,0.,0.,0.
464,0.005,0.,0.005,0.01,0.,0.01,0.004,0.,0.004,0.012,0.,0.012,0.004,0.,0.004,0.011,0.,0.011,0.004,0.,0.004,0.,0.,0.,0.,0.,0.,0.,0.,0.,0.,0.,0.,0.,0.,0.,0.,0.,0.
468,0.004,0.,0.004,0.011,0.,0.011,0.004,0.,0.004,0.01,0.,0.01,0.006,0.,0.006,0.011,0.,0.011,0.004,0.,0.004,0.,0.,0.,0.,0.,0.,0.,0.,0.,0.,0.,0.,0.,0.,0.,0.,0.,0.
472,0.004,0.,0.004,0.011,0.,0.011,0.004,0.,0.004,0.01,0.,0.01,0.005,0.,0.005,0.011,0.,0.011,0.004,0.,0.004,0.,0.,0.,0.001,0.,0.001,0.,0.,0.,0.,0.,0.,0.,0.,0.,0.,0.,0.
476,0.004,0.,0.004,0.012,0.,0.012,0.004,0.,0.004,0.011,0.,0.011,0.006,0.,0.006,0.012,0.,0.012,0.004,0.,0.004,0.,0.,0.,0.,0.,0.,0.,0.,0.,0.,0.,0.,0.,0.,0.,0.,0.,0.
480,0.004,0.,0.004,0.011,0.,0.011,0.004,0.,0.004,0.011,0.,0.011,0.004,0.,0.004,0.012,0.,0.012,0.004,0.,0.004,0.,0.,0.,0.,0.,0.,0.,0.,0.,0.,0.,0.,0.,0.,0.,0.,0.,0.
484,0.004,0.,0.004,0.011,0.,0.011,0.004,0.,0.004,0.012,0.,0.012,0.005,0.,0.005,0.012,0.,0.012,0.004,0.,0.004,0.,0.,0.,0.,0.,0.,0.,0.,0.,0.,0.,0.,0.,0.,0.,0.,0.,0.
488,0.005,0.,0.005,0.011,0.,0.011,0.004,0.,0.004,0.011,0.,0.011,0.005,0.,0.005,0.011,0.,0.011,0.004,0.,0.004,0.,0.,0.,0.,0.,0.,0.,0.,0.,0.,0.,0.,0.,0.,0.,0.,0.,0.
492,0.005,0.,0.005,0.012,0.,0.012,0.005,0.,0.005,0.011,0.,0.011,0.004,0.,0.004,0.012,0.,0.012,0.005,0.,0.005,0.,0.,0.,0.,0.,0.,0.,0.,0.,0.,0.,0.,0.,0.,0.,0.,0.,0.
496,0.005,0.,0.005,0.012,0.,0.012,0.005,0.,0.005,0.012,0.,0.012,0.005,0.,0.005,0.012,0.,0.012,0.005,0.,0.005,0.,0.,0.,0.,0.,0.,0.,0.,0.,0.,0.,0.,0.,0.,0.,0.,0.,0.
500,0.005,0.,0.005,0.012,0.,0.012,0.005,0.,0.005,0.012,0.,0.012,0.004,0.,0.004,0.013,0.,0.013,0.006,0.,0.006,0.,0.,0.,0.,0.,0.,0.,0.,0.,0.,0.,0.,0.,0.,0.,0.,0.,0.
504,0.005,0.,0.005,0.012,0.,0.012,0.005,0.,0.005,0.012,0.,0.012,0.006,0.,0.006,0.013,0.,0.013,0.006,0.,0.006,0.,0.,0.,0.,0.,0.,0.,0.,0.,0.,0.,0.,0.,0.,0.,0.,0.,0.
508,0.004,0.,0.004,0.012,0.,0.012,0.005,0.,0.005,0.013,0.,0.013,0.005,0.,0.005,0.012,0.,0.012,0.005,0.,0.005,0.,0.,0.,0.,0.,0.,0.,0.,0.,0.,0.,0.,0.,0.,0.,0.,0.,0.
512,0.006,0.,0.006,0.013,0.,0.013,0.005,0.,0.005,0.012,0.,0.012,0.005,0.,0.005,0.013,0.,0.013,0.005,0.,0.005,0.,0.,0.,0.,0.,0.,0.,0.,0.,0.,0.,0.,0.,0.,0.,0.,0.,0.
516,0.005,0.,0.005,0.013,0.,0.013,0.004,0.,0.004,0.017,0.,0.017,0.005,0.,0.005,0.012,0.,0.012,0.005,0.,0.005,0.,0.,0.,0.,0.,0.,0.,0.,0.,0.,0.,0.,0.,0.,0.,0.,0.,0.
520,0.005,0.,0.005,0.013,0.,0.013,0.005,0.,0.005,0.013,0.,0.013,0.005,0.,0.005,0.012,0.,0.012,0.005,0.,0.005,0.,0.,0.,0.,0.,0.,0.,0.,0.,0.,0.,0.,0.,0.,0.,0.,0.,0.
524,0.005,0.,0.005,0.012,0.,0.012,0.005,0.,0.005,0.014,0.,0.013,0.006,0.,0.006,0.016,0.,0.016,0.005,0.,0.005,0.,0.,0.,0.,0.,0.,0.,0.,0.,0.,0.,0.,0.,0.,0.,0.,0.,0.
528,0.005,0.,0.005,0.013,0.,0.013,0.005,0.,0.005,0.014,0.,0.014,0.005,0.,0.005,0.013,0.,0.013,0.006,0.,0.006,0.,0.,0.,0.,0.,0.,0.,0.,0.,0.,0.,0.,0.,0.,0.,0.,0.,0.
532,0.005,0.,0.005,0.014,0.,0.014,0.005,0.,0.005,0.014,0.,0.014,0.005,0.,0.005,0.014,0.,0.014,0.005,0.,0.005,0.,0.,0.,0.,0.,0.,0.,0.,0.,0.,0.,0.,0.,0.,0.,0.,0.,0.
536,0.005,0.,0.005,0.013,0.,0.013,0.005,0.,0.005,0.015,0.,0.015,0.006,0.,0.006,0.013,0.,0.013,0.005,0.,0.005,0.,0.,0.,0.,0.,0.,0.,0.,0.,0.002,0.,0.002,0.,0.,0.,0.,0.,0.
540,0.005,0.,0.005,0.013,0.,0.013,0.005,0.,0.005,0.014,0.,0.014,0.005,0.,0.005,0.014,0.,0.014,0.005,0.,0.005,0.,0.,0.,0.,0.,0.,0.,0.,0.,0.,0.,0.,0.,0.,0.,0.,0.,0.
544,0.005,0.,0.005,0.014,0.,0.014,0.005,0.,0.005,0.014,0.,0.014,0.005,0.,0.005,0.013,0.,0.013,0.005,0.,0.005,0.,0.,0.,0.,0.,0.,0.,0.,0.,0.,0.,0.,0.,0.,0.,0.,0.,0.
548,0.005,0.,0.005,0.014,0.,0.014,0.005,0.,0.005,0.014,0.,0.014,0.006,0.,0.006,0.014,0.,0.014,0.005,0.,0.005,0.,0.,0.,0.,0.,0.,0.,0.,0.,0.,0.,0.,0.,0.,0.,0.,0.,0.
552,0.006,0.,0.006,0.013,0.,0.013,0.005,0.,0.005,0.015,0.,0.015,0.005,0.,0.005,0.014,0.,0.014,0.005,0.,0.005,0.,0.,0.,0.,0.,0.,0.,0.,0.,0.,0.,0.,0.,0.,0.,0.,0.,0.
556,0.005,0.,0.005,0.014,0.,0.014,0.014,0.,0.014,0.014,0.,0.014,0.005,0.,0.005,0.014,0.,0.014,0.006,0.,0.006,0.,0.,0.,0.,0.,0.,0.,0.,0.,0.,0.,0.,0.,0.,0.,0.,0.,0.
560,0.005,0.,0.005,0.014,0.,0.014,0.005,0.,0.005,0.015,0.,0.015,0.005,0.,0.005,0.015,0.,0.015,0.015,0.,0.015,0.,0.,0.,0.,0.,0.,0.,0.,0.,0.,0.,0.,0.,0.,0.,0.,0.,0.
564,0.005,0.,0.005,0.014,0.,0.014,0.006,0.,0.006,0.015,0.,0.015,0.006,0.,0.006,0.015,0.,0.015,0.005,0.,0.005,0.,0.,0.,0.,0.,0.,0.,0.,0.,0.,0.,0.,0.,0.,0.,0.,0.,0.
568,0.006,0.,0.006,0.02,0.,0.02,0.005,0.,0.005,0.02,0.,0.02,0.005,0.,0.005,0.014,0.,0.014,0.006,0.,0.006,0.,0.,0.,0.,0.,0.,0.,0.,0.,0.,0.,0.,0.,0.,0.,0.,0.,0.
572,0.005,0.,0.005,0.015,0.,0.015,0.005,0.,0.005,0.015,0.,0.015,0.005,0.,0.005,0.015,0.,0.015,0.006,0.,0.006,0.,0.,0.,0.,0.,0.,0.,0.,0.,0.,0.,0.,0.,0.,0.,0.,0.,0.
576,0.005,0.,0.005,0.016,0.,0.016,0.005,0.,0.005,0.015,0.,0.015,0.005,0.,0.005,0.014,0.,0.014,0.005,0.,0.005,0.,0.,0.,0.,0.,0.,0.,0.,0.,0.,0.,0.,0.,0.,0.,0.,0.,0.
580,0.005,0.,0.005,0.016,0.,0.015,0.005,0.,0.005,0.014,0.,0.014,0.006,0.,0.006,0.015,0.,0.015,0.005,0.,0.005,0.,0.,0.,0.,0.,0.,0.,0.,0.,0.,0.,0.,0.,0.,0.,0.,0.,0.
584,0.005,0.,0.005,0.016,0.,0.016,0.005,0.,0.005,0.015,0.,0.015,0.005,0.,0.005,0.015,0.,0.015,0.005,0.,0.005,0.,0.,0.,0.,0.,0.,0.,0.,0.,0.,0.,0.,0.,0.,0.,0.,0.,0.
588,0.005,0.,0.005,0.016,0.,0.016,0.007,0.,0.007,0.015,0.,0.015,0.006,0.,0.006,0.015,0.,0.015,0.01,0.,0.01,0.,0.,0.,0.,0.,0.,0.,0.,0.,0.,0.,0.,0.,0.,0.,0.,0.,0.
592,0.006,0.,0.006,0.016,0.,0.016,0.005,0.,0.005,0.016,0.,0.016,0.005,0.,0.005,0.016,0.,0.016,0.008,0.,0.008,0.,0.,0.,0.,0.,0.,0.,0.,0.,0.,0.,0.,0.,0.,0.,0.,0.,0.
596,0.006,0.,0.006,0.017,0.,0.017,0.006,0.,0.006,0.015,0.,0.015,0.006,0.,0.006,0.015,0.,0.015,0.005,0.,0.005,0.,0.,0.,0.,0.,0.,0.,0.,0.,0.,0.,0.,0.,0.,0.,0.,0.,0.
600,0.005,0.,0.005,0.015,0.,0.015,0.008,0.,0.008,0.016,0.,0.016,0.006,0.,0.006,0.016,0.,0.016,0.006,0.,0.006,0.,0.,0.,0.,0.,0.,0.,0.,0.,0.,0.,0.,0.,0.,0.,0.001,0.,0.001
604,0.007,0.,0.007,0.016,0.,0.016,0.006,0.,0.006,0.015,0.,0.015,0.006,0.,0.006,0.017,0.,0.017,0.009,0.,0.009,0.,0.,0.,0.,0.,0.,0.,0.,0.,0.,0.,0.,0.,0.,0.,0.,0.,0.
608,0.005,0.,0.005,0.017,0.,0.017,0.005,0.,0.005,0.015,0.,0.015,0.005,0.,0.005,0.015,0.,0.015,0.006,0.,0.006,0.,0.,0.,0.,0.,0.,0.001,0.,0.001,0.,0.,0.,0.,0.,0.,0.,0.,0.
612,0.006,0.,0.006,0.016,0.,0.016,0.006,0.,0.006,0.016,0.,0.016,0.006,0.,0.006,0.017,0.,0.017,0.006,0.,0.006,0.,0.,0.,0.,0.,0.,0.,0.,0.,0.,0.,0.,0.,0.,0.,0.,0.,0.
616,0.006,0.,0.006,0.017,0.,0.017,0.006,0.,0.006,0.018,0.,0.018,0.006,0.,0.006,0.017,0.,0.017,0.006,0.,0.006,0.,0.,0.,0.,0.,0.,0.,0.,0.,0.,0.,0.,0.,0.,0.,0.,0.,0.
620,0.006,0.,0.006,0.017,0.,0.017,0.006,0.,0.006,0.015,0.,0.015,0.005,0.,0.005,0.028,0.,0.028,0.005,0.,0.005,0.,0.,0.,0.,0.,0.,0.,0.,0.,0.,0.,0.,0.,0.,0.,0.,0.,0.
624,0.007,0.,0.007,0.02,0.,0.02,0.007,0.,0.007,0.017,0.,0.017,0.006,0.,0.006,0.017,0.,0.017,0.006,0.,0.006,0.,0.,0.,0.,0.,0.,0.,0.,0.,0.,0.,0.,0.,0.,0.,0.,0.,0.
628,0.006,0.,0.006,0.016,0.,0.016,0.006,0.,0.006,0.016,0.,0.016,0.006,0.,0.006,0.016,0.,0.016,0.007,0.,0.007,0.001,0.,0.001,0.,0.,0.,0.,0.,0.,0.,0.,0.,0.,0.,0.,0.,0.,0.
632,0.006,0.,0.006,0.019,0.003,0.015,0.006,0.,0.006,0.024,0.,0.024,0.007,0.,0.007,0.018,0.,0.018,0.007,0.,0.007,0.,0.,0.,0.,0.,0.,0.,0.,0.,0.,0.,0.,0.,0.,0.,0.,0.,0.
636,0.01,0.,0.01,0.017,0.,0.017,0.006,0.,0.006,0.018,0.,0.018,0.006,0.,0.006,0.017,0.,0.017,0.006,0.,0.006,0.,0.,0.,0.,0.,0.,0.,0.,0.,0.,0.,0.,0.,0.,0.,0.,0.,0.
640,0.006,0.,0.006,0.017,0.,0.017,0.005,0.,0.005,0.016,0.,0.016,0.006,0.,0.006,0.018,0.,0.018,0.006,0.,0.006,0.,0.,0.,0.,0.,0.,0.,0.,0.,0.,0.,0.,0.,0.,0.,0.,0.,0.
644,0.006,0.,0.006,0.017,0.,0.017,0.006,0.,0.006,0.019,0.,0.019,0.006,0.,0.006,0.018,0.,0.018,0.006,0.,0.006,0.,0.,0.,0.,0.,0.,0.,0.,0.,0.,0.,0.,0.,0.,0.,0.,0.,0.
648,0.006,0.,0.006,0.019,0.,0.019,0.006,0.,0.006,0.018,0.,0.018,0.006,0.,0.006,0.017,0.,0.017,0.006,0.,0.006,0.001,0.,0.001,0.,0.,0.,0.,0.,0.,0.,0.,0.,0.,0.,0.,0.,0.,0.
652,0.006,0.,0.006,0.019,0.,0.019,0.007,0.,0.007,0.023,0.,0.023,0.006,0.003,0.002,0.018,0.,0.018,0.007,0.,0.007,0.,0.,0.,0.,0.,0.,0.,0.,0.,0.,0.,0.,0.,0.,0.,0.,0.,0.
656,0.006,0.,0.006,0.018,0.,0.018,0.007,0.,0.007,0.018,0.,0.018,0.007,0.,0.007,0.019,0.,0.019,0.006,0.,0.006,0.,0.,0.,0.,0.,0.,0.,0.,0.,0.,0.,0.,0.,0.,0.,0.,0.,0.
660,0.007,0.,0.007,0.019,0.,0.019,0.006,0.,0.006,0.018,0.,0.018,0.006,0.,0.006,0.019,0.,0.019,0.007,0.,0.007,0.,0.,0.,0.,0.,0.,0.,0.,0.,0.,0.,0.,0.,0.,0.,0.,0.,0.
664,0.006,0.,0.006,0.018,0.,0.018,0.007,0.,0.007,0.02,0.,0.02,0.006,0.003,0.002,0.018,0.,0.018,0.006,0.,0.006,0.,0.,0.,0.,0.,0.,0.,0.,0.,0.,0.,0.,0.,0.,0.,0.,0.,0.
668,0.006,0.,0.006,0.02,0.,0.02,0.006,0.,0.006,0.018,0.,0.018,0.007,0.,0.007,0.018,0.,0.018,0.006,0.,0.006,0.,0.,0.,0.,0.,0.,0.,0.,0.,0.,0.,0.,0.,0.,0.,0.,0.,0.
672,0.014,0.,0.014,0.019,0.,0.019,0.007,0.,0.006,0.02,0.,0.02,0.006,0.,0.006,0.018,0.,0.018,0.007,0.,0.007,0.,0.,0.,0.,0.,0.,0.,0.,0.,0.,0.,0.,0.,0.,0.,0.,0.,0.
676,0.006,0.,0.006,0.019,0.,0.019,0.009,0.,0.009,0.019,0.,0.019,0.011,0.,0.011,0.019,0.,0.019,0.006,0.,0.006,0.,0.,0.,0.,0.,0.,0.,0.,0.,0.,0.,0.,0.,0.,0.,0.,0.,0.
680,0.006,0.,0.006,0.027,0.,0.027,0.007,0.,0.007,0.019,0.,0.019,0.006,0.,0.006,0.02,0.,0.02,0.006,0.,0.006,0.,0.,0.,0.,0.,0.,0.,0.,0.,0.,0.,0.,0.,0.,0.,0.,0.,0.
684,0.007,0.,0.007,0.02,0.,0.02,0.006,0.,0.006,0.021,0.,0.021,0.007,0.,0.007,0.02,0.,0.02,0.006,0.,0.006,0.,0.,0.,0.,0.,0.,0.,0.,0.,0.,0.,0.,0.,0.,0.,0.,0.,0.
688,0.007,0.,0.007,0.019,0.,0.019,0.007,0.,0.007,0.031,0.,0.031,0.006,0.,0.006,0.019,0.,0.019,0.009,0.003,0.005,0.,0.,0.,0.,0.,0.,0.,0.,0.,0.,0.,0.,0.,0.,0.,0.,0.,0.
692,0.006,0.,0.006,0.019,0.,0.019,0.006,0.,0.006,0.019,0.,0.019,0.007,0.,0.007,0.019,0.,0.019,0.006,0.,0.006,0.,0.,0.,0.,0.,0.,0.,0.,0.,0.,0.,0.,0.,0.,0.,0.,0.,0.
696,0.008,0.,0.008,0.02,0.,0.02,0.007,0.,0.007,0.019,0.,0.019,0.006,0.,0.006,0.022,0.,0.022,0.007,0.,0.007,0.,0.,0.,0.,0.,0.,0.,0.,0.,0.,0.,0.,0.,0.,0.,0.,0.,0.
700,0.006,0.,0.006,0.022,0.,0.022,0.006,0.,0.006,0.019,0.,0.019,0.006,0.,0.006,0.022,0.,0.022,0.006,0.,0.006,0.,0.,0.,0.,0.,0.,0.,0.,0.,0.,0.,0.,0.,0.,0.,0.,0.,0.
704,0.007,0.,0.007,0.02,0.,0.02,0.006,0.,0.006,0.02,0.,0.02,0.006,0.,0.006,0.019,0.,0.019,0.007,0.,0.007,0.,0.,0.,0.,0.,0.,0.,0.,0.,0.,0.,0.,0.,0.,0.,0.,0.,0.
708,0.007,0.,0.007,0.02,0.,0.02,0.008,0.,0.008,0.02,0.,0.02,0.007,0.,0.007,0.021,0.,0.021,0.007,0.,0.007,0.,0.,0.,0.,0.,0.,0.,0.,0.,0.,0.,0.,0.,0.,0.,0.,0.,0.
712,0.007,0.,0.007,0.021,0.,0.021,0.007,0.,0.007,0.022,0.,0.022,0.008,0.,0.008,0.021,0.,0.021,0.007,0.,0.007,0.,0.,0.,0.,0.,0.,0.,0.,0.,0.,0.,0.,0.,0.,0.,0.001,0.,0.001
716,0.007,0.,0.007,0.021,0.,0.021,0.007,0.,0.007,0.021,0.,0.021,0.007,0.,0.007,0.021,0.,0.021,0.008,0.,0.008,0.,0.,0.,0.,0.,0.,0.,0.,0.,0.,0.,0.,0.,0.,0.,0.,0.,0.
720,0.006,0.,0.006,0.025,0.,0.025,0.007,0.,0.007,0.021,0.,0.021,0.009,0.,0.009,0.02,0.,0.02,0.007,0.,0.007,0.,0.,0.,0.,0.,0.,0.,0.,0.,0.,0.,0.,0.,0.,0.,0.,0.,0.
724,0.007,0.,0.007,0.031,0.,0.031,0.007,0.,0.007,0.022,0.,0.022,0.007,0.,0.007,0.023,0.,0.023,0.007,0.,0.007,0.,0.,0.,0.,0.,0.,0.,0.,0.,0.,0.,0.,0.,0.,0.,0.,0.,0.
728,0.007,0.,0.007,0.022,0.,0.022,0.007,0.,0.007,0.022,0.,0.022,0.007,0.,0.007,0.022,0.,0.022,0.007,0.,0.007,0.,0.,0.,0.,0.,0.,0.,0.,0.,0.,0.,0.,0.,0.,0.,0.,0.,0.
732,0.007,0.,0.007,0.025,0.,0.025,0.007,0.,0.007,0.023,0.,0.023,0.008,0.,0.008,0.022,0.,0.022,0.007,0.,0.007,0.001,0.,0.001,0.,0.,0.,0.,0.,0.,0.,0.,0.,0.,0.,0.,0.,0.,0.
736,0.008,0.,0.008,0.022,0.,0.022,0.007,0.,0.007,0.023,0.,0.023,0.01,0.,0.01,0.023,0.,0.023,0.01,0.,0.01,0.,0.,0.,0.001,0.,0.001,0.,0.,0.,0.,0.,0.,0.,0.,0.,0.,0.,0.
740,0.007,0.,0.007,0.025,0.003,0.021,0.008,0.,0.008,0.029,0.,0.029,0.007,0.,0.007,0.027,0.,0.027,0.008,0.,0.008,0.,0.,0.,0.,0.,0.,0.,0.,0.,0.,0.,0.,0.,0.,0.,0.,0.,0.
744,0.007,0.,0.007,0.023,0.,0.023,0.007,0.,0.007,0.023,0.,0.023,0.008,0.,0.008,0.022,0.,0.022,0.007,0.,0.007,0.,0.,0.,0.,0.,0.,0.,0.,0.,0.,0.,0.,0.,0.,0.,0.,0.,0.
748,0.008,0.,0.008,0.021,0.,0.021,0.007,0.,0.007,0.021,0.,0.021,0.007,0.,0.007,0.026,0.,0.026,0.008,0.,0.008,0.,0.,0.,0.,0.,0.,0.,0.,0.,0.,0.,0.,0.,0.,0.,0.,0.,0.
752,0.007,0.,0.007,0.022,0.,0.022,0.007,0.,0.007,0.023,0.,0.023,0.007,0.,0.007,0.023,0.,0.023,0.007,0.,0.007,0.,0.,0.,0.,0.,0.,0.,0.,0.,0.,0.,0.,0.,0.,0.,0.,0.,0.
756,0.007,0.,0.007,0.024,0.,0.024,0.007,0.,0.007,0.022,0.,0.022,0.009,0.,0.009,0.023,0.,0.023,0.007,0.,0.007,0.,0.,0.,0.,0.,0.,0.,0.,0.,0.,0.,0.,0.,0.,0.,0.,0.,0.
760,0.007,0.,0.007,0.023,0.,0.023,0.007,0.,0.007,0.024,0.,0.024,0.007,0.,0.007,0.024,0.,0.024,0.007,0.,0.007,0.001,0.,0.001,0.,0.,0.,0.,0.,0.,0.,0.,0.,0.,0.,0.,0.,0.,0.
764,0.007,0.,0.007,0.022,0.,0.022,0.007,0.,0.007,0.023,0.,0.023,0.008,0.,0.008,0.022,0.,0.022,0.008,0.,0.008,0.,0.,0.,0.,0.,0.,0.,0.,0.,0.,0.,0.,0.,0.,0.,0.,0.,0.
768,0.007,0.,0.007,0.023,0.002,0.021,0.009,0.,0.009,0.023,0.,0.023,0.007,0.,0.007,0.024,0.,0.024,0.008,0.,0.008,0.,0.,0.,0.,0.,0.,0.,0.,0.,0.,0.,0.,0.,0.,0.,0.,0.,0.
772,0.007,0.,0.007,0.027,0.,0.027,0.007,0.,0.007,0.022,0.,0.022,0.007,0.,0.007,0.024,0.,0.024,0.007,0.,0.007,0.,0.,0.,0.,0.,0.,0.,0.,0.,0.,0.,0.,0.,0.,0.,0.,0.,0.
776,0.007,0.,0.007,0.025,0.,0.025,0.007,0.,0.007,0.024,0.,0.024,0.008,0.,0.008,0.024,0.,0.024,0.008,0.,0.008,0.001,0.,0.001,0.,0.,0.,0.,0.,0.,0.001,0.,0.001,0.,0.,0.,0.,0.,0.
780,0.007,0.,0.007,0.024,0.,0.024,0.008,0.,0.008,0.025,0.,0.025,0.007,0.,0.007,0.024,0.,0.024,0.007,0.,0.007,0.,0.,0.,0.001,0.,0.001,0.,0.,0.,0.,0.,0.,0.,0.,0.,0.,0.,0.
784,0.007,0.,0.007,0.025,0.,0.025,0.007,0.,0.007,0.024,0.,0.024,0.008,0.,0.008,0.024,0.,0.024,0.008,0.,0.008,0.,0.,0.,0.,0.,0.,0.,0.,0.,0.,0.,0.,0.,0.,0.,0.,0.,0.
788,0.008,0.,0.008,0.023,0.,0.023,0.007,0.,0.007,0.024,0.,0.024,0.007,0.,0.007,0.025,0.,0.025,0.008,0.,0.008,0.,0.,0.,0.,0.,0.,0.,0.,0.,0.,0.,0.,0.,0.,0.,0.,0.,0.
792,0.007,0.,0.007,0.025,0.,0.025,0.008,0.,0.008,0.025,0.,0.025,0.007,0.,0.007,0.026,0.,0.026,0.007,0.,0.007,0.001,0.,0.001,0.,0.,0.,0.001,0.,0.001,0.,0.,0.,0.001,0.,0.001,0.,0.,0.
796,0.007,0.,0.007,0.025,0.,0.025,0.009,0.,0.009,0.024,0.,0.024,0.007,0.,0.007,0.025,0.,0.025,0.008,0.,0.008,0.,0.,0.,0.,0.,0.,0.,0.,0.,0.,0.,0.,0.,0.,0.,0.,0.,0.
800,0.008,0.,0.008,0.024,0.,0.024,0.008,0.,0.008,0.025,0.,0.025,0.008,0.,0.008,0.024,0.,0.024,0.007,0.,0.007,0.,0.,0.,0.,0.,0.,0.001,0.,0.001,0.,0.,0.,0.,0.,0.,0.,0.,0.
804,0.007,0.,0.007,0.025,0.,0.025,0.008,0.,0.008,0.026,0.,0.026,0.019,0.,0.019,0.026,0.,0.026,0.008,0.,0.008,0.,0.,0.,0.,0.,0.,0.,0.,0.,0.,0.,0.,0.,0.,0.,0.,0.,0.
808,0.007,0.,0.007,0.025,0.,0.025,0.009,0.,0.009,0.025,0.,0.025,0.007,0.,0.007,0.025,0.,0.025,0.008,0.,0.008,0.,0.,0.,0.,0.,0.,0.,0.,0.,0.,0.,0.,0.,0.,0.,0.,0.,0.
812,0.007,0.,0.007,0.026,0.,0.026,0.008,0.,0.008,0.024,0.,0.024,0.008,0.,0.008,0.025,0.,0.025,0.009,0.,0.009,0.,0.,0.,0.,0.,0.,0.,0.,0.,0.,0.,0.,0.,0.,0.,0.,0.,0.
816,0.007,0.,0.007,0.025,0.,0.025,0.008,0.,0.008,0.028,0.,0.028,0.008,0.,0.008,0.03,0.,0.03,0.008,0.,0.008,0.,0.,0.,0.,0.,0.,0.,0.,0.,0.,0.,0.,0.,0.,0.,0.,0.,0.
820,0.007,0.,0.007,0.026,0.,0.026,0.008,0.,0.008,0.025,0.,0.025,0.008,0.003,0.004,0.026,0.,0.026,0.009,0.,0.009,0.,0.,0.,0.,0.,0.,0.,0.,0.,0.,0.,0.,0.,0.,0.,0.,0.,0.
824,0.009,0.,0.009,0.025,0.,0.025,0.01,0.,0.01,0.03,0.,0.03,0.008,0.,0.008,0.027,0.,0.027,0.008,0.,0.008,0.,0.,0.,0.001,0.,0.001,0.,0.,0.,0.,0.,0.,0.,0.,0.,0.,0.,0.
828,0.008,0.,0.008,0.026,0.,0.026,0.008,0.,0.008,0.028,0.,0.028,0.008,0.,0.008,0.026,0.,0.026,0.009,0.,0.009,0.,0.,0.,0.,0.,0.,0.,0.,0.,0.001,0.,0.001,0.,0.,0.,0.,0.,0.
832,0.009,0.,0.009,0.032,0.,0.032,0.008,0.,0.008,0.029,0.,0.029,0.009,0.,0.009,0.025,0.,0.025,0.008,0.,0.008,0.,0.,0.,0.,0.,0.,0.,0.,0.,0.,0.,0.,0.,0.,0.,0.,0.,0.
836,0.008,0.,0.008,0.027,0.,0.027,0.009,0.,0.009,0.026,0.,0.026,0.008,0.,0.008,0.03,0.,0.029,0.009,0.,0.009,0.001,0.,0.001,0.,0.,0.,0.,0.,0.,0.,0.,0.,0.,0.,0.,0.,0.,0.
840,0.009,0.,0.009,0.026,0.,0.026,0.012,0.,0.012,0.027,0.,0.027,0.008,0.,0.008,0.027,0.,0.027,0.008,0.,0.008,0.,0.,0.,0.,0.,0.,0.,0.,0.,0.,0.,0.,0.,0.,0.,0.,0.,0.
844,0.008,0.,0.008,0.027,0.,0.027,0.008,0.,0.008,0.026,0.,0.026,0.009,0.,0.009,0.027,0.,0.027,0.009,0.,0.009,0.001,0.,0.001,0.,0.,0.,0.,0.,0.,0.,0.,0.,0.,0.,0.,0.,0.,0.
848,0.008,0.,0.008,0.027,0.,0.027,0.008,0.,0.008,0.033,0.,0.033,0.009,0.,0.009,0.028,0.,0.028,0.008,0.,0.008,0.,0.,0.,0.,0.,0.,0.,0.,0.,0.,0.,0.,0.,0.,0.,0.,0.,0.
852,0.008,0.,0.008,0.027,0.,0.027,0.008,0.,0.008,0.027,0.,0.027,0.009,0.,0.009,0.027,0.,0.027,0.008,0.,0.008,0.,0.,0.,0.,0.,0.,0.,0.,0.,0.,0.,0.,0.,0.,0.,0.,0.,0.
856,0.008,0.,0.008,0.028,0.,0.028,0.008,0.,0.008,0.027,0.,0.027,0.008,0.,0.008,0.027,0.,0.027,0.008,0.,0.008,0.,0.,0.,0.,0.,0.,0.,0.,0.,0.,0.,0.,0.,0.,0.,0.,0.,0.
860,0.008,0.,0.008,0.028,0.,0.028,0.008,0.,0.008,0.028,0.,0.028,0.01,0.,0.01,0.03,0.,0.03,0.008,0.,0.008,0.001,0.,0.001,0.,0.,0.,0.,0.,0.,0.,0.,0.,0.,0.,0.,0.,0.,0.
864,0.009,0.,0.009,0.03,0.,0.03,0.008,0.,0.008,0.028,0.,0.028,0.008,0.,0.008,0.031,0.,0.031,0.009,0.,0.009,0.001,0.,0.001,0.001,0.,0.001,0.001,0.,0.001,0.,0.,0.,0.001,0.,0.001,0.,0.,0.
868,0.008,0.,0.008,0.028,0.,0.028,0.009,0.,0.009,0.027,0.,0.027,0.008,0.,0.008,0.028,0.,0.028,0.009,0.,0.009,0.,0.,0.,0.,0.,0.,0.,0.,0.,0.,0.,0.,0.,0.,0.,0.,0.,0.
872,0.008,0.,0.008,0.028,0.,0.028,0.009,0.,0.009,0.028,0.,0.028,0.008,0.,0.008,0.028,0.003,0.024,0.009,0.,0.009,0.,0.,0.,0.001,0.,0.001,0.,0.,0.,0.,0.,0.,0.,0.,0.,0.,0.,0.
876,0.009,0.,0.009,0.031,0.,0.031,0.008,0.,0.008,0.032,0.,0.032,0.008,0.,0.008,0.032,0.,0.032,0.009,0.,0.009,0.001,0.,0.001,0.,0.,0.,0.,0.,0.,0.,0.,0.,0.,0.,0.,0.,0.,0.
880,0.008,0.,0.008,0.036,0.,0.036,0.009,0.,0.009,0.036,0.,0.036,0.01,0.,0.01,0.028,0.,0.028,0.009,0.,0.009,0.002,0.,0.001,0.,0.,0.,0.,0.,0.,0.,0.,0.,0.,0.,0.,0.,0.,0.
884,0.008,0.,0.008,0.03,0.,0.03,0.009,0.,0.009,0.028,0.,0.028,0.008,0.,0.008,0.03,0.,0.03,0.008,0.,0.008,0.,0.,0.,0.,0.,0.,0.,0.,0.,0.,0.,0.,0.,0.,0.,0.,0.,0.
888,0.008,0.,0.008,0.03,0.,0.03,0.01,0.,0.01,0.031,0.,0.031,0.008,0.,0.008,0.031,0.,0.031,0.008,0.,0.008,0.001,0.,0.001,0.,0.,0.,0.,0.,0.,0.,0.,0.,0.,0.,0.,0.,0.,0.
892,0.01,0.,0.009,0.028,0.,0.028,0.008,0.,0.008,0.04,0.,0.04,0.008,0.,0.008,0.028,0.,0.028,0.008,0.,0.008,0.001,0.,0.001,0.,0.,0.,0.,0.,0.,0.001,0.,0.001,0.,0.,0.,0.,0.,0.
896,0.016,0.,0.016,0.029,0.,0.029,0.008,0.,0.008,0.03,0.004,0.026,0.008,0.,0.008,0.029,0.,0.029,0.008,0.,0.008,0.,0.,0.,0.001,0.,0.001,0.,0.,0.,0.,0.,0.,0.,0.,0.,0.,0.,0.
900,0.009,0.,0.009,0.032,0.,0.032,0.009,0.,0.009,0.029,0.,0.029,0.009,0.,0.009,0.031,0.,0.031,0.01,0.,0.009,0.001,0.,0.001,0.,0.,0.,0.,0.,0.,0.,0.,0.,0.,0.,0.,0.,0.,0.
904,0.008,0.,0.008,0.03,0.,0.03,0.01,0.,0.01,0.03,0.,0.03,0.009,0.,0.009,0.031,0.,0.031,0.008,0.,0.008,0.,0.,0.,0.,0.,0.,0.,0.,0.,0.,0.,0.,0.,0.,0.,0.,0.,0.
908,0.008,0.,0.008,0.032,0.,0.032,0.009,0.,0.009,0.032,0.,0.032,0.009,0.,0.009,0.032,0.,0.032,0.009,0.,0.009,0.,0.,0.,0.,0.,0.,0.,0.,0.,0.,0.,0.,0.,0.,0.,0.,0.,0.
912,0.008,0.,0.008,0.031,0.,0.031,0.008,0.,0.008,0.031,0.,0.031,0.009,0.,0.009,0.034,0.,0.034,0.009,0.,0.009,0.001,0.,0.001,0.,0.,0.,0.,0.,0.,0.,0.,0.,0.,0.,0.,0.,0.,0.
916,0.008,0.,0.008,0.032,0.,0.032,0.009,0.,0.009,0.032,0.,0.032,0.009,0.,0.009,0.033,0.,0.033,0.009,0.,0.009,0.001,0.,0.001,0.,0.,0.,0.,0.,0.,0.,0.,0.,0.,0.,0.,0.,0.,0.
920,0.009,0.,0.009,0.031,0.,0.031,0.01,0.,0.01,0.048,0.,0.048,0.009,0.,0.009,0.037,0.,0.037,0.009,0.003,0.005,0.,0.,0.,0.001,0.,0.001,0.,0.,0.,0.,0.,0.,0.,0.,0.,0.,0.,0.
924,0.009,0.,0.009,0.031,0.,0.031,0.009,0.,0.009,0.031,0.,0.031,0.009,0.,0.009,0.031,0.,0.031,0.01,0.,0.01,0.001,0.,0.001,0.,0.,0.,0.,0.,0.,0.,0.,0.,0.,0.,0.,0.,0.,0.
928,0.009,0.,0.009,0.04,0.,0.04,0.009,0.,0.009,0.032,0.,0.032,0.009,0.,0.009,0.031,0.,0.031,0.009,0.,0.009,0.001,0.,0.001,0.001,0.,0.001,0.,0.,0.,0.,0.,0.,0.,0.,0.,0.,0.,0.
932,0.009,0.,0.009,0.031,0.,0.031,0.01,0.,0.01,0.032,0.,0.032,0.009,0.,0.009,0.03,0.,0.03,0.009,0.,0.009,0.001,0.,0.001,0.001,0.,0.001,0.,0.,0.,0.,0.,0.,0.,0.,0.,0.,0.,0.
936,0.009,0.,0.009,0.031,0.,0.031,0.009,0.,0.009,0.031,0.,0.031,0.009,0.,0.009,0.031,0.,0.031,0.01,0.003,0.006,0.001,0.,0.001,0.,0.,0.,0.001,0.,0.001,0.,0.,0.,0.,0.,0.,0.,0.,0.
940,0.009,0.,0.009,0.033,0.,0.033,0.009,0.,0.009,0.03,0.,0.03,0.009,0.,0.009,0.032,0.,0.032,0.009,0.,0.009,0.001,0.,0.001,0.001,0.,0.001,0.,0.,0.,0.,0.,0.,0.,0.,0.,0.,0.,0.
944,0.01,0.,0.01,0.032,0.,0.032,0.01,0.,0.01,0.033,0.,0.032,0.009,0.,0.009,0.031,0.,0.031,0.009,0.,0.009,0.001,0.,0.001,0.,0.,0.,0.,0.,0.,0.,0.,0.,0.,0.,0.,0.,0.,0.
948,0.009,0.,0.009,0.032,0.,0.032,0.01,0.,0.01,0.032,0.,0.032,0.01,0.,0.01,0.034,0.,0.034,0.018,0.,0.018,0.001,0.,0.001,0.,0.,0.,0.,0.,0.,0.,0.,0.,0.001,0.,0.001,0.,0.,0.
952,0.009,0.,0.009,0.033,0.,0.033,0.01,0.,0.01,0.034,0.,0.034,0.009,0.,0.009,0.032,0.,0.032,0.009,0.,0.009,0.001,0.,0.001,0.001,0.,0.001,0.,0.,0.,0.,0.,0.,0.001,0.,0.001,0.,0.,0.
956,0.009,0.,0.009,0.036,0.,0.036,0.009,0.,0.009,0.033,0.,0.033,0.009,0.,0.009,0.033,0.,0.033,0.009,0.,0.009,0.001,0.,0.001,0.001,0.,0.001,0.,0.,0.,0.,0.,0.,0.,0.,0.,0.,0.,0.
960,0.011,0.,0.011,0.033,0.,0.033,0.011,0.,0.011,0.033,0.,0.033,0.009,0.,0.009,0.032,0.,0.032,0.009,0.,0.009,0.001,0.,0.001,0.001,0.,0.001,0.,0.,0.,0.,0.,0.,0.,0.,0.,0.,0.,0.
964,0.009,0.,0.009,0.033,0.,0.033,0.009,0.,0.009,0.032,0.,0.032,0.01,0.003,0.006,0.034,0.,0.034,0.009,0.,0.009,0.001,0.,0.001,0.,0.,0.,0.,0.,0.,0.,0.,0.,0.,0.,0.,0.,0.,0.
968,0.012,0.,0.012,0.036,0.,0.036,0.009,0.,0.009,0.035,0.,0.035,0.009,0.,0.009,0.038,0.,0.036,0.017,0.,0.017,0.001,0.,0.001,0.001,0.,0.001,0.,0.,0.,0.,0.,0.,0.,0.,0.,0.,0.,0.
972,0.01,0.,0.01,0.033,0.,0.033,0.01,0.,0.01,0.034,0.,0.034,0.009,0.,0.009,0.038,0.003,0.034,0.01,0.,0.01,0.001,0.,0.001,0.001,0.,0.001,0.,0.,0.,0.,0.,0.,0.,0.,0.,0.,0.,0.
976,0.009,0.,0.009,0.034,0.,0.034,0.01,0.,0.01,0.034,0.,0.034,0.009,0.,0.009,0.034,0.,0.034,0.009,0.,0.009,0.001,0.,0.001,0.001,0.,0.001,0.,0.,0.,0.,0.,0.,0.,0.,0.,0.,0.,0.
980,0.009,0.,0.009,0.034,0.,0.034,0.009,0.,0.009,0.035,0.,0.035,0.01,0.,0.01,0.035,0.,0.035,0.009,0.,0.009,0.001,0.,0.001,0.,0.,0.,0.,0.,0.,0.,0.,0.,0.,0.,0.,0.,0.,0.
984,0.009,0.,0.009,0.034,0.,0.034,0.009,0.,0.009,0.034,0.,0.034,0.009,0.,0.009,0.035,0.,0.035,0.01,0.,0.01,0.001,0.,0.001,0.002,0.,0.002,0.,0.,0.,0.,0.,0.,0.,0.,0.,0.,0.,0.
988,0.009,0.,0.009,0.036,0.,0.036,0.009,0.,0.009,0.035,0.,0.035,0.01,0.,0.01,0.035,0.,0.035,0.009,0.,0.009,0.001,0.,0.001,0.001,0.,0.001,0.,0.,0.,0.,0.,0.,0.,0.,0.,0.,0.,0.
992,0.01,0.,0.01,0.034,0.,0.034,0.009,0.,0.009,0.042,0.,0.042,0.009,0.,0.009,0.034,0.,0.034,0.009,0.,0.009,0.001,0.,0.001,0.001,0.,0.001,0.,0.,0.,0.,0.,0.,0.,0.,0.,0.,0.,0.
996,0.009,0.,0.009,0.037,0.,0.037,0.01,0.,0.01,0.037,0.,0.037,0.011,0.,0.011,0.039,0.,0.039,0.009,0.,0.009,0.001,0.,0.001,0.001,0.,0.001,0.,0.,0.,0.,0.,0.,0.,0.,0.,0.,0.,0.
1000,0.01,0.,0.01,0.034,0.,0.034,0.01,0.,0.01,0.035,0.,0.035,0.01,0.,0.01,0.035,0.,0.035,0.01,0.,0.01,0.001,0.,0.001,0.001,0.,0.001,0.,0.,0.,0.,0.,0.,0.001,0.,0.001,0.,0.,0.
1100,0.01,0.,0.01,0.042,0.,0.042,0.011,0.,0.011,0.047,0.,0.047,0.012,0.,0.012,0.043,0.,0.043,0.012,0.,0.012,0.001,0.,0.001,0.001,0.,0.001,0.,0.,0.,0.,0.,0.,0.,0.,0.,0.,0.,0.
1200,0.012,0.,0.012,0.047,0.,0.047,0.012,0.,0.012,0.048,0.,0.048,0.012,0.,0.012,0.048,0.,0.048,0.013,0.,0.013,0.001,0.,0.001,0.001,0.,0.001,0.,0.,0.,0.001,0.,0.001,0.,0.,0.,0.,0.,0.
1300,0.013,0.,0.013,0.059,0.,0.059,0.013,0.,0.013,0.057,0.,0.057,0.013,0.,0.013,0.054,0.,0.054,0.015,0.,0.015,0.001,0.,0.001,0.001,0.,0.001,0.001,0.,0.001,0.,0.,0.,0.,0.,0.,0.,0.,0.
1400,0.014,0.,0.014,0.061,0.,0.061,0.014,0.,0.014,0.062,0.,0.062,0.014,0.,0.014,0.064,0.,0.064,0.013,0.,0.013,0.001,0.,0.001,0.001,0.,0.001,0.001,0.,0.001,0.,0.,0.,0.,0.,0.,0.,0.,0.
1500,0.015,0.,0.015,0.071,0.,0.07,0.014,0.,0.014,0.072,0.,0.072,0.015,0.,0.015,0.079,0.,0.079,0.015,0.,0.015,0.001,0.,0.001,0.001,0.,0.001,0.,0.,0.,0.,0.,0.,0.,0.,0.,0.001,0.,0.001
1600,0.015,0.,0.015,0.078,0.,0.078,0.016,0.,0.016,0.079,0.,0.079,0.016,0.,0.016,0.081,0.,0.081,0.018,0.,0.018,0.001,0.,0.001,0.001,0.,0.001,0.001,0.,0.001,0.,0.,0.,0.001,0.,0.001,0.,0.,0.
1700,0.017,0.,0.017,0.09,0.,0.09,0.017,0.,0.017,0.091,0.,0.091,0.016,0.,0.016,0.091,0.,0.091,0.021,0.,0.021,0.001,0.,0.001,0.001,0.,0.001,0.001,0.,0.001,0.,0.,0.,0.001,0.,0.001,0.001,0.,0.001
1800,0.018,0.,0.018,0.099,0.,0.099,0.017,0.,0.017,0.098,0.,0.098,0.018,0.,0.018,0.103,0.,0.103,0.02,0.,0.02,0.001,0.,0.001,0.001,0.,0.001,0.001,0.,0.001,0.001,0.,0.001,0.001,0.,0.001,0.001,0.,0.001
1900,0.025,0.,0.025,0.119,0.,0.118,0.02,0.,0.02,0.115,0.,0.115,0.021,0.,0.021,0.118,0.,0.118,0.022,0.,0.022,0.001,0.,0.001,0.001,0.,0.001,0.001,0.,0.001,0.001,0.,0.001,0.001,0.,0.001,0.001,0.,0.001
2000,0.019,0.,0.019,0.118,0.,0.118,0.022,0.,0.022,0.116,0.,0.116,0.02,0.,0.02,0.119,0.,0.119,0.022,0.,0.022,0.001,0.,0.001,0.001,0.,0.001,0.001,0.,0.001,0.001,0.,0.001,0.001,0.,0.001,0.001,0.,0.001
2100,0.02,0.,0.02,0.127,0.,0.127,0.02,0.,0.02,0.129,0.,0.129,0.022,0.,0.022,0.136,0.,0.136,0.022,0.,0.022,0.001,0.,0.001,0.001,0.,0.001,0.001,0.,0.001,0.001,0.,0.001,0.001,0.,0.001,0.001,0.,0.001
2200,0.021,0.,0.021,0.14,0.,0.14,0.021,0.,0.021,0.136,0.,0.136,0.028,0.,0.028,0.144,0.,0.144,0.022,0.,0.022,0.001,0.,0.001,0.001,0.,0.001,0.001,0.,0.001,0.001,0.,0.001,0.001,0.,0.001,0.001,0.,0.001
2300,0.025,0.,0.025,0.164,0.,0.164,0.027,0.,0.027,0.151,0.,0.151,0.026,0.,0.026,0.154,0.,0.154,0.022,0.,0.022,0.001,0.,0.001,0.001,0.,0.001,0.001,0.,0.001,0.001,0.,0.001,0.001,0.,0.001,0.001,0.,0.001
2400,0.023,0.,0.023,0.163,0.,0.162,0.024,0.,0.024,0.161,0.,0.161,0.026,0.,0.026,0.166,0.,0.166,0.025,0.,0.025,0.001,0.,0.001,0.001,0.,0.001,0.001,0.,0.001,0.001,0.,0.001,0.001,0.,0.001,0.001,0.,0.001
2500,0.028,0.,0.028,0.181,0.,0.181,0.029,0.,0.028,0.185,0.,0.185,0.024,0.,0.024,0.18,0.,0.18,0.027,0.,0.027,0.001,0.,0.001,0.001,0.,0.001,0.001,0.,0.001,0.001,0.,0.001,0.001,0.,0.001,0.001,0.,0.001
2600,0.03,0.,0.03,0.205,0.,0.205,0.026,0.,0.026,0.206,0.,0.206,0.027,0.,0.027,0.203,0.,0.203,0.032,0.,0.032,0.001,0.,0.001,0.001,0.,0.001,0.001,0.,0.001,0.001,0.,0.001,0.001,0.,0.001,0.001,0.,0.001
2700,0.026,0.,0.026,0.212,0.,0.212,0.027,0.,0.027,0.201,0.,0.201,0.029,0.,0.029,0.217,0.,0.217,0.027,0.,0.027,0.001,0.,0.001,0.001,0.,0.001,0.001,0.,0.001,0.001,0.,0.001,0.001,0.,0.001,0.001,0.,0.001
2800,0.027,0.,0.027,0.242,0.,0.242,0.029,0.,0.029,0.224,0.,0.224,0.03,0.,0.03,0.23,0.,0.23,0.03,0.,0.03,0.001,0.,0.001,0.001,0.,0.001,0.001,0.,0.001,0.001,0.,0.001,0.001,0.,0.001,0.001,0.,0.001
2900,0.029,0.,0.029,0.23,0.,0.23,0.029,0.,0.029,0.238,0.,0.238,0.032,0.,0.032,0.226,0.,0.225,0.031,0.,0.031,0.002,0.,0.002,0.004,0.,0.004,0.001,0.,0.001,0.001,0.,0.001,0.001,0.,0.001,0.001,0.,0.001
3000,0.031,0.,0.031,0.262,0.003,0.258,0.03,0.,0.03,0.259,0.,0.259,0.031,0.,0.031,0.265,0.,0.265,0.03,0.,0.03,0.002,0.,0.002,0.003,0.,0.003,0.002,0.,0.002,0.002,0.,0.003,0.002,0.,0.002,0.001,0.,0.001
3100,0.036,0.,0.036,0.275,0.,0.275,0.033,0.,0.033,0.276,0.,0.276,0.033,0.,0.033,0.274,0.,0.273,0.033,0.,0.033,0.002,0.,0.002,0.002,0.,0.002,0.001,0.,0.001,0.001,0.,0.001,0.001,0.,0.001,0.001,0.,0.001
3200,0.031,0.,0.031,0.288,0.,0.288,0.033,0.,0.033,0.273,0.,0.273,0.044,0.,0.044,0.28,0.003,0.276,0.031,0.,0.031,0.002,0.,0.002,0.002,0.,0.002,0.012,0.,0.012,0.003,0.,0.003,0.002,0.,0.002,0.001,0.,0.001
3300,0.032,0.,0.032,0.304,0.,0.304,0.034,0.,0.034,0.314,0.,0.313,0.035,0.,0.035,0.316,0.,0.315,0.033,0.,0.033,0.002,0.,0.002,0.002,0.,0.002,0.001,0.,0.001,0.001,0.,0.001,0.001,0.,0.001,0.001,0.,0.001
3400,0.035,0.,0.035,0.327,0.,0.326,0.037,0.,0.037,0.32,0.,0.32,0.036,0.,0.036,0.332,0.,0.332,0.035,0.,0.035,0.002,0.,0.002,0.002,0.,0.002,0.002,0.,0.002,0.001,0.,0.001,0.002,0.,0.002,0.001,0.,0.001
3500,0.037,0.,0.037,0.344,0.,0.344,0.036,0.,0.036,0.363,0.,0.363,0.037,0.,0.037,0.355,0.,0.355,0.036,0.,0.036,0.002,0.,0.002,0.002,0.,0.002,0.002,0.,0.002,0.001,0.,0.001,0.002,0.,0.002,0.003,0.,0.003
3600,0.047,0.004,0.043,0.349,0.,0.348,0.037,0.,0.037,0.34,0.,0.34,0.039,0.,0.039,0.345,0.,0.345,0.038,0.,0.038,0.002,0.,0.002,0.002,0.,0.002,0.001,0.,0.001,0.001,0.,0.001,0.001,0.,0.001,0.001,0.,0.001
3700,0.037,0.,0.037,0.354,0.003,0.35,0.041,0.,0.041,0.366,0.,0.366,0.039,0.,0.039,0.366,0.,0.365,0.036,0.,0.036,0.003,0.,0.003,0.006,0.,0.006,0.001,0.,0.001,0.002,0.,0.002,0.001,0.,0.001,0.001,0.,0.001
3800,0.04,0.,0.04,0.404,0.,0.404,0.042,0.,0.042,0.385,0.,0.385,0.041,0.,0.041,0.389,0.,0.389,0.039,0.,0.039,0.002,0.,0.002,0.002,0.,0.002,0.001,0.,0.001,0.001,0.,0.001,0.001,0.,0.001,0.002,0.,0.002
3900,0.042,0.,0.042,0.419,0.,0.419,0.043,0.,0.043,0.412,0.,0.412,0.052,0.,0.052,0.431,0.,0.431,0.04,0.,0.04,0.002,0.,0.002,0.002,0.,0.002,0.002,0.,0.002,0.002,0.,0.002,0.002,0.,0.002,0.001,0.,0.001
4000,0.042,0.,0.042,0.461,0.,0.461,0.04,0.,0.04,0.439,0.,0.439,0.045,0.,0.045,0.443,0.,0.443,0.047,0.,0.047,0.002,0.,0.002,0.002,0.,0.002,0.002,0.,0.002,0.002,0.,0.002,0.004,0.,0.004,0.002,0.,0.002
4100,0.053,0.003,0.049,0.472,0.,0.471,0.047,0.,0.047,0.46,0.004,0.456,0.041,0.,0.041,0.431,0.,0.431,0.048,0.,0.048,0.002,0.,0.002,0.009,0.,0.009,0.002,0.,0.002,0.002,0.,0.002,0.002,0.,0.002,0.002,0.,0.002
4200,0.041,0.,0.041,0.478,0.,0.478,0.045,0.,0.045,0.484,0.,0.484,0.047,0.,0.047,0.472,0.,0.472,0.043,0.,0.043,0.002,0.,0.002,0.002,0.,0.002,0.002,0.,0.002,0.002,0.,0.002,0.002,0.,0.002,0.002,0.,0.002
4300,0.045,0.,0.045,0.489,0.,0.489,0.049,0.,0.049,0.484,0.,0.484,0.042,0.,0.042,0.509,0.,0.509,0.048,0.,0.048,0.003,0.,0.003,0.002,0.,0.002,0.002,0.,0.002,0.002,0.,0.002,0.002,0.,0.002,0.002,0.,0.002
4400,0.047,0.,0.047,0.53,0.,0.53,0.045,0.,0.045,0.537,0.,0.537,0.048,0.,0.048,0.519,0.,0.519,0.051,0.,0.051,0.002,0.,0.002,0.002,0.,0.002,0.002,0.,0.002,0.002,0.,0.002,0.002,0.,0.002,0.002,0.,0.002
4500,0.043,0.,0.043,0.542,0.,0.542,0.055,0.,0.055,0.553,0.,0.553,0.046,0.003,0.042,0.543,0.,0.543,0.055,0.,0.055,0.002,0.,0.002,0.002,0.,0.002,0.002,0.,0.002,0.002,0.,0.002,0.002,0.,0.002,0.002,0.,0.002
4600,0.047,0.,0.047,0.572,0.,0.572,0.05,0.,0.05,0.57,0.,0.57,0.047,0.,0.047,0.549,0.,0.549,0.054,0.,0.054,0.003,0.,0.003,0.003,0.,0.003,0.002,0.,0.002,0.002,0.,0.002,0.002,0.,0.002,0.002,0.,0.002
4700,0.048,0.,0.048,0.565,0.,0.564,0.051,0.,0.051,0.558,0.,0.558,0.047,0.,0.047,0.559,0.,0.558,0.05,0.,0.05,0.002,0.,0.002,0.002,0.,0.002,0.002,0.,0.002,0.002,0.,0.002,0.002,0.,0.002,0.002,0.,0.002
4800,0.053,0.,0.053,0.586,0.,0.586,0.051,0.003,0.047,0.591,0.,0.591,0.052,0.,0.052,0.589,0.,0.589,0.051,0.004,0.047,0.002,0.,0.002,0.003,0.,0.003,0.002,0.,0.002,0.002,0.,0.002,0.002,0.002,0.,0.002,0.,0.002
4900,0.052,0.,0.052,0.644,0.,0.644,0.054,0.,0.054,0.649,0.,0.649,0.059,0.,0.059,0.644,0.,0.644,0.051,0.,0.051,0.003,0.,0.003,0.002,0.,0.002,0.003,0.,0.003,0.002,0.,0.002,0.002,0.,0.002,0.002,0.,0.002
5000,0.052,0.,0.052,0.623,0.,0.622,0.055,0.,0.055,0.638,0.,0.638,0.053,0.,0.053,0.624,0.,0.624,0.054,0.,0.054,0.002,0.,0.002,0.003,0.,0.003,0.002,0.,0.002,0.002,0.,0.002,0.002,0.,0.002,0.003,0.,0.003
5500,0.061,0.,0.061,0.79,0.,0.79,0.06,0.,0.06,0.781,0.,0.781,0.069,0.,0.069,0.795,0.,0.795,0.056,0.,0.056,0.003,0.,0.003,0.003,0.,0.003,0.003,0.,0.003,0.002,0.,0.002,0.002,0.,0.002,0.002,0.,0.002
6000,0.063,0.,0.063,0.922,0.,0.922,0.063,0.,0.063,0.913,0.,0.913,0.067,0.,0.067,0.972,0.,0.972,0.063,0.,0.063,0.003,0.,0.003,0.003,0.,0.003,0.002,0.,0.002,0.003,0.,0.003,0.003,0.,0.003,0.002,0.,0.002
6500,0.069,0.003,0.065,1.142,0.,1.142,0.073,0.,0.073,1.098,0.,1.098,0.081,0.,0.081,1.113,0.,1.113,0.082,0.,0.082,0.003,0.,0.003,0.003,0.,0.003,0.003,0.,0.003,0.003,0.,0.003,0.003,0.,0.003,0.003,0.,0.003
7000,0.074,0.003,0.07,1.246,0.,1.246,0.077,0.,0.077,1.211,0.,1.211,0.071,0.,0.071,1.263,0.,1.263,0.086,0.,0.086,0.003,0.,0.003,0.004,0.,0.004,0.003,0.,0.003,0.003,0.,0.003,0.003,0.,0.003,0.003,0.,0.003
7500,0.085,0.,0.085,1.397,0.,1.397,0.079,0.,0.079,1.474,0.,1.474,0.085,0.,0.085,1.454,0.,1.454,0.082,0.,0.082,0.003,0.,0.003,0.003,0.,0.003,0.003,0.,0.003,0.004,0.,0.004,0.005,0.,0.005,0.003,0.,0.003
8000,0.081,0.,0.081,1.662,0.,1.662,0.086,0.,0.086,1.606,0.,1.605,0.082,0.,0.082,1.636,0.,1.636,0.083,0.,0.083,0.004,0.,0.004,0.004,0.,0.004,0.003,0.,0.003,0.003,0.,0.003,0.004,0.,0.004,0.003,0.,0.003
8500,0.093,0.,0.093,1.867,0.003,1.863,0.088,0.,0.088,1.874,0.,1.874,0.087,0.,0.087,1.849,0.,1.849,0.087,0.,0.087,0.004,0.,0.004,0.004,0.,0.004,0.004,0.,0.004,0.004,0.,0.004,0.004,0.,0.004,0.004,0.,0.004
9000,0.096,0.,0.096,2.094,0.,2.093,0.098,0.,0.098,2.081,0.,2.081,0.093,0.,0.093,2.052,0.,2.052,0.095,0.,0.095,0.004,0.,0.004,0.004,0.,0.004,0.004,0.,0.004,0.004,0.,0.004,0.004,0.,0.004,0.004,0.,0.004
9500,0.1,0.,0.1,2.259,0.,2.259,0.104,0.,0.104,2.159,0.,2.158,0.097,0.,0.097,2.289,0.,2.288,0.096,0.,0.096,0.004,0.,0.004,0.007,0.,0.007,0.004,0.,0.004,0.004,0.,0.004,0.005,0.,0.005,0.004,0.,0.004
10000,0.112,0.,0.112,2.392,0.,2.392,0.113,0.,0.113,2.381,0.,2.38,0.109,0.,0.109,2.375,0.,2.375,0.102,0.,0.102,0.004,0.,0.004,0.004,0.,0.004,0.005,0.,0.005,0.004,0.,0.004,0.004,0.,0.004,0.006,0.,0.006