param-n,abstract-regression-quadratic-real,abstract-regression-quadratic-sys,abstract-regression-quadratic-user,close-abstract-regression-quadratic-real,close-abstract-regression-quadratic-sys,close-abstract-regression-quadratic-user,ssr-rewrite!-regression-quadratic-real,ssr-rewrite!-regression-quadratic-sys,ssr-rewrite!-regression-quadratic-user,ssr-rewrite?-noop-regression-linear-real,ssr-rewrite?-noop-regression-linear-sys,ssr-rewrite?-noop-regression-linear-user
1,0.,0.,0.,0.,0.,0.,0.,0.,0.,0.,0.,0.
2,0.,0.,0.,0.,0.,0.,0.,0.,0.,0.,0.,0.
3,0.001,0.,0.001,0.,0.,0.,0.,0.,0.,0.,0.,0.
4,0.001,0.,0.001,0.,0.,0.,0.,0.,0.,0.,0.,0.
5,0.001,0.,0.001,0.,0.,0.,0.001,0.,0.001,0.,0.,0.
6,0.001,0.,0.001,0.,0.,0.,0.001,0.,0.001,0.,0.,0.
7,0.002,0.,0.002,0.,0.,0.,0.001,0.,0.001,0.,0.,0.
8,0.002,0.,0.002,0.,0.,0.,0.001,0.,0.001,0.,0.,0.
9,0.003,0.,0.003,0.,0.,0.,0.001,0.,0.001,0.,0.,0.
10,0.003,0.003,0.,0.001,0.001,0.,0.002,0.002,0.,0.,0.,0.
11,0.004,0.,0.004,0.001,0.,0.001,0.002,0.,0.002,0.,0.,0.
12,0.004,0.003,0.001,0.001,0.,0.,0.003,0.002,0.,0.,0.,0.
13,0.005,0.,0.004,0.001,0.,0.001,0.003,0.,0.003,0.,0.,0.
14,0.045,0.008,0.036,0.001,0.,0.001,0.043,0.007,0.035,0.,0.,0.
15,0.005,0.,0.005,0.001,0.,0.001,0.003,0.,0.003,0.,0.,0.
16,0.005,0.,0.005,0.001,0.,0.001,0.003,0.,0.003,0.,0.,0.
17,0.006,0.,0.006,0.001,0.,0.001,0.003,0.,0.003,0.,0.,0.
18,0.006,0.,0.006,0.002,0.,0.002,0.004,0.,0.004,0.,0.,0.
19,0.007,0.,0.007,0.002,0.,0.002,0.004,0.,0.004,0.,0.,0.
20,0.007,0.,0.007,0.002,0.,0.002,0.005,0.,0.005,0.,0.,0.
21,0.009,0.,0.009,0.003,0.,0.003,0.005,0.,0.005,0.,0.,0.
22,0.009,0.,0.009,0.002,0.,0.002,0.006,0.,0.006,0.,0.,0.
23,0.009,0.,0.009,0.003,0.,0.003,0.006,0.,0.006,0.,0.,0.
24,0.01,0.,0.01,0.003,0.,0.003,0.007,0.,0.007,0.,0.,0.
25,0.011,0.,0.011,0.003,0.,0.003,0.007,0.,0.007,0.,0.,0.
26,0.073,0.,0.073,0.003,0.,0.003,0.069,0.,0.069,0.,0.,0.
27,0.013,0.,0.013,0.004,0.,0.004,0.008,0.,0.008,0.,0.,0.
28,0.014,0.,0.013,0.004,0.,0.004,0.009,0.,0.009,0.,0.,0.
29,0.015,0.,0.015,0.005,0.,0.005,0.009,0.,0.009,0.,0.,0.
30,0.015,0.,0.015,0.004,0.,0.004,0.01,0.,0.01,0.,0.,0.
31,0.016,0.,0.016,0.005,0.,0.005,0.011,0.,0.011,0.,0.,0.
32,0.041,0.,0.041,0.005,0.,0.005,0.035,0.,0.035,0.,0.,0.
33,0.018,0.,0.018,0.005,0.,0.005,0.012,0.,0.012,0.,0.,0.
34,0.019,0.,0.019,0.006,0.,0.006,0.013,0.,0.013,0.,0.,0.
35,0.021,0.,0.021,0.006,0.,0.006,0.014,0.,0.014,0.,0.,0.
36,0.022,0.,0.022,0.006,0.,0.006,0.014,0.,0.014,0.,0.,0.
37,0.023,0.,0.023,0.007,0.,0.007,0.015,0.,0.015,0.,0.,0.
38,0.024,0.,0.024,0.007,0.,0.007,0.016,0.,0.016,0.,0.,0.
39,0.025,0.,0.025,0.007,0.,0.007,0.017,0.,0.017,0.,0.,0.
40,0.036,0.,0.036,0.018,0.,0.018,0.017,0.,0.017,0.,0.,0.
41,0.028,0.,0.028,0.008,0.,0.008,0.018,0.,0.018,0.,0.,0.
42,0.03,0.,0.03,0.01,0.,0.01,0.019,0.,0.019,0.,0.,0.
43,0.03,0.,0.03,0.009,0.,0.009,0.02,0.,0.02,0.,0.,0.
44,0.046,0.,0.046,0.01,0.,0.01,0.035,0.,0.035,0.,0.,0.
45,0.034,0.,0.034,0.012,0.,0.012,0.022,0.,0.022,0.,0.,0.
46,0.035,0.,0.035,0.011,0.,0.011,0.023,0.,0.023,0.,0.,0.
47,0.035,0.,0.035,0.011,0.,0.011,0.023,0.,0.023,0.,0.,0.
48,0.107,0.,0.107,0.012,0.,0.012,0.094,0.,0.094,0.,0.,0.
49,0.04,0.,0.04,0.012,0.,0.012,0.027,0.,0.027,0.,0.,0.
50,0.09,0.012,0.078,0.054,0.,0.054,0.035,0.011,0.023,0.,0.,0.
51,0.058,0.,0.058,0.03,0.,0.03,0.027,0.,0.027,0.,0.,0.
52,0.043,0.,0.043,0.014,0.,0.014,0.028,0.,0.028,0.,0.,0.
53,0.045,0.,0.045,0.014,0.,0.014,0.029,0.,0.029,0.,0.,0.
54,0.047,0.,0.047,0.016,0.,0.016,0.03,0.,0.03,0.,0.,0.
55,0.054,0.,0.054,0.022,0.,0.022,0.031,0.,0.031,0.,0.,0.
56,0.05,0.,0.05,0.017,0.,0.017,0.032,0.,0.032,0.,0.,0.
57,0.052,0.,0.052,0.017,0.,0.017,0.034,0.,0.034,0.,0.,0.
58,0.055,0.,0.055,0.016,0.,0.016,0.037,0.,0.037,0.,0.,0.
59,0.056,0.,0.056,0.017,0.,0.017,0.038,0.,0.038,0.,0.,0.
60,0.057,0.003,0.053,0.018,0.003,0.014,0.038,0.,0.038,0.,0.,0.
61,0.06,0.,0.06,0.019,0.,0.019,0.039,0.,0.039,0.,0.,0.
62,0.061,0.,0.061,0.02,0.,0.02,0.039,0.,0.039,0.,0.,0.
63,0.063,0.,0.063,0.019,0.,0.019,0.043,0.,0.043,0.,0.,0.
64,0.067,0.,0.067,0.022,0.,0.022,0.043,0.,0.043,0.,0.,0.
65,0.067,0.,0.067,0.021,0.,0.021,0.045,0.,0.045,0.,0.,0.
66,0.069,0.,0.069,0.022,0.,0.022,0.046,0.,0.046,0.,0.,0.
67,0.07,0.003,0.066,0.023,0.003,0.02,0.046,0.,0.046,0.,0.,0.
68,0.076,0.,0.076,0.025,0.,0.025,0.049,0.,0.049,0.,0.,0.
69,0.075,0.,0.075,0.024,0.,0.024,0.05,0.,0.05,0.,0.,0.
70,0.077,0.,0.077,0.025,0.,0.025,0.051,0.,0.051,0.,0.,0.
71,0.079,0.,0.079,0.024,0.,0.024,0.053,0.,0.053,0.,0.,0.
72,0.084,0.003,0.08,0.025,0.,0.025,0.058,0.003,0.054,0.,0.,0.
73,0.086,0.,0.086,0.028,0.,0.028,0.057,0.,0.057,0.,0.,0.
74,0.088,0.,0.088,0.029,0.,0.029,0.057,0.,0.057,0.,0.,0.
75,0.093,0.,0.093,0.031,0.,0.031,0.06,0.,0.06,0.,0.,0.
76,0.099,0.,0.097,0.035,0.,0.035,0.062,0.,0.061,0.,0.,0.
77,0.093,0.,0.093,0.028,0.,0.028,0.063,0.,0.063,0.,0.,0.
78,0.094,0.,0.094,0.029,0.,0.029,0.064,0.,0.064,0.,0.,0.
79,0.102,0.,0.102,0.035,0.,0.035,0.066,0.,0.066,0.,0.,0.
80,0.104,0.,0.104,0.036,0.,0.036,0.067,0.,0.067,0.,0.,0.
81,0.107,0.,0.107,0.036,0.,0.036,0.069,0.,0.069,0.,0.,0.
82,0.107,0.,0.107,0.036,0.,0.036,0.07,0.,0.07,0.,0.,0.
83,0.109,0.,0.109,0.036,0.,0.036,0.071,0.,0.071,0.,0.,0.
84,0.11,0.,0.11,0.037,0.,0.037,0.072,0.,0.072,0.,0.,0.
85,0.117,0.,0.116,0.038,0.,0.038,0.077,0.,0.077,0.,0.,0.
86,0.121,0.,0.121,0.04,0.,0.04,0.079,0.,0.079,0.,0.,0.
87,0.132,0.,0.132,0.043,0.,0.043,0.087,0.,0.087,0.,0.,0.
88,0.121,0.,0.121,0.041,0.,0.041,0.078,0.,0.078,0.,0.,0.
89,0.123,0.003,0.119,0.041,0.003,0.037,0.08,0.,0.08,0.,0.,0.
90,0.139,0.,0.139,0.047,0.,0.047,0.091,0.,0.091,0.,0.,0.
91,0.128,0.,0.128,0.041,0.,0.041,0.085,0.,0.085,0.,0.,0.
92,0.131,0.,0.131,0.044,0.,0.044,0.085,0.,0.085,0.,0.,0.
93,0.136,0.,0.136,0.042,0.,0.042,0.093,0.,0.093,0.,0.,0.
94,0.139,0.003,0.135,0.047,0.003,0.043,0.091,0.,0.091,0.,0.,0.
95,0.146,0.,0.146,0.047,0.,0.047,0.097,0.,0.097,0.,0.,0.
96,0.144,0.,0.144,0.048,0.,0.048,0.095,0.,0.095,0.,0.,0.
97,0.153,0.,0.153,0.05,0.,0.05,0.102,0.,0.102,0.,0.,0.
98,0.149,0.,0.149,0.049,0.,0.049,0.098,0.,0.098,0.,0.,0.
99,0.156,0.,0.156,0.051,0.,0.051,0.104,0.,0.104,0.,0.,0.
100,0.221,0.003,0.217,0.052,0.003,0.049,0.169,0.,0.168,0.,0.,0.
110,0.189,0.,0.189,0.062,0.,0.062,0.126,0.,0.126,0.,0.,0.
120,0.224,0.,0.224,0.075,0.,0.075,0.146,0.,0.146,0.,0.,0.
130,0.272,0.,0.272,0.095,0.,0.095,0.176,0.,0.176,0.,0.,0.
140,0.326,0.004,0.322,0.107,0.,0.107,0.217,0.003,0.213,0.,0.,0.
150,0.37,0.004,0.366,0.138,0.,0.138,0.231,0.004,0.227,0.,0.,0.
160,0.424,0.003,0.42,0.143,0.,0.143,0.279,0.003,0.275,0.,0.,0.
170,0.447,0.,0.447,0.151,0.,0.151,0.294,0.,0.294,0.,0.,0.
180,0.511,0.,0.511,0.173,0.,0.173,0.336,0.,0.336,0.,0.,0.
190,0.554,0.,0.554,0.187,0.,0.187,0.365,0.,0.365,0.,0.,0.
200,0.721,0.003,0.717,0.257,0.003,0.253,0.463,0.,0.463,0.,0.,0.
210,0.696,0.,0.695,0.25,0.,0.25,0.443,0.,0.443,0.,0.,0.
220,0.753,0.,0.753,0.242,0.,0.242,0.509,0.,0.509,0.,0.,0.
230,0.822,0.007,0.814,0.281,0.,0.28,0.539,0.007,0.531,0.,0.,0.
240,0.874,0.,0.874,0.294,0.,0.294,0.578,0.,0.578,0.,0.,0.
250,0.968,0.,0.967,0.331,0.,0.331,0.635,0.,0.635,0.,0.,0.
260,1.067,0.,1.067,0.361,0.,0.361,0.703,0.,0.703,0.,0.,0.
270,1.112,0.,1.112,0.381,0.,0.381,0.729,0.,0.729,0.,0.,0.
280,1.209,0.,1.209,0.429,0.,0.429,0.778,0.,0.778,0.,0.,0.
290,1.297,0.,1.297,0.443,0.,0.443,0.852,0.,0.852,0.,0.,0.
300,1.37,0.012,1.358,0.485,0.008,0.477,0.883,0.003,0.879,0.,0.,0.
310,1.446,0.011,1.434,0.488,0.,0.488,0.955,0.011,0.943,0.,0.,0.
320,1.565,0.003,1.561,0.508,0.003,0.504,1.054,0.,1.054,0.,0.,0.
330,1.655,0.,1.655,0.563,0.,0.562,1.09,0.,1.09,0.,0.,0.
340,1.762,0.,1.762,0.574,0.,0.574,1.186,0.,1.185,0.,0.,0.
350,1.878,0.008,1.87,0.642,0.003,0.638,1.234,0.004,1.23,0.,0.,0.
360,2.141,0.007,2.133,0.835,0.,0.835,1.304,0.007,1.295,0.,0.,0.
370,2.089,0.,2.089,0.695,0.,0.695,1.392,0.,1.391,0.,0.,0.
380,2.173,0.,2.173,0.773,0.,0.773,1.398,0.,1.398,0.,0.,0.
390,2.306,0.,2.306,0.777,0.,0.777,1.527,0.,1.527,0.,0.,0.
400,2.403,0.007,2.395,0.814,0.,0.813,1.587,0.007,1.579,0.,0.,0.