param-n,abstract-regression-linear-real,abstract-regression-linear-sys,abstract-regression-linear-user,reify-regression-cubic-real,reify-regression-cubic-sys,reify-regression-cubic-user
1,0.,0.,0.,0.002,0.,0.001
2,0.001,0.,0.001,0.003,0.,0.003
3,0.,0.,0.,0.004,0.002,0.001
4,0.001,0.,0.,0.005,0.004,0.
5,0.001,0.,0.001,0.006,0.,0.006
6,0.001,0.,0.,0.007,0.003,0.003
7,0.001,0.,0.001,0.008,0.004,0.004
8,0.001,0.001,0.,0.01,0.,0.01
9,0.001,0.,0.,0.011,0.005,0.006
10,0.,0.,0.,0.06,0.004,0.056
11,0.,0.,0.,0.011,0.,0.011
12,0.,0.,0.,0.012,0.,0.012
13,0.001,0.,0.001,0.013,0.,0.013
14,0.001,0.,0.001,0.015,0.,0.015
15,0.001,0.,0.001,0.018,0.,0.018
16,0.001,0.,0.001,0.019,0.,0.019
17,0.001,0.,0.001,0.02,0.,0.02
18,0.001,0.,0.001,0.085,0.,0.085
19,0.001,0.,0.001,0.023,0.,0.023
20,0.001,0.,0.001,0.025,0.,0.025
21,0.001,0.,0.001,0.029,0.003,0.025
22,0.001,0.,0.001,0.029,0.,0.029
23,0.001,0.,0.001,0.057,0.,0.057
24,0.001,0.,0.001,0.034,0.,0.034
25,0.001,0.,0.001,0.039,0.,0.039
26,0.001,0.,0.001,0.039,0.,0.039
27,0.001,0.,0.001,0.043,0.003,0.039
28,0.001,0.,0.001,0.05,0.,0.05
29,0.002,0.,0.002,0.049,0.,0.049
30,0.001,0.,0.001,0.062,0.,0.062
31,0.002,0.,0.002,0.056,0.,0.056
32,0.002,0.,0.002,0.057,0.,0.057
33,0.002,0.,0.002,0.073,0.,0.073
34,0.002,0.,0.002,0.064,0.,0.064
35,0.002,0.,0.002,0.068,0.,0.068
36,0.002,0.,0.002,0.146,0.,0.146
37,0.002,0.,0.002,0.076,0.,0.076
38,0.002,0.,0.002,0.097,0.,0.097
39,0.002,0.,0.002,0.082,0.,0.082
40,0.002,0.,0.002,0.086,0.,0.086
41,0.002,0.,0.002,0.102,0.,0.102
42,0.002,0.,0.002,0.097,0.,0.097
43,0.002,0.,0.002,0.102,0.,0.102
44,0.002,0.,0.002,0.107,0.,0.107
45,0.002,0.,0.002,0.115,0.,0.115
46,0.003,0.,0.003,0.121,0.,0.12
47,0.002,0.,0.002,0.122,0.,0.121
48,0.002,0.,0.002,0.126,0.,0.126
49,0.002,0.,0.002,0.129,0.,0.129
50,0.003,0.,0.003,0.143,0.,0.143
51,0.003,0.,0.003,0.151,0.,0.151
52,0.003,0.,0.003,0.155,0.,0.155
53,0.003,0.,0.003,0.159,0.,0.159
54,0.003,0.,0.003,0.165,0.,0.164
55,0.003,0.,0.003,0.175,0.,0.175
56,0.003,0.,0.003,0.179,0.,0.179
57,0.003,0.,0.003,0.181,0.,0.181
58,0.003,0.,0.003,0.187,0.,0.187
59,0.003,0.,0.003,0.199,0.,0.199
60,0.003,0.,0.003,0.216,0.,0.216
61,0.003,0.,0.003,0.224,0.,0.224
62,0.003,0.,0.003,0.21,0.003,0.206
63,0.003,0.,0.003,0.225,0.003,0.221
64,0.003,0.,0.003,0.234,0.,0.234
65,0.003,0.,0.003,0.233,0.,0.233
66,0.003,0.,0.003,0.245,0.,0.245
67,0.003,0.,0.003,0.257,0.,0.257
68,0.003,0.,0.003,0.262,0.,0.262
69,0.003,0.,0.003,0.28,0.,0.28
70,0.004,0.,0.004,0.288,0.003,0.284
71,0.004,0.,0.004,0.308,0.,0.308
72,0.004,0.,0.004,0.315,0.003,0.311
73,0.004,0.,0.004,0.318,0.003,0.314
74,0.004,0.,0.004,0.337,0.004,0.332
75,0.004,0.,0.004,0.348,0.007,0.34
76,0.004,0.,0.004,0.335,0.,0.335
77,0.004,0.,0.004,0.353,0.007,0.345
78,0.004,0.,0.004,0.374,0.008,0.366
79,0.004,0.,0.004,0.373,0.,0.373
80,0.004,0.,0.004,0.385,0.,0.385
81,0.01,0.003,0.006,0.389,0.004,0.385
82,0.004,0.,0.004,0.397,0.,0.397
83,0.004,0.,0.004,0.441,0.,0.441
84,0.004,0.,0.004,0.441,0.,0.441
85,0.005,0.,0.005,0.451,0.,0.451
86,0.005,0.,0.005,0.446,0.,0.446
87,0.004,0.,0.004,0.469,0.,0.469
88,0.004,0.,0.004,0.471,0.,0.471
89,0.004,0.,0.004,0.482,0.,0.482
90,0.004,0.,0.004,0.495,0.,0.495
91,0.005,0.,0.005,0.507,0.,0.506
92,0.005,0.,0.005,0.536,0.,0.536
93,0.005,0.,0.005,0.555,0.,0.555
94,0.005,0.,0.005,0.537,0.,0.537
95,0.005,0.,0.005,0.554,0.,0.554
96,0.005,0.,0.005,0.569,0.,0.569
97,0.005,0.,0.005,0.579,0.,0.579
98,0.005,0.,0.005,0.593,0.,0.593
99,0.005,0.,0.005,0.63,0.,0.63
100,0.005,0.,0.005,0.643,0.,0.643
110,0.006,0.,0.005,1.061,0.04,1.02
120,0.006,0.,0.006,0.966,0.015,0.95
130,0.007,0.,0.007,1.183,0.003,1.179
140,0.007,0.,0.007,1.37,0.,1.369
150,0.008,0.,0.008,1.68,0.011,1.668
160,0.008,0.,0.008,1.903,0.007,1.895
170,0.009,0.,0.009,2.255,0.,2.255
180,0.009,0.,0.009,2.569,0.,2.568
190,0.01,0.,0.01,2.985,0.003,2.981
200,0.01,0.,0.01,3.355,0.,3.355
210,0.011,0.,0.011,3.844,0.004,3.84
220,0.012,0.,0.012,4.322,0.,4.321
230,0.011,0.,0.011,4.817,0.,4.817
240,0.012,0.,0.012,5.472,0.02,5.45
250,0.013,0.,0.013,6.179,0.,6.178
260,0.013,0.,0.013,6.699,0.,6.698
270,0.015,0.,0.015,7.376,0.,7.375
280,0.014,0.,0.014,8.1,0.,8.099
290,0.015,0.,0.015,8.973,0.,8.972
300,0.019,0.,0.019,9.829,0.,9.828
350,0.019,0.,0.019,15.085,0.019,15.063
400,0.02,0.,0.02,21.761,0.039,21.719
450,0.024,0.,0.024,30.377,0.004,30.37
500,0.027,0.,0.027,40.837,0.035,40.796