param-n,actual-reif-for-QuoteFlat-with-big-flat-real,actual-reif-for-QuoteFlat-with-big-flat-sys,actual-reif-for-QuoteFlat-with-big-flat-user,cbv-for-QuoteFlat-with-big-flat-real,cbv-for-QuoteFlat-with-big-flat-sys,cbv-for-QuoteFlat-with-big-flat-user,eval-lazy-for-QuoteFlat-with-big-flat-real,eval-lazy-for-QuoteFlat-with-big-flat-sys,eval-lazy-for-QuoteFlat-with-big-flat-user,lazy-beta-iota-for-QuoteFlat-with-big-flat-real,lazy-beta-iota-for-QuoteFlat-with-big-flat-sys,lazy-beta-iota-for-QuoteFlat-with-big-flat-user,norm-reif-for-QuoteFlat-with-big-flat-real,norm-reif-for-QuoteFlat-with-big-flat-sys,norm-reif-for-QuoteFlat-with-big-flat-user,post-for-QuoteFlat-with-big-flat-real,post-for-QuoteFlat-with-big-flat-sys,post-for-QuoteFlat-with-big-flat-user,pre-for-QuoteFlat-with-big-flat-real,pre-for-QuoteFlat-with-big-flat-sys,pre-for-QuoteFlat-with-big-flat-user,reif-for-QuoteFlat-with-big-flat-real,reif-for-QuoteFlat-with-big-flat-sys,reif-for-QuoteFlat-with-big-flat-user,transitivity-(Denote-rv)-for-QuoteFlat-with-big-flat-real,transitivity-(Denote-rv)-for-QuoteFlat-with-big-flat-sys,transitivity-(Denote-rv)-for-QuoteFlat-with-big-flat-user
1,0.,0.,0.,0.,0.,0.,0.,0.,0.,0.,0.,0.,0.,0.,0.,0.,0.,0.,0.,0.,0.,0.,0.,0.,0.,0.,0.
2,0.,0.,0.,0.,0.,0.,0.,0.,0.,0.,0.,0.,0.,0.,0.,0.,0.,0.,0.,0.,0.,0.,0.,0.,0.,0.,0.
3,0.,0.,0.,0.,0.,0.,0.,0.,0.,0.,0.,0.,0.,0.,0.,0.,0.,0.,0.,0.,0.,0.001,0.,0.001,0.,0.,0.
4,0.,0.,0.,0.,0.,0.,0.,0.,0.,0.,0.,0.,0.,0.,0.,0.,0.,0.,0.,0.,0.,0.,0.,0.,0.,0.,0.
5,0.,0.,0.,0.,0.,0.,0.,0.,0.,0.,0.,0.,0.,0.,0.,0.,0.,0.,0.,0.,0.,0.,0.,0.,,,
6,0.,0.,0.,0.,0.,0.,0.,0.,0.,0.,0.,0.,0.,0.,0.,0.,0.,0.,0.,0.,0.,0.,0.,0.,,,
7,0.,0.,0.,0.,0.,0.,0.,0.,0.,0.,0.,0.,0.,0.,0.,0.,0.,0.,0.,0.,0.,0.,0.,0.,,,
8,0.,0.,0.,0.,0.,0.,0.,0.,0.,0.,0.,0.,0.,0.,0.,0.,0.,0.,0.,0.,0.,0.,0.,0.,,,
9,0.,0.,0.,0.,0.,0.,0.,0.,0.,0.,0.,0.,0.,0.,0.,0.,0.,0.,0.,0.,0.,0.,0.,0.,,,
10,0.,0.,0.,0.,0.,0.,0.,0.,0.,0.,0.,0.,0.,0.,0.,0.,0.,0.,0.,0.,0.,0.,0.,0.,,,
11,0.,0.,0.,0.,0.,0.,0.,0.,0.,0.,0.,0.,0.,0.,0.,0.,0.,0.,0.,0.,0.,0.,0.,0.,,,
12,0.,0.,0.,0.,0.,0.,0.,0.,0.,0.,0.,0.,0.,0.,0.,0.,0.,0.,0.,0.,0.,0.,0.,0.,,,
13,0.,0.,0.,0.,0.,0.,0.,0.,0.,0.,0.,0.,0.,0.,0.,0.,0.,0.,0.,0.,0.,0.,0.,0.,,,
14,0.,0.,0.,0.,0.,0.,0.,0.,0.,0.,0.,0.,0.,0.,0.,0.,0.,0.,0.,0.,0.,0.,0.,0.,,,
15,0.,0.,0.,0.,0.,0.,0.,0.,0.,0.,0.,0.,0.,0.,0.,0.,0.,0.,0.,0.,0.,0.,0.,0.,,,
16,0.,0.,0.,0.,0.,0.,0.,0.,0.,0.,0.,0.,0.,0.,0.,0.,0.,0.,0.,0.,0.,0.,0.,0.,,,
17,0.,0.,0.,0.,0.,0.,0.,0.,0.,0.,0.,0.,0.,0.,0.,0.,0.,0.,0.,0.,0.,0.,0.,0.,,,
18,0.,0.,0.,0.,0.,0.,0.,0.,0.,0.,0.,0.,0.,0.,0.,0.,0.,0.,0.,0.,0.,0.,0.,0.,,,
19,0.,0.,0.,0.,0.,0.,0.,0.,0.,0.,0.,0.,0.,0.,0.,0.,0.,0.,0.,0.,0.,0.,0.,0.,,,
20,0.,0.,0.,0.,0.,0.,0.,0.,0.,0.,0.,0.,0.,0.,0.,0.,0.,0.,0.,0.,0.,0.,0.,0.,,,
21,0.,0.,0.,0.,0.,0.,0.,0.,0.,0.,0.,0.,0.,0.,0.,0.,0.,0.,0.,0.,0.,0.,0.,0.,,,
22,0.,0.,0.,0.,0.,0.,0.,0.,0.,0.,0.,0.,0.,0.,0.,0.,0.,0.,0.,0.,0.,0.,0.,0.,,,
23,0.,0.,0.,0.,0.,0.,0.,0.,0.,0.,0.,0.,0.,0.,0.,0.,0.,0.,0.,0.,0.,0.,0.,0.,,,
24,0.,0.,0.,0.,0.,0.,0.,0.,0.,0.,0.,0.,0.,0.,0.,0.,0.,0.,0.,0.,0.,0.,0.,0.,,,
25,0.,0.,0.,0.,0.,0.,0.,0.,0.,0.,0.,0.,0.,0.,0.,0.,0.,0.,0.,0.,0.,0.,0.,0.,,,
26,0.,0.,0.,0.,0.,0.,0.,0.,0.,0.,0.,0.,0.,0.,0.,0.,0.,0.,0.,0.,0.,0.,0.,0.,,,
27,0.,0.,0.,0.,0.,0.,0.,0.,0.,0.,0.,0.,0.,0.,0.,0.,0.,0.,0.,0.,0.,0.,0.,0.,,,
28,0.,0.,0.,0.,0.,0.,0.,0.,0.,0.,0.,0.,0.,0.,0.,0.,0.,0.,0.,0.,0.,0.,0.,0.,,,
29,0.,0.,0.,0.,0.,0.,0.,0.,0.,0.,0.,0.,0.,0.,0.,0.,0.,0.,0.,0.,0.,0.,0.,0.,,,
30,0.,0.,0.,0.,0.,0.,0.,0.,0.,0.,0.,0.,0.,0.,0.,0.,0.,0.,0.,0.,0.,0.,0.,0.,,,
31,0.,0.,0.,0.,0.,0.,0.,0.,0.,0.,0.,0.,0.,0.,0.,0.,0.,0.,0.,0.,0.,0.,0.,0.,,,
32,0.,0.,0.,0.,0.,0.,0.,0.,0.,0.,0.,0.,0.,0.,0.,0.,0.,0.,0.,0.,0.,0.,0.,0.,,,
33,0.,0.,0.,0.,0.,0.,0.,0.,0.,0.,0.,0.,0.,0.,0.,0.,0.,0.,0.,0.,0.,0.,0.,0.,,,
34,0.,0.,0.,0.,0.,0.,0.,0.,0.,0.,0.,0.,0.,0.,0.,0.,0.,0.,0.,0.,0.,0.,0.,0.,,,
35,0.,0.,0.,0.,0.,0.,0.,0.,0.,0.,0.,0.,0.,0.,0.,0.,0.,0.,0.,0.,0.,0.,0.,0.,,,
36,0.,0.,0.,0.,0.,0.,0.,0.,0.,0.,0.,0.,0.,0.,0.,0.,0.,0.,0.,0.,0.,0.,0.,0.,,,
37,0.,0.,0.,0.,0.,0.,0.,0.,0.,0.,0.,0.,0.,0.,0.,0.,0.,0.,0.,0.,0.,0.,0.,0.,,,
38,0.,0.,0.,0.,0.,0.,0.,0.,0.,0.,0.,0.,0.,0.,0.,0.,0.,0.,0.,0.,0.,0.,0.,0.,,,
39,0.,0.,0.,0.,0.,0.,0.,0.,0.,0.,0.,0.,0.,0.,0.,0.,0.,0.,0.,0.,0.,0.,0.,0.,,,
40,0.,0.,0.,0.,0.,0.,0.,0.,0.,0.,0.,0.,0.,0.,0.,0.,0.,0.,0.,0.,0.,0.,0.,0.,,,
41,0.,0.,0.,0.,0.,0.,0.,0.,0.,0.,0.,0.,0.,0.,0.,0.,0.,0.,0.,0.,0.,0.,0.,0.,,,
42,0.,0.,0.,0.,0.,0.,0.,0.,0.,0.,0.,0.,0.,0.,0.,0.,0.,0.,0.,0.,0.,0.,0.,0.,,,
43,0.,0.,0.,0.,0.,0.,0.,0.,0.,0.,0.,0.,0.,0.,0.,0.,0.,0.,0.,0.,0.,0.,0.,0.,,,
44,0.,0.,0.,0.,0.,0.,0.,0.,0.,0.,0.,0.,0.,0.,0.,0.,0.,0.,0.,0.,0.,0.,0.,0.,,,
45,0.,0.,0.,0.,0.,0.,0.,0.,0.,0.,0.,0.,0.,0.,0.,0.,0.,0.,0.,0.,0.,0.,0.,0.,,,
46,0.,0.,0.,0.,0.,0.,0.,0.,0.,0.,0.,0.,0.,0.,0.,0.,0.,0.,0.,0.,0.,0.,0.,0.,,,
47,0.,0.,0.,0.,0.,0.,0.,0.,0.,0.,0.,0.,0.,0.,0.,0.,0.,0.,0.,0.,0.,0.,0.,0.,,,
48,0.,0.,0.,0.,0.,0.,0.,0.,0.,0.,0.,0.,0.,0.,0.,0.,0.,0.,0.,0.,0.,0.,0.,0.,,,
49,0.,0.,0.,0.,0.,0.,0.,0.,0.,0.,0.,0.,0.,0.,0.,0.,0.,0.,0.,0.,0.,0.,0.,0.,,,
50,0.,0.,0.,0.,0.,0.,0.,0.,0.,0.,0.,0.,0.,0.,0.,0.,0.,0.,0.,0.,0.,0.,0.,0.,,,
51,0.,0.,0.,0.,0.,0.,0.,0.,0.,0.,0.,0.,0.,0.,0.,0.,0.,0.,0.,0.,0.,0.,0.,0.,,,
52,0.,0.,0.,0.,0.,0.,0.,0.,0.,0.,0.,0.,0.,0.,0.,0.,0.,0.,0.,0.,0.,0.,0.,0.,,,
53,0.,0.,0.,0.,0.,0.,0.,0.,0.,0.,0.,0.,0.,0.,0.,0.,0.,0.,0.,0.,0.,0.001,0.,0.001,,,
54,0.,0.,0.,0.,0.,0.,0.,0.,0.,0.,0.,0.,0.,0.,0.,0.,0.,0.,0.,0.,0.,0.,0.,0.,,,
55,0.,0.,0.,0.,0.,0.,0.,0.,0.,0.,0.,0.,0.,0.,0.,0.,0.,0.,0.,0.,0.,0.,0.,0.,,,
56,0.,0.,0.,0.,0.,0.,0.,0.,0.,0.,0.,0.,0.,0.,0.,0.,0.,0.,0.,0.,0.,0.,0.,0.,,,
57,0.,0.,0.,0.,0.,0.,0.,0.,0.,0.,0.,0.,0.,0.,0.,0.,0.,0.,0.,0.,0.,0.,0.,0.,,,
58,0.,0.,0.,0.,0.,0.,0.,0.,0.,0.,0.,0.,0.,0.,0.,0.,0.,0.,0.,0.,0.,0.,0.,0.,,,
59,0.,0.,0.,0.,0.,0.,0.,0.,0.,0.,0.,0.,0.,0.,0.,0.,0.,0.,0.,0.,0.,0.,0.,0.,,,
60,0.,0.,0.,0.,0.,0.,0.,0.,0.,0.,0.,0.,0.,0.,0.,0.,0.,0.,0.,0.,0.,0.,0.,0.,,,
61,0.,0.,0.,0.,0.,0.,0.,0.,0.,0.,0.,0.,0.,0.,0.,0.,0.,0.,0.,0.,0.,0.,0.,0.,,,
62,0.,0.,0.,0.,0.,0.,0.,0.,0.,0.,0.,0.,0.,0.,0.,0.,0.,0.,0.,0.,0.,0.,0.,0.,,,
63,0.,0.,0.,0.,0.,0.,0.,0.,0.,0.,0.,0.,0.,0.,0.,0.,0.,0.,0.,0.,0.,0.,0.,0.,,,
64,0.,0.,0.,0.,0.,0.,0.,0.,0.,0.,0.,0.,0.,0.,0.,0.,0.,0.,0.,0.,0.,0.,0.,0.,,,
65,0.,0.,0.,0.,0.,0.,0.,0.,0.,0.,0.,0.,0.,0.,0.,0.,0.,0.,0.,0.,0.,0.,0.,0.,,,
66,0.,0.,0.,0.,0.,0.,0.,0.,0.,0.,0.,0.,0.,0.,0.,0.,0.,0.,0.,0.,0.,0.,0.,0.,,,
67,0.,0.,0.,0.,0.,0.,0.,0.,0.,0.,0.,0.,0.,0.,0.,0.,0.,0.,0.,0.,0.,0.001,0.,0.,,,
68,0.,0.,0.,0.,0.,0.,0.,0.,0.,0.,0.,0.,0.,0.,0.,0.,0.,0.,0.,0.,0.,0.,0.,0.,,,
69,0.,0.,0.,0.,0.,0.,0.,0.,0.,0.,0.,0.,0.,0.,0.,0.,0.,0.,0.,0.,0.,0.,0.,0.,,,
70,0.,0.,0.,0.,0.,0.,0.,0.,0.,0.,0.,0.,0.,0.,0.,0.,0.,0.,0.,0.,0.,0.,0.,0.,,,
71,0.,0.,0.,0.,0.,0.,0.,0.,0.,0.,0.,0.,0.,0.,0.,0.,0.,0.,0.,0.,0.,0.,0.,0.,,,
72,0.,0.,0.,0.,0.,0.,0.,0.,0.,0.,0.,0.,0.,0.,0.,0.,0.,0.,0.,0.,0.,0.,0.,0.,,,
73,0.,0.,0.,0.,0.,0.,0.,0.,0.,0.,0.,0.,0.,0.,0.,0.,0.,0.,0.,0.,0.,0.,0.,0.,,,
74,0.,0.,0.,0.,0.,0.,0.,0.,0.,0.,0.,0.,0.,0.,0.,0.,0.,0.,0.,0.,0.,0.,0.,0.,,,
75,0.,0.,0.,0.,0.,0.,0.,0.,0.,0.,0.,0.,0.,0.,0.,0.,0.,0.,0.,0.,0.,0.,0.,0.,,,
76,0.,0.,0.,0.,0.,0.,0.,0.,0.,0.,0.,0.,0.,0.,0.,0.,0.,0.,0.,0.,0.,0.,0.,0.,,,
77,0.,0.,0.,0.,0.,0.,0.,0.,0.,0.,0.,0.,0.,0.,0.,0.,0.,0.,0.,0.,0.,0.,0.,0.,,,
78,0.,0.,0.,0.,0.,0.,0.,0.,0.,0.,0.,0.,0.,0.,0.,0.,0.,0.,0.,0.,0.,0.,0.,0.,,,
79,0.,0.,0.,0.,0.,0.,0.,0.,0.,0.,0.,0.,0.,0.,0.,0.,0.,0.,0.,0.,0.,0.,0.,0.,,,
80,0.,0.,0.,0.,0.,0.,0.,0.,0.,0.,0.,0.,0.,0.,0.,0.,0.,0.,0.,0.,0.,0.,0.,0.,,,
81,0.,0.,0.,0.,0.,0.,0.,0.,0.,0.,0.,0.,0.,0.,0.,0.,0.,0.,0.,0.,0.,0.,0.,0.,,,
82,0.011,0.,0.011,0.,0.,0.,0.,0.,0.,0.,0.,0.,0.011,0.,0.011,0.,0.,0.,0.,0.,0.,0.012,0.,0.012,,,
83,0.,0.,0.,0.,0.,0.,0.,0.,0.,0.,0.,0.,0.,0.,0.,0.,0.,0.,0.,0.,0.,0.,0.,0.,,,
84,0.,0.,0.,0.,0.,0.,0.,0.,0.,0.,0.,0.,0.,0.,0.,0.,0.,0.,0.,0.,0.,0.,0.,0.,,,
85,0.,0.,0.,0.,0.,0.,0.,0.,0.,0.,0.,0.,0.,0.,0.,0.,0.,0.,0.,0.,0.,0.001,0.001,0.,,,
86,0.,0.,0.,0.,0.,0.,0.,0.,0.,0.,0.,0.,0.,0.,0.,0.,0.,0.,0.,0.,0.,0.,0.,0.,,,
87,0.,0.,0.,0.,0.,0.,0.,0.,0.,0.,0.,0.,0.,0.,0.,0.,0.,0.,0.,0.,0.,0.001,0.,0.001,,,
88,0.,0.,0.,0.,0.,0.,0.,0.,0.,0.,0.,0.,0.,0.,0.,0.,0.,0.,0.,0.,0.,0.,0.,0.,,,
89,0.,0.,0.,0.,0.,0.,0.,0.,0.,0.,0.,0.,0.,0.,0.,0.,0.,0.,0.,0.,0.,0.,0.,0.,,,
90,0.,0.,0.,0.,0.,0.,0.,0.,0.,0.,0.,0.,0.,0.,0.,0.,0.,0.,0.,0.,0.,0.,0.,0.,,,
91,0.,0.,0.,0.,0.,0.,0.,0.,0.,0.,0.,0.,0.,0.,0.,0.,0.,0.,0.,0.,0.,0.,0.,0.,,,
92,0.,0.,0.,0.,0.,0.,0.,0.,0.,0.,0.,0.,0.,0.,0.,0.,0.,0.,0.,0.,0.,0.,0.,0.,,,
93,0.,0.,0.,0.,0.,0.,0.,0.,0.,0.,0.,0.,0.,0.,0.,0.,0.,0.,0.,0.,0.,0.,0.,0.,,,
94,0.,0.,0.,0.,0.,0.,0.,0.,0.,0.,0.,0.,0.,0.,0.,0.,0.,0.,0.,0.,0.,0.,0.,0.,,,
95,0.,0.,0.,0.,0.,0.,0.,0.,0.,0.,0.,0.,0.,0.,0.,0.,0.,0.,0.,0.,0.,0.,0.,0.,,,
96,0.,0.,0.,0.,0.,0.,0.,0.,0.,0.,0.,0.,0.,0.,0.,0.,0.,0.,0.,0.,0.,0.,0.,0.,,,
97,0.,0.,0.,0.,0.,0.,0.,0.,0.,0.,0.,0.,0.,0.,0.,0.,0.,0.,0.,0.,0.,0.001,0.,0.001,,,
98,0.,0.,0.,0.,0.,0.,0.,0.,0.,0.,0.,0.,0.,0.,0.,0.,0.,0.,0.,0.,0.,0.,0.,0.,,,
99,0.,0.,0.,0.,0.,0.,0.,0.,0.,0.,0.,0.,0.,0.,0.,0.,0.,0.,0.,0.,0.,0.,0.,0.,,,
100,0.,0.,0.,0.,0.,0.,0.,0.,0.,0.,0.,0.,0.,0.,0.,0.,0.,0.,0.,0.,0.,0.,0.,0.,,,
101,0.,0.,0.,0.,0.,0.,0.,0.,0.,0.,0.,0.,0.,0.,0.,0.,0.,0.,0.,0.,0.,0.001,0.,0.001,,,
102,0.,0.,0.,0.,0.,0.,0.,0.,0.,0.,0.,0.,0.,0.,0.,0.,0.,0.,0.,0.,0.,0.,0.,0.,,,
103,0.,0.,0.,0.,0.,0.,0.,0.,0.,0.,0.,0.,0.,0.,0.,0.,0.,0.,0.,0.,0.,0.001,0.,0.001,,,
104,0.,0.,0.,0.,0.,0.,0.,0.,0.,0.,0.,0.,0.,0.,0.,0.,0.,0.,0.,0.,0.,0.001,0.,0.001,,,
105,0.,0.,0.,0.,0.,0.,0.,0.,0.,0.,0.,0.,0.,0.,0.,0.,0.,0.,0.,0.,0.,0.001,0.,0.001,,,
106,0.,0.,0.,0.,0.,0.,0.,0.,0.,0.,0.,0.,0.,0.,0.,0.,0.,0.,0.,0.,0.,0.001,0.,0.001,,,
107,0.,0.,0.,0.,0.,0.,0.,0.,0.,0.,0.,0.,0.,0.,0.,0.,0.,0.,0.,0.,0.,0.001,0.,0.001,,,
108,0.,0.,0.,0.,0.,0.,0.,0.,0.,0.,0.,0.,0.,0.,0.,0.,0.,0.,0.,0.,0.,0.,0.,0.,,,
109,0.,0.,0.,0.,0.,0.,0.,0.,0.,0.,0.,0.,0.,0.,0.,0.,0.,0.,0.,0.,0.,0.001,0.,0.001,,,
110,0.,0.,0.,0.,0.,0.,0.,0.,0.,0.,0.,0.,0.,0.,0.,0.,0.,0.,0.,0.,0.,0.,0.,0.,,,
111,0.,0.,0.,0.,0.,0.,0.,0.,0.,0.,0.,0.,0.,0.,0.,0.,0.,0.,0.,0.,0.,0.001,0.,0.001,,,
112,0.011,0.,0.011,0.,0.,0.,0.,0.,0.,0.,0.,0.,0.011,0.,0.011,0.,0.,0.,0.,0.,0.,0.012,0.,0.012,,,
113,0.,0.,0.,0.,0.,0.,0.,0.,0.,0.,0.,0.,0.001,0.,0.001,0.,0.,0.,0.,0.,0.,0.001,0.,0.001,,,
114,0.,0.,0.,0.,0.,0.,0.,0.,0.,0.,0.,0.,0.,0.,0.,0.,0.,0.,0.,0.,0.,0.001,0.,0.001,,,
115,0.,0.,0.,0.,0.,0.,0.,0.,0.,0.,0.,0.,0.,0.,0.,0.,0.,0.,0.,0.,0.,0.,0.,0.,,,
116,0.,0.,0.,0.,0.,0.,0.,0.,0.,0.,0.,0.,0.,0.,0.,0.,0.,0.,0.,0.,0.,0.,0.,0.,,,
117,0.,0.,0.,0.,0.,0.,0.,0.,0.,0.,0.,0.,0.,0.,0.,0.,0.,0.,0.,0.,0.,0.001,0.001,0.,,,
118,0.,0.,0.,0.,0.,0.,0.,0.,0.,0.,0.,0.,0.,0.,0.,0.,0.,0.,0.,0.,0.,0.,0.,0.,,,
119,0.,0.,0.,0.,0.,0.,0.,0.,0.,0.,0.,0.,0.,0.,0.,0.,0.,0.,0.,0.,0.,0.,0.,0.,,,
120,0.,0.,0.,0.,0.,0.,0.,0.,0.,0.,0.,0.,0.,0.,0.,0.,0.,0.,0.,0.,0.,0.,0.,0.,,,
121,0.,0.,0.,0.,0.,0.,0.,0.,0.,0.,0.,0.,0.,0.,0.,0.,0.,0.,0.,0.,0.,0.,0.,0.,,,
122,0.,0.,0.,0.,0.,0.,0.,0.,0.,0.,0.,0.,0.,0.,0.,0.,0.,0.,0.,0.,0.,0.001,0.,0.001,,,
123,0.,0.,0.,0.,0.,0.,0.,0.,0.,0.,0.,0.,0.,0.,0.,0.,0.,0.,0.,0.,0.,0.001,0.,0.001,,,
124,0.,0.,0.,0.,0.,0.,0.,0.,0.,0.,0.,0.,0.,0.,0.,0.,0.,0.,0.,0.,0.,0.001,0.,0.001,,,
125,0.,0.,0.,0.,0.,0.,0.,0.,0.,0.,0.,0.,0.,0.,0.,0.,0.,0.,0.,0.,0.,0.,0.,0.,,,
126,0.,0.,0.,0.,0.,0.,0.,0.,0.,0.,0.,0.,0.001,0.,0.,0.,0.,0.,0.,0.,0.,0.001,0.,0.,,,
127,0.,0.,0.,0.,0.,0.,0.,0.,0.,0.,0.,0.,0.,0.,0.,0.,0.,0.,0.,0.,0.,0.001,0.001,0.,,,
128,0.,0.,0.,0.,0.,0.,0.,0.,0.,0.,0.,0.,0.,0.,0.,0.,0.,0.,0.,0.,0.,0.001,0.,0.001,,,
129,0.,0.,0.,0.,0.,0.,0.,0.,0.,0.,0.,0.,0.,0.,0.,0.,0.,0.,0.,0.,0.,0.001,0.,0.,,,
130,0.,0.,0.,0.,0.,0.,0.,0.,0.,0.,0.,0.,0.001,0.,0.001,0.,0.,0.,0.,0.,0.,0.001,0.,0.001,,,
131,0.,0.,0.,0.,0.,0.,0.,0.,0.,0.,0.,0.,0.,0.,0.,0.,0.,0.,0.,0.,0.,0.001,0.,0.001,,,
132,0.,0.,0.,0.,0.,0.,0.,0.,0.,0.,0.,0.,0.,0.,0.,0.,0.,0.,0.,0.,0.,0.001,0.,0.001,,,
133,0.,0.,0.,0.,0.,0.,0.,0.,0.,0.,0.,0.,0.,0.,0.,0.,0.,0.,0.,0.,0.,0.,0.,0.,,,
134,0.,0.,0.,0.,0.,0.,0.,0.,0.,0.,0.,0.,0.,0.,0.,0.,0.,0.,0.,0.,0.,0.001,0.,0.001,,,
135,0.,0.,0.,0.,0.,0.,0.,0.,0.,0.,0.,0.,0.,0.,0.,0.,0.,0.,0.,0.,0.,0.001,0.,0.001,,,
136,0.,0.,0.,0.,0.,0.,0.,0.,0.,0.,0.,0.,0.,0.,0.,0.,0.,0.,0.,0.,0.,0.001,0.,0.001,,,
137,0.,0.,0.,0.,0.,0.,0.,0.,0.,0.,0.,0.,0.,0.,0.,0.,0.,0.,0.,0.,0.,0.005,0.,0.005,,,
138,0.,0.,0.,0.,0.,0.,0.,0.,0.,0.,0.,0.,0.001,0.,0.001,0.,0.,0.,0.,0.,0.,0.001,0.,0.001,,,
139,0.,0.,0.,0.,0.,0.,0.,0.,0.,0.,0.,0.,0.,0.,0.,0.,0.,0.,0.,0.,0.,0.001,0.,0.001,,,
140,0.,0.,0.,0.,0.,0.,0.,0.,0.,0.,0.,0.,0.001,0.,0.001,0.,0.,0.,0.,0.,0.,0.001,0.,0.001,,,
141,0.,0.,0.,0.,0.,0.,0.,0.,0.,0.,0.,0.,0.,0.,0.,0.,0.,0.,0.,0.,0.,0.001,0.,0.001,,,
142,0.,0.,0.,0.,0.,0.,0.,0.,0.,0.,0.,0.,0.,0.,0.,0.,0.,0.,0.,0.,0.,0.001,0.,0.001,,,
143,0.,0.,0.,0.,0.,0.,0.,0.,0.,0.,0.,0.,0.,0.,0.,0.,0.,0.,0.,0.,0.,0.001,0.,0.001,,,
144,0.,0.,0.,0.,0.,0.,0.,0.,0.,0.,0.,0.,0.001,0.,0.001,0.,0.,0.,0.,0.,0.,0.001,0.,0.001,,,
145,0.,0.,0.,0.,0.,0.,0.,0.,0.,0.,0.,0.,0.,0.,0.,0.,0.,0.,0.,0.,0.,0.001,0.,0.001,,,
146,0.,0.,0.,0.,0.,0.,0.,0.,0.,0.,0.,0.,0.001,0.,0.001,0.,0.,0.,0.,0.,0.,0.001,0.,0.001,,,
147,0.,0.,0.,0.,0.,0.,0.,0.,0.,0.,0.,0.,0.,0.,0.,0.,0.,0.,0.,0.,0.,0.001,0.,0.001,,,
148,0.,0.,0.,0.,0.,0.,0.,0.,0.,0.,0.,0.,0.,0.,0.,0.,0.,0.,0.,0.,0.,0.001,0.,0.001,,,
149,0.,0.,0.,0.,0.,0.,0.,0.,0.,0.,0.,0.,0.,0.,0.,0.,0.,0.,0.,0.,0.,0.001,0.,0.001,,,
150,0.,0.,0.,0.,0.,0.,0.,0.,0.,0.,0.,0.,0.,0.,0.,0.,0.,0.,0.,0.,0.,0.001,0.,0.001,,,
151,0.,0.,0.,0.,0.,0.,0.,0.,0.,0.,0.,0.,0.,0.,0.,0.,0.,0.,0.,0.,0.,0.001,0.,0.001,,,
152,0.,0.,0.,0.,0.,0.,0.,0.,0.,0.,0.,0.,0.,0.,0.,0.,0.,0.,0.,0.,0.,0.001,0.,0.001,,,
153,0.,0.,0.,0.,0.,0.,0.,0.,0.,0.,0.,0.,0.,0.,0.,0.,0.,0.,0.,0.,0.,0.001,0.,0.001,,,
154,0.,0.,0.,0.,0.,0.,0.,0.,0.,0.,0.,0.,0.,0.,0.,0.,0.,0.,0.,0.,0.,0.001,0.,0.001,,,
155,0.,0.,0.,0.,0.,0.,0.,0.,0.,0.,0.,0.,0.001,0.,0.001,0.,0.,0.,0.,0.,0.,0.001,0.,0.001,,,
156,0.,0.,0.,0.,0.,0.,0.,0.,0.,0.,0.,0.,0.001,0.,0.001,0.,0.,0.,0.,0.,0.,0.001,0.,0.001,,,
157,0.,0.,0.,0.,0.,0.,0.,0.,0.,0.,0.,0.,0.,0.,0.,0.,0.,0.,0.,0.,0.,0.001,0.,0.001,,,
158,0.,0.,0.,0.,0.,0.,0.,0.,0.,0.,0.,0.,0.001,0.,0.001,0.,0.,0.,0.,0.,0.,0.001,0.,0.001,,,
159,0.,0.,0.,0.,0.,0.,0.,0.,0.,0.,0.,0.,0.001,0.,0.001,0.,0.,0.,0.,0.,0.,0.001,0.,0.001,,,
160,0.,0.,0.,0.,0.,0.,0.,0.,0.,0.,0.,0.,0.001,0.,0.001,0.,0.,0.,0.,0.,0.,0.001,0.,0.001,,,
161,0.,0.,0.,0.,0.,0.,0.,0.,0.,0.,0.,0.,0.001,0.,0.001,0.,0.,0.,0.,0.,0.,0.001,0.,0.001,,,
162,0.,0.,0.,0.,0.,0.,0.,0.,0.,0.,0.,0.,0.,0.,0.,0.,0.,0.,0.,0.,0.,0.001,0.,0.001,,,
163,0.,0.,0.,0.,0.,0.,0.,0.,0.,0.,0.,0.,0.,0.,0.,0.,0.,0.,0.,0.,0.,0.001,0.,0.001,,,
164,0.,0.,0.,0.,0.,0.,0.,0.,0.,0.,0.,0.,0.001,0.,0.001,0.,0.,0.,0.,0.,0.,0.001,0.,0.001,,,
165,0.,0.,0.,0.,0.,0.,0.,0.,0.,0.,0.,0.,0.001,0.,0.001,0.,0.,0.,0.,0.,0.,0.001,0.,0.001,,,
166,0.,0.,0.,0.,0.,0.,0.,0.,0.,0.,0.,0.,0.001,0.,0.001,0.,0.,0.,0.,0.,0.,0.001,0.,0.001,,,
167,0.,0.,0.,0.,0.,0.,0.,0.,0.,0.,0.,0.,0.001,0.,0.001,0.,0.,0.,0.,0.,0.,0.001,0.,0.001,,,
168,0.,0.,0.,0.,0.,0.,0.,0.,0.,0.,0.,0.,0.,0.,0.,0.,0.,0.,0.,0.,0.,0.001,0.,0.001,,,
169,0.,0.,0.,0.,0.,0.,0.,0.,0.,0.,0.,0.,0.,0.,0.,0.,0.,0.,0.,0.,0.,0.001,0.,0.001,,,
170,0.,0.,0.,0.,0.,0.,0.,0.,0.,0.,0.,0.,0.,0.,0.,0.,0.,0.,0.,0.,0.,0.001,0.,0.001,,,
171,0.,0.,0.,0.,0.,0.,0.,0.,0.,0.,0.,0.,0.,0.,0.,0.,0.,0.,0.,0.,0.,0.001,0.,0.001,,,
172,0.,0.,0.,0.,0.,0.,0.,0.,0.,0.,0.,0.,0.001,0.,0.001,0.,0.,0.,0.,0.,0.,0.001,0.,0.001,,,
173,0.,0.,0.,0.,0.,0.,0.,0.,0.,0.,0.,0.,0.001,0.,0.001,0.,0.,0.,0.,0.,0.,0.001,0.,0.001,,,
174,0.,0.,0.,0.,0.,0.,0.,0.,0.,0.,0.,0.,0.,0.,0.,0.,0.,0.,0.,0.,0.,0.001,0.,0.001,,,
175,0.,0.,0.,0.,0.,0.,0.,0.,0.,0.,0.,0.,0.001,0.,0.001,0.,0.,0.,0.,0.,0.,0.001,0.,0.001,,,
176,0.,0.,0.,0.,0.,0.,0.,0.,0.,0.,0.,0.,0.001,0.,0.001,0.,0.,0.,0.,0.,0.,0.001,0.,0.001,,,
177,0.,0.,0.,0.,0.,0.,0.,0.,0.,0.,0.,0.,0.001,0.,0.001,0.,0.,0.,0.,0.,0.,0.001,0.,0.001,,,
178,0.,0.,0.,0.,0.,0.,0.,0.,0.,0.,0.,0.,0.001,0.,0.001,0.,0.,0.,0.,0.,0.,0.001,0.,0.001,,,
179,0.,0.,0.,0.,0.,0.,0.,0.,0.,0.,0.,0.,0.001,0.,0.001,0.,0.,0.,0.,0.,0.,0.001,0.,0.001,,,
180,0.,0.,0.,0.091,0.,0.091,0.,0.,0.,0.,0.,0.,0.001,0.,0.001,0.,0.,0.,0.,0.,0.,0.001,0.,0.001,,,
181,0.,0.,0.,0.,0.,0.,0.,0.,0.,0.,0.,0.,0.001,0.,0.001,0.,0.,0.,0.,0.,0.,0.001,0.,0.001,,,
182,0.,0.,0.,0.,0.,0.,0.,0.,0.,0.,0.,0.,0.001,0.,0.001,0.,0.,0.,0.,0.,0.,0.001,0.,0.001,,,
183,0.,0.,0.,0.,0.,0.,0.,0.,0.,0.,0.,0.,0.001,0.,0.001,0.,0.,0.,0.,0.,0.,0.001,0.,0.001,,,
184,0.,0.,0.,0.,0.,0.,0.,0.,0.,0.,0.,0.,0.001,0.,0.001,0.,0.,0.,0.,0.,0.,0.001,0.,0.001,,,
185,0.,0.,0.,0.,0.,0.,0.,0.,0.,0.,0.,0.,0.001,0.,0.001,0.,0.,0.,0.,0.,0.,0.001,0.,0.001,,,
186,0.,0.,0.,0.,0.,0.,0.,0.,0.,0.,0.,0.,0.001,0.,0.001,0.,0.,0.,0.,0.,0.,0.001,0.,0.001,,,
187,0.,0.,0.,0.,0.,0.,0.,0.,0.,0.,0.,0.,0.001,0.,0.001,0.,0.,0.,0.,0.,0.,0.001,0.,0.001,,,
188,0.,0.,0.,0.,0.,0.,0.,0.,0.,0.,0.,0.,0.001,0.,0.001,0.,0.,0.,0.,0.,0.,0.001,0.,0.001,,,
189,0.,0.,0.,0.,0.,0.,0.,0.,0.,0.,0.,0.,0.001,0.,0.001,0.,0.,0.,0.,0.,0.,0.001,0.,0.001,,,
190,0.,0.,0.,0.,0.,0.,0.,0.,0.,0.,0.,0.,0.001,0.,0.001,0.,0.,0.,0.,0.,0.,0.001,0.,0.001,,,
191,0.,0.,0.,0.,0.,0.,0.,0.,0.,0.,0.,0.,0.001,0.,0.001,0.,0.,0.,0.,0.,0.,0.001,0.,0.001,,,
192,0.,0.,0.,0.,0.,0.,0.,0.,0.,0.,0.,0.,0.001,0.,0.001,0.,0.,0.,0.,0.,0.,0.001,0.,0.001,,,
193,0.,0.,0.,0.,0.,0.,0.,0.,0.,0.,0.,0.,0.001,0.,0.001,0.,0.,0.,0.,0.,0.,0.001,0.,0.001,,,
194,0.,0.,0.,0.,0.,0.,0.,0.,0.,0.,0.,0.,0.001,0.,0.001,0.,0.,0.,0.,0.,0.,0.001,0.,0.001,,,
195,0.,0.,0.,0.,0.,0.,0.,0.,0.,0.,0.,0.,0.001,0.,0.001,0.,0.,0.,0.,0.,0.,0.001,0.,0.001,,,
196,0.,0.,0.,0.,0.,0.,0.,0.,0.,0.,0.,0.,0.001,0.,0.001,0.,0.,0.,0.,0.,0.,0.001,0.,0.001,,,
197,0.,0.,0.,0.,0.,0.,0.,0.,0.,0.,0.,0.,0.001,0.,0.001,0.,0.,0.,0.,0.,0.,0.001,0.,0.001,,,
198,0.,0.,0.,0.,0.,0.,0.,0.,0.,0.,0.,0.,0.001,0.,0.001,0.,0.,0.,0.,0.,0.,0.001,0.,0.001,,,
199,0.,0.,0.,0.,0.,0.,0.,0.,0.,0.,0.,0.,0.001,0.,0.001,0.,0.,0.,0.,0.,0.,0.001,0.,0.001,,,
200,0.,0.,0.,0.,0.,0.,0.,0.,0.,0.,0.,0.,0.001,0.,0.001,0.,0.,0.,0.,0.,0.,0.001,0.,0.001,,,
201,0.,0.,0.,0.,0.,0.,0.,0.,0.,0.,0.,0.,0.001,0.,0.001,0.,0.,0.,0.,0.,0.,0.001,0.,0.001,,,
202,0.,0.,0.,0.,0.,0.,0.,0.,0.,0.,0.,0.,0.001,0.,0.001,0.,0.,0.,0.,0.,0.,0.001,0.,0.001,,,
203,0.,0.,0.,0.,0.,0.,0.,0.,0.,0.,0.,0.,0.001,0.,0.001,0.,0.,0.,0.,0.,0.,0.001,0.,0.001,,,
204,0.,0.,0.,0.,0.,0.,0.,0.,0.,0.,0.,0.,0.001,0.,0.001,0.,0.,0.,0.,0.,0.,0.001,0.,0.001,,,
205,0.,0.,0.,0.,0.,0.,0.,0.,0.,0.,0.,0.,0.,0.,0.,0.,0.,0.,0.,0.,0.,0.001,0.,0.001,,,
206,0.,0.,0.,0.,0.,0.,0.,0.,0.,0.,0.,0.,0.002,0.,0.002,0.,0.,0.,0.,0.,0.,0.002,0.,0.002,,,
207,0.,0.,0.,0.,0.,0.,0.,0.,0.,0.,0.,0.,0.001,0.,0.001,0.,0.,0.,0.,0.,0.,0.002,0.,0.002,,,
208,0.,0.,0.,0.,0.,0.,0.,0.,0.,0.,0.,0.,0.001,0.,0.001,0.,0.,0.,0.,0.,0.,0.001,0.,0.001,,,
209,0.,0.,0.,0.,0.,0.,0.,0.,0.,0.,0.,0.,0.001,0.,0.001,0.,0.,0.,0.,0.,0.,0.001,0.,0.001,,,
210,0.,0.,0.,0.,0.,0.,0.,0.,0.,0.,0.,0.,0.001,0.,0.,0.,0.,0.,0.,0.,0.,0.001,0.,0.,,,
211,0.,0.,0.,0.,0.,0.,0.,0.,0.,0.,0.,0.,0.001,0.001,0.,0.,0.,0.,0.,0.,0.,0.001,0.001,0.,,,
212,0.,0.,0.,0.,0.,0.,0.,0.,0.,0.,0.,0.,0.001,0.,0.001,0.,0.,0.,0.,0.,0.,0.001,0.,0.001,,,
213,0.,0.,0.,0.,0.,0.,0.,0.,0.,0.,0.,0.,0.001,0.,0.001,0.,0.,0.,0.,0.,0.,0.001,0.,0.001,,,
214,0.,0.,0.,0.,0.,0.,0.,0.,0.,0.,0.,0.,0.001,0.,0.001,0.,0.,0.,0.,0.,0.,0.001,0.,0.001,,,
215,0.,0.,0.,0.,0.,0.,0.,0.,0.,0.,0.,0.,0.001,0.,0.001,0.,0.,0.,0.,0.,0.,0.001,0.,0.001,,,
216,0.,0.,0.,0.,0.,0.,0.,0.,0.,0.,0.,0.,0.001,0.,0.001,0.,0.,0.,0.,0.,0.,0.001,0.,0.001,,,
217,0.,0.,0.,0.,0.,0.,0.,0.,0.,0.,0.,0.,0.001,0.,0.001,0.,0.,0.,0.,0.,0.,0.001,0.,0.001,,,
218,0.,0.,0.,0.,0.,0.,0.,0.,0.,0.,0.,0.,0.001,0.,0.001,0.,0.,0.,0.,0.,0.,0.001,0.,0.001,,,
219,0.,0.,0.,0.,0.,0.,0.,0.,0.,0.,0.,0.,0.001,0.,0.001,0.,0.,0.,0.,0.,0.,0.001,0.,0.001,,,
220,0.,0.,0.,0.,0.,0.,0.,0.,0.,0.,0.,0.,0.001,0.,0.001,0.,0.,0.,0.,0.,0.,0.001,0.,0.001,,,
221,0.,0.,0.,0.,0.,0.,0.,0.,0.,0.,0.,0.,0.001,0.,0.001,0.,0.,0.,0.,0.,0.,0.001,0.,0.001,,,
222,0.,0.,0.,0.,0.,0.,0.,0.,0.,0.,0.,0.,0.001,0.,0.001,0.,0.,0.,0.,0.,0.,0.001,0.,0.001,,,
223,0.,0.,0.,0.,0.,0.,0.,0.,0.,0.,0.,0.,0.001,0.,0.001,0.,0.,0.,0.,0.,0.,0.001,0.,0.001,,,
224,0.,0.,0.,0.,0.,0.,0.,0.,0.,0.,0.,0.,0.001,0.,0.001,0.,0.,0.,0.,0.,0.,0.001,0.,0.001,,,
225,0.,0.,0.,0.,0.,0.,0.,0.,0.,0.,0.,0.,0.001,0.,0.001,0.,0.,0.,0.,0.,0.,0.001,0.,0.001,,,
226,0.,0.,0.,0.,0.,0.,0.,0.,0.,0.,0.,0.,0.001,0.,0.001,0.,0.,0.,0.,0.,0.,0.001,0.,0.001,,,
227,0.,0.,0.,0.,0.,0.,0.,0.,0.,0.,0.,0.,0.001,0.,0.001,0.,0.,0.,0.,0.,0.,0.001,0.,0.001,,,
228,0.,0.,0.,0.,0.,0.,0.,0.,0.,0.,0.,0.,0.001,0.,0.001,0.,0.,0.,0.,0.,0.,0.001,0.,0.001,,,
229,0.,0.,0.,0.,0.,0.,0.,0.,0.,0.,0.,0.,0.001,0.,0.001,0.,0.,0.,0.,0.,0.,0.001,0.,0.001,,,
230,0.,0.,0.,0.,0.,0.,0.,0.,0.,0.,0.,0.,0.001,0.,0.001,0.,0.,0.,0.,0.,0.,0.001,0.,0.001,,,
231,0.,0.,0.,0.,0.,0.,0.,0.,0.,0.,0.,0.,0.001,0.,0.001,0.,0.,0.,0.,0.,0.,0.001,0.,0.001,,,
232,0.003,0.,0.003,0.,0.,0.,0.,0.,0.,0.,0.,0.,0.004,0.,0.004,0.,0.,0.,0.,0.,0.,0.004,0.,0.004,,,
233,0.,0.,0.,0.,0.,0.,0.,0.,0.,0.,0.,0.,0.001,0.001,0.,0.,0.,0.,0.,0.,0.,0.001,0.001,0.,,,
234,0.,0.,0.,0.,0.,0.,0.,0.,0.,0.,0.,0.,0.001,0.,0.001,0.,0.,0.,0.,0.,0.,0.001,0.,0.001,,,
235,0.,0.,0.,0.,0.,0.,0.,0.,0.,0.,0.,0.,0.001,0.,0.001,0.,0.,0.,0.,0.,0.,0.002,0.,0.002,,,
236,0.,0.,0.,0.,0.,0.,0.,0.,0.,0.,0.,0.,0.001,0.,0.001,0.,0.,0.,0.,0.,0.,0.001,0.,0.001,,,
237,0.,0.,0.,0.,0.,0.,0.,0.,0.,0.,0.,0.,0.001,0.,0.001,0.,0.,0.,0.,0.,0.,0.001,0.,0.001,,,
238,0.,0.,0.,0.,0.,0.,0.,0.,0.,0.,0.,0.,0.001,0.,0.001,0.,0.,0.,0.,0.,0.,0.001,0.,0.001,,,
239,0.,0.,0.,0.,0.,0.,0.,0.,0.,0.,0.,0.,0.001,0.,0.001,0.,0.,0.,0.,0.,0.,0.001,0.,0.001,,,
240,0.,0.,0.,0.,0.,0.,0.,0.,0.,0.,0.,0.,0.001,0.,0.001,0.,0.,0.,0.,0.,0.,0.002,0.,0.002,,,
241,0.001,0.,0.001,0.,0.,0.,0.,0.,0.,0.,0.,0.,0.001,0.,0.001,0.,0.,0.,0.,0.,0.,0.002,0.,0.002,,,
242,0.,0.,0.,0.,0.,0.,0.,0.,0.,0.,0.,0.,0.001,0.,0.001,0.,0.,0.,0.,0.,0.,0.001,0.,0.001,,,
243,0.,0.,0.,0.,0.,0.,0.,0.,0.,0.,0.,0.,0.001,0.,0.001,0.,0.,0.,0.,0.,0.,0.001,0.,0.001,,,
244,0.,0.,0.,0.,0.,0.,0.,0.,0.,0.,0.,0.,0.001,0.,0.001,0.,0.,0.,0.,0.,0.,0.001,0.,0.001,,,
245,0.,0.,0.,0.,0.,0.,0.,0.,0.,0.,0.,0.,0.001,0.,0.001,0.,0.,0.,0.,0.,0.,0.001,0.,0.001,,,
246,0.,0.,0.,0.,0.,0.,0.,0.,0.,0.,0.,0.,0.001,0.,0.001,0.,0.,0.,0.,0.,0.,0.001,0.,0.001,,,
247,0.,0.,0.,0.,0.,0.,0.,0.,0.,0.,0.,0.,0.001,0.,0.001,0.,0.,0.,0.,0.,0.,0.001,0.,0.001,,,
248,0.,0.,0.,0.,0.,0.,0.,0.,0.,0.,0.,0.,0.001,0.,0.001,0.,0.,0.,0.,0.,0.,0.001,0.,0.001,,,
249,0.,0.,0.,0.,0.,0.,0.,0.,0.,0.,0.,0.,0.001,0.,0.001,0.,0.,0.,0.,0.,0.,0.001,0.,0.001,,,
250,0.,0.,0.,0.,0.,0.,0.,0.,0.,0.,0.,0.,0.001,0.,0.001,0.,0.,0.,0.,0.,0.,0.001,0.,0.001,,,
251,0.,0.,0.,0.,0.,0.,0.,0.,0.,0.,0.,0.,0.001,0.,0.001,0.,0.,0.,0.,0.,0.,0.001,0.,0.001,,,
252,0.,0.,0.,0.,0.,0.,0.,0.,0.,0.,0.,0.,0.001,0.,0.001,0.,0.,0.,0.,0.,0.,0.001,0.,0.001,,,
253,0.,0.,0.,0.,0.,0.,0.,0.,0.,0.,0.,0.,0.001,0.,0.001,0.,0.,0.,0.,0.,0.,0.001,0.,0.001,,,
254,0.,0.,0.,0.,0.,0.,0.,0.,0.,0.,0.,0.,0.001,0.,0.001,0.,0.,0.,0.,0.,0.,0.001,0.,0.001,,,
255,0.,0.,0.,0.,0.,0.,0.,0.,0.,0.,0.,0.,0.001,0.,0.001,0.,0.,0.,0.,0.,0.,0.001,0.,0.001,,,
256,0.,0.,0.,0.,0.,0.,0.,0.,0.,0.,0.,0.,0.001,0.,0.001,0.,0.,0.,0.,0.,0.,0.001,0.,0.001,,,
257,0.,0.,0.,0.,0.,0.,0.,0.,0.,0.,0.,0.,0.001,0.,0.001,0.,0.,0.,0.,0.,0.,0.001,0.,0.001,,,
258,0.,0.,0.,0.,0.,0.,0.,0.,0.,0.,0.,0.,0.001,0.,0.001,0.,0.,0.,0.,0.,0.,0.001,0.,0.001,,,
259,0.,0.,0.,0.,0.,0.,0.,0.,0.,0.,0.,0.,0.001,0.,0.001,0.,0.,0.,0.,0.,0.,0.001,0.,0.001,,,
260,0.,0.,0.,0.,0.,0.,0.,0.,0.,0.,0.,0.,0.001,0.,0.001,0.,0.,0.,0.,0.,0.,0.001,0.,0.001,,,
261,0.,0.,0.,0.,0.,0.,0.,0.,0.,0.,0.,0.,0.001,0.,0.001,0.,0.,0.,0.,0.,0.,0.001,0.,0.001,,,
262,0.,0.,0.,0.,0.,0.,0.,0.,0.,0.,0.,0.,0.001,0.,0.001,0.,0.,0.,0.,0.,0.,0.001,0.,0.001,,,
263,0.,0.,0.,0.,0.,0.,0.,0.,0.,0.,0.,0.,0.001,0.,0.001,0.,0.,0.,0.,0.,0.,0.001,0.,0.001,,,
264,0.,0.,0.,0.,0.,0.,0.,0.,0.,0.,0.,0.,0.001,0.,0.001,0.,0.,0.,0.,0.,0.,0.001,0.,0.001,,,
265,0.,0.,0.,0.,0.,0.,0.,0.,0.,0.,0.,0.,0.001,0.,0.001,0.,0.,0.,0.,0.,0.,0.002,0.,0.002,,,
266,0.,0.,0.,0.,0.,0.,0.,0.,0.,0.,0.,0.,0.001,0.,0.001,0.,0.,0.,0.,0.,0.,0.001,0.,0.001,,,
267,0.,0.,0.,0.,0.,0.,0.,0.,0.,0.,0.,0.,0.001,0.,0.001,0.,0.,0.,0.,0.,0.,0.001,0.,0.001,,,
268,0.,0.,0.,0.,0.,0.,0.,0.,0.,0.,0.,0.,0.001,0.,0.001,0.,0.,0.,0.,0.,0.,0.001,0.,0.001,,,
269,0.,0.,0.,0.,0.,0.,0.,0.,0.,0.,0.,0.,0.001,0.,0.001,0.,0.,0.,0.,0.,0.,0.001,0.,0.001,,,
270,0.,0.,0.,0.,0.,0.,0.,0.,0.,0.,0.,0.,0.001,0.,0.001,0.,0.,0.,0.,0.,0.,0.001,0.,0.001,,,
271,0.,0.,0.,0.,0.,0.,0.,0.,0.,0.,0.,0.,0.001,0.,0.001,0.,0.,0.,0.,0.,0.,0.001,0.,0.001,,,
272,0.,0.,0.,0.,0.,0.,0.,0.,0.,0.,0.,0.,0.001,0.,0.001,0.,0.,0.,0.,0.,0.,0.001,0.,0.001,,,
273,0.,0.,0.,0.,0.,0.,0.,0.,0.,0.,0.,0.,0.001,0.,0.001,0.,0.,0.,0.,0.,0.,0.001,0.,0.001,,,
274,0.,0.,0.,0.,0.,0.,0.,0.,0.,0.,0.,0.,0.001,0.,0.001,0.,0.,0.,0.,0.,0.,0.001,0.,0.001,,,
275,0.,0.,0.,0.,0.,0.,0.,0.,0.,0.,0.,0.,0.001,0.,0.001,0.,0.,0.,0.,0.,0.,0.001,0.,0.001,,,
276,0.,0.,0.,0.013,0.002,0.011,0.,0.,0.,0.,0.,0.,0.001,0.,0.,0.,0.,0.,0.,0.,0.,0.001,0.001,0.,,,
277,0.,0.,0.,0.,0.,0.,0.,0.,0.,0.,0.,0.,0.001,0.,0.,0.,0.,0.,0.,0.,0.,0.001,0.,0.001,,,
278,0.,0.,0.,0.,0.,0.,0.,0.,0.,0.,0.,0.,0.001,0.,0.001,0.,0.,0.,0.,0.,0.,0.001,0.,0.001,,,
279,0.,0.,0.,0.,0.,0.,0.,0.,0.,0.,0.,0.,0.001,0.,0.001,0.,0.,0.,0.,0.,0.,0.001,0.,0.001,,,
280,0.,0.,0.,0.,0.,0.,0.,0.,0.,0.,0.,0.,0.001,0.,0.001,0.,0.,0.,0.,0.,0.,0.001,0.,0.001,,,
281,0.,0.,0.,0.,0.,0.,0.,0.,0.,0.,0.,0.,0.001,0.,0.001,0.,0.,0.,0.,0.,0.,0.001,0.,0.001,,,
282,0.,0.,0.,0.,0.,0.,0.,0.,0.,0.,0.,0.,0.001,0.,0.001,0.,0.,0.,0.,0.,0.,0.001,0.,0.001,,,
283,0.,0.,0.,0.,0.,0.,0.001,0.,0.001,0.,0.,0.,0.001,0.,0.001,0.,0.,0.,0.,0.,0.,0.002,0.,0.001,,,
284,0.,0.,0.,0.,0.,0.,0.,0.,0.,0.,0.,0.,0.001,0.001,0.,0.,0.,0.,0.,0.,0.,0.001,0.001,0.,,,
285,0.,0.,0.,0.,0.,0.,0.,0.,0.,0.,0.,0.,0.001,0.,0.001,0.,0.,0.,0.,0.,0.,0.001,0.,0.001,,,
286,0.,0.,0.,0.,0.,0.,0.,0.,0.,0.,0.,0.,0.001,0.,0.001,0.,0.,0.,0.,0.,0.,0.001,0.,0.001,,,
287,0.,0.,0.,0.,0.,0.,0.,0.,0.,0.,0.,0.,0.001,0.,0.001,0.,0.,0.,0.,0.,0.,0.001,0.,0.001,,,
288,0.,0.,0.,0.,0.,0.,0.,0.,0.,0.,0.,0.,0.001,0.,0.001,0.,0.,0.,0.,0.,0.,0.001,0.,0.001,,,
289,0.,0.,0.,0.,0.,0.,0.004,0.,0.004,0.,0.,0.,0.004,0.,0.004,0.,0.,0.,0.,0.,0.,0.004,0.,0.004,,,
290,0.,0.,0.,0.,0.,0.,0.,0.,0.,0.,0.,0.,0.001,0.,0.001,0.,0.,0.,0.,0.,0.,0.001,0.,0.001,,,
291,0.,0.,0.,0.,0.,0.,0.,0.,0.,0.,0.,0.,0.001,0.,0.001,0.,0.,0.,0.,0.,0.,0.001,0.,0.001,,,
292,0.,0.,0.,0.,0.,0.,0.,0.,0.,0.,0.,0.,0.001,0.,0.001,0.,0.,0.,0.,0.,0.,0.001,0.,0.001,,,
293,0.,0.,0.,0.,0.,0.,0.,0.,0.,0.,0.,0.,0.001,0.,0.001,0.,0.,0.,0.,0.,0.,0.001,0.,0.001,,,
294,0.,0.,0.,0.,0.,0.,0.,0.,0.,0.,0.,0.,0.001,0.,0.001,0.,0.,0.,0.,0.,0.,0.002,0.,0.002,,,
295,0.,0.,0.,0.,0.,0.,0.,0.,0.,0.,0.,0.,0.001,0.,0.001,0.,0.,0.,0.,0.,0.,0.001,0.,0.001,,,
296,0.,0.,0.,0.,0.,0.,0.,0.,0.,0.,0.,0.,0.001,0.,0.001,0.,0.,0.,0.,0.,0.,0.001,0.,0.001,,,
297,0.,0.,0.,0.,0.,0.,0.,0.,0.,0.,0.,0.,0.001,0.,0.001,0.,0.,0.,0.,0.,0.,0.001,0.,0.001,,,
298,0.,0.,0.,0.,0.,0.,0.,0.,0.,0.,0.,0.,0.001,0.,0.001,0.,0.,0.,0.,0.,0.,0.001,0.,0.001,,,
299,0.,0.,0.,0.,0.,0.,0.,0.,0.,0.,0.,0.,0.001,0.,0.001,0.,0.,0.,0.,0.,0.,0.001,0.,0.001,,,
300,0.,0.,0.,0.,0.,0.,0.,0.,0.,0.,0.,0.,0.001,0.,0.001,0.,0.,0.,0.,0.,0.,0.001,0.,0.001,,,
301,0.,0.,0.,0.,0.,0.,0.,0.,0.,0.,0.,0.,0.001,0.,0.001,0.,0.,0.,0.,0.,0.,0.001,0.,0.001,,,
302,0.,0.,0.,0.,0.,0.,0.02,0.,0.02,0.,0.,0.,0.02,0.,0.02,0.,0.,0.,0.,0.,0.,0.021,0.,0.021,,,
303,0.,0.,0.,0.,0.,0.,0.001,0.,0.001,0.,0.,0.,0.002,0.,0.002,0.,0.,0.,0.,0.,0.,0.002,0.,0.002,,,
304,0.,0.,0.,0.,0.,0.,0.,0.,0.,0.,0.,0.,0.001,0.,0.001,0.,0.,0.,0.,0.,0.,0.002,0.,0.002,,,
305,0.,0.,0.,0.,0.,0.,0.,0.,0.,0.,0.,0.,0.001,0.,0.001,0.,0.,0.,0.,0.,0.,0.002,0.,0.002,,,
306,0.,0.,0.,0.,0.,0.,0.,0.,0.,0.,0.,0.,0.001,0.,0.001,0.,0.,0.,0.,0.,0.,0.001,0.,0.001,,,
307,0.,0.,0.,0.,0.,0.,0.,0.,0.,0.,0.,0.,0.001,0.,0.001,0.,0.,0.,0.,0.,0.,0.001,0.,0.001,,,
308,0.,0.,0.,0.,0.,0.,0.,0.,0.,0.,0.,0.,0.001,0.,0.001,0.,0.,0.,0.,0.,0.,0.002,0.,0.002,,,
309,0.,0.,0.,0.,0.,0.,0.,0.,0.,0.,0.,0.,0.001,0.,0.001,0.,0.,0.,0.,0.,0.,0.001,0.,0.001,,,
310,0.,0.,0.,0.,0.,0.,0.,0.,0.,0.,0.,0.,0.001,0.,0.001,0.,0.,0.,0.,0.,0.,0.002,0.,0.002,,,
311,0.,0.,0.,0.,0.,0.,0.,0.,0.,0.,0.,0.,0.001,0.,0.001,0.,0.,0.,0.,0.,0.,0.001,0.,0.001,,,
312,0.,0.,0.,0.,0.,0.,0.001,0.,0.001,0.,0.,0.,0.002,0.,0.002,0.,0.,0.,0.,0.,0.,0.002,0.,0.002,,,
313,0.,0.,0.,0.,0.,0.,0.,0.,0.,0.,0.,0.,0.001,0.,0.001,0.,0.,0.,0.,0.,0.,0.001,0.,0.001,,,
314,0.,0.,0.,0.,0.,0.,0.,0.,0.,0.,0.,0.,0.001,0.,0.001,0.,0.,0.,0.,0.,0.,0.001,0.,0.001,,,
315,0.001,0.,0.001,0.,0.,0.,0.001,0.,0.001,0.,0.,0.,0.002,0.,0.002,0.,0.,0.,0.,0.,0.,0.002,0.,0.002,,,
316,0.,0.,0.,0.,0.,0.,0.,0.,0.,0.,0.,0.,0.001,0.,0.001,0.,0.,0.,0.,0.,0.,0.002,0.,0.002,,,
317,0.,0.,0.,0.,0.,0.,0.001,0.,0.001,0.,0.,0.,0.001,0.,0.001,0.,0.,0.,0.,0.,0.,0.002,0.,0.002,,,
318,0.,0.,0.,0.,0.,0.,0.,0.,0.,0.,0.,0.,0.001,0.,0.001,0.,0.,0.,0.,0.,0.,0.002,0.,0.002,,,
319,0.,0.,0.,0.,0.,0.,0.,0.,0.,0.,0.,0.,0.001,0.,0.001,0.,0.,0.,0.,0.,0.,0.002,0.,0.002,,,
320,0.,0.,0.,0.,0.,0.,0.001,0.,0.001,0.,0.,0.,0.002,0.,0.002,0.,0.,0.,0.,0.,0.,0.002,0.,0.002,,,
321,0.,0.,0.,0.,0.,0.,0.,0.,0.,0.,0.,0.,0.001,0.,0.001,0.,0.,0.,0.,0.,0.,0.001,0.,0.001,,,
322,0.,0.,0.,0.,0.,0.,0.,0.,0.,0.,0.,0.,0.001,0.,0.001,0.,0.,0.,0.,0.,0.,0.001,0.,0.001,,,
323,0.,0.,0.,0.,0.,0.,0.,0.,0.,0.,0.,0.,0.001,0.,0.001,0.,0.,0.,0.,0.,0.,0.001,0.,0.001,,,
324,0.,0.,0.,0.,0.,0.,0.,0.,0.,0.,0.,0.,0.001,0.,0.001,0.,0.,0.,0.,0.,0.,0.001,0.,0.001,,,
325,0.,0.,0.,0.,0.,0.,0.,0.,0.,0.,0.,0.,0.001,0.,0.001,0.,0.,0.,0.,0.,0.,0.001,0.,0.001,,,
326,0.,0.,0.,0.,0.,0.,0.,0.,0.,0.,0.,0.,0.001,0.,0.001,0.,0.,0.,0.,0.,0.,0.001,0.,0.001,,,
327,0.,0.,0.,0.,0.,0.,0.001,0.,0.001,0.,0.,0.,0.001,0.,0.001,0.,0.,0.,0.,0.,0.,0.002,0.,0.002,,,
328,0.,0.,0.,0.,0.,0.,0.,0.,0.,0.,0.,0.,0.001,0.,0.001,0.,0.,0.,0.,0.,0.,0.002,0.,0.002,,,
329,0.,0.,0.,0.,0.,0.,0.001,0.,0.001,0.,0.,0.,0.001,0.,0.001,0.,0.,0.,0.,0.,0.,0.002,0.,0.002,,,
330,0.,0.,0.,0.,0.,0.,0.,0.,0.,0.,0.,0.,0.001,0.,0.001,0.,0.,0.,0.,0.,0.,0.002,0.,0.002,,,
331,0.,0.,0.,0.,0.,0.,0.,0.,0.,0.,0.,0.,0.001,0.,0.001,0.,0.,0.,0.,0.,0.,0.002,0.,0.002,,,
332,0.,0.,0.,0.,0.,0.,0.,0.,0.,0.,0.,0.,0.001,0.,0.001,0.,0.,0.,0.,0.,0.,0.001,0.,0.001,,,
333,0.,0.,0.,0.,0.,0.,0.001,0.,0.001,0.,0.,0.,0.001,0.,0.001,0.,0.,0.,0.,0.,0.,0.002,0.,0.002,,,
334,0.,0.,0.,0.,0.,0.,0.,0.,0.,0.,0.,0.,0.001,0.,0.001,0.,0.,0.,0.,0.,0.,0.002,0.,0.002,,,
335,0.,0.,0.,0.,0.,0.,0.,0.,0.,0.,0.,0.,0.001,0.,0.001,0.,0.,0.,0.,0.,0.,0.001,0.,0.001,,,
336,0.,0.,0.,0.,0.,0.,0.,0.,0.,0.,0.,0.,0.001,0.,0.001,0.,0.,0.,0.,0.,0.,0.002,0.,0.002,,,
337,0.,0.,0.,0.,0.,0.,0.001,0.,0.001,0.,0.,0.,0.002,0.,0.002,0.,0.,0.,0.,0.,0.,0.002,0.,0.002,,,
338,0.,0.,0.,0.,0.,0.,0.021,0.,0.021,0.,0.,0.,0.022,0.,0.022,0.,0.,0.,0.,0.,0.,0.022,0.,0.022,,,
339,0.,0.,0.,0.,0.,0.,0.001,0.,0.001,0.,0.,0.,0.001,0.,0.001,0.,0.,0.,0.,0.,0.,0.002,0.,0.002,,,
340,0.,0.,0.,0.,0.,0.,0.,0.,0.,0.,0.,0.,0.001,0.,0.001,0.,0.,0.,0.,0.,0.,0.002,0.,0.002,,,
341,0.,0.,0.,0.,0.,0.,0.001,0.,0.001,0.,0.,0.,0.001,0.,0.001,0.,0.,0.,0.,0.,0.,0.002,0.,0.002,,,
342,0.,0.,0.,0.,0.,0.,0.,0.,0.,0.,0.,0.,0.001,0.,0.001,0.,0.,0.,0.,0.,0.,0.002,0.,0.002,,,
343,0.,0.,0.,0.,0.,0.,0.,0.,0.,0.,0.,0.,0.001,0.,0.001,0.,0.,0.,0.,0.,0.,0.002,0.,0.002,,,
344,0.,0.,0.,0.,0.,0.,0.,0.,0.,0.,0.,0.,0.001,0.,0.001,0.,0.,0.,0.,0.,0.,0.001,0.,0.001,,,
345,0.,0.,0.,0.,0.,0.,0.,0.,0.,0.,0.,0.,0.001,0.,0.001,0.,0.,0.,0.,0.,0.,0.002,0.,0.002,,,
346,0.,0.,0.,0.,0.,0.,0.,0.,0.,0.,0.,0.,0.001,0.,0.001,0.,0.,0.,0.,0.,0.,0.001,0.,0.001,,,
347,0.,0.,0.,0.,0.,0.,0.,0.,0.,0.,0.,0.,0.001,0.,0.001,0.,0.,0.,0.,0.,0.,0.001,0.,0.001,,,
348,0.,0.,0.,0.,0.,0.,0.,0.,0.,0.,0.,0.,0.001,0.,0.001,0.,0.,0.,0.,0.,0.,0.001,0.,0.001,,,
349,0.,0.,0.,0.,0.,0.,0.,0.,0.,0.,0.,0.,0.001,0.,0.001,0.,0.,0.,0.,0.,0.,0.002,0.,0.002,,,
350,0.,0.,0.,0.,0.,0.,0.,0.,0.,0.,0.,0.,0.001,0.,0.001,0.,0.,0.,0.,0.,0.,0.002,0.,0.002,,,
351,0.,0.,0.,0.,0.,0.,0.,0.,0.,0.,0.,0.,0.001,0.,0.001,0.,0.,0.,0.,0.,0.,0.002,0.,0.002,,,
352,0.,0.,0.,0.,0.,0.,0.,0.,0.,0.,0.,0.,0.001,0.,0.001,0.,0.,0.,0.,0.,0.,0.001,0.,0.001,,,
353,0.,0.,0.,0.,0.,0.,0.,0.,0.,0.,0.,0.,0.001,0.,0.001,0.,0.,0.,0.,0.,0.,0.002,0.,0.002,,,
354,0.001,0.,0.001,0.001,0.,0.001,0.001,0.,0.001,0.,0.,0.,0.002,0.,0.002,0.,0.,0.,0.,0.,0.,0.003,0.,0.003,,,
355,0.,0.,0.,0.,0.,0.,0.,0.,0.,0.,0.,0.,0.001,0.,0.001,0.,0.,0.,0.,0.,0.,0.002,0.,0.002,,,
356,0.,0.,0.,0.,0.,0.,0.001,0.,0.001,0.,0.,0.,0.001,0.,0.001,0.,0.,0.,0.,0.,0.,0.002,0.,0.002,,,
357,0.,0.,0.,0.,0.,0.,0.,0.,0.,0.,0.,0.,0.001,0.,0.001,0.,0.,0.,0.,0.,0.,0.002,0.,0.002,,,
358,0.,0.,0.,0.,0.,0.,0.001,0.,0.001,0.,0.,0.,0.002,0.,0.002,0.,0.,0.,0.,0.,0.,0.002,0.,0.002,,,
359,0.,0.,0.,0.,0.,0.,0.,0.,0.,0.,0.,0.,0.001,0.,0.001,0.,0.,0.,0.,0.,0.,0.001,0.,0.001,,,
360,0.,0.,0.,0.,0.,0.,0.001,0.,0.001,0.,0.,0.,0.001,0.,0.001,0.,0.,0.,0.,0.,0.,0.002,0.,0.002,,,
361,0.,0.,0.,0.,0.,0.,0.001,0.,0.001,0.,0.,0.,0.001,0.,0.001,0.,0.,0.,0.,0.,0.,0.002,0.,0.002,,,
362,0.,0.,0.,0.,0.,0.,0.001,0.,0.001,0.,0.,0.,0.002,0.,0.002,0.,0.,0.,0.,0.,0.,0.002,0.,0.002,,,
363,0.,0.,0.,0.,0.,0.,0.,0.,0.,0.,0.,0.,0.001,0.,0.001,0.,0.,0.,0.,0.,0.,0.002,0.,0.002,,,
364,0.,0.,0.,0.,0.,0.,0.,0.,0.,0.,0.,0.,0.001,0.,0.001,0.,0.,0.,0.,0.,0.,0.001,0.,0.001,,,
365,0.,0.,0.,0.,0.,0.,0.,0.,0.,0.,0.,0.,0.001,0.,0.001,0.,0.,0.,0.,0.,0.,0.001,0.,0.001,,,
366,0.,0.,0.,0.,0.,0.,0.,0.,0.,0.,0.,0.,0.001,0.,0.001,0.,0.,0.,0.,0.,0.,0.002,0.,0.002,,,
367,0.,0.,0.,0.,0.,0.,0.001,0.,0.001,0.,0.,0.,0.001,0.,0.001,0.,0.,0.,0.,0.,0.,0.002,0.,0.002,,,
368,0.,0.,0.,0.,0.,0.,0.,0.,0.,0.,0.,0.,0.001,0.,0.001,0.,0.,0.,0.,0.,0.,0.001,0.,0.001,,,
369,0.,0.,0.,0.,0.,0.,0.,0.,0.,0.,0.,0.,0.001,0.,0.001,0.,0.,0.,0.,0.,0.,0.001,0.,0.001,,,
370,0.,0.,0.,0.,0.,0.,0.,0.,0.,0.,0.,0.,0.001,0.,0.001,0.,0.,0.,0.,0.,0.,0.001,0.,0.001,,,
371,0.,0.,0.,0.,0.,0.,0.004,0.,0.004,0.,0.,0.,0.005,0.,0.005,0.,0.,0.,0.,0.,0.,0.005,0.,0.005,,,
372,0.,0.,0.,0.,0.,0.,0.,0.,0.,0.,0.,0.,0.001,0.,0.001,0.,0.,0.,0.,0.,0.,0.002,0.,0.002,,,
373,0.,0.,0.,0.,0.,0.,0.,0.,0.,0.,0.,0.,0.001,0.,0.001,0.,0.,0.,0.,0.,0.,0.002,0.,0.002,,,
374,0.,0.,0.,0.,0.,0.,0.,0.,0.,0.,0.,0.,0.001,0.,0.001,0.,0.,0.,0.,0.,0.,0.001,0.,0.001,,,
375,0.,0.,0.,0.,0.,0.,0.,0.,0.,0.,0.,0.,0.001,0.,0.001,0.,0.,0.,0.,0.,0.,0.001,0.,0.001,,,
376,0.,0.,0.,0.,0.,0.,0.,0.,0.,0.,0.,0.,0.001,0.,0.001,0.,0.,0.,0.,0.,0.,0.001,0.,0.001,,,
377,0.,0.,0.,0.,0.,0.,0.,0.,0.,0.,0.,0.,0.001,0.,0.001,0.,0.,0.,0.,0.,0.,0.002,0.,0.002,,,
378,0.,0.,0.,0.,0.,0.,0.,0.,0.,0.,0.,0.,0.001,0.,0.001,0.,0.,0.,0.,0.,0.,0.002,0.,0.002,,,
379,0.,0.,0.,0.001,0.,0.001,0.001,0.,0.001,0.,0.,0.,0.001,0.,0.001,0.,0.,0.,0.,0.,0.,0.002,0.,0.002,,,
380,0.,0.,0.,0.,0.,0.,0.,0.,0.,0.,0.,0.,0.001,0.,0.001,0.,0.,0.,0.,0.,0.,0.001,0.,0.001,,,
381,0.,0.,0.,0.,0.,0.,0.,0.,0.,0.,0.,0.,0.001,0.,0.001,0.,0.,0.,0.,0.,0.,0.002,0.,0.002,,,
382,0.,0.,0.,0.016,0.,0.016,0.001,0.,0.001,0.,0.,0.,0.001,0.,0.001,0.,0.,0.,0.,0.,0.,0.002,0.,0.002,,,
383,0.,0.,0.,0.,0.,0.,0.,0.,0.,0.,0.,0.,0.001,0.,0.001,0.,0.,0.,0.,0.,0.,0.002,0.,0.002,,,
384,0.001,0.,0.001,0.,0.,0.,0.,0.,0.,0.,0.,0.,0.002,0.,0.002,0.,0.,0.,0.,0.,0.,0.002,0.,0.002,,,
385,0.,0.,0.,0.,0.,0.,0.,0.,0.,0.,0.,0.,0.001,0.,0.001,0.,0.,0.,0.,0.,0.,0.001,0.,0.001,,,
386,0.,0.,0.,0.,0.,0.,0.001,0.,0.001,0.,0.,0.,0.002,0.,0.002,0.,0.,0.,0.,0.,0.,0.002,0.,0.002,,,
387,0.,0.,0.,0.,0.,0.,0.,0.,0.,0.,0.,0.,0.001,0.,0.001,0.,0.,0.,0.,0.,0.,0.002,0.,0.002,,,
388,0.,0.,0.,0.,0.,0.,0.001,0.,0.001,0.,0.,0.,0.002,0.,0.002,0.,0.,0.,0.,0.,0.,0.002,0.,0.002,,,
389,0.,0.,0.,0.,0.,0.,0.,0.,0.,0.,0.,0.,0.001,0.,0.001,0.,0.,0.,0.,0.,0.,0.002,0.,0.002,,,
390,0.,0.,0.,0.,0.,0.,0.001,0.,0.001,0.,0.,0.,0.001,0.,0.001,0.,0.,0.,0.,0.,0.,0.002,0.,0.002,,,
391,0.,0.,0.,0.,0.,0.,0.,0.,0.,0.,0.,0.,0.001,0.,0.001,0.,0.,0.,0.,0.,0.,0.002,0.,0.002,,,
392,0.003,0.,0.003,0.,0.,0.,0.001,0.,0.001,0.,0.,0.,0.004,0.,0.004,0.,0.,0.,0.,0.,0.,0.005,0.,0.005,,,
393,0.,0.,0.,0.,0.,0.,0.001,0.,0.001,0.,0.,0.,0.001,0.,0.001,0.,0.,0.,0.,0.,0.,0.002,0.,0.002,,,
394,0.,0.,0.,0.,0.,0.,0.,0.,0.,0.,0.,0.,0.001,0.,0.001,0.,0.,0.,0.,0.,0.,0.002,0.,0.002,,,
395,0.,0.,0.,0.,0.,0.,0.,0.,0.,0.,0.,0.,0.001,0.,0.001,0.,0.,0.,0.,0.,0.,0.002,0.,0.002,,,
396,0.,0.,0.,0.001,0.,0.001,0.001,0.,0.001,0.,0.,0.,0.001,0.,0.001,0.,0.,0.,0.,0.,0.,0.002,0.,0.002,,,
397,0.,0.,0.,0.,0.,0.,0.,0.,0.,0.,0.,0.,0.001,0.,0.001,0.,0.,0.,0.,0.,0.,0.002,0.,0.002,,,
398,0.,0.,0.,0.,0.,0.,0.001,0.,0.001,0.,0.,0.,0.002,0.,0.002,0.,0.,0.,0.,0.,0.,0.002,0.,0.002,,,
399,0.,0.,0.,0.,0.,0.,0.,0.,0.,0.,0.,0.,0.001,0.,0.001,0.,0.,0.,0.,0.,0.,0.002,0.,0.002,,,
400,0.,0.,0.,0.,0.,0.,0.001,0.,0.001,0.,0.,0.,0.002,0.,0.002,0.,0.,0.,0.,0.,0.,0.002,0.,0.002,,,
401,0.,0.,0.,0.,0.,0.,0.,0.,0.,0.,0.,0.,0.001,0.,0.001,0.,0.,0.,0.,0.,0.,0.001,0.,0.001,,,
402,0.017,0.,0.017,0.,0.,0.,0.001,0.,0.001,0.,0.,0.,0.018,0.,0.018,0.,0.,0.,0.,0.,0.,0.019,0.,0.019,,,
403,0.,0.,0.,0.,0.,0.,0.001,0.,0.001,0.,0.,0.,0.002,0.,0.002,0.,0.,0.,0.,0.,0.,0.002,0.,0.002,,,
404,0.,0.,0.,0.,0.,0.,0.001,0.,0.001,0.,0.,0.,0.002,0.,0.002,0.,0.,0.,0.,0.,0.,0.002,0.,0.002,,,
405,0.,0.,0.,0.,0.,0.,0.001,0.,0.001,0.,0.,0.,0.002,0.,0.002,0.,0.,0.,0.,0.,0.,0.002,0.,0.002,,,
406,0.,0.,0.,0.001,0.,0.001,0.001,0.,0.001,0.,0.,0.,0.002,0.,0.002,0.,0.,0.,0.,0.,0.,0.002,0.,0.002,,,
407,0.,0.,0.,0.001,0.,0.001,0.001,0.,0.001,0.,0.,0.,0.002,0.,0.002,0.,0.,0.,0.,0.,0.,0.002,0.,0.002,,,
408,0.,0.,0.,0.001,0.,0.001,0.001,0.,0.001,0.,0.,0.,0.002,0.,0.002,0.,0.,0.,0.,0.,0.,0.002,0.,0.002,,,
409,0.,0.,0.,0.,0.,0.,0.001,0.,0.001,0.,0.,0.,0.001,0.,0.001,0.,0.,0.,0.,0.,0.,0.002,0.,0.002,,,
410,0.,0.,0.,0.001,0.,0.001,0.001,0.,0.001,0.,0.,0.,0.001,0.,0.001,0.,0.,0.,0.,0.,0.,0.002,0.,0.002,,,
411,0.,0.,0.,0.,0.,0.,0.,0.,0.,0.,0.,0.,0.001,0.,0.001,0.,0.,0.,0.,0.,0.,0.002,0.,0.002,,,
412,0.,0.,0.,0.,0.,0.,0.001,0.,0.001,0.,0.,0.,0.001,0.,0.001,0.,0.,0.,0.,0.,0.,0.002,0.,0.002,,,
413,0.,0.,0.,0.,0.,0.,0.001,0.,0.001,0.,0.,0.,0.001,0.,0.001,0.,0.,0.,0.,0.,0.,0.002,0.,0.002,,,
414,0.,0.,0.,0.,0.,0.,0.001,0.,0.001,0.,0.,0.,0.002,0.,0.002,0.,0.,0.,0.,0.,0.,0.002,0.,0.002,,,
415,0.,0.,0.,0.,0.,0.,0.001,0.,0.001,0.,0.,0.,0.001,0.,0.001,0.,0.,0.,0.,0.,0.,0.002,0.,0.002,,,
416,0.,0.,0.,0.,0.,0.,0.001,0.,0.001,0.,0.,0.,0.001,0.,0.001,0.,0.,0.,0.,0.,0.,0.002,0.,0.002,,,
417,0.,0.,0.,0.,0.,0.,0.001,0.,0.001,0.,0.,0.,0.002,0.,0.002,0.,0.,0.,0.,0.,0.,0.002,0.,0.002,,,
418,0.,0.,0.,0.,0.,0.,0.001,0.,0.001,0.,0.,0.,0.001,0.,0.001,0.,0.,0.,0.,0.,0.,0.002,0.,0.002,,,
419,0.,0.,0.,0.,0.,0.,0.001,0.,0.001,0.,0.,0.,0.001,0.,0.001,0.,0.,0.,0.,0.,0.,0.002,0.,0.002,,,
420,0.,0.,0.,0.,0.,0.,0.001,0.,0.001,0.,0.,0.,0.001,0.,0.001,0.,0.,0.,0.,0.,0.,0.002,0.,0.002,,,
421,0.,0.,0.,0.,0.,0.,0.004,0.,0.004,0.,0.,0.,0.004,0.,0.004,0.,0.,0.,0.,0.,0.,0.005,0.,0.005,,,
422,0.001,0.,0.001,0.001,0.,0.001,0.001,0.,0.001,0.,0.,0.,0.002,0.,0.002,0.,0.,0.,0.,0.,0.,0.002,0.,0.002,,,
423,0.,0.,0.,0.,0.,0.,0.001,0.,0.001,0.,0.,0.,0.002,0.,0.002,0.,0.,0.,0.,0.,0.,0.002,0.,0.002,,,
424,0.,0.,0.,0.,0.,0.,0.001,0.,0.001,0.,0.,0.,0.002,0.,0.002,0.,0.,0.,0.,0.,0.,0.002,0.,0.002,,,
425,0.,0.,0.,0.,0.,0.,0.001,0.,0.001,0.,0.,0.,0.002,0.,0.002,0.,0.,0.,0.,0.,0.,0.002,0.,0.002,,,
426,0.,0.,0.,0.001,0.,0.001,0.001,0.,0.001,0.,0.,0.,0.002,0.,0.002,0.,0.,0.,0.,0.,0.,0.002,0.,0.002,,,
427,0.,0.,0.,0.001,0.,0.001,0.001,0.,0.001,0.,0.,0.,0.002,0.,0.002,0.,0.,0.,0.,0.,0.,0.002,0.,0.002,,,
428,0.,0.,0.,0.,0.,0.,0.001,0.,0.001,0.,0.,0.,0.001,0.,0.001,0.,0.,0.,0.,0.,0.,0.002,0.,0.002,,,
429,0.,0.,0.,0.001,0.,0.001,0.001,0.,0.001,0.,0.,0.,0.002,0.,0.002,0.,0.,0.,0.,0.,0.,0.002,0.,0.002,,,
430,0.,0.,0.,0.,0.,0.,0.001,0.,0.001,0.,0.,0.,0.001,0.,0.001,0.,0.,0.,0.,0.,0.,0.002,0.,0.002,,,
431,0.,0.,0.,0.,0.,0.,0.001,0.,0.001,0.,0.,0.,0.001,0.,0.001,0.,0.,0.,0.,0.,0.,0.002,0.,0.002,,,
432,0.,0.,0.,0.,0.,0.,0.001,0.,0.001,0.,0.,0.,0.001,0.,0.001,0.,0.,0.,0.,0.,0.,0.002,0.,0.002,,,
433,0.,0.,0.,0.,0.,0.,0.001,0.,0.001,0.,0.,0.,0.001,0.,0.001,0.,0.,0.,0.,0.,0.,0.002,0.,0.002,,,
434,0.,0.,0.,0.,0.,0.,0.001,0.,0.001,0.,0.,0.,0.001,0.,0.001,0.,0.,0.,0.,0.,0.,0.002,0.,0.002,,,
435,0.,0.,0.,0.,0.,0.,0.001,0.,0.001,0.,0.,0.,0.001,0.,0.001,0.,0.,0.,0.,0.,0.,0.002,0.,0.002,,,
436,0.,0.,0.,0.,0.,0.,0.001,0.,0.001,0.,0.,0.,0.002,0.,0.002,0.,0.,0.,0.,0.,0.,0.002,0.,0.002,,,
437,0.,0.,0.,0.,0.,0.,0.001,0.,0.001,0.,0.,0.,0.002,0.,0.002,0.,0.,0.,0.,0.,0.,0.002,0.,0.002,,,
438,0.,0.,0.,0.,0.,0.,0.001,0.,0.001,0.,0.,0.,0.002,0.,0.002,0.,0.,0.,0.,0.,0.,0.002,0.,0.002,,,
439,0.,0.,0.,0.,0.,0.,0.001,0.,0.001,0.,0.,0.,0.002,0.,0.002,0.,0.,0.,0.,0.,0.,0.002,0.,0.002,,,
440,0.,0.,0.,0.003,0.,0.003,0.001,0.,0.001,0.,0.,0.,0.002,0.,0.002,0.,0.,0.,0.,0.,0.,0.002,0.,0.002,,,
441,0.001,0.,0.001,0.001,0.,0.001,0.001,0.,0.001,0.,0.,0.,0.002,0.,0.002,0.,0.,0.,0.,0.,0.,0.002,0.,0.002,,,
442,0.,0.,0.,0.,0.,0.,0.001,0.,0.001,0.,0.,0.,0.001,0.,0.001,0.,0.,0.,0.,0.,0.,0.002,0.,0.002,,,
443,0.,0.,0.,0.,0.,0.,0.001,0.,0.001,0.,0.,0.,0.002,0.,0.002,0.,0.,0.,0.,0.,0.,0.002,0.,0.002,,,
444,0.,0.,0.,0.,0.,0.,0.001,0.,0.001,0.,0.,0.,0.002,0.,0.002,0.,0.,0.,0.,0.,0.,0.002,0.,0.002,,,
445,0.,0.,0.,0.001,0.,0.001,0.001,0.,0.001,0.,0.,0.,0.002,0.,0.002,0.,0.,0.,0.,0.,0.,0.002,0.,0.002,,,
446,0.,0.,0.,0.,0.,0.,0.001,0.,0.001,0.,0.,0.,0.001,0.,0.001,0.,0.,0.,0.,0.,0.,0.002,0.,0.002,,,
447,0.,0.,0.,0.,0.,0.,0.001,0.,0.001,0.,0.,0.,0.002,0.,0.002,0.,0.,0.,0.,0.,0.,0.002,0.,0.002,,,
448,0.,0.,0.,0.,0.,0.,0.001,0.,0.001,0.,0.,0.,0.001,0.,0.001,0.,0.,0.,0.,0.,0.,0.002,0.,0.002,,,
449,0.,0.,0.,0.,0.,0.,0.001,0.,0.001,0.,0.,0.,0.001,0.,0.001,0.,0.,0.,0.,0.,0.,0.002,0.,0.002,,,
450,0.,0.,0.,0.,0.,0.,0.001,0.,0.001,0.,0.,0.,0.001,0.,0.001,0.,0.,0.,0.,0.,0.,0.002,0.,0.002,,,
451,0.,0.,0.,0.,0.,0.,0.001,0.,0.001,0.,0.,0.,0.001,0.,0.001,0.,0.,0.,0.,0.,0.,0.002,0.,0.002,,,
452,0.,0.,0.,0.,0.,0.,0.001,0.,0.001,0.,0.,0.,0.002,0.,0.002,0.,0.,0.,0.,0.,0.,0.002,0.,0.002,,,
453,0.,0.,0.,0.,0.,0.001,0.001,0.,0.001,0.,0.,0.,0.002,0.,0.002,0.,0.,0.,0.,0.,0.,0.002,0.,0.002,,,
454,0.,0.,0.,0.001,0.,0.001,0.001,0.,0.001,0.,0.,0.,0.002,0.,0.002,0.,0.,0.,0.,0.,0.,0.002,0.,0.002,,,
455,0.,0.,0.,0.,0.,0.,0.001,0.,0.001,0.,0.,0.,0.001,0.,0.001,0.,0.,0.,0.,0.,0.,0.002,0.,0.002,,,
456,0.,0.,0.,0.,0.,0.,0.001,0.,0.001,0.,0.,0.,0.001,0.,0.001,0.,0.,0.,0.,0.,0.,0.002,0.,0.002,,,
457,0.,0.,0.,0.,0.,0.,0.001,0.,0.001,0.,0.,0.,0.002,0.,0.002,0.,0.,0.,0.,0.,0.,0.002,0.,0.002,,,
458,0.,0.,0.,0.003,0.,0.003,0.001,0.,0.001,0.,0.,0.,0.002,0.,0.002,0.,0.,0.,0.,0.,0.,0.002,0.,0.002,,,
459,0.,0.,0.,0.,0.,0.,0.001,0.,0.001,0.,0.,0.,0.001,0.,0.001,0.,0.,0.,0.,0.,0.,0.002,0.,0.002,,,
460,0.,0.,0.,0.,0.,0.,0.001,0.,0.001,0.,0.,0.,0.001,0.,0.001,0.,0.,0.,0.,0.,0.,0.002,0.,0.002,,,
461,0.,0.,0.,0.,0.,0.,0.001,0.,0.001,0.,0.,0.,0.002,0.,0.002,0.,0.,0.,0.,0.,0.,0.002,0.,0.002,,,
462,0.,0.,0.,0.,0.,0.,0.001,0.,0.001,0.,0.,0.,0.001,0.,0.001,0.,0.,0.,0.,0.,0.,0.002,0.,0.002,,,
463,0.,0.,0.,0.,0.,0.,0.001,0.,0.001,0.,0.,0.,0.001,0.,0.001,0.,0.,0.,0.,0.,0.,0.002,0.,0.002,,,
464,0.001,0.,0.001,0.,0.,0.,0.001,0.,0.001,0.,0.,0.,0.003,0.,0.003,0.,0.,0.,0.,0.,0.,0.003,0.,0.003,,,
465,0.,0.,0.,0.,0.,0.,0.001,0.,0.001,0.,0.,0.,0.002,0.,0.002,0.,0.,0.,0.,0.,0.,0.002,0.,0.002,,,
466,0.,0.,0.,0.001,0.,0.001,0.001,0.,0.001,0.,0.,0.,0.002,0.,0.002,0.,0.,0.,0.,0.,0.,0.002,0.,0.002,,,
467,0.,0.,0.,0.,0.,0.,0.001,0.,0.001,0.,0.,0.,0.002,0.,0.002,0.,0.,0.,0.,0.,0.,0.002,0.,0.002,,,
468,0.,0.,0.,0.,0.,0.,0.001,0.,0.001,0.,0.,0.,0.002,0.,0.002,0.,0.,0.,0.,0.,0.,0.002,0.,0.002,,,
469,0.,0.,0.,0.,0.,0.,0.001,0.,0.001,0.,0.,0.,0.002,0.,0.002,0.,0.,0.,0.,0.,0.,0.002,0.,0.002,,,
470,0.,0.,0.,0.,0.,0.,0.001,0.,0.001,0.,0.,0.,0.002,0.,0.002,0.,0.,0.,0.,0.,0.,0.002,0.,0.002,,,
471,0.,0.,0.,0.,0.,0.,0.001,0.,0.001,0.,0.,0.,0.001,0.,0.001,0.,0.,0.,0.,0.,0.,0.002,0.,0.002,,,
472,0.,0.,0.,0.001,0.,0.001,0.001,0.,0.001,0.,0.,0.,0.002,0.,0.002,0.,0.,0.,0.,0.,0.,0.002,0.,0.002,,,
473,0.,0.,0.,0.,0.,0.,0.001,0.,0.001,0.,0.,0.,0.002,0.,0.002,0.,0.,0.,0.,0.,0.,0.002,0.,0.002,,,
474,0.,0.,0.,0.,0.,0.,0.001,0.,0.001,0.,0.,0.,0.002,0.,0.002,0.,0.,0.,0.,0.,0.,0.002,0.,0.002,,,
475,0.,0.,0.,0.,0.,0.,0.004,0.,0.004,0.,0.,0.,0.004,0.,0.004,0.,0.,0.,0.,0.,0.,0.005,0.,0.005,,,
476,0.,0.,0.,0.,0.,0.,0.001,0.,0.001,0.,0.,0.,0.001,0.,0.001,0.,0.,0.,0.,0.,0.,0.002,0.,0.002,,,
477,0.,0.,0.,0.001,0.,0.001,0.001,0.,0.001,0.,0.,0.,0.002,0.,0.002,0.,0.,0.,0.,0.,0.,0.002,0.,0.002,,,
478,0.,0.,0.,0.,0.,0.,0.001,0.,0.001,0.,0.,0.,0.002,0.,0.002,0.,0.,0.,0.,0.,0.,0.002,0.,0.002,,,
479,0.,0.,0.,0.,0.,0.,0.001,0.,0.001,0.,0.,0.,0.002,0.,0.002,0.,0.,0.,0.,0.,0.,0.002,0.,0.002,,,
480,0.,0.,0.,0.,0.,0.,0.001,0.,0.001,0.,0.,0.,0.002,0.,0.002,0.,0.,0.,0.,0.,0.,0.003,0.,0.003,,,
481,0.,0.,0.,0.,0.,0.,0.001,0.,0.001,0.,0.,0.,0.002,0.,0.002,0.,0.,0.,0.,0.,0.,0.002,0.,0.002,,,
482,0.,0.,0.,0.001,0.,0.001,0.001,0.,0.001,0.,0.,0.,0.002,0.,0.002,0.,0.,0.,0.,0.,0.,0.002,0.,0.002,,,
483,0.,0.,0.,0.,0.,0.,0.001,0.,0.001,0.,0.,0.,0.002,0.,0.002,0.,0.,0.,0.,0.,0.,0.002,0.,0.002,,,
484,0.,0.,0.,0.,0.,0.,0.001,0.,0.001,0.,0.,0.,0.002,0.,0.002,0.,0.,0.,0.,0.,0.,0.002,0.,0.002,,,
485,0.,0.,0.,0.,0.,0.,0.001,0.,0.001,0.,0.,0.,0.002,0.,0.002,0.,0.,0.,0.,0.,0.,0.002,0.,0.002,,,
486,0.,0.,0.,0.,0.,0.,0.001,0.,0.001,0.,0.,0.,0.001,0.,0.001,0.,0.,0.,0.,0.,0.,0.002,0.,0.002,,,
487,0.,0.,0.,0.001,0.,0.001,0.001,0.,0.001,0.,0.,0.,0.002,0.,0.002,0.,0.,0.,0.,0.,0.,0.002,0.,0.002,,,
488,0.,0.,0.,0.,0.,0.,0.001,0.,0.001,0.,0.,0.,0.001,0.,0.001,0.,0.,0.,0.,0.,0.,0.002,0.,0.002,,,
489,0.,0.,0.,0.,0.,0.,0.001,0.,0.001,0.,0.,0.,0.002,0.,0.002,0.,0.,0.,0.,0.,0.,0.002,0.,0.002,,,
490,0.,0.,0.,0.,0.,0.,0.001,0.,0.001,0.,0.,0.,0.002,0.,0.002,0.,0.,0.,0.,0.,0.,0.003,0.,0.003,,,
491,0.001,0.,0.001,0.001,0.,0.001,0.001,0.,0.001,0.,0.,0.,0.002,0.,0.002,0.,0.,0.,0.,0.,0.,0.003,0.,0.003,,,
492,0.,0.,0.,0.004,0.,0.004,0.001,0.,0.001,0.,0.,0.,0.002,0.,0.002,0.,0.,0.,0.,0.,0.,0.002,0.,0.002,,,
493,0.001,0.,0.001,0.,0.,0.,0.001,0.,0.001,0.,0.,0.,0.002,0.,0.002,0.,0.,0.,0.,0.,0.,0.002,0.,0.002,,,
494,0.,0.,0.,0.001,0.,0.001,0.001,0.,0.001,0.,0.,0.,0.002,0.,0.002,0.,0.,0.,0.,0.,0.,0.002,0.,0.002,,,
495,0.,0.,0.,0.001,0.,0.001,0.001,0.,0.001,0.,0.,0.,0.002,0.,0.002,0.,0.,0.,0.,0.,0.,0.002,0.,0.002,,,
496,0.,0.,0.,0.,0.,0.,0.001,0.,0.001,0.,0.,0.,0.002,0.,0.002,0.,0.,0.,0.,0.,0.,0.002,0.,0.002,,,
497,0.,0.,0.,0.,0.,0.,0.001,0.,0.001,0.,0.,0.,0.002,0.,0.002,0.,0.,0.,0.,0.,0.,0.002,0.,0.002,,,
498,0.001,0.,0.001,0.001,0.,0.001,0.001,0.,0.001,0.,0.,0.,0.002,0.,0.002,0.,0.,0.,0.,0.,0.,0.003,0.,0.003,,,
499,0.,0.,0.,0.,0.,0.,0.001,0.,0.001,0.,0.,0.,0.002,0.,0.002,0.,0.,0.,0.,0.,0.,0.002,0.,0.002,,,
500,0.002,0.,0.002,0.001,0.,0.001,0.001,0.,0.001,0.,0.,0.,0.003,0.,0.003,0.,0.,0.,0.,0.,0.,0.003,0.,0.003,,,
505,0.,0.,0.,0.,0.,0.,0.001,0.,0.001,0.,0.,0.,0.002,0.,0.002,0.,0.,0.,0.,0.,0.,0.002,0.,0.002,,,
510,0.,0.,0.,0.,0.,0.,0.001,0.,0.001,0.,0.,0.,0.002,0.,0.002,0.,0.,0.,0.,0.,0.,0.002,0.,0.002,,,
515,0.001,0.,0.001,0.,0.,0.,0.001,0.,0.001,0.,0.,0.,0.002,0.,0.002,0.,0.,0.,0.,0.,0.,0.003,0.,0.003,,,
520,0.,0.,0.,0.,0.,0.,0.001,0.,0.001,0.,0.,0.,0.002,0.,0.002,0.,0.,0.,0.,0.,0.,0.002,0.,0.002,,,
525,0.,0.,0.,0.,0.,0.,0.001,0.,0.001,0.,0.,0.,0.002,0.,0.002,0.,0.,0.,0.,0.,0.,0.002,0.,0.002,,,
530,0.,0.,0.,0.,0.,0.,0.001,0.,0.001,0.,0.,0.,0.002,0.,0.002,0.,0.,0.,0.,0.,0.,0.003,0.,0.003,,,
535,0.,0.,0.,0.001,0.,0.001,0.001,0.,0.001,0.,0.,0.,0.002,0.,0.002,0.,0.,0.,0.,0.,0.,0.002,0.,0.002,,,
540,0.,0.,0.,0.004,0.,0.004,0.001,0.,0.001,0.,0.,0.,0.002,0.,0.002,0.,0.,0.,0.,0.,0.,0.002,0.,0.002,,,
545,0.001,0.,0.001,0.001,0.,0.001,0.001,0.,0.001,0.,0.,0.,0.002,0.,0.002,0.,0.,0.,0.,0.,0.,0.002,0.,0.002,,,
550,0.,0.,0.,0.,0.,0.,0.001,0.,0.001,0.,0.,0.,0.002,0.,0.002,0.,0.,0.,0.,0.,0.,0.002,0.,0.002,,,
555,0.,0.,0.,0.,0.,0.,0.001,0.,0.001,0.,0.,0.,0.002,0.,0.002,0.,0.,0.,0.,0.,0.,0.002,0.,0.002,,,
560,0.,0.,0.,0.001,0.,0.,0.001,0.,0.001,0.,0.,0.,0.002,0.,0.002,0.,0.,0.,0.,0.,0.,0.002,0.,0.002,,,
565,0.001,0.,0.001,0.001,0.,0.001,0.001,0.,0.001,0.,0.,0.,0.002,0.,0.002,0.,0.,0.,0.,0.,0.,0.003,0.,0.003,,,
570,0.001,0.,0.001,0.001,0.,0.001,0.001,0.,0.001,0.,0.,0.,0.002,0.,0.002,0.,0.,0.,0.,0.,0.,0.003,0.,0.003,,,
575,0.,0.,0.,0.001,0.,0.001,0.003,0.,0.003,0.,0.,0.,0.004,0.,0.004,0.,0.,0.,0.,0.,0.,0.005,0.,0.005,,,
580,0.,0.,0.,0.001,0.,0.001,0.001,0.,0.001,0.,0.,0.,0.002,0.,0.002,0.,0.,0.,0.,0.,0.,0.003,0.,0.003,,,
585,0.,0.,0.,0.001,0.,0.001,0.001,0.,0.001,0.,0.,0.,0.002,0.,0.002,0.,0.,0.,0.,0.,0.,0.002,0.,0.002,,,
590,0.001,0.,0.001,0.001,0.,0.001,0.001,0.,0.001,0.,0.,0.,0.002,0.,0.002,0.,0.,0.,0.,0.,0.,0.003,0.,0.003,,,
595,0.,0.,0.,0.001,0.,0.001,0.001,0.,0.001,0.,0.,0.,0.002,0.,0.002,0.,0.,0.,0.,0.,0.,0.003,0.,0.003,,,
600,0.,0.,0.,0.001,0.,0.001,0.001,0.,0.001,0.,0.,0.,0.002,0.,0.002,0.,0.,0.,0.,0.,0.,0.003,0.,0.003,,,
605,0.001,0.,0.001,0.001,0.,0.001,0.001,0.,0.001,0.,0.,0.,0.002,0.,0.002,0.,0.,0.,0.,0.,0.,0.003,0.,0.003,,,
610,0.001,0.,0.001,0.001,0.,0.001,0.005,0.,0.005,0.,0.,0.,0.006,0.,0.006,0.,0.,0.,0.,0.,0.,0.007,0.,0.007,,,
615,0.,0.,0.,0.001,0.,0.001,0.001,0.,0.001,0.,0.,0.,0.002,0.,0.002,0.,0.,0.,0.,0.,0.,0.002,0.,0.002,,,
620,0.,0.,0.,0.001,0.,0.001,0.001,0.,0.001,0.,0.,0.,0.002,0.,0.002,0.,0.,0.,0.,0.,0.,0.003,0.,0.003,,,
625,0.,0.,0.,0.001,0.,0.001,0.001,0.,0.001,0.,0.,0.,0.002,0.,0.002,0.,0.,0.,0.,0.,0.,0.003,0.,0.003,,,
630,0.001,0.,0.001,0.001,0.,0.001,0.001,0.,0.001,0.,0.,0.,0.002,0.,0.002,0.,0.,0.,0.,0.,0.,0.003,0.,0.003,,,
635,0.001,0.,0.001,0.001,0.,0.001,0.001,0.,0.001,0.,0.,0.,0.002,0.,0.002,0.,0.,0.,0.,0.,0.,0.003,0.,0.003,,,
640,0.,0.,0.,0.001,0.,0.001,0.001,0.,0.001,0.,0.,0.,0.002,0.,0.002,0.,0.,0.,0.,0.,0.,0.004,0.,0.004,,,
645,0.,0.,0.,0.002,0.,0.002,0.001,0.,0.001,0.,0.,0.,0.002,0.,0.002,0.,0.,0.,0.,0.,0.,0.003,0.,0.003,,,
650,0.,0.,0.,0.001,0.,0.001,0.001,0.,0.001,0.,0.,0.,0.002,0.,0.002,0.,0.,0.,0.,0.,0.,0.003,0.,0.003,,,
655,0.001,0.,0.001,0.002,0.,0.002,0.001,0.,0.001,0.,0.,0.,0.003,0.,0.003,0.,0.,0.,0.,0.,0.,0.003,0.,0.003,,,
660,0.001,0.,0.001,0.001,0.,0.001,0.001,0.,0.001,0.,0.,0.,0.003,0.,0.003,0.,0.,0.,0.,0.,0.,0.003,0.,0.003,,,
665,0.,0.,0.,0.001,0.,0.001,0.001,0.,0.001,0.,0.,0.,0.002,0.,0.002,0.,0.,0.,0.,0.,0.,0.003,0.,0.003,,,
670,0.001,0.,0.001,0.001,0.,0.001,0.001,0.,0.001,0.,0.,0.,0.002,0.,0.002,0.,0.,0.,0.,0.,0.,0.003,0.,0.003,,,
675,0.004,0.,0.004,0.001,0.,0.001,0.001,0.,0.001,0.,0.,0.,0.005,0.,0.005,0.,0.,0.,0.,0.,0.,0.006,0.,0.006,,,
680,0.001,0.,0.001,0.001,0.,0.001,0.001,0.,0.001,0.,0.,0.,0.002,0.,0.002,0.,0.,0.,0.,0.,0.,0.003,0.,0.003,,,
685,0.001,0.,0.001,0.001,0.,0.001,0.001,0.,0.001,0.,0.,0.,0.002,0.,0.002,0.,0.,0.,0.,0.,0.,0.003,0.,0.003,,,
690,0.001,0.,0.001,0.001,0.,0.001,0.001,0.,0.001,0.,0.,0.,0.003,0.,0.003,0.,0.,0.,0.,0.,0.,0.004,0.,0.004,,,
695,0.001,0.,0.001,0.001,0.,0.001,0.002,0.,0.002,0.,0.,0.,0.003,0.,0.003,0.,0.,0.,0.,0.,0.,0.004,0.,0.004,,,
700,0.001,0.,0.001,0.001,0.,0.001,0.001,0.,0.001,0.,0.,0.,0.002,0.,0.002,0.,0.,0.,0.,0.,0.,0.003,0.,0.003,,,
705,0.001,0.,0.001,0.001,0.,0.001,0.003,0.,0.003,0.,0.,0.,0.004,0.,0.004,0.,0.,0.,0.,0.,0.,0.004,0.,0.004,,,
710,0.001,0.,0.001,0.001,0.,0.001,0.001,0.,0.001,0.,0.,0.,0.002,0.,0.002,0.,0.,0.,0.,0.,0.,0.003,0.,0.003,,,
715,0.001,0.,0.001,0.001,0.,0.001,0.001,0.,0.001,0.,0.,0.,0.003,0.,0.003,0.,0.,0.,0.,0.,0.,0.003,0.,0.003,,,
720,0.001,0.,0.001,0.001,0.,0.001,0.002,0.,0.002,0.,0.,0.,0.003,0.,0.003,0.,0.,0.,0.,0.,0.,0.004,0.,0.004,,,
725,0.001,0.,0.001,0.001,0.,0.001,0.001,0.,0.001,0.,0.,0.,0.002,0.,0.002,0.,0.,0.,0.,0.,0.,0.003,0.,0.003,,,
730,0.001,0.,0.001,0.001,0.,0.001,0.001,0.,0.001,0.,0.,0.,0.002,0.,0.002,0.,0.,0.,0.,0.,0.,0.003,0.,0.003,,,
735,0.001,0.,0.001,0.003,0.,0.003,0.001,0.,0.001,0.,0.,0.,0.003,0.,0.003,0.,0.,0.,0.,0.,0.,0.003,0.,0.003,,,
740,0.002,0.,0.002,0.001,0.,0.001,0.003,0.,0.003,0.,0.,0.,0.006,0.,0.006,0.,0.,0.,0.,0.,0.,0.006,0.,0.006,,,
745,0.001,0.,0.001,0.001,0.,0.001,0.001,0.,0.001,0.,0.,0.,0.003,0.,0.003,0.,0.,0.,0.,0.,0.,0.004,0.,0.004,,,
750,0.001,0.,0.001,0.001,0.,0.001,0.001,0.,0.001,0.,0.,0.,0.002,0.,0.002,0.,0.,0.,0.,0.,0.,0.003,0.,0.003,,,
755,0.001,0.,0.001,0.001,0.,0.001,0.001,0.,0.001,0.,0.,0.,0.003,0.,0.003,0.,0.,0.,0.,0.,0.,0.003,0.,0.003,,,
760,0.001,0.,0.001,0.002,0.,0.002,0.001,0.,0.001,0.,0.,0.,0.003,0.,0.003,0.,0.,0.,0.,0.,0.,0.003,0.,0.003,,,
765,0.001,0.,0.001,0.001,0.,0.001,0.001,0.,0.001,0.,0.,0.,0.003,0.,0.003,0.,0.,0.,0.,0.,0.,0.003,0.,0.003,,,
770,0.001,0.,0.001,0.001,0.,0.001,0.001,0.,0.001,0.,0.,0.,0.003,0.,0.003,0.,0.,0.,0.,0.,0.,0.004,0.,0.004,,,
775,0.001,0.,0.001,0.001,0.,0.001,0.002,0.,0.002,0.,0.,0.,0.003,0.,0.003,0.,0.,0.,0.,0.,0.,0.004,0.,0.004,,,
780,0.001,0.,0.001,0.001,0.,0.001,0.002,0.,0.002,0.,0.,0.,0.004,0.,0.004,0.,0.,0.,0.,0.,0.,0.004,0.,0.004,,,
785,0.001,0.,0.001,0.001,0.,0.001,0.002,0.,0.002,0.,0.,0.,0.003,0.,0.003,0.,0.,0.,0.,0.,0.,0.004,0.,0.004,,,
790,0.001,0.,0.001,0.004,0.,0.004,0.002,0.,0.002,0.,0.,0.,0.004,0.,0.004,0.,0.,0.,0.,0.,0.,0.004,0.,0.004,,,
795,0.001,0.,0.001,0.001,0.,0.001,0.001,0.,0.001,0.,0.,0.,0.003,0.,0.003,0.,0.,0.,0.,0.,0.,0.003,0.,0.003,,,
800,0.001,0.,0.001,0.001,0.,0.001,0.002,0.,0.002,0.,0.,0.,0.003,0.,0.003,0.,0.,0.,0.,0.,0.,0.004,0.,0.004,,,
805,0.001,0.,0.001,0.001,0.,0.001,0.002,0.,0.002,0.,0.,0.,0.004,0.,0.004,0.,0.,0.,0.,0.,0.,0.004,0.,0.004,,,
810,0.001,0.,0.001,0.001,0.,0.001,0.002,0.,0.002,0.,0.,0.,0.004,0.,0.004,0.,0.,0.,0.,0.,0.,0.004,0.,0.004,,,
815,0.001,0.,0.001,0.001,0.,0.001,0.003,0.,0.003,0.,0.,0.,0.004,0.,0.004,0.,0.,0.,0.,0.,0.,0.005,0.,0.005,,,
820,0.001,0.,0.001,0.001,0.,0.001,0.002,0.,0.002,0.,0.,0.,0.003,0.,0.003,0.,0.,0.,0.,0.,0.,0.004,0.,0.004,,,
825,0.001,0.,0.001,0.001,0.,0.001,0.001,0.,0.001,0.,0.,0.,0.003,0.,0.003,0.,0.,0.,0.,0.,0.,0.003,0.,0.003,,,
830,0.001,0.,0.001,0.001,0.,0.001,0.001,0.,0.001,0.,0.,0.,0.003,0.,0.003,0.,0.,0.,0.,0.,0.,0.004,0.,0.004,,,
835,0.001,0.,0.001,0.001,0.,0.001,0.002,0.,0.002,0.,0.,0.,0.003,0.,0.003,0.,0.,0.,0.,0.,0.,0.004,0.,0.004,,,
840,0.001,0.,0.001,0.001,0.,0.001,0.006,0.003,0.002,0.,0.,0.,0.007,0.003,0.003,0.,0.,0.,0.,0.,0.,0.008,0.003,0.004,,,
845,0.002,0.,0.002,0.001,0.,0.001,0.002,0.,0.002,0.,0.,0.,0.005,0.,0.005,0.,0.,0.,0.,0.,0.,0.005,0.,0.005,,,
850,0.001,0.,0.001,0.001,0.,0.001,0.002,0.,0.002,0.,0.,0.,0.004,0.,0.004,0.,0.,0.,0.,0.,0.,0.004,0.,0.004,,,
855,0.001,0.,0.001,0.001,0.,0.001,0.002,0.,0.002,0.,0.,0.,0.003,0.,0.003,0.,0.,0.,0.,0.,0.,0.004,0.,0.004,,,
860,0.001,0.,0.001,0.001,0.,0.001,0.002,0.,0.002,0.,0.,0.,0.003,0.,0.003,0.,0.,0.,0.,0.,0.,0.004,0.,0.004,,,
865,0.001,0.,0.001,0.001,0.,0.001,0.004,0.,0.004,0.,0.,0.,0.005,0.,0.005,0.,0.,0.,0.,0.,0.,0.006,0.,0.006,,,
870,0.001,0.,0.001,0.001,0.,0.001,0.002,0.,0.002,0.,0.,0.,0.004,0.,0.004,0.,0.,0.,0.,0.,0.,0.004,0.,0.004,,,
875,0.001,0.,0.001,0.001,0.,0.001,0.002,0.,0.002,0.,0.,0.,0.003,0.,0.003,0.,0.,0.,0.,0.,0.,0.004,0.,0.004,,,
880,0.001,0.,0.001,0.001,0.,0.001,0.002,0.,0.002,0.,0.,0.,0.004,0.,0.004,0.,0.,0.,0.,0.,0.,0.004,0.,0.004,,,
885,0.001,0.,0.001,0.001,0.,0.001,0.002,0.,0.002,0.,0.,0.,0.003,0.,0.003,0.,0.,0.,0.,0.,0.,0.004,0.,0.004,,,
890,0.004,0.,0.004,0.001,0.,0.001,0.002,0.,0.002,0.,0.,0.,0.006,0.,0.006,0.,0.,0.,0.,0.,0.,0.007,0.,0.007,,,
895,0.001,0.,0.001,0.001,0.,0.001,0.002,0.,0.002,0.,0.,0.,0.003,0.,0.003,0.,0.,0.,0.,0.,0.,0.004,0.,0.004,,,
900,0.001,0.,0.001,0.001,0.,0.001,0.002,0.,0.002,0.,0.,0.,0.003,0.,0.003,0.,0.,0.,0.,0.,0.,0.004,0.,0.004,,,
905,0.001,0.,0.001,0.001,0.,0.001,0.002,0.,0.002,0.,0.,0.,0.003,0.,0.003,0.,0.,0.,0.,0.,0.,0.004,0.,0.004,,,
910,0.001,0.,0.001,0.001,0.,0.001,0.003,0.,0.003,0.,0.,0.,0.005,0.,0.005,0.,0.,0.,0.,0.,0.,0.006,0.,0.006,,,
915,0.001,0.,0.001,0.001,0.,0.001,0.002,0.,0.002,0.,0.,0.,0.003,0.,0.003,0.,0.,0.,0.,0.,0.,0.004,0.,0.004,,,
920,0.001,0.,0.001,0.002,0.,0.002,0.002,0.,0.002,0.,0.,0.,0.003,0.,0.003,0.,0.,0.,0.,0.,0.,0.004,0.,0.004,,,
925,0.001,0.,0.001,0.002,0.,0.002,0.003,0.,0.003,0.,0.,0.,0.004,0.,0.004,0.,0.,0.,0.,0.,0.,0.005,0.,0.005,,,
930,0.001,0.,0.001,0.001,0.,0.001,0.002,0.,0.002,0.,0.,0.,0.003,0.,0.003,0.,0.,0.,0.,0.,0.,0.004,0.,0.004,,,
935,0.001,0.,0.001,0.001,0.,0.001,0.006,0.,0.006,0.,0.,0.,0.007,0.,0.007,0.,0.,0.,0.,0.,0.,0.008,0.,0.008,,,
940,0.001,0.,0.001,0.001,0.,0.001,0.002,0.,0.002,0.,0.,0.,0.003,0.,0.003,0.,0.,0.,0.,0.,0.,0.004,0.,0.004,,,
945,0.001,0.,0.001,0.001,0.,0.001,0.003,0.,0.003,0.,0.,0.,0.004,0.,0.004,0.,0.,0.,0.,0.,0.,0.005,0.,0.005,,,
950,0.001,0.,0.001,0.001,0.,0.001,0.002,0.,0.002,0.,0.,0.,0.003,0.,0.003,0.,0.,0.,0.,0.,0.,0.004,0.,0.004,,,
955,0.001,0.,0.001,0.001,0.,0.001,0.002,0.,0.002,0.,0.,0.,0.004,0.,0.004,0.,0.,0.,0.,0.,0.,0.004,0.,0.004,,,
960,0.001,0.,0.001,0.003,0.,0.003,0.002,0.,0.002,0.,0.,0.,0.004,0.,0.004,0.,0.,0.,0.,0.,0.,0.005,0.,0.005,,,
965,0.001,0.,0.001,0.002,0.,0.002,0.002,0.,0.002,0.,0.,0.,0.003,0.,0.003,0.,0.,0.,0.,0.,0.,0.004,0.,0.004,,,
970,0.001,0.,0.001,0.001,0.,0.001,0.002,0.,0.002,0.,0.,0.,0.003,0.,0.003,0.,0.,0.,0.,0.,0.,0.004,0.,0.004,,,
975,0.001,0.,0.001,0.002,0.,0.002,0.002,0.,0.002,0.,0.,0.,0.003,0.,0.003,0.,0.,0.,0.,0.,0.,0.004,0.,0.004,,,
980,0.001,0.,0.001,0.001,0.,0.001,0.005,0.,0.005,0.,0.,0.,0.006,0.,0.006,0.,0.,0.,0.,0.,0.,0.007,0.,0.007,,,
985,0.001,0.,0.001,0.001,0.,0.001,0.002,0.,0.002,0.,0.,0.,0.004,0.,0.004,0.,0.,0.,0.,0.,0.,0.005,0.,0.005,,,
990,0.002,0.,0.002,0.001,0.,0.001,0.003,0.,0.003,0.,0.,0.,0.005,0.,0.005,0.,0.,0.,0.,0.,0.,0.006,0.,0.006,,,
995,0.001,0.,0.001,0.001,0.,0.001,0.002,0.,0.002,0.,0.,0.,0.004,0.,0.004,0.,0.,0.,0.,0.,0.,0.005,0.,0.005,,,
1000,0.001,0.,0.001,0.001,0.,0.001,0.002,0.,0.002,0.,0.,0.,0.004,0.,0.004,0.,0.,0.,0.,0.,0.,0.004,0.,0.004,,,
1010,0.002,0.,0.002,0.002,0.,0.002,0.003,0.,0.003,0.,0.,0.,0.005,0.,0.005,0.,0.,0.,0.,0.,0.,0.006,0.,0.006,,,
1020,0.001,0.,0.001,0.002,0.,0.002,0.002,0.,0.002,0.,0.,0.,0.004,0.,0.004,0.,0.,0.,0.,0.,0.,0.005,0.,0.005,,,
1030,0.002,0.,0.002,0.002,0.,0.002,0.002,0.,0.002,0.,0.,0.,0.004,0.,0.004,0.,0.,0.,0.,0.,0.,0.005,0.,0.005,,,
1040,0.001,0.,0.001,0.002,0.,0.002,0.002,0.,0.002,0.,0.,0.,0.004,0.,0.004,0.,0.,0.,0.,0.,0.,0.004,0.,0.004,,,
1050,0.001,0.,0.001,0.002,0.,0.002,0.002,0.,0.002,0.,0.,0.,0.004,0.,0.004,0.,0.,0.,0.,0.,0.,0.004,0.,0.004,,,
1060,0.001,0.,0.001,0.002,0.,0.002,0.002,0.,0.002,0.,0.,0.,0.004,0.,0.004,0.,0.,0.,0.,0.,0.,0.005,0.,0.005,,,
1070,0.011,0.007,0.003,0.002,0.,0.002,0.002,0.,0.002,0.,0.,0.,0.014,0.007,0.006,0.,0.,0.,0.,0.,0.,0.014,0.007,0.006,,,
1080,0.001,0.,0.001,0.002,0.,0.002,0.002,0.,0.002,0.,0.,0.,0.004,0.,0.004,0.,0.,0.,0.,0.,0.,0.005,0.,0.005,,,
1090,0.001,0.,0.001,0.001,0.,0.001,0.003,0.,0.003,0.,0.,0.,0.004,0.,0.004,0.,0.,0.,0.,0.,0.,0.005,0.,0.005,,,
1100,0.001,0.,0.001,0.002,0.,0.002,0.002,0.,0.002,0.,0.,0.,0.004,0.,0.004,0.,0.,0.,0.,0.,0.,0.005,0.,0.005,,,
1110,0.002,0.,0.001,0.016,0.,0.016,0.003,0.,0.003,0.,0.,0.,0.005,0.,0.005,0.,0.,0.,0.,0.,0.,0.006,0.,0.006,,,
1120,0.002,0.,0.002,0.002,0.,0.002,0.003,0.,0.003,0.,0.,0.,0.005,0.,0.005,0.,0.,0.,0.,0.,0.,0.005,0.,0.005,,,
1130,0.001,0.,0.001,0.002,0.,0.002,0.003,0.,0.003,0.,0.,0.,0.005,0.,0.005,0.,0.,0.,0.,0.,0.,0.005,0.,0.005,,,
1140,0.001,0.,0.001,0.002,0.,0.002,0.003,0.,0.003,0.,0.,0.,0.005,0.,0.005,0.,0.,0.,0.,0.,0.,0.005,0.,0.005,,,
1150,0.002,0.,0.002,0.002,0.,0.002,0.003,0.,0.003,0.,0.,0.,0.006,0.,0.006,0.,0.,0.,0.,0.,0.,0.007,0.,0.007,,,
1160,0.001,0.,0.001,0.002,0.,0.002,0.003,0.,0.003,0.,0.,0.,0.005,0.,0.005,0.,0.,0.,0.,0.,0.,0.006,0.,0.006,,,
1170,0.001,0.,0.001,0.002,0.,0.002,0.003,0.,0.003,0.,0.,0.,0.005,0.,0.005,0.,0.,0.,0.,0.,0.,0.006,0.,0.006,,,
1180,0.002,0.,0.002,0.002,0.,0.002,0.003,0.,0.003,0.,0.,0.,0.005,0.,0.005,0.,0.,0.,0.,0.,0.,0.006,0.,0.006,,,
1190,0.002,0.,0.002,0.002,0.,0.002,0.003,0.,0.003,0.,0.,0.,0.005,0.,0.005,0.,0.,0.,0.,0.,0.,0.006,0.,0.006,,,
1200,0.001,0.,0.001,0.002,0.,0.002,0.004,0.,0.004,0.,0.,0.,0.006,0.,0.006,0.,0.,0.,0.,0.,0.,0.006,0.,0.006,,,
1210,0.002,0.,0.002,0.002,0.,0.002,0.003,0.,0.003,0.,0.,0.,0.005,0.,0.005,0.,0.,0.,0.,0.,0.,0.006,0.,0.006,,,
1220,0.096,0.,0.096,0.002,0.,0.002,0.003,0.,0.003,0.,0.,0.,0.1,0.,0.1,0.,0.,0.,0.,0.,0.,0.101,0.,0.101,,,
1230,0.001,0.,0.001,0.003,0.,0.003,0.003,0.,0.003,0.,0.,0.,0.005,0.,0.005,0.,0.,0.,0.,0.,0.,0.006,0.,0.006,,,
1240,0.002,0.,0.002,0.002,0.,0.002,0.003,0.,0.003,0.,0.,0.,0.005,0.,0.005,0.,0.,0.,0.,0.,0.,0.006,0.,0.006,,,
1250,0.001,0.,0.001,0.003,0.,0.003,0.003,0.,0.003,0.,0.,0.,0.005,0.,0.005,0.,0.,0.,0.,0.,0.,0.006,0.,0.006,,,
1260,0.001,0.,0.001,0.002,0.,0.002,0.003,0.,0.003,0.,0.,0.,0.005,0.,0.005,0.,0.,0.,0.,0.,0.,0.006,0.,0.006,,,
1270,0.001,0.,0.001,0.002,0.,0.002,0.003,0.,0.003,0.001,0.,0.001,0.005,0.,0.005,0.,0.,0.,0.,0.,0.,0.007,0.,0.007,,,
1280,0.001,0.,0.001,0.002,0.,0.002,0.003,0.,0.003,0.,0.,0.,0.005,0.,0.005,0.,0.,0.,0.,0.,0.,0.005,0.,0.005,,,
1290,0.002,0.,0.002,0.019,0.,0.019,0.003,0.,0.003,0.,0.,0.,0.005,0.,0.005,0.,0.,0.,0.,0.,0.,0.006,0.,0.006,,,
1300,0.001,0.,0.001,0.002,0.,0.002,0.003,0.,0.003,0.,0.,0.,0.005,0.,0.005,0.,0.,0.,0.,0.,0.,0.006,0.,0.006,,,
1310,0.002,0.,0.002,0.002,0.,0.002,0.003,0.,0.003,0.,0.,0.,0.006,0.,0.006,0.,0.,0.,0.,0.,0.,0.006,0.,0.006,,,
1320,0.002,0.,0.002,0.003,0.,0.003,0.007,0.003,0.003,0.,0.,0.,0.009,0.003,0.006,0.,0.,0.,0.,0.,0.,0.01,0.003,0.007,,,
1330,0.002,0.,0.002,0.002,0.,0.002,0.003,0.,0.003,0.,0.,0.,0.005,0.,0.005,0.,0.,0.,0.,0.,0.,0.006,0.,0.006,,,
1340,0.001,0.,0.001,0.002,0.,0.002,0.003,0.,0.003,0.,0.,0.,0.005,0.,0.005,0.,0.,0.,0.,0.,0.,0.006,0.,0.006,,,
1350,0.002,0.,0.002,0.002,0.,0.002,0.003,0.,0.003,0.,0.,0.,0.006,0.,0.006,0.,0.,0.,0.,0.,0.,0.007,0.,0.007,,,
1360,0.002,0.,0.002,0.002,0.,0.002,0.003,0.,0.003,0.,0.,0.,0.006,0.,0.006,0.,0.,0.,0.,0.,0.,0.007,0.,0.007,,,
1370,0.002,0.,0.002,0.003,0.,0.003,0.003,0.,0.003,0.,0.,0.,0.006,0.,0.006,0.,0.,0.,0.,0.,0.,0.007,0.,0.007,,,
1380,0.002,0.,0.002,0.002,0.,0.002,0.003,0.,0.003,0.,0.,0.,0.006,0.,0.006,0.,0.,0.,0.,0.,0.,0.007,0.,0.007,,,
1390,0.002,0.,0.002,0.002,0.,0.002,0.003,0.,0.003,0.,0.,0.,0.006,0.,0.006,0.,0.,0.,0.,0.,0.,0.007,0.,0.007,,,
1400,0.002,0.,0.002,0.003,0.,0.003,0.003,0.,0.003,0.,0.,0.,0.005,0.,0.005,0.,0.,0.,0.,0.,0.,0.007,0.,0.007,,,
1410,0.002,0.,0.002,0.003,0.,0.003,0.003,0.,0.003,0.,0.,0.,0.006,0.,0.006,0.,0.,0.,0.,0.,0.,0.007,0.,0.007,,,
1420,0.002,0.,0.002,0.003,0.,0.003,0.003,0.,0.003,0.,0.,0.,0.006,0.,0.006,0.,0.,0.,0.,0.,0.,0.007,0.,0.007,,,
1430,0.002,0.,0.002,0.002,0.,0.002,0.003,0.,0.003,0.,0.,0.,0.006,0.,0.006,0.,0.,0.,0.,0.,0.,0.007,0.,0.007,,,
1440,0.002,0.,0.002,0.003,0.,0.003,0.003,0.,0.003,0.001,0.,0.001,0.006,0.,0.006,0.,0.,0.,0.,0.,0.,0.007,0.,0.007,,,
1450,0.002,0.,0.002,0.003,0.,0.003,0.004,0.,0.004,0.,0.,0.,0.006,0.,0.006,0.,0.,0.,0.,0.,0.,0.007,0.,0.007,,,
1460,0.002,0.,0.002,0.003,0.,0.003,0.003,0.,0.003,0.,0.,0.,0.006,0.,0.006,0.,0.,0.,0.,0.,0.,0.007,0.,0.007,,,
1470,0.002,0.,0.002,0.002,0.,0.002,0.003,0.,0.003,0.001,0.,0.001,0.006,0.,0.006,0.,0.,0.,0.,0.,0.,0.007,0.,0.007,,,
1480,0.002,0.,0.002,0.002,0.,0.002,0.004,0.,0.004,0.,0.,0.,0.007,0.,0.007,0.,0.,0.,0.,0.,0.,0.008,0.,0.008,,,
1490,0.002,0.,0.002,0.003,0.,0.003,0.004,0.,0.004,0.001,0.,0.001,0.006,0.,0.006,0.,0.,0.,0.,0.,0.,0.008,0.,0.008,,,
1500,0.002,0.,0.002,0.003,0.,0.003,0.004,0.,0.004,0.,0.,0.,0.006,0.,0.006,0.,0.,0.,0.,0.,0.,0.007,0.,0.007,,,
1510,0.002,0.,0.002,0.003,0.,0.003,0.003,0.,0.003,0.001,0.,0.001,0.006,0.,0.006,0.,0.,0.,0.,0.,0.,0.007,0.,0.007,,,
1520,0.002,0.,0.002,0.002,0.,0.002,0.003,0.,0.003,0.001,0.,0.001,0.007,0.,0.007,0.,0.,0.,0.,0.,0.,0.008,0.,0.008,,,
1530,0.002,0.,0.002,0.003,0.,0.003,0.004,0.,0.004,0.005,0.,0.005,0.006,0.,0.006,0.,0.,0.,0.,0.,0.,0.012,0.,0.012,,,
1540,0.002,0.,0.002,0.002,0.,0.002,0.004,0.,0.004,0.,0.,0.,0.007,0.,0.007,0.,0.,0.,0.,0.,0.,0.008,0.,0.008,,,
1550,0.002,0.,0.002,0.002,0.,0.002,0.004,0.,0.004,0.001,0.,0.001,0.006,0.,0.006,0.,0.,0.,0.,0.,0.,0.007,0.,0.007,,,
1560,0.002,0.,0.002,0.003,0.,0.003,0.021,0.,0.021,0.001,0.,0.001,0.024,0.,0.024,0.,0.,0.,0.,0.,0.,0.025,0.,0.025,,,
1570,0.002,0.,0.002,0.003,0.,0.003,0.003,0.,0.003,0.,0.,0.,0.006,0.,0.006,0.,0.,0.,0.,0.,0.,0.007,0.,0.007,,,
1580,0.002,0.,0.002,0.003,0.,0.003,0.004,0.,0.004,0.001,0.,0.001,0.006,0.,0.006,0.,0.,0.,0.,0.,0.,0.008,0.,0.008,,,
1590,0.002,0.,0.002,0.006,0.,0.006,0.004,0.,0.004,0.,0.,0.,0.006,0.,0.006,0.,0.,0.,0.,0.,0.,0.007,0.,0.007,,,
1600,0.002,0.,0.002,0.003,0.,0.003,0.005,0.,0.005,0.,0.,0.,0.009,0.,0.009,0.,0.,0.,0.,0.,0.,0.01,0.,0.01,,,
1610,0.002,0.,0.002,0.003,0.,0.003,0.004,0.,0.004,0.001,0.,0.001,0.007,0.,0.007,0.,0.,0.,0.,0.,0.,0.008,0.,0.008,,,
1620,0.002,0.,0.002,0.002,0.,0.002,0.003,0.,0.003,0.,0.,0.,0.006,0.,0.006,0.,0.,0.,0.,0.,0.,0.007,0.,0.007,,,
1630,0.002,0.,0.002,0.003,0.,0.003,0.004,0.,0.004,0.,0.,0.,0.007,0.,0.007,0.,0.,0.,0.,0.,0.,0.008,0.,0.008,,,
1640,0.002,0.,0.002,0.003,0.,0.003,0.009,0.,0.009,0.001,0.,0.001,0.012,0.,0.012,0.,0.,0.,0.,0.,0.,0.013,0.,0.013,,,
1650,0.003,0.,0.003,0.003,0.,0.003,0.004,0.,0.004,0.,0.,0.,0.007,0.,0.007,0.,0.,0.,0.,0.,0.,0.008,0.,0.008,,,
1660,0.002,0.,0.002,0.003,0.,0.003,0.004,0.,0.004,0.,0.,0.,0.007,0.,0.007,0.,0.,0.,0.,0.,0.,0.008,0.,0.008,,,
1670,0.002,0.,0.002,0.018,0.,0.018,0.004,0.,0.004,0.,0.,0.,0.006,0.,0.006,0.,0.,0.,0.,0.,0.,0.007,0.,0.007,,,
1680,0.003,0.,0.003,0.003,0.,0.003,0.004,0.,0.004,0.,0.,0.,0.007,0.,0.007,0.,0.,0.,0.,0.,0.,0.008,0.,0.008,,,
1690,0.002,0.,0.002,0.004,0.,0.004,0.004,0.,0.004,0.,0.,0.,0.006,0.,0.006,0.,0.,0.,0.,0.,0.,0.007,0.,0.007,,,
1700,0.002,0.,0.002,0.004,0.,0.004,0.004,0.,0.004,0.,0.,0.,0.006,0.,0.006,0.,0.,0.,0.,0.,0.,0.008,0.,0.008,,,
1710,0.002,0.,0.002,0.004,0.,0.004,0.004,0.,0.004,0.,0.,0.,0.006,0.,0.006,0.,0.,0.,0.,0.,0.,0.008,0.,0.008,,,
1720,0.002,0.,0.002,0.003,0.,0.003,0.023,0.,0.023,0.,0.,0.,0.026,0.,0.026,0.,0.,0.,0.,0.,0.,0.027,0.,0.027,,,
1730,0.003,0.,0.003,0.003,0.,0.003,0.004,0.,0.004,0.001,0.,0.001,0.008,0.,0.008,0.,0.,0.,0.,0.,0.,0.009,0.,0.009,,,
1740,0.002,0.,0.002,0.003,0.,0.003,0.004,0.,0.004,0.001,0.,0.001,0.007,0.,0.007,0.,0.,0.,0.,0.,0.,0.008,0.,0.008,,,
1750,0.002,0.,0.002,0.003,0.,0.003,0.004,0.,0.004,0.,0.,0.,0.007,0.,0.007,0.,0.,0.,0.,0.,0.,0.008,0.,0.008,,,
1760,0.002,0.,0.002,0.003,0.,0.003,0.004,0.,0.004,0.,0.,0.,0.007,0.,0.007,0.,0.,0.,0.,0.,0.,0.008,0.,0.008,,,
1770,0.002,0.,0.002,0.003,0.,0.003,0.01,0.,0.01,0.,0.,0.,0.013,0.,0.013,0.,0.,0.,0.,0.,0.,0.014,0.,0.014,,,
1780,0.002,0.,0.002,0.004,0.,0.004,0.005,0.,0.005,0.001,0.,0.001,0.008,0.,0.008,0.,0.,0.,0.,0.,0.,0.009,0.,0.009,,,
1790,0.003,0.,0.003,0.003,0.,0.003,0.004,0.,0.004,0.,0.,0.,0.007,0.,0.007,0.,0.,0.,0.,0.,0.,0.008,0.,0.008,,,
1800,0.002,0.,0.002,0.003,0.,0.003,0.004,0.,0.004,0.,0.,0.,0.007,0.,0.007,0.,0.,0.,0.,0.,0.,0.008,0.,0.008,,,
1810,0.002,0.,0.002,0.003,0.,0.003,0.004,0.,0.004,0.001,0.,0.001,0.007,0.,0.007,0.,0.,0.,0.,0.,0.,0.008,0.,0.008,,,
1820,0.002,0.,0.002,0.01,0.,0.01,0.004,0.,0.004,0.,0.,0.,0.007,0.,0.007,0.,0.,0.,0.,0.,0.,0.008,0.,0.008,,,
1830,0.002,0.,0.002,0.003,0.,0.003,0.005,0.,0.005,0.001,0.,0.001,0.008,0.,0.008,0.,0.,0.,0.,0.,0.,0.009,0.,0.009,,,
1840,0.002,0.,0.002,0.003,0.,0.003,0.004,0.,0.004,0.001,0.,0.001,0.007,0.,0.007,0.,0.,0.,0.,0.,0.,0.009,0.,0.009,,,
1850,0.002,0.,0.002,0.003,0.,0.003,0.004,0.,0.004,0.001,0.,0.001,0.006,0.,0.006,0.,0.,0.,0.,0.,0.,0.008,0.,0.008,,,
1860,0.002,0.,0.002,0.003,0.,0.003,0.004,0.,0.004,0.001,0.,0.001,0.007,0.,0.007,0.,0.,0.,0.,0.,0.,0.008,0.,0.008,,,
1870,0.002,0.,0.002,0.003,0.,0.003,0.005,0.,0.005,0.001,0.,0.001,0.007,0.,0.007,0.,0.,0.,0.,0.,0.,0.009,0.,0.009,,,
1880,0.002,0.,0.002,0.003,0.,0.003,0.005,0.,0.005,0.,0.,0.,0.008,0.,0.008,0.,0.,0.,0.,0.,0.,0.009,0.,0.009,,,
1890,0.014,0.,0.014,0.003,0.,0.003,0.004,0.,0.004,0.001,0.,0.001,0.019,0.,0.019,0.,0.,0.,0.,0.,0.,0.02,0.,0.02,,,
1900,0.002,0.,0.002,0.003,0.,0.003,0.005,0.,0.005,0.001,0.,0.001,0.008,0.,0.008,0.,0.,0.,0.,0.,0.,0.009,0.,0.009,,,
1910,0.002,0.,0.002,0.004,0.,0.004,0.009,0.,0.009,0.001,0.,0.001,0.012,0.,0.012,0.,0.,0.,0.,0.,0.,0.013,0.,0.013,,,
1920,0.002,0.,0.002,0.003,0.,0.003,0.004,0.,0.004,0.,0.,0.,0.007,0.,0.007,0.,0.,0.,0.,0.,0.,0.008,0.,0.008,,,
1930,0.002,0.,0.002,0.003,0.,0.003,0.004,0.,0.004,0.001,0.,0.001,0.007,0.,0.007,0.,0.,0.,0.,0.,0.,0.009,0.,0.009,,,
1940,0.002,0.,0.002,0.003,0.,0.003,0.005,0.,0.005,0.001,0.,0.001,0.008,0.,0.008,0.,0.,0.,0.,0.,0.,0.009,0.,0.009,,,
1950,0.003,0.,0.003,0.003,0.,0.003,0.004,0.,0.004,0.001,0.,0.001,0.008,0.,0.008,0.,0.,0.,0.,0.,0.,0.009,0.,0.009,,,
1960,0.002,0.,0.002,0.007,0.,0.007,0.005,0.,0.005,0.001,0.,0.001,0.008,0.,0.008,0.,0.,0.,0.,0.,0.,0.009,0.,0.009,,,
1970,0.003,0.,0.003,0.003,0.,0.003,0.006,0.,0.006,0.001,0.,0.001,0.009,0.,0.009,0.,0.,0.,0.,0.,0.,0.011,0.,0.011,,,
1980,0.005,0.,0.005,0.004,0.,0.004,0.004,0.,0.004,0.001,0.,0.001,0.01,0.,0.01,0.,0.,0.,0.,0.,0.,0.012,0.,0.012,,,
1990,0.002,0.,0.002,0.004,0.,0.004,0.004,0.,0.004,0.001,0.,0.001,0.007,0.,0.007,0.,0.,0.,0.,0.,0.,0.009,0.,0.009,,,
2000,0.002,0.,0.002,0.003,0.,0.003,0.01,0.,0.01,0.,0.,0.,0.013,0.,0.013,0.,0.,0.,0.,0.,0.,0.014,0.,0.014,,,
2050,0.003,0.,0.003,0.004,0.,0.004,0.004,0.,0.004,0.001,0.,0.001,0.008,0.,0.008,0.,0.,0.,0.,0.,0.,0.009,0.,0.009,,,
2100,0.003,0.,0.003,0.003,0.,0.003,0.008,0.,0.008,0.001,0.,0.001,0.012,0.,0.012,0.,0.,0.,0.,0.,0.,0.013,0.,0.013,,,
2150,0.003,0.,0.003,0.004,0.,0.004,0.005,0.,0.005,0.001,0.,0.001,0.009,0.,0.009,0.,0.,0.,0.,0.,0.,0.01,0.,0.01,,,
2200,0.003,0.,0.003,0.004,0.,0.004,0.005,0.,0.005,0.008,0.,0.008,0.009,0.,0.009,0.,0.,0.,0.,0.,0.,0.018,0.,0.018,,,
2250,0.003,0.,0.003,0.004,0.,0.004,0.006,0.,0.006,0.001,0.,0.001,0.01,0.,0.01,0.,0.,0.,0.,0.,0.,0.011,0.,0.011,,,
2300,0.003,0.,0.003,0.004,0.,0.004,0.012,0.,0.012,0.001,0.,0.001,0.016,0.,0.016,0.,0.,0.,0.,0.,0.,0.018,0.,0.018,,,
2350,0.003,0.,0.003,0.005,0.,0.005,0.006,0.,0.006,0.001,0.,0.001,0.01,0.,0.01,0.,0.,0.,0.,0.,0.,0.011,0.,0.011,,,
2400,0.003,0.,0.003,0.004,0.,0.004,0.012,0.,0.012,0.001,0.,0.001,0.016,0.,0.016,0.,0.,0.,0.,0.,0.,0.017,0.,0.017,,,
2450,0.003,0.,0.003,0.004,0.,0.004,0.006,0.,0.006,0.001,0.,0.001,0.01,0.,0.01,0.,0.,0.,0.,0.,0.,0.011,0.,0.011,,,
2500,0.003,0.,0.003,0.007,0.,0.007,0.006,0.,0.006,0.001,0.,0.001,0.009,0.,0.009,0.,0.,0.,0.,0.,0.,0.011,0.,0.011,,,
2550,0.003,0.,0.003,0.004,0.,0.004,0.006,0.,0.006,0.001,0.,0.001,0.01,0.,0.01,0.,0.,0.,0.,0.,0.,0.012,0.,0.012,,,
2600,0.004,0.,0.004,0.004,0.,0.004,0.006,0.,0.006,0.001,0.,0.001,0.01,0.,0.01,0.,0.,0.,0.,0.,0.,0.012,0.,0.012,,,
2650,0.003,0.,0.003,0.005,0.,0.005,0.009,0.,0.009,0.001,0.,0.001,0.013,0.,0.013,0.,0.,0.,0.,0.,0.,0.015,0.,0.015,,,
2700,0.005,0.,0.005,0.005,0.,0.005,0.006,0.,0.006,0.001,0.,0.001,0.011,0.,0.011,0.,0.,0.,0.,0.,0.,0.013,0.,0.013,,,
2750,0.004,0.,0.004,0.007,0.,0.007,0.006,0.,0.006,0.001,0.,0.001,0.011,0.,0.011,0.,0.,0.,0.,0.,0.,0.013,0.,0.013,,,
2800,0.003,0.,0.003,0.005,0.,0.005,0.006,0.,0.006,0.001,0.,0.001,0.01,0.,0.01,0.,0.,0.,0.,0.,0.,0.012,0.,0.012,,,
2850,0.004,0.,0.004,0.005,0.,0.005,0.007,0.,0.007,0.001,0.,0.001,0.011,0.,0.011,0.,0.,0.,0.,0.,0.,0.012,0.,0.012,,,
2900,0.004,0.003,0.001,0.005,0.,0.005,0.011,0.,0.011,0.001,0.,0.001,0.015,0.003,0.012,0.,0.,0.,0.,0.,0.,0.017,0.003,0.013,,,
2950,0.003,0.,0.003,0.006,0.,0.006,0.007,0.,0.007,0.001,0.,0.001,0.011,0.,0.011,0.,0.,0.,0.,0.,0.,0.013,0.,0.013,,,
3000,0.004,0.,0.004,0.005,0.,0.005,0.007,0.,0.007,0.001,0.,0.001,0.012,0.,0.012,0.,0.,0.,0.,0.,0.,0.013,0.,0.013,,,
3050,0.016,0.,0.016,0.006,0.,0.006,0.008,0.,0.008,0.002,0.,0.002,0.025,0.,0.025,0.,0.,0.,0.,0.,0.,0.027,0.,0.027,,,
3100,0.004,0.,0.004,0.005,0.,0.005,0.007,0.,0.007,0.001,0.,0.001,0.011,0.,0.011,0.,0.,0.,0.,0.,0.,0.013,0.,0.013,,,
3150,0.004,0.,0.004,0.006,0.,0.006,0.007,0.,0.007,0.001,0.,0.001,0.012,0.,0.012,0.,0.,0.,0.,0.,0.,0.014,0.,0.014,,,
3200,0.004,0.,0.004,0.01,0.,0.01,0.007,0.,0.007,0.002,0.,0.002,0.012,0.,0.012,0.,0.,0.,0.,0.,0.,0.015,0.,0.015,,,
3250,0.004,0.,0.004,0.006,0.,0.006,0.017,0.,0.017,0.001,0.,0.001,0.021,0.,0.021,0.,0.,0.,0.,0.,0.,0.023,0.,0.023,,,
3300,0.005,0.,0.005,0.006,0.,0.006,0.008,0.,0.008,0.001,0.,0.001,0.014,0.,0.014,0.,0.,0.,0.,0.,0.,0.016,0.,0.016,,,
3350,0.004,0.,0.004,0.006,0.,0.006,0.008,0.,0.008,0.001,0.,0.001,0.013,0.,0.013,0.,0.,0.,0.,0.,0.,0.015,0.,0.015,,,
3400,0.005,0.,0.005,0.018,0.003,0.014,0.008,0.,0.008,0.001,0.,0.001,0.014,0.,0.014,0.,0.,0.,0.,0.,0.,0.016,0.,0.016,,,
3450,0.004,0.,0.004,0.007,0.,0.007,0.023,0.,0.023,0.002,0.,0.002,0.027,0.,0.027,0.,0.,0.,0.,0.,0.,0.029,0.,0.029,,,
3500,0.005,0.,0.005,0.007,0.,0.007,0.009,0.,0.009,0.002,0.,0.002,0.014,0.,0.014,0.,0.,0.,0.,0.,0.,0.017,0.,0.017,,,
3550,0.004,0.,0.004,0.007,0.,0.007,0.008,0.,0.008,0.002,0.,0.002,0.013,0.,0.013,0.,0.,0.,0.,0.,0.,0.016,0.,0.016,,,
3600,0.004,0.,0.004,0.007,0.,0.007,0.01,0.,0.01,0.002,0.,0.002,0.015,0.,0.015,0.,0.,0.,0.,0.,0.,0.017,0.,0.017,,,
3650,0.004,0.,0.004,0.012,0.,0.012,0.009,0.,0.009,0.001,0.,0.001,0.014,0.,0.014,0.,0.,0.,0.,0.,0.,0.016,0.,0.016,,,
3700,0.005,0.,0.005,0.007,0.,0.007,0.017,0.,0.017,0.002,0.,0.002,0.023,0.,0.023,0.,0.,0.,0.,0.,0.,0.025,0.,0.025,,,
3750,0.005,0.,0.005,0.007,0.,0.007,0.022,0.003,0.018,0.001,0.,0.001,0.027,0.003,0.023,0.,0.,0.,0.,0.,0.,0.029,0.003,0.025,,,
3800,0.005,0.,0.005,0.009,0.,0.009,0.009,0.,0.009,0.002,0.,0.002,0.015,0.,0.015,0.,0.,0.,0.,0.,0.,0.017,0.,0.017,,,
3850,0.006,0.,0.006,0.007,0.,0.007,0.009,0.,0.009,0.002,0.,0.002,0.016,0.,0.016,0.,0.,0.,0.,0.,0.,0.018,0.,0.018,,,
3900,0.006,0.,0.006,0.007,0.,0.007,0.009,0.,0.009,0.002,0.,0.002,0.016,0.,0.016,0.,0.,0.,0.,0.,0.,0.018,0.,0.018,,,
3950,0.006,0.,0.006,0.007,0.,0.007,0.01,0.,0.01,0.002,0.,0.002,0.017,0.,0.017,0.,0.,0.,0.,0.,0.,0.019,0.,0.019,,,
4000,0.006,0.,0.006,0.012,0.,0.012,0.01,0.,0.01,0.003,0.,0.003,0.016,0.,0.016,0.,0.,0.,0.,0.,0.,0.02,0.,0.02,,,
4050,0.006,0.,0.006,0.016,0.,0.016,0.009,0.,0.009,0.002,0.,0.002,0.016,0.,0.016,0.,0.,0.,0.,0.,0.,0.019,0.,0.019,,,
4100,0.012,0.,0.012,0.007,0.,0.007,0.01,0.,0.01,0.001,0.,0.001,0.023,0.,0.023,0.,0.,0.,0.,0.,0.,0.025,0.,0.025,,,
4150,0.006,0.,0.006,0.008,0.,0.008,0.02,0.,0.02,0.002,0.,0.002,0.026,0.,0.026,0.,0.,0.,0.,0.,0.,0.029,0.,0.029,,,
4200,0.005,0.,0.005,0.008,0.,0.008,0.02,0.,0.02,0.002,0.,0.002,0.026,0.,0.026,0.,0.,0.,0.,0.,0.,0.028,0.,0.028,,,
4250,0.006,0.,0.006,0.008,0.,0.008,0.019,0.,0.019,0.002,0.,0.002,0.025,0.,0.025,0.,0.,0.,0.,0.,0.,0.028,0.,0.028,,,
4300,0.006,0.,0.006,0.008,0.,0.008,0.027,0.,0.027,0.001,0.,0.001,0.034,0.,0.034,0.,0.,0.,0.,0.,0.,0.036,0.,0.036,,,
4350,0.005,0.,0.005,0.009,0.,0.009,0.023,0.,0.023,0.003,0.,0.003,0.029,0.,0.029,0.,0.,0.,0.,0.,0.,0.032,0.,0.032,,,
4400,0.006,0.,0.006,0.008,0.,0.008,0.027,0.,0.027,0.002,0.,0.002,0.034,0.,0.034,0.,0.,0.,0.,0.,0.,0.037,0.,0.037,,,
4450,0.006,0.,0.006,0.009,0.,0.009,0.011,0.,0.011,0.002,0.,0.002,0.017,0.,0.017,0.,0.,0.,0.,0.,0.,0.02,0.,0.02,,,
4500,0.006,0.,0.006,0.008,0.,0.008,0.027,0.,0.027,0.003,0.,0.003,0.033,0.,0.033,0.,0.,0.,0.,0.,0.,0.037,0.,0.037,,,
4550,0.006,0.,0.006,0.01,0.,0.01,0.017,0.,0.017,0.003,0.,0.003,0.024,0.,0.024,0.,0.,0.,0.,0.,0.,0.028,0.,0.028,,,
4600,0.006,0.,0.006,0.009,0.,0.009,0.026,0.,0.026,0.002,0.,0.002,0.033,0.,0.033,0.,0.,0.,0.,0.,0.,0.036,0.,0.035,,,
4650,0.006,0.,0.006,0.009,0.,0.009,0.019,0.,0.019,0.003,0.,0.003,0.025,0.,0.025,0.,0.,0.,0.,0.,0.,0.029,0.,0.029,,,
4700,0.006,0.,0.006,0.009,0.,0.009,0.023,0.,0.023,0.002,0.,0.002,0.029,0.,0.029,0.,0.,0.,0.,0.,0.,0.032,0.,0.032,,,
4750,0.015,0.,0.015,0.009,0.,0.009,0.011,0.,0.011,0.003,0.,0.003,0.026,0.,0.026,0.,0.,0.,0.,0.,0.,0.03,0.,0.03,,,
4800,0.019,0.003,0.015,0.009,0.,0.009,0.013,0.,0.013,0.002,0.,0.002,0.033,0.003,0.029,0.,0.,0.,0.,0.,0.,0.035,0.003,0.031,,,
4850,0.007,0.,0.007,0.017,0.,0.017,0.012,0.,0.012,0.003,0.,0.003,0.02,0.,0.02,0.,0.,0.,0.,0.,0.,0.023,0.,0.023,,,
4900,0.006,0.,0.006,0.017,0.,0.017,0.016,0.,0.016,0.003,0.,0.003,0.023,0.,0.023,0.,0.,0.,0.,0.,0.,0.027,0.,0.027,,,
4950,0.007,0.,0.007,0.009,0.,0.009,0.014,0.,0.014,0.003,0.,0.003,0.021,0.,0.021,0.,0.,0.,0.,0.,0.,0.025,0.,0.025,,,
5000,0.008,0.,0.008,0.011,0.,0.011,0.014,0.,0.014,0.003,0.,0.003,0.022,0.,0.022,0.,0.,0.,0.,0.,0.,0.026,0.,0.026,,,
5050,0.007,0.,0.007,0.012,0.,0.012,0.014,0.,0.014,0.015,0.,0.015,0.021,0.,0.021,0.,0.,0.,0.,0.,0.,0.037,0.,0.037,,,
5100,0.007,0.,0.007,0.01,0.,0.01,0.02,0.,0.02,0.003,0.,0.003,0.028,0.,0.028,0.,0.,0.,0.,0.,0.,0.032,0.,0.032,,,
5150,0.007,0.,0.007,0.01,0.,0.01,0.024,0.,0.024,0.002,0.,0.002,0.031,0.,0.031,0.,0.,0.,0.,0.,0.,0.034,0.,0.034,,,
5200,0.012,0.,0.012,0.01,0.,0.01,0.013,0.,0.013,0.003,0.,0.003,0.026,0.,0.026,0.,0.,0.,0.,0.,0.,0.03,0.,0.03,,,
5250,0.008,0.,0.008,0.028,0.,0.028,0.013,0.,0.013,0.003,0.,0.003,0.022,0.,0.022,0.,0.,0.,0.,0.,0.,0.025,0.,0.025,,,
5300,0.007,0.,0.007,0.01,0.,0.01,0.013,0.,0.013,0.003,0.,0.003,0.021,0.,0.021,0.,0.,0.,0.,0.,0.,0.024,0.,0.024,,,
5350,0.007,0.,0.007,0.01,0.,0.01,0.032,0.,0.032,0.002,0.,0.002,0.04,0.,0.04,0.,0.,0.,0.,0.,0.,0.043,0.,0.043,,,
5400,0.008,0.,0.008,0.011,0.,0.011,0.041,0.,0.041,0.003,0.,0.003,0.05,0.,0.05,0.,0.,0.,0.,0.,0.,0.054,0.,0.054,,,
5450,0.013,0.,0.013,0.012,0.,0.012,0.014,0.,0.014,0.003,0.,0.003,0.028,0.,0.028,0.,0.,0.,0.,0.,0.,0.032,0.,0.032,,,
5500,0.007,0.,0.007,0.02,0.,0.02,0.014,0.,0.014,0.003,0.,0.003,0.022,0.,0.022,0.,0.,0.,0.,0.,0.,0.026,0.,0.026,,,
5550,0.007,0.,0.007,0.011,0.,0.011,0.013,0.,0.013,0.003,0.,0.003,0.021,0.,0.021,0.,0.,0.,0.,0.,0.,0.026,0.,0.026,,,
5600,0.009,0.,0.009,0.01,0.,0.01,0.029,0.,0.029,0.002,0.,0.002,0.039,0.,0.039,0.,0.,0.,0.,0.,0.,0.042,0.,0.042,,,
5650,0.024,0.,0.024,0.011,0.,0.011,0.014,0.,0.014,0.003,0.,0.003,0.039,0.,0.039,0.,0.,0.,0.,0.,0.,0.043,0.,0.043,,,
5700,0.008,0.,0.008,0.025,0.003,0.021,0.015,0.,0.015,0.003,0.,0.003,0.024,0.,0.024,0.,0.,0.,0.,0.,0.,0.028,0.,0.028,,,
5750,0.008,0.,0.008,0.011,0.,0.011,0.04,0.,0.04,0.002,0.,0.002,0.049,0.,0.049,0.,0.,0.,0.,0.,0.,0.052,0.,0.052,,,
5800,0.009,0.,0.009,0.011,0.,0.011,0.039,0.,0.039,0.004,0.,0.004,0.048,0.,0.048,0.,0.,0.,0.,0.,0.,0.053,0.,0.053,,,
5850,0.009,0.,0.009,0.023,0.,0.023,0.016,0.,0.016,0.003,0.,0.003,0.025,0.,0.025,0.,0.,0.,0.,0.,0.,0.029,0.,0.029,,,
5900,0.009,0.,0.009,0.014,0.,0.014,0.017,0.,0.016,0.025,0.003,0.021,0.026,0.,0.026,0.,0.,0.,0.,0.,0.,0.052,0.003,0.048,,,
5950,0.01,0.,0.009,0.014,0.,0.014,0.028,0.,0.028,0.004,0.,0.004,0.038,0.,0.038,0.,0.,0.,0.,0.,0.,0.043,0.,0.043,,,
6000,0.011,0.,0.011,0.028,0.,0.028,0.018,0.,0.018,0.006,0.,0.006,0.03,0.,0.03,0.,0.,0.,0.,0.,0.,0.036,0.,0.036,,,
6050,0.009,0.,0.009,0.013,0.,0.013,0.054,0.004,0.05,0.003,0.,0.003,0.064,0.004,0.06,0.,0.,0.,0.,0.,0.,0.068,0.004,0.064,,,
6100,0.01,0.,0.01,0.014,0.,0.014,0.021,0.,0.021,0.004,0.,0.004,0.032,0.,0.032,0.,0.,0.,0.,0.,0.,0.037,0.,0.037,,,
6150,0.01,0.,0.01,0.021,0.,0.021,0.016,0.,0.016,0.004,0.,0.004,0.026,0.,0.026,0.,0.,0.,0.,0.,0.,0.031,0.,0.031,,,
6200,0.009,0.,0.009,0.013,0.,0.013,0.04,0.003,0.036,0.003,0.,0.003,0.05,0.003,0.046,0.,0.,0.,0.,0.,0.,0.053,0.003,0.049,,,
6250,0.009,0.,0.009,0.022,0.,0.022,0.017,0.,0.017,0.003,0.,0.003,0.026,0.,0.026,0.,0.,0.,0.,0.,0.,0.031,0.,0.031,,,
6300,0.009,0.,0.009,0.014,0.,0.014,0.017,0.,0.017,0.008,0.,0.008,0.026,0.,0.026,0.,0.,0.,0.,0.,0.,0.035,0.,0.035,,,
6350,0.008,0.,0.008,0.012,0.,0.012,0.024,0.,0.024,0.003,0.,0.003,0.033,0.,0.033,0.,0.,0.,0.,0.,0.,0.037,0.,0.037,,,
6400,0.009,0.,0.009,0.018,0.,0.018,0.016,0.,0.016,0.004,0.,0.004,0.025,0.,0.025,0.,0.,0.,0.,0.,0.,0.03,0.,0.03,,,
6450,0.009,0.,0.009,0.013,0.,0.013,0.029,0.,0.029,0.004,0.,0.004,0.038,0.,0.038,0.,0.,0.,0.,0.,0.,0.043,0.,0.043,,,
6500,0.009,0.,0.009,0.025,0.,0.025,0.016,0.,0.016,0.004,0.,0.004,0.026,0.,0.026,0.,0.,0.,0.,0.,0.,0.03,0.,0.03,,,
6550,0.01,0.,0.01,0.015,0.,0.015,0.036,0.,0.036,0.003,0.,0.003,0.047,0.,0.047,0.,0.,0.,0.,0.,0.,0.05,0.,0.05,,,
6600,0.011,0.,0.011,0.023,0.,0.023,0.018,0.,0.018,0.004,0.,0.004,0.029,0.,0.029,0.,0.,0.,0.,0.,0.,0.034,0.,0.034,,,
6650,0.011,0.,0.011,0.013,0.,0.013,0.023,0.,0.023,0.004,0.,0.004,0.034,0.,0.034,0.,0.,0.,0.,0.,0.,0.039,0.,0.039,,,
6700,0.01,0.,0.01,0.025,0.,0.025,0.019,0.,0.019,0.004,0.,0.004,0.029,0.,0.029,0.,0.,0.,0.,0.,0.,0.034,0.,0.034,,,
6750,0.01,0.,0.01,0.013,0.,0.013,0.036,0.,0.036,0.003,0.,0.003,0.047,0.,0.047,0.,0.,0.,0.,0.,0.,0.05,0.,0.05,,,
6800,0.009,0.,0.009,0.022,0.,0.022,0.018,0.,0.018,0.004,0.,0.004,0.028,0.,0.028,0.,0.,0.,0.,0.,0.,0.033,0.,0.033,,,
6850,0.01,0.,0.01,0.015,0.,0.015,0.035,0.,0.035,0.003,0.,0.003,0.046,0.,0.046,0.,0.,0.,0.,0.,0.,0.05,0.,0.05,,,
6900,0.009,0.,0.009,0.034,0.,0.034,0.017,0.,0.017,0.004,0.,0.004,0.027,0.,0.027,0.,0.,0.,0.,0.,0.,0.031,0.,0.031,,,
6950,0.01,0.,0.01,0.014,0.,0.014,0.033,0.,0.033,0.004,0.,0.004,0.044,0.,0.044,0.,0.,0.,0.,0.,0.,0.048,0.,0.048,,,
7000,0.01,0.,0.01,0.02,0.,0.02,0.017,0.,0.017,0.004,0.,0.004,0.028,0.,0.028,0.,0.,0.,0.,0.,0.,0.033,0.,0.033,,,
7050,0.02,0.,0.02,0.013,0.,0.013,0.018,0.,0.018,0.003,0.,0.003,0.038,0.,0.038,0.,0.,0.,0.,0.,0.,0.042,0.,0.042,,,
7100,0.011,0.,0.011,0.014,0.,0.014,0.037,0.,0.037,0.003,0.,0.003,0.049,0.,0.049,0.,0.,0.,0.,0.,0.,0.052,0.,0.052,,,
7150,0.01,0.,0.01,0.038,0.,0.038,0.019,0.,0.019,0.005,0.,0.005,0.03,0.,0.03,0.,0.,0.,0.,0.,0.,0.035,0.,0.035,,,
7200,0.009,0.,0.009,0.015,0.,0.015,0.027,0.,0.027,0.004,0.,0.004,0.037,0.,0.037,0.,0.,0.,0.,0.,0.,0.042,0.,0.042,,,
7250,0.01,0.,0.01,0.019,0.,0.019,0.019,0.,0.019,0.013,0.,0.013,0.03,0.,0.03,0.,0.,0.,0.,0.,0.,0.045,0.,0.045,,,
7300,0.02,0.,0.02,0.015,0.,0.015,0.021,0.,0.021,0.004,0.,0.004,0.042,0.,0.042,0.,0.,0.,0.,0.,0.,0.046,0.,0.046,,,
7350,0.009,0.,0.009,0.016,0.,0.016,0.035,0.,0.035,0.003,0.,0.003,0.045,0.,0.045,0.,0.,0.,0.,0.,0.,0.049,0.,0.049,,,
7400,0.011,0.,0.011,0.029,0.,0.029,0.018,0.,0.018,0.004,0.003,0.001,0.03,0.,0.03,0.,0.,0.,0.,0.,0.,0.035,0.003,0.031,,,
7450,0.019,0.,0.019,0.015,0.,0.015,0.019,0.,0.019,0.004,0.,0.004,0.039,0.,0.039,0.,0.,0.,0.,0.,0.,0.044,0.,0.044,,,
7500,0.011,0.,0.011,0.015,0.,0.015,0.019,0.,0.019,0.004,0.,0.004,0.031,0.,0.031,0.,0.,0.,0.,0.,0.,0.036,0.,0.036,,,
7550,0.011,0.,0.011,0.026,0.003,0.022,0.019,0.,0.019,0.004,0.,0.004,0.031,0.,0.03,0.,0.,0.,0.,0.,0.,0.035,0.,0.035,,,
7600,0.023,0.,0.023,0.017,0.,0.017,0.019,0.,0.019,0.004,0.,0.004,0.043,0.,0.043,0.,0.,0.,0.,0.,0.,0.047,0.,0.047,,,
7650,0.011,0.,0.011,0.016,0.,0.016,0.036,0.003,0.032,0.003,0.,0.003,0.047,0.003,0.043,0.,0.,0.,0.,0.,0.,0.052,0.003,0.048,,,
7700,0.01,0.,0.01,0.015,0.,0.015,0.055,0.003,0.051,0.003,0.,0.003,0.066,0.003,0.062,0.,0.,0.,0.,0.,0.,0.07,0.003,0.066,,,
7750,0.011,0.,0.011,0.038,0.,0.038,0.021,0.,0.021,0.006,0.,0.006,0.033,0.,0.033,0.,0.,0.,0.,0.,0.,0.04,0.,0.04,,,
7800,0.015,0.,0.015,0.016,0.,0.016,0.02,0.,0.02,0.005,0.,0.005,0.035,0.,0.035,0.,0.,0.,0.,0.,0.,0.04,0.,0.04,,,
7850,0.011,0.,0.011,0.017,0.,0.017,0.023,0.,0.023,0.005,0.,0.005,0.035,0.,0.035,0.,0.,0.,0.,0.,0.,0.04,0.,0.04,,,
7900,0.011,0.,0.011,0.015,0.,0.015,0.027,0.,0.027,0.004,0.,0.004,0.038,0.,0.038,0.,0.,0.,0.,0.,0.,0.043,0.,0.043,,,
7950,0.011,0.,0.011,0.03,0.,0.03,0.021,0.,0.021,0.005,0.,0.005,0.033,0.,0.033,0.,0.,0.,0.,0.,0.,0.039,0.,0.039,,,
8000,0.024,0.,0.024,0.016,0.,0.016,0.021,0.,0.021,0.003,0.,0.003,0.045,0.,0.045,0.,0.,0.,0.,0.,0.,0.049,0.,0.049,,,
8050,0.012,0.,0.012,0.016,0.,0.016,0.032,0.,0.032,0.004,0.,0.004,0.045,0.,0.045,0.,0.,0.,0.,0.,0.,0.05,0.,0.05,,,
8100,0.011,0.,0.011,0.016,0.,0.016,0.053,0.,0.053,0.004,0.,0.004,0.065,0.,0.065,0.,0.,0.,0.,0.,0.,0.07,0.,0.07,,,
8150,0.013,0.,0.013,0.032,0.,0.032,0.052,0.,0.052,0.005,0.,0.005,0.066,0.,0.066,0.,0.,0.,0.,0.,0.,0.071,0.,0.071,,,
8200,0.012,0.,0.012,0.038,0.,0.038,0.022,0.,0.022,0.032,0.,0.032,0.035,0.,0.035,0.,0.,0.,0.,0.,0.,0.068,0.,0.068,,,
8250,0.011,0.,0.011,0.031,0.,0.031,0.02,0.,0.02,0.005,0.,0.005,0.032,0.,0.032,0.,0.,0.,0.,0.,0.,0.038,0.,0.038,,,
8300,0.021,0.,0.021,0.018,0.,0.018,0.02,0.,0.02,0.004,0.,0.004,0.042,0.,0.042,0.,0.,0.,0.,0.,0.,0.046,0.,0.046,,,
8350,0.012,0.,0.012,0.016,0.,0.016,0.045,0.,0.045,0.004,0.,0.004,0.058,0.,0.058,0.,0.,0.,0.,0.,0.,0.063,0.,0.063,,,
8400,0.012,0.,0.011,0.017,0.,0.017,0.053,0.,0.053,0.004,0.,0.004,0.065,0.,0.065,0.,0.,0.,0.,0.,0.,0.071,0.,0.071,,,
8450,0.011,0.,0.011,0.018,0.,0.018,0.057,0.,0.057,0.004,0.,0.004,0.07,0.,0.069,0.,0.,0.,0.,0.,0.,0.075,0.,0.075,,,
8500,0.013,0.,0.013,0.019,0.,0.019,0.056,0.,0.056,0.004,0.,0.004,0.07,0.,0.07,0.,0.,0.,0.,0.,0.,0.074,0.,0.074,,,
8550,0.014,0.,0.014,0.033,0.,0.033,0.059,0.,0.059,0.004,0.,0.004,0.073,0.,0.073,0.,0.,0.,0.,0.,0.,0.078,0.,0.078,,,
8600,0.013,0.,0.013,0.021,0.,0.021,0.061,0.,0.061,0.004,0.,0.004,0.074,0.,0.074,0.,0.,0.,0.,0.,0.,0.079,0.,0.079,,,
8650,0.014,0.,0.014,0.024,0.,0.024,0.025,0.,0.025,0.028,0.003,0.024,0.04,0.,0.04,0.,0.,0.,0.,0.,0.,0.068,0.003,0.064,,,
8700,0.012,0.,0.012,0.03,0.,0.03,0.024,0.,0.024,0.006,0.,0.006,0.037,0.,0.037,0.,0.,0.,0.,0.,0.,0.044,0.,0.044,,,
8750,0.013,0.,0.013,0.022,0.,0.022,0.022,0.,0.022,0.006,0.,0.006,0.035,0.,0.035,0.,0.,0.,0.,0.,0.,0.042,0.,0.042,,,
8800,0.012,0.,0.012,0.023,0.,0.023,0.022,0.,0.022,0.005,0.,0.005,0.035,0.,0.035,0.,0.,0.,0.,0.,0.,0.041,0.,0.041,,,
8850,0.014,0.,0.014,0.022,0.,0.022,0.023,0.,0.023,0.006,0.,0.006,0.037,0.,0.037,0.,0.,0.,0.,0.,0.,0.044,0.,0.044,,,
8900,0.012,0.,0.012,0.022,0.,0.022,0.023,0.,0.023,0.005,0.,0.005,0.036,0.,0.036,0.,0.,0.,0.,0.,0.,0.042,0.,0.042,,,
8950,0.013,0.,0.013,0.023,0.,0.023,0.023,0.,0.023,0.006,0.,0.006,0.037,0.,0.037,0.,0.,0.,0.,0.,0.,0.044,0.,0.044,,,
9000,0.012,0.,0.012,0.022,0.,0.022,0.024,0.,0.024,0.006,0.,0.006,0.036,0.,0.036,0.,0.,0.,0.,0.,0.,0.043,0.,0.043,,,
9050,0.012,0.,0.012,0.02,0.,0.02,0.024,0.,0.024,0.005,0.,0.005,0.037,0.,0.037,0.,0.,0.,0.,0.,0.,0.043,0.,0.043,,,
9100,0.013,0.,0.013,0.021,0.,0.021,0.024,0.,0.024,0.005,0.,0.005,0.037,0.,0.037,0.,0.,0.,0.,0.,0.,0.043,0.,0.043,,,
9150,0.013,0.,0.013,0.02,0.,0.02,0.023,0.,0.023,0.031,0.003,0.027,0.036,0.,0.036,0.,0.,0.,0.,0.,0.,0.068,0.003,0.064,,,
9200,0.012,0.,0.012,0.032,0.,0.032,0.026,0.,0.026,0.023,0.,0.023,0.039,0.,0.039,0.,0.,0.,0.,0.,0.,0.062,0.,0.062,,,
9250,0.013,0.,0.013,0.034,0.,0.034,0.061,0.,0.061,0.005,0.,0.005,0.075,0.,0.075,0.,0.,0.,0.,0.,0.,0.08,0.,0.08,,,
9300,0.015,0.,0.015,0.045,0.,0.045,0.057,0.,0.057,0.005,0.,0.005,0.072,0.,0.072,0.,0.,0.,0.,0.,0.,0.078,0.,0.078,,,
9350,0.013,0.,0.013,0.034,0.,0.034,0.055,0.,0.055,0.004,0.,0.004,0.069,0.,0.069,0.,0.,0.,0.,0.,0.,0.074,0.,0.074,,,
9400,0.013,0.,0.013,0.019,0.,0.019,0.045,0.,0.045,0.006,0.,0.006,0.059,0.,0.059,0.,0.,0.,0.,0.,0.,0.066,0.,0.066,,,
9450,0.013,0.003,0.009,0.019,0.,0.019,0.033,0.,0.033,0.005,0.,0.005,0.047,0.003,0.043,0.,0.,0.,0.,0.,0.,0.053,0.003,0.049,,,
9500,0.014,0.,0.014,0.019,0.,0.019,0.032,0.,0.032,0.006,0.,0.006,0.047,0.,0.047,0.,0.,0.,0.,0.,0.,0.054,0.,0.054,,,
9550,0.021,0.,0.021,0.022,0.,0.022,0.025,0.,0.024,0.007,0.,0.007,0.046,0.,0.046,0.,0.,0.,0.,0.,0.,0.053,0.,0.053,,,
9600,0.014,0.,0.014,0.024,0.,0.024,0.024,0.,0.024,0.006,0.,0.006,0.038,0.,0.038,0.,0.,0.,0.,0.,0.,0.045,0.,0.045,,,
9650,0.013,0.,0.013,0.023,0.,0.023,0.061,0.,0.061,0.004,0.,0.004,0.074,0.,0.074,0.,0.,0.,0.,0.,0.,0.079,0.,0.079,,,
9700,0.014,0.,0.014,0.06,0.,0.06,0.054,0.,0.054,0.005,0.,0.005,0.07,0.,0.07,0.,0.,0.,0.,0.,0.,0.076,0.,0.076,,,
9750,0.014,0.,0.014,0.02,0.,0.02,0.051,0.,0.051,0.004,0.,0.004,0.066,0.,0.066,0.,0.,0.,0.,0.,0.,0.071,0.,0.071,,,
9800,0.015,0.,0.015,0.02,0.,0.02,0.05,0.,0.05,0.005,0.,0.005,0.065,0.,0.065,0.,0.,0.,0.,0.,0.,0.071,0.,0.071,,,
9850,0.044,0.,0.044,0.02,0.,0.02,0.028,0.,0.028,0.005,0.,0.005,0.073,0.,0.073,0.,0.,0.,0.,0.,0.,0.078,0.,0.078,,,
9900,0.014,0.,0.014,0.039,0.,0.039,0.027,0.,0.027,0.014,0.,0.014,0.042,0.,0.042,0.,0.,0.,0.,0.,0.,0.057,0.,0.057,,,
9950,0.016,0.,0.016,0.042,0.,0.042,0.04,0.,0.04,0.007,0.,0.007,0.056,0.,0.056,0.,0.,0.,0.,0.,0.,0.064,0.,0.064,,,
10000,0.016,0.,0.016,0.021,0.,0.021,0.036,0.,0.036,0.007,0.,0.007,0.053,0.,0.053,0.,0.,0.,0.,0.,0.,0.06,0.,0.06,,,
10100,0.018,0.,0.018,0.023,0.,0.023,0.027,0.,0.027,0.006,0.,0.006,0.046,0.,0.046,0.,0.,0.,0.,0.,0.,0.053,0.,0.053,,,
10200,0.015,0.,0.015,0.023,0.,0.023,0.028,0.,0.028,0.025,0.,0.025,0.044,0.,0.044,0.,0.,0.,0.,0.,0.,0.07,0.,0.07,,,
10300,0.017,0.,0.017,0.031,0.,0.031,0.062,0.003,0.058,0.005,0.,0.005,0.08,0.003,0.076,0.,0.,0.,0.,0.,0.,0.086,0.003,0.082,,,
10400,0.015,0.,0.015,0.022,0.,0.022,0.049,0.,0.049,0.004,0.,0.004,0.065,0.,0.065,0.,0.,0.,0.,0.,0.,0.07,0.,0.07,,,
10500,0.014,0.,0.014,0.055,0.,0.055,0.03,0.,0.03,0.024,0.,0.024,0.045,0.,0.045,0.,0.,0.,0.,0.,0.,0.07,0.,0.07,,,
10600,0.015,0.,0.015,0.039,0.,0.039,0.036,0.,0.036,0.006,0.,0.006,0.052,0.,0.052,0.,0.,0.,0.,0.,0.,0.059,0.,0.059,,,
10700,0.025,0.,0.025,0.023,0.,0.023,0.03,0.,0.03,0.007,0.,0.007,0.057,0.,0.057,0.,0.,0.,0.,0.,0.,0.064,0.,0.064,,,
10800,0.017,0.,0.017,0.025,0.,0.025,0.06,0.,0.06,0.004,0.,0.004,0.078,0.,0.078,0.,0.,0.,0.,0.,0.,0.083,0.,0.083,,,
10900,0.016,0.,0.016,0.023,0.,0.023,0.047,0.,0.047,0.006,0.,0.006,0.064,0.,0.064,0.,0.,0.,0.,0.,0.,0.071,0.,0.071,,,
11000,0.017,0.,0.017,0.032,0.,0.032,0.077,0.,0.077,0.006,0.,0.006,0.095,0.,0.095,0.,0.,0.,0.,0.,0.,0.102,0.,0.102,,,
11100,0.017,0.,0.017,0.024,0.,0.024,0.049,0.,0.049,0.005,0.,0.005,0.067,0.,0.067,0.,0.,0.,0.,0.,0.,0.073,0.,0.073,,,
11200,0.017,0.,0.017,0.05,0.,0.05,0.055,0.,0.055,0.007,0.,0.007,0.072,0.,0.072,0.,0.,0.,0.,0.,0.,0.08,0.,0.08,,,
11300,0.017,0.,0.017,0.023,0.,0.023,0.038,0.,0.038,0.008,0.,0.008,0.055,0.,0.055,0.,0.,0.,0.,0.,0.,0.064,0.,0.064,,,
11400,0.019,0.,0.019,0.03,0.,0.03,0.064,0.,0.064,0.005,0.,0.005,0.084,0.,0.084,0.,0.,0.,0.,0.,0.,0.09,0.,0.09,,,
11500,0.019,0.,0.019,0.026,0.,0.026,0.051,0.,0.051,0.005,0.,0.005,0.071,0.,0.071,0.,0.,0.,0.,0.,0.,0.077,0.,0.077,,,
11600,0.017,0.,0.017,0.07,0.007,0.062,0.041,0.,0.041,0.007,0.,0.007,0.059,0.,0.059,0.,0.,0.,0.,0.,0.,0.067,0.,0.067,,,
11700,0.03,0.,0.03,0.027,0.,0.027,0.033,0.,0.033,0.008,0.,0.008,0.063,0.,0.063,0.008,0.,0.008,0.,0.,0.,0.072,0.,0.072,,,
11800,0.022,0.,0.022,0.036,0.,0.036,0.065,0.,0.065,0.006,0.,0.006,0.087,0.,0.087,0.,0.,0.,0.,0.,0.,0.094,0.,0.094,,,
11900,0.017,0.,0.017,0.059,0.003,0.055,0.052,0.,0.052,0.007,0.,0.007,0.07,0.,0.07,0.,0.,0.,0.,0.,0.,0.079,0.,0.079,,,
12000,0.024,0.,0.024,0.025,0.,0.025,0.03,0.,0.03,0.007,0.,0.007,0.054,0.,0.054,0.,0.,0.,0.,0.,0.,0.062,0.,0.062,,,
12100,0.017,0.,0.017,0.027,0.,0.027,0.06,0.003,0.056,0.006,0.,0.006,0.077,0.003,0.073,0.,0.,0.,0.,0.,0.,0.084,0.003,0.08,,,
12200,0.018,0.,0.018,0.062,0.,0.062,0.049,0.,0.049,0.008,0.,0.008,0.067,0.,0.067,0.,0.,0.,0.,0.,0.,0.076,0.,0.075,,,
12300,0.022,0.,0.022,0.031,0.,0.031,0.067,0.,0.067,0.006,0.,0.006,0.091,0.,0.091,0.,0.,0.,0.,0.,0.,0.098,0.,0.098,,,
12400,0.035,0.,0.035,0.027,0.,0.027,0.035,0.,0.035,0.006,0.,0.006,0.07,0.,0.07,0.,0.,0.,0.,0.,0.,0.076,0.,0.076,,,
12500,0.019,0.,0.019,0.031,0.,0.031,0.059,0.,0.059,0.006,0.,0.006,0.078,0.,0.078,0.,0.,0.,0.,0.,0.,0.085,0.,0.085,,,
12600,0.018,0.,0.018,0.064,0.,0.064,0.081,0.,0.081,0.008,0.,0.008,0.1,0.,0.1,0.,0.,0.,0.,0.,0.,0.109,0.,0.109,,,
12700,0.018,0.,0.018,0.042,0.,0.042,0.066,0.,0.066,0.007,0.,0.007,0.085,0.,0.084,0.,0.,0.,0.,0.,0.,0.092,0.,0.092,,,
12800,0.018,0.,0.018,0.045,0.,0.045,0.049,0.,0.049,0.007,0.,0.007,0.068,0.,0.068,0.,0.,0.,0.,0.,0.,0.076,0.,0.076,,,
12900,0.026,0.,0.026,0.027,0.,0.027,0.068,0.,0.068,0.006,0.,0.006,0.095,0.,0.095,0.,0.,0.,0.,0.,0.,0.102,0.,0.102,,,
13000,0.034,0.,0.034,0.029,0.,0.029,0.034,0.,0.034,0.006,0.,0.006,0.068,0.,0.068,0.,0.,0.,0.,0.,0.,0.075,0.,0.075,,,
13100,0.021,0.,0.02,0.03,0.,0.03,0.04,0.,0.04,0.008,0.,0.008,0.061,0.,0.061,0.,0.,0.,0.,0.,0.,0.07,0.,0.07,,,
13200,0.019,0.,0.019,0.029,0.,0.029,0.058,0.,0.058,0.007,0.,0.007,0.078,0.,0.078,0.,0.,0.,0.,0.,0.,0.085,0.,0.085,,,
13300,0.023,0.,0.023,0.065,0.,0.065,0.055,0.,0.055,0.008,0.003,0.004,0.079,0.,0.079,0.,0.,0.,0.,0.,0.,0.088,0.003,0.084,,,
13400,0.022,0.,0.022,0.035,0.,0.035,0.065,0.,0.065,0.007,0.,0.007,0.087,0.,0.087,0.,0.,0.,0.,0.,0.,0.095,0.,0.095,,,
13500,0.022,0.,0.022,0.072,0.,0.072,0.056,0.,0.056,0.009,0.,0.009,0.078,0.,0.078,0.,0.,0.,0.,0.,0.,0.088,0.,0.088,,,
13600,0.02,0.,0.02,0.038,0.,0.038,0.06,0.,0.06,0.006,0.,0.006,0.081,0.,0.081,0.,0.,0.,0.,0.,0.,0.088,0.,0.088,,,
13700,0.022,0.,0.022,0.031,0.,0.031,0.059,0.,0.059,0.009,0.,0.009,0.082,0.,0.082,0.,0.,0.,0.,0.,0.,0.092,0.,0.092,,,
13800,0.048,0.,0.048,0.032,0.,0.032,0.038,0.,0.038,0.019,0.,0.019,0.087,0.,0.087,0.,0.,0.,0.,0.,0.,0.106,0.,0.106,,,
13900,0.024,0.,0.024,0.031,0.,0.031,0.079,0.,0.079,0.007,0.,0.007,0.103,0.,0.103,0.,0.,0.,0.,0.,0.,0.111,0.,0.111,,,
14000,0.035,0.,0.035,0.028,0.,0.028,0.072,0.,0.072,0.007,0.,0.007,0.108,0.,0.108,0.,0.,0.,0.,0.,0.,0.116,0.,0.116,,,
14100,0.021,0.,0.021,0.05,0.,0.05,0.06,0.,0.06,0.01,0.,0.01,0.081,0.,0.081,0.,0.,0.,0.,0.,0.,0.092,0.,0.092,,,
14200,0.021,0.,0.021,0.05,0.,0.05,0.068,0.,0.068,0.006,0.,0.006,0.089,0.,0.089,0.,0.,0.,0.,0.,0.,0.097,0.,0.097,,,
14300,0.022,0.,0.022,0.073,0.,0.073,0.071,0.,0.071,0.009,0.,0.009,0.093,0.,0.093,0.,0.,0.,0.,0.,0.,0.104,0.,0.104,,,
14400,0.023,0.,0.023,0.043,0.,0.043,0.07,0.,0.07,0.011,0.,0.011,0.093,0.,0.093,0.,0.,0.,0.,0.,0.,0.105,0.,0.105,,,
14500,0.023,0.,0.023,0.032,0.,0.032,0.081,0.003,0.077,0.007,0.,0.007,0.105,0.003,0.101,0.,0.,0.,0.,0.,0.,0.113,0.003,0.109,,,
14600,0.021,0.,0.021,0.053,0.008,0.045,0.051,0.,0.051,0.009,0.,0.009,0.073,0.,0.073,0.,0.,0.,0.,0.,0.,0.082,0.,0.082,,,
14700,0.021,0.,0.021,0.04,0.,0.04,0.062,0.,0.062,0.008,0.,0.008,0.084,0.,0.084,0.,0.,0.,0.,0.,0.,0.092,0.,0.092,,,
14800,0.041,0.,0.041,0.063,0.,0.063,0.04,0.,0.04,0.03,0.003,0.026,0.082,0.,0.082,0.,0.,0.,0.,0.,0.,0.113,0.003,0.109,,,
14900,0.022,0.,0.022,0.06,0.,0.06,0.053,0.,0.053,0.008,0.,0.008,0.076,0.,0.076,0.,0.,0.,0.,0.,0.,0.085,0.,0.085,,,
15000,0.022,0.,0.022,0.036,0.,0.036,0.064,0.,0.064,0.007,0.,0.007,0.088,0.,0.088,0.,0.,0.,0.,0.,0.,0.096,0.,0.096,,,
15100,0.041,0.,0.041,0.034,0.,0.034,0.085,0.,0.085,0.008,0.,0.008,0.127,0.,0.127,0.,0.,0.,0.,0.,0.,0.135,0.,0.135,,,
15200,0.023,0.,0.023,0.053,0.,0.053,0.073,0.,0.073,0.007,0.,0.007,0.097,0.,0.097,0.,0.,0.,0.,0.,0.,0.105,0.,0.105,,,
15300,0.028,0.,0.028,0.076,0.,0.076,0.09,0.,0.09,0.044,0.,0.044,0.118,0.,0.118,0.,0.,0.,0.,0.,0.,0.163,0.,0.163,,,
15400,0.033,0.003,0.029,0.032,0.,0.032,0.052,0.,0.052,0.007,0.,0.007,0.085,0.003,0.081,0.,0.,0.,0.,0.,0.,0.093,0.003,0.089,,,
15500,0.023,0.,0.023,0.039,0.,0.039,0.062,0.,0.062,0.007,0.,0.007,0.086,0.,0.086,0.,0.,0.,0.,0.,0.,0.094,0.,0.094,,,
15600,0.05,0.,0.05,0.035,0.,0.035,0.078,0.,0.078,0.007,0.,0.007,0.129,0.,0.129,0.,0.,0.,0.,0.,0.,0.137,0.,0.137,,,
15700,0.025,0.,0.025,0.066,0.,0.066,0.06,0.,0.06,0.01,0.,0.01,0.086,0.,0.086,0.,0.,0.,0.,0.,0.,0.097,0.,0.097,,,
15800,0.049,0.,0.049,0.034,0.,0.034,0.055,0.,0.055,0.009,0.,0.009,0.105,0.,0.105,0.,0.,0.,0.,0.,0.,0.115,0.,0.115,,,
15900,0.028,0.,0.028,0.038,0.,0.038,0.069,0.,0.069,0.008,0.,0.008,0.097,0.,0.097,0.,0.,0.,0.,0.,0.,0.106,0.,0.106,,,
16000,0.026,0.,0.026,0.051,0.,0.051,0.077,0.,0.077,0.008,0.,0.008,0.104,0.,0.104,0.,0.,0.,0.,0.,0.,0.113,0.,0.113,,,
16100,0.024,0.,0.024,0.071,0.,0.071,0.059,0.,0.059,0.038,0.,0.038,0.084,0.,0.084,0.,0.,0.,0.,0.,0.,0.123,0.,0.123,,,
16200,0.025,0.,0.025,0.066,0.,0.066,0.059,0.,0.059,0.01,0.,0.01,0.085,0.,0.085,0.,0.,0.,0.,0.,0.,0.096,0.,0.096,,,
16300,0.045,0.,0.045,0.034,0.,0.034,0.076,0.,0.076,0.008,0.,0.008,0.122,0.,0.122,0.,0.,0.,0.,0.,0.,0.13,0.,0.13,,,
16400,0.025,0.,0.025,0.072,0.,0.072,0.086,0.,0.086,0.043,0.,0.043,0.113,0.,0.113,0.,0.,0.,0.,0.,0.,0.156,0.,0.156,,,
16500,0.026,0.,0.026,0.056,0.,0.056,0.066,0.,0.066,0.011,0.,0.011,0.092,0.,0.092,0.,0.,0.,0.,0.,0.,0.104,0.,0.104,,,
16600,0.044,0.,0.044,0.036,0.,0.036,0.06,0.,0.06,0.01,0.,0.01,0.104,0.,0.104,0.,0.,0.,0.,0.,0.,0.114,0.,0.114,,,
16700,0.028,0.,0.028,0.044,0.,0.044,0.081,0.,0.081,0.008,0.,0.008,0.11,0.,0.11,0.,0.,0.,0.,0.,0.,0.119,0.,0.119,,,
16800,0.028,0.,0.028,0.039,0.,0.039,0.071,0.,0.071,0.01,0.,0.01,0.099,0.,0.099,0.,0.,0.,0.,0.,0.,0.11,0.,0.11,,,
16900,0.026,0.,0.026,0.039,0.,0.039,0.076,0.008,0.068,0.008,0.,0.008,0.103,0.008,0.095,0.,0.,0.,0.,0.,0.,0.112,0.008,0.104,,,
17000,0.044,0.,0.044,0.035,0.,0.035,0.093,0.003,0.089,0.009,0.,0.009,0.138,0.003,0.134,0.,0.,0.,0.,0.,0.,0.147,0.003,0.143,,,
17100,0.048,0.,0.048,0.072,0.004,0.068,0.096,0.007,0.088,0.008,0.,0.008,0.144,0.007,0.136,0.,0.,0.,0.,0.,0.,0.152,0.007,0.144,,,
17200,0.026,0.,0.026,0.068,0.,0.068,0.065,0.,0.065,0.04,0.,0.04,0.092,0.,0.092,0.,0.,0.,0.,0.,0.,0.132,0.,0.132,,,
17300,0.026,0.,0.026,0.075,0.,0.075,0.068,0.,0.068,0.045,0.,0.045,0.095,0.,0.095,0.,0.,0.,0.,0.,0.,0.14,0.,0.14,,,
17400,0.027,0.,0.027,0.056,0.,0.056,0.072,0.,0.071,0.008,0.,0.008,0.099,0.,0.099,0.,0.,0.,0.,0.,0.,0.108,0.,0.108,,,
17500,0.028,0.,0.028,0.075,0.,0.075,0.077,0.,0.077,0.008,0.,0.008,0.105,0.,0.105,0.,0.,0.,0.,0.,0.,0.114,0.,0.114,,,
17600,0.03,0.,0.03,0.064,0.,0.064,0.082,0.,0.082,0.01,0.,0.01,0.113,0.,0.113,0.,0.,0.,0.,0.,0.,0.123,0.,0.123,,,
17700,0.028,0.,0.028,0.059,0.,0.059,0.08,0.,0.08,0.009,0.,0.009,0.109,0.,0.109,0.,0.,0.,0.,0.,0.,0.119,0.,0.119,,,
17800,0.028,0.,0.028,0.041,0.,0.041,0.086,0.,0.086,0.011,0.,0.011,0.115,0.,0.115,0.,0.,0.,0.,0.,0.,0.126,0.,0.126,,,
17900,0.044,0.,0.044,0.04,0.,0.04,0.083,0.,0.083,0.008,0.,0.008,0.127,0.,0.127,0.,0.,0.,0.,0.,0.,0.136,0.,0.136,,,
18000,0.045,0.,0.045,0.037,0.,0.037,0.078,0.,0.078,0.009,0.,0.009,0.123,0.,0.123,0.,0.,0.,0.,0.,0.,0.133,0.,0.133,,,
18100,0.034,0.,0.034,0.049,0.,0.049,0.084,0.,0.084,0.01,0.,0.01,0.118,0.,0.118,0.,0.,0.,0.,0.,0.,0.129,0.,0.129,,,
18200,0.028,0.,0.028,0.056,0.,0.056,0.082,0.,0.082,0.009,0.,0.009,0.111,0.,0.111,0.,0.,0.,0.,0.,0.,0.12,0.,0.12,,,
18300,0.03,0.,0.03,0.054,0.,0.054,0.08,0.,0.08,0.009,0.,0.009,0.111,0.,0.111,0.,0.,0.,0.,0.,0.,0.121,0.,0.121,,,
18400,0.029,0.,0.029,0.073,0.,0.073,0.09,0.,0.09,0.014,0.,0.014,0.119,0.,0.119,0.,0.,0.,0.,0.,0.,0.134,0.,0.134,,,
18500,0.03,0.,0.03,0.08,0.,0.08,0.085,0.,0.085,0.044,0.,0.044,0.116,0.,0.116,0.,0.,0.,0.,0.,0.,0.161,0.,0.161,,,
18600,0.031,0.,0.031,0.085,0.,0.085,0.145,0.,0.145,0.009,0.,0.009,0.176,0.,0.176,0.,0.,0.,0.,0.,0.,0.186,0.,0.186,,,
18700,0.032,0.,0.032,0.073,0.,0.073,0.103,0.,0.103,0.011,0.,0.011,0.135,0.,0.135,0.,0.,0.,0.,0.,0.,0.147,0.,0.147,,,
18800,0.047,0.,0.047,0.066,0.,0.066,0.1,0.,0.1,0.013,0.,0.013,0.148,0.,0.148,0.,0.,0.,0.,0.,0.,0.162,0.,0.161,,,
18900,0.031,0.,0.031,0.056,0.,0.056,0.083,0.,0.083,0.009,0.,0.009,0.115,0.,0.115,0.,0.,0.,0.,0.,0.,0.125,0.,0.125,,,
19000,0.033,0.,0.033,0.061,0.,0.06,0.074,0.,0.074,0.022,0.,0.022,0.108,0.,0.108,0.,0.,0.,0.,0.,0.,0.131,0.,0.131,,,
19100,0.03,0.,0.03,0.069,0.,0.069,0.074,0.,0.074,0.009,0.,0.009,0.105,0.,0.105,0.,0.,0.,0.,0.,0.,0.115,0.,0.115,,,
19200,0.043,0.,0.043,0.06,0.,0.06,0.08,0.,0.08,0.012,0.,0.012,0.124,0.,0.124,0.,0.,0.,0.,0.,0.,0.137,0.,0.137,,,
19300,0.029,0.,0.029,0.069,0.,0.069,0.08,0.,0.08,0.009,0.,0.009,0.11,0.,0.11,0.,0.,0.,0.,0.,0.,0.12,0.,0.12,,,
19400,0.033,0.,0.033,0.07,0.,0.07,0.088,0.,0.088,0.009,0.,0.009,0.122,0.,0.122,0.,0.,0.,0.,0.,0.,0.132,0.,0.132,,,
19500,0.045,0.,0.045,0.074,0.,0.074,0.065,0.,0.065,0.01,0.,0.01,0.111,0.,0.111,0.,0.,0.,0.,0.,0.,0.121,0.,0.121,,,
19600,0.029,0.,0.029,0.067,0.,0.067,0.061,0.,0.061,0.047,0.,0.047,0.091,0.,0.091,0.,0.,0.,0.,0.,0.,0.138,0.,0.138,,,
19700,0.03,0.,0.03,0.075,0.,0.075,0.127,0.,0.127,0.01,0.,0.01,0.158,0.,0.158,0.,0.,0.,0.,0.,0.,0.169,0.,0.169,,,
19800,0.043,0.,0.043,0.061,0.,0.06,0.089,0.,0.089,0.009,0.,0.009,0.133,0.,0.133,0.,0.,0.,0.,0.,0.,0.143,0.,0.143,,,
19900,0.034,0.,0.034,0.062,0.,0.062,0.085,0.003,0.081,0.011,0.,0.011,0.12,0.003,0.116,0.,0.,0.,0.,0.,0.,0.132,0.003,0.128,,,
20000,0.044,0.,0.044,0.064,0.,0.064,0.062,0.,0.062,0.01,0.,0.01,0.107,0.,0.107,0.,0.,0.,0.,0.,0.,0.118,0.,0.118,,,