param-n,abstract-regression-quadratic-real,abstract-regression-quadratic-sys,abstract-regression-quadratic-user,close-abstract-regression-quadratic-real,close-abstract-regression-quadratic-sys,close-abstract-regression-quadratic-user,ssr-rewrite!-regression-quadratic-real,ssr-rewrite!-regression-quadratic-sys,ssr-rewrite!-regression-quadratic-user,ssr-rewrite?-noop-regression-linear-real,ssr-rewrite?-noop-regression-linear-sys,ssr-rewrite?-noop-regression-linear-user
1,0.001,0.,0.,0.,0.,0.,0.,0.,0.,0.,0.,0.
2,0.001,0.001,0.,0.,0.,0.,0.,0.,0.,0.,0.,0.
3,0.001,0.001,0.,0.,0.,0.,0.,0.,0.,0.,0.,0.
4,0.001,0.,0.001,0.,0.,0.,0.001,0.,0.001,0.,0.,0.
5,0.001,0.,0.,0.001,0.001,0.,0.,0.,0.,0.,0.,0.
6,0.003,0.001,0.001,0.001,0.,0.001,0.001,0.001,0.,0.,0.,0.
7,0.003,0.,0.002,0.,0.,0.,0.001,0.,0.001,0.,0.,0.
8,0.003,0.002,0.001,0.001,0.,0.001,0.001,0.001,0.,0.,0.,0.
9,0.004,0.002,0.001,0.002,0.002,0.,0.001,0.,0.001,0.,0.,0.
10,0.005,0.001,0.004,0.002,0.,0.001,0.002,0.,0.002,0.,0.,0.
11,0.005,0.,0.005,0.002,0.,0.002,0.002,0.,0.002,0.,0.,0.
12,0.006,0.003,0.003,0.003,0.,0.003,0.003,0.003,0.,0.,0.,0.
13,0.057,0.011,0.046,0.002,0.,0.002,0.054,0.011,0.042,0.,0.,0.
14,0.006,0.,0.005,0.002,0.,0.002,0.003,0.,0.003,0.,0.,0.
15,0.007,0.,0.007,0.003,0.,0.003,0.003,0.,0.003,0.,0.,0.
16,0.008,0.,0.008,0.003,0.,0.003,0.003,0.,0.003,0.,0.,0.
17,0.009,0.,0.009,0.004,0.,0.004,0.004,0.,0.004,0.,0.,0.
18,0.01,0.,0.01,0.004,0.,0.004,0.004,0.,0.004,0.,0.,0.
19,0.011,0.,0.011,0.005,0.,0.005,0.005,0.,0.005,0.,0.,0.
20,0.015,0.,0.015,0.008,0.,0.008,0.006,0.,0.006,0.,0.,0.
21,0.014,0.,0.014,0.007,0.,0.007,0.006,0.,0.006,0.,0.,0.
22,0.015,0.,0.015,0.007,0.,0.007,0.007,0.,0.007,0.,0.,0.
23,0.015,0.,0.015,0.008,0.,0.008,0.007,0.,0.007,0.,0.,0.
24,0.017,0.,0.017,0.009,0.,0.009,0.007,0.,0.007,0.,0.,0.
25,0.019,0.,0.019,0.011,0.,0.011,0.008,0.,0.008,0.,0.,0.
26,0.019,0.,0.019,0.01,0.,0.01,0.008,0.,0.008,0.,0.,0.
27,0.02,0.,0.02,0.01,0.,0.01,0.009,0.,0.009,0.,0.,0.
28,0.024,0.,0.024,0.013,0.,0.013,0.01,0.,0.01,0.,0.,0.
29,0.025,0.,0.025,0.012,0.,0.012,0.011,0.,0.011,0.,0.,0.
30,0.025,0.,0.025,0.013,0.,0.013,0.011,0.,0.011,0.,0.,0.
31,0.029,0.,0.029,0.017,0.,0.017,0.012,0.,0.012,0.,0.,0.
32,0.034,0.,0.034,0.018,0.,0.018,0.014,0.,0.014,0.,0.,0.
33,0.031,0.,0.031,0.016,0.,0.016,0.014,0.,0.014,0.,0.,0.
34,0.042,0.,0.042,0.021,0.,0.021,0.02,0.,0.02,0.,0.,0.
35,0.036,0.,0.036,0.02,0.,0.02,0.015,0.,0.015,0.,0.,0.
36,0.04,0.,0.04,0.021,0.,0.021,0.018,0.,0.018,0.,0.,0.
37,0.041,0.,0.041,0.021,0.,0.021,0.018,0.,0.018,0.,0.,0.
38,0.045,0.,0.045,0.023,0.,0.023,0.02,0.,0.02,0.,0.,0.
39,0.043,0.,0.043,0.024,0.,0.024,0.018,0.,0.018,0.,0.,0.
40,0.048,0.,0.048,0.025,0.,0.025,0.022,0.,0.022,0.,0.,0.
41,0.048,0.,0.048,0.028,0.,0.028,0.019,0.,0.019,0.,0.,0.
42,0.05,0.,0.05,0.028,0.,0.028,0.021,0.,0.021,0.,0.,0.
43,0.054,0.,0.054,0.029,0.,0.029,0.024,0.,0.024,0.,0.,0.
44,0.059,0.,0.059,0.033,0.,0.033,0.023,0.,0.023,0.,0.,0.
45,0.06,0.,0.06,0.033,0.,0.033,0.025,0.,0.025,0.,0.,0.
46,0.055,0.,0.055,0.031,0.,0.031,0.023,0.,0.023,0.,0.,0.
47,0.058,0.,0.058,0.032,0.,0.032,0.025,0.,0.025,0.,0.,0.
48,0.064,0.,0.064,0.034,0.,0.034,0.029,0.,0.029,0.,0.,0.
49,0.064,0.,0.064,0.037,0.,0.037,0.026,0.,0.026,0.,0.,0.
50,0.121,0.028,0.092,0.084,0.,0.084,0.036,0.028,0.008,0.,0.,0.
51,0.073,0.,0.073,0.043,0.,0.043,0.028,0.,0.028,0.,0.,0.
52,0.072,0.,0.072,0.042,0.,0.042,0.029,0.,0.029,0.,0.,0.
53,0.081,0.,0.081,0.05,0.,0.05,0.03,0.,0.03,0.,0.,0.
54,0.086,0.,0.086,0.051,0.,0.051,0.034,0.,0.034,0.,0.,0.
55,0.088,0.,0.088,0.053,0.,0.053,0.033,0.,0.033,0.,0.,0.
56,0.088,0.,0.088,0.047,0.,0.047,0.039,0.,0.039,0.,0.,0.
57,0.093,0.,0.093,0.051,0.,0.051,0.041,0.,0.041,0.,0.,0.
58,0.099,0.,0.099,0.054,0.,0.054,0.043,0.,0.043,0.,0.,0.
59,0.11,0.,0.11,0.067,0.,0.067,0.042,0.,0.042,0.,0.,0.
60,0.106,0.,0.106,0.062,0.,0.062,0.042,0.,0.042,0.,0.,0.
61,0.104,0.,0.104,0.058,0.,0.058,0.044,0.,0.044,0.,0.,0.
62,0.111,0.,0.111,0.062,0.,0.062,0.048,0.,0.048,0.,0.,0.
63,0.106,0.,0.106,0.058,0.,0.058,0.047,0.,0.047,0.,0.,0.
64,0.11,0.,0.11,0.062,0.,0.062,0.046,0.,0.046,0.,0.,0.
65,0.116,0.006,0.109,0.068,0.004,0.064,0.047,0.002,0.045,0.,0.,0.
66,0.124,0.,0.124,0.069,0.,0.069,0.054,0.,0.054,0.,0.,0.
67,0.124,0.,0.124,0.07,0.,0.07,0.053,0.,0.053,0.,0.,0.
68,0.133,0.,0.133,0.074,0.,0.074,0.057,0.,0.057,0.,0.,0.
69,0.144,0.,0.144,0.084,0.,0.084,0.058,0.,0.058,0.,0.,0.
70,0.134,0.,0.134,0.073,0.,0.073,0.06,0.,0.06,0.,0.,0.
71,0.137,0.,0.137,0.081,0.,0.081,0.055,0.,0.055,0.,0.,0.
72,0.14,0.,0.14,0.076,0.,0.076,0.063,0.,0.063,0.,0.,0.
73,0.143,0.,0.143,0.079,0.,0.079,0.062,0.,0.062,0.,0.,0.
74,0.155,0.003,0.151,0.089,0.,0.089,0.065,0.003,0.061,0.,0.,0.
75,0.16,0.,0.16,0.089,0.,0.089,0.069,0.,0.069,0.,0.,0.
76,0.154,0.,0.154,0.088,0.,0.088,0.065,0.,0.065,0.,0.,0.
77,0.16,0.,0.16,0.092,0.,0.092,0.067,0.,0.067,0.,0.,0.
78,0.156,0.,0.156,0.088,0.,0.088,0.067,0.,0.067,0.,0.,0.
79,0.155,0.,0.155,0.088,0.,0.088,0.066,0.,0.066,0.,0.,0.
80,0.16,0.004,0.156,0.083,0.,0.083,0.073,0.004,0.069,0.,0.,0.
81,0.17,0.,0.17,0.096,0.,0.096,0.073,0.,0.073,0.,0.,0.
82,0.175,0.002,0.172,0.096,0.,0.096,0.077,0.002,0.075,0.,0.,0.
83,0.196,0.,0.196,0.107,0.,0.107,0.086,0.,0.086,0.,0.,0.
84,0.184,0.003,0.18,0.104,0.004,0.1,0.079,0.,0.079,0.,0.,0.
85,0.18,0.,0.18,0.097,0.,0.097,0.081,0.,0.081,0.,0.,0.
86,0.179,0.,0.179,0.1,0.,0.1,0.078,0.,0.078,0.,0.,0.
87,0.189,0.,0.189,0.106,0.,0.106,0.082,0.,0.082,0.,0.,0.
88,0.195,0.002,0.192,0.113,0.,0.113,0.081,0.002,0.079,0.,0.,0.
89,0.221,0.004,0.217,0.126,0.004,0.122,0.094,0.,0.094,0.,0.,0.
90,0.212,0.,0.212,0.122,0.,0.122,0.088,0.,0.088,0.,0.,0.
91,0.213,0.,0.213,0.116,0.,0.116,0.095,0.,0.095,0.,0.,0.
92,0.223,0.,0.223,0.124,0.,0.124,0.097,0.,0.097,0.,0.,0.
93,0.225,0.,0.225,0.131,0.,0.131,0.092,0.,0.092,0.,0.,0.
94,0.257,0.003,0.253,0.14,0.,0.14,0.115,0.003,0.111,0.,0.,0.
95,0.247,0.,0.247,0.145,0.,0.145,0.101,0.,0.101,0.,0.,0.
96,0.256,0.,0.256,0.148,0.,0.148,0.106,0.,0.106,0.,0.,0.
97,0.254,0.,0.254,0.15,0.,0.15,0.102,0.,0.102,0.,0.,0.
98,0.27,0.003,0.266,0.163,0.003,0.159,0.105,0.,0.105,0.,0.,0.
99,0.28,0.003,0.276,0.161,0.003,0.158,0.117,0.,0.117,0.,0.,0.
100,0.269,0.007,0.261,0.149,0.004,0.145,0.119,0.003,0.115,0.,0.,0.
110,0.341,0.,0.341,0.192,0.,0.192,0.147,0.,0.147,0.,0.,0.
120,0.385,0.,0.385,0.218,0.,0.218,0.165,0.,0.165,0.,0.,0.
130,0.443,0.003,0.439,0.256,0.,0.256,0.184,0.003,0.181,0.,0.,0.
140,0.514,0.,0.514,0.284,0.,0.284,0.228,0.,0.228,0.,0.,0.
150,0.608,0.,0.608,0.344,0.,0.344,0.263,0.,0.263,0.,0.,0.
160,0.655,0.004,0.651,0.366,0.004,0.361,0.287,0.,0.287,0.,0.,0.
170,0.704,0.,0.704,0.39,0.,0.39,0.312,0.,0.312,0.,0.,0.
180,0.858,0.,0.858,0.511,0.,0.511,0.346,0.,0.345,0.,0.,0.
190,0.965,0.,0.965,0.572,0.,0.572,0.391,0.,0.391,0.,0.,0.
200,1.035,0.003,1.031,0.582,0.003,0.578,0.452,0.,0.452,0.,0.,0.
210,1.096,0.,1.096,0.616,0.,0.616,0.47,0.,0.47,0.008,0.,0.008
220,1.205,0.,1.205,0.672,0.,0.672,0.531,0.,0.531,0.,0.,0.
230,1.353,0.003,1.349,0.779,0.003,0.775,0.572,0.,0.572,0.,0.,0.
240,1.49,0.,1.49,0.845,0.,0.845,0.643,0.,0.643,0.,0.,0.
250,1.519,0.012,1.507,0.842,0.007,0.834,0.676,0.004,0.671,0.,0.,0.
260,1.679,0.015,1.662,0.951,0.015,0.934,0.726,0.,0.726,0.,0.,0.
270,1.848,0.,1.848,1.056,0.,1.056,0.789,0.,0.789,0.,0.,0.
280,1.988,0.,1.988,1.099,0.,1.099,0.887,0.,0.887,0.,0.,0.
290,2.06,0.012,2.047,1.141,0.,1.141,0.916,0.012,0.904,0.,0.,0.
300,2.282,0.003,2.278,1.291,0.,1.291,0.989,0.003,0.985,0.,0.,0.
310,2.417,0.,2.416,1.381,0.,1.381,1.033,0.,1.033,0.,0.,0.
320,2.536,0.,2.536,1.408,0.,1.408,1.125,0.,1.125,0.,0.,0.
330,2.708,0.,2.707,1.54,0.,1.54,1.165,0.,1.165,0.,0.,0.
340,2.913,0.,2.913,1.61,0.,1.61,1.3,0.,1.3,0.,0.,0.
350,3.073,0.023,3.047,1.736,0.,1.736,1.335,0.023,1.309,0.,0.,0.
360,3.138,0.007,3.13,1.745,0.,1.744,1.391,0.007,1.383,0.,0.,0.
370,3.388,0.,3.388,1.833,0.,1.833,1.551,0.,1.551,0.,0.,0.
380,3.512,0.,3.512,1.951,0.,1.951,1.55,0.,1.55,0.,0.,0.
390,3.71,0.,3.71,2.029,0.,2.029,1.679,0.,1.679,0.,0.,0.
400,3.922,0.031,3.89,2.166,0.019,2.146,1.755,0.011,1.743,0.,0.,0.