param-n,fast-rewrite-regression-cubic-real,fast-rewrite-regression-cubic-sys,fast-rewrite-regression-cubic-user,pose-build-and-refine-regression-cubic-real,pose-build-and-refine-regression-cubic-sys,pose-build-and-refine-regression-cubic-user,refine-regression-quadratic-regression-linear-real,refine-regression-quadratic-regression-linear-sys,refine-regression-quadratic-regression-linear-user
1,0.,0.,0.,0.,0.,0.,0.,0.,0.
2,0.001,0.,0.,0.001,0.,0.,0.,0.,0.
3,0.001,0.,0.,0.001,0.,0.,0.,0.,0.
4,0.001,0.,0.001,0.001,0.,0.001,0.,0.,0.
5,0.,0.,0.,0.,0.,0.,0.,0.,0.
6,0.001,0.,0.001,0.001,0.,0.001,0.,0.,0.
7,0.001,0.,0.001,0.001,0.,0.001,0.,0.,0.
8,0.001,0.,0.001,0.001,0.,0.001,0.,0.,0.
9,0.001,0.,0.001,0.001,0.,0.001,0.,0.,0.
10,0.001,0.,0.001,0.001,0.,0.001,0.,0.,0.
11,0.001,0.,0.001,0.001,0.,0.001,0.,0.,0.
12,0.002,0.,0.002,0.002,0.,0.002,0.,0.,0.
13,0.002,0.,0.002,0.002,0.,0.002,0.,0.,0.
14,0.002,0.,0.002,0.002,0.,0.002,0.,0.,0.
15,0.002,0.,0.002,0.002,0.,0.002,0.,0.,0.
16,0.003,0.,0.003,0.002,0.,0.002,0.,0.,0.
17,0.003,0.,0.003,0.003,0.,0.003,0.,0.,0.
18,0.003,0.,0.003,0.003,0.,0.003,0.,0.,0.
19,0.003,0.,0.003,0.003,0.,0.003,0.,0.,0.
20,0.003,0.,0.003,0.003,0.,0.003,0.,0.,0.
21,0.004,0.,0.004,0.004,0.,0.004,0.,0.,0.
22,0.004,0.,0.004,0.004,0.,0.004,0.,0.,0.
23,0.004,0.,0.004,0.004,0.,0.004,0.,0.,0.
24,0.01,0.,0.01,0.01,0.,0.01,0.,0.,0.
25,0.004,0.,0.004,0.004,0.,0.004,0.,0.,0.
26,0.004,0.,0.004,0.004,0.,0.004,0.,0.,0.
27,0.005,0.,0.005,0.005,0.,0.005,0.,0.,0.
28,0.006,0.,0.006,0.006,0.,0.006,0.,0.,0.
29,0.005,0.,0.005,0.005,0.,0.005,0.,0.,0.
30,0.006,0.,0.006,0.006,0.,0.006,0.,0.,0.
31,0.007,0.,0.007,0.007,0.,0.007,0.,0.,0.
32,0.007,0.,0.007,0.007,0.,0.007,0.,0.,0.
33,0.007,0.,0.007,0.007,0.,0.007,0.,0.,0.
34,0.008,0.,0.008,0.008,0.,0.008,0.,0.,0.
35,0.02,0.,0.02,0.02,0.,0.02,0.,0.,0.
36,0.008,0.,0.008,0.008,0.,0.008,0.,0.,0.
37,0.007,0.,0.007,0.007,0.,0.007,0.,0.,0.
38,0.008,0.,0.008,0.008,0.,0.008,0.,0.,0.
39,0.008,0.,0.008,0.008,0.,0.008,0.,0.,0.
40,0.008,0.,0.008,0.008,0.,0.008,0.,0.,0.
41,0.008,0.,0.008,0.008,0.,0.008,0.,0.,0.
42,0.01,0.,0.01,0.01,0.,0.01,0.,0.,0.
43,0.009,0.,0.009,0.009,0.,0.009,0.,0.,0.
44,0.009,0.,0.009,0.009,0.,0.009,0.,0.,0.
45,0.01,0.,0.01,0.01,0.,0.01,0.,0.,0.
46,0.01,0.,0.01,0.01,0.,0.01,0.,0.,0.
47,0.011,0.,0.011,0.011,0.,0.011,0.,0.,0.
48,0.011,0.,0.011,0.011,0.,0.011,0.,0.,0.
49,0.016,0.,0.016,0.016,0.,0.016,0.,0.,0.
50,0.016,0.004,0.012,0.016,0.004,0.012,0.,0.,0.
51,0.012,0.003,0.009,0.012,0.003,0.009,0.,0.,0.
52,0.013,0.,0.013,0.013,0.,0.013,0.,0.,0.
53,0.013,0.,0.013,0.013,0.,0.013,0.,0.,0.
54,0.014,0.,0.014,0.014,0.,0.014,0.,0.,0.
55,0.016,0.,0.016,0.016,0.,0.016,0.,0.,0.
56,0.014,0.,0.014,0.014,0.,0.014,0.,0.,0.
57,0.016,0.,0.016,0.016,0.,0.016,0.,0.,0.
58,0.016,0.,0.016,0.016,0.,0.016,0.,0.,0.
59,0.015,0.,0.015,0.015,0.,0.015,0.,0.,0.
60,0.021,0.,0.021,0.021,0.,0.021,0.,0.,0.
61,0.016,0.,0.016,0.016,0.,0.016,0.,0.,0.
62,0.017,0.,0.017,0.017,0.,0.017,0.,0.,0.
63,0.017,0.,0.017,0.017,0.,0.017,0.,0.,0.
64,0.018,0.,0.018,0.018,0.,0.018,0.,0.,0.
65,0.017,0.,0.017,0.017,0.,0.017,0.,0.,0.
66,0.018,0.,0.018,0.018,0.,0.018,0.,0.,0.
67,0.018,0.,0.018,0.018,0.,0.018,0.,0.,0.
68,0.024,0.,0.024,0.024,0.,0.024,0.001,0.,0.001
69,0.019,0.,0.019,0.019,0.,0.019,0.,0.,0.
70,0.02,0.,0.02,0.02,0.,0.02,0.,0.,0.
71,0.022,0.,0.022,0.022,0.,0.022,0.,0.,0.
72,0.021,0.,0.021,0.021,0.,0.021,0.,0.,0.
73,0.021,0.,0.021,0.021,0.,0.021,0.,0.,0.
74,0.021,0.,0.021,0.021,0.,0.021,0.001,0.,0.001
75,0.029,0.,0.029,0.029,0.,0.029,0.001,0.,0.001
76,0.022,0.,0.022,0.022,0.,0.022,0.001,0.,0.001
77,0.023,0.,0.023,0.023,0.,0.023,0.001,0.,0.001
78,0.025,0.003,0.021,0.025,0.003,0.021,0.001,0.,0.001
79,0.024,0.,0.024,0.024,0.,0.024,0.001,0.,0.001
80,0.024,0.,0.024,0.024,0.,0.024,0.001,0.,0.001
81,0.031,0.,0.031,0.031,0.,0.031,0.001,0.,0.001
82,0.027,0.002,0.024,0.027,0.002,0.024,0.001,0.,0.001
83,0.028,0.,0.028,0.028,0.,0.028,0.001,0.,0.001
84,0.031,0.,0.031,0.031,0.,0.031,0.001,0.,0.001
85,0.029,0.,0.029,0.029,0.,0.029,0.001,0.,0.001
86,0.034,0.,0.034,0.034,0.,0.034,0.005,0.,0.005
87,0.031,0.,0.031,0.031,0.,0.031,0.001,0.,0.001
88,0.029,0.,0.029,0.029,0.,0.029,0.001,0.,0.001
89,0.031,0.,0.031,0.031,0.,0.031,0.001,0.,0.001
90,0.03,0.,0.03,0.03,0.,0.03,0.001,0.,0.001
91,0.029,0.,0.029,0.029,0.,0.029,0.001,0.,0.001
92,0.038,0.,0.038,0.038,0.,0.038,0.001,0.,0.001
93,0.03,0.,0.03,0.03,0.,0.03,0.001,0.,0.001
94,0.033,0.003,0.029,0.033,0.003,0.029,0.001,0.,0.001
95,0.036,0.,0.036,0.036,0.,0.036,0.001,0.,0.001
96,0.039,0.,0.039,0.039,0.,0.039,0.001,0.,0.001
97,0.036,0.,0.036,0.036,0.,0.036,0.001,0.,0.001
98,0.034,0.,0.034,0.034,0.,0.034,0.001,0.,0.001
99,0.035,0.,0.035,0.035,0.,0.035,0.001,0.,0.001
100,0.087,0.031,0.055,0.087,0.031,0.055,0.001,0.,0.
110,0.042,0.,0.042,0.042,0.,0.042,0.001,0.,0.001
120,0.052,0.,0.052,0.052,0.,0.052,0.001,0.,0.001
130,0.084,0.,0.084,0.084,0.,0.084,0.001,0.,0.001
140,0.086,0.,0.086,0.086,0.,0.086,0.001,0.,0.001
150,0.083,0.003,0.079,0.083,0.003,0.079,0.001,0.,0.001
160,0.103,0.,0.103,0.103,0.,0.103,0.001,0.,0.001
170,0.115,0.,0.115,0.115,0.,0.115,0.002,0.,0.002
180,0.115,0.,0.115,0.115,0.,0.115,0.002,0.,0.002
190,0.129,0.,0.129,0.129,0.,0.129,0.002,0.,0.002
200,0.164,0.,0.164,0.164,0.,0.164,0.002,0.,0.002
210,0.162,0.,0.162,0.162,0.,0.162,0.002,0.,0.002
220,0.164,0.,0.164,0.164,0.,0.164,0.002,0.,0.002
230,0.206,0.,0.206,0.206,0.,0.206,0.002,0.,0.002
240,0.236,0.003,0.232,0.236,0.003,0.232,0.002,0.,0.002
250,0.252,0.,0.252,0.252,0.,0.252,0.002,0.,0.002
260,0.261,0.,0.261,0.261,0.,0.261,0.003,0.,0.003
270,0.242,0.003,0.238,0.242,0.003,0.238,0.003,0.,0.003
280,0.255,0.,0.255,0.255,0.,0.255,0.003,0.,0.003
290,0.28,0.,0.28,0.28,0.,0.28,0.003,0.,0.003
300,0.305,0.011,0.293,0.305,0.011,0.293,0.003,0.,0.003
310,0.364,0.,0.362,0.364,0.,0.362,0.003,0.,0.003
320,0.36,0.,0.36,0.36,0.,0.36,0.004,0.,0.004
330,0.332,0.003,0.328,0.332,0.003,0.328,0.003,0.,0.003
340,0.362,0.003,0.358,0.362,0.003,0.358,0.003,0.,0.003
350,0.404,0.003,0.4,0.404,0.003,0.4,0.006,0.,0.006
360,0.485,0.,0.485,0.485,0.,0.485,0.004,0.,0.004
370,0.457,0.,0.457,0.457,0.,0.457,0.004,0.,0.004
380,0.478,0.,0.478,0.478,0.,0.478,0.005,0.,0.005
390,0.474,0.,0.474,0.474,0.,0.474,0.004,0.,0.004
400,0.581,0.007,0.573,0.581,0.007,0.573,0.004,0.,0.004
410,0.558,0.,0.558,0.558,0.,0.558,0.004,0.,0.004
420,0.57,0.,0.57,0.57,0.,0.57,0.004,0.,0.004
430,0.577,0.,0.577,0.577,0.,0.577,0.005,0.,0.005
440,0.641,0.,0.641,0.641,0.,0.641,0.005,0.,0.005
450,0.613,0.,0.613,0.613,0.,0.613,0.005,0.,0.005
460,0.635,0.,0.635,0.635,0.,0.635,0.005,0.,0.005
470,0.734,0.,0.734,0.734,0.,0.734,0.005,0.,0.005
480,0.671,0.,0.671,0.671,0.,0.671,0.005,0.,0.005
490,0.786,0.,0.786,0.786,0.,0.786,0.005,0.,0.005
500,0.791,0.003,0.787,0.791,0.003,0.787,0.006,0.,0.006
510,0.839,0.,0.839,0.839,0.,0.839,0.006,0.,0.006
520,0.801,0.,0.801,0.801,0.,0.801,0.006,0.,0.006
530,0.874,0.,0.874,0.874,0.,0.874,0.006,0.,0.006
540,0.945,0.,0.945,0.945,0.,0.945,0.007,0.,0.007
550,0.938,0.,0.938,0.938,0.,0.938,0.006,0.,0.006
560,0.984,0.,0.984,0.984,0.,0.984,0.007,0.,0.007
570,0.953,0.,0.953,0.953,0.,0.953,0.006,0.,0.006
580,1.03,0.003,1.026,1.03,0.003,1.026,0.007,0.,0.007
590,1.033,0.012,1.021,1.033,0.012,1.021,0.007,0.,0.007
600,1.118,0.,1.118,1.118,0.,1.118,0.007,0.,0.007
610,1.155,0.,1.155,1.155,0.,1.155,0.007,0.,0.007
620,1.14,0.,1.14,1.14,0.,1.14,0.008,0.,0.008
630,1.181,0.,1.181,1.181,0.,1.181,0.008,0.,0.008
640,1.203,0.,1.203,1.203,0.,1.203,0.008,0.,0.008
650,1.266,0.,1.266,1.266,0.,1.266,0.007,0.,0.007
660,1.291,0.,1.291,1.291,0.,1.291,0.008,0.,0.008
670,1.323,0.,1.323,1.323,0.,1.323,0.009,0.,0.009
680,1.418,0.,1.418,1.418,0.,1.418,0.008,0.,0.008
690,1.375,0.,1.375,1.375,0.,1.375,0.008,0.,0.008
700,1.443,0.,1.443,1.443,0.,1.443,0.008,0.,0.008
710,1.565,0.,1.565,1.565,0.,1.565,0.009,0.,0.009
720,1.46,0.,1.46,1.46,0.,1.46,0.008,0.,0.008
730,1.639,0.,1.639,1.639,0.,1.639,0.008,0.,0.008
740,1.782,0.003,1.778,1.782,0.003,1.778,0.009,0.,0.009
750,1.784,0.016,1.768,1.784,0.016,1.768,0.01,0.,0.01
760,1.723,0.,1.723,1.723,0.,1.723,0.011,0.,0.011
770,1.817,0.,1.817,1.817,0.,1.817,0.009,0.,0.009
780,1.965,0.,1.965,1.965,0.,1.965,0.009,0.,0.009
790,1.98,0.,1.98,1.98,0.,1.98,0.009,0.,0.009
800,1.925,0.,1.925,1.925,0.,1.925,0.009,0.,0.009
810,1.982,0.,1.982,1.982,0.,1.982,0.009,0.,0.009
820,1.95,0.,1.95,1.95,0.,1.95,0.01,0.,0.01
830,2.034,0.,2.034,2.034,0.,2.034,0.01,0.,0.01
840,2.175,0.,2.175,2.175,0.,2.175,0.01,0.,0.01
850,2.421,0.007,2.41,2.421,0.007,2.41,0.012,0.,0.012
860,2.188,0.,2.188,2.188,0.,2.188,0.013,0.,0.013
870,2.271,0.,2.271,2.271,0.,2.271,0.011,0.,0.011
880,2.446,0.,2.446,2.446,0.,2.446,0.011,0.,0.011
890,2.342,0.,2.342,2.342,0.,2.342,0.012,0.,0.012
900,2.343,0.,2.342,2.343,0.,2.342,0.011,0.,0.011
910,2.594,0.,2.594,2.594,0.,2.594,0.012,0.,0.012
920,2.538,0.,2.538,2.538,0.,2.538,0.012,0.,0.012
930,2.523,0.023,2.499,2.523,0.023,2.499,0.011,0.,0.011
940,2.515,0.,2.515,2.515,0.,2.515,0.012,0.,0.012
950,2.645,0.,2.644,2.644,0.,2.644,0.012,0.,0.012
960,2.814,0.02,2.794,2.814,0.02,2.794,0.011,0.,0.011
970,2.764,0.012,2.752,2.764,0.012,2.752,0.012,0.,0.012
980,3.024,0.,3.023,3.023,0.,3.023,0.013,0.,0.013
990,2.853,0.,2.852,2.853,0.,2.852,0.013,0.,0.013
1000,2.921,0.,2.92,2.921,0.,2.92,0.012,0.,0.012
1100,3.455,0.,3.455,3.455,0.,3.455,0.014,0.,0.014
1200,4.168,0.004,4.164,4.168,0.004,4.164,0.016,0.,0.016
1300,5.275,0.004,5.271,5.275,0.004,5.271,0.018,0.,0.018
1400,5.583,0.024,5.558,5.583,0.024,5.558,0.017,0.,0.017
1500,6.792,0.008,6.782,6.792,0.008,6.782,0.02,0.,0.02
1600,7.901,0.,7.9,7.901,0.,7.9,0.021,0.,0.021
1700,8.608,0.06,8.547,8.608,0.06,8.547,0.022,0.,0.022
1800,10.342,0.088,10.253,10.342,0.088,10.253,0.028,0.,0.028
1900,11.198,0.156,11.04,11.198,0.156,11.04,0.03,0.,0.03
2000,11.63,0.,11.629,11.63,0.,11.629,0.026,0.,0.026
3000,28.298,0.312,27.982,28.298,0.312,27.982,0.045,0.,0.045
4000,51.235,0.26,50.97,51.235,0.26,50.97,0.064,0.,0.064
5000,91.034,0.588,90.439,91.034,0.588,90.439,0.088,0.004,0.084