param-n abstract+autorewrite-regression-quadratic-real abstract+autorewrite-regression-quadratic-sys abstract+autorewrite-regression-quadratic-user abstract+rewrite!-regression-quadratic-real abstract+rewrite!-regression-quadratic-sys abstract+rewrite!-regression-quadratic-user autorewrite-noop-regression-linear-real autorewrite-noop-regression-linear-sys autorewrite-noop-regression-linear-user autorewrite-regression-quadratic-real autorewrite-regression-quadratic-sys autorewrite-regression-quadratic-user close-abstract+autorewrite-regression-quadratic-real close-abstract+autorewrite-regression-quadratic-sys close-abstract+autorewrite-regression-quadratic-user close-abstract+rewrite!-regression-quadratic-real close-abstract+rewrite!-regression-quadratic-sys close-abstract+rewrite!-regression-quadratic-user rewrite!-regression-quadratic-real rewrite!-regression-quadratic-sys rewrite!-regression-quadratic-user rewrite?-noop-regression-linear-real rewrite?-noop-regression-linear-sys rewrite?-noop-regression-linear-user
1 0.001 0. 0.001 0.001 0. 0.001 0. 0. 0. 0. 0. 0. 0. 0. 0. 0. 0. 0. 0. 0. 0. 0. 0. 0.
2 0.001 0. 0.001 0.001 0. 0.001 0. 0. 0. 0.001 0. 0.001 0. 0. 0. 0. 0. 0. 0. 0. 0. 0. 0. 0.
3 0.002 0. 0.002 0.001 0. 0.001 0. 0. 0. 0. 0. 0. 0. 0. 0. 0. 0. 0. 0.001 0. 0.001 0. 0. 0.
4 0.003 0.002 0. 0.002 0. 0.002 0. 0. 0. 0.001 0.001 0. 0. 0. 0. 0. 0. 0. 0.001 0. 0.001 0. 0. 0.
5 0.003 0. 0.003 0.002 0. 0.002 0. 0. 0. 0.001 0. 0.001 0. 0. 0. 0.001 0. 0.001 0.001 0. 0.001 0. 0. 0.
6 0.004 0. 0.004 0.003 0. 0.003 0. 0. 0. 0.002 0. 0.002 0.001 0. 0.001 0. 0. 0. 0.001 0. 0.001 0. 0. 0.
7 0.004 0.004 0. 0.004 0. 0.004 0. 0. 0. 0.002 0.002 0. 0.001 0. 0. 0.001 0. 0.001 0.003 0. 0.003 0. 0. 0.
8 0.004 0.001 0.003 0.004 0.003 0. 0. 0. 0. 0.003 0. 0.003 0. 0. 0. 0.001 0. 0. 0.002 0.002 0. 0. 0. 0.
9 0.005 0.001 0.004 0.005 0. 0.004 0. 0. 0. 0.003 0. 0.002 0.001 0. 0. 0.001 0. 0.001 0.003 0. 0.003 0. 0. 0.
10 0.007 0.007 0. 0.005 0.003 0.002 0. 0. 0. 0.005 0.005 0. 0.001 0.001 0. 0.001 0. 0.001 0.003 0.002 0. 0. 0. 0.
11 0.007 0. 0.007 0.006 0. 0.006 0. 0. 0. 0.004 0. 0.004 0.001 0. 0.001 0.001 0. 0.001 0.004 0. 0.004 0. 0. 0.
12 0.058 0.003 0.054 0.007 0. 0.007 0. 0. 0. 0.056 0.003 0.052 0.001 0. 0.001 0.001 0. 0.001 0.005 0. 0.005 0. 0. 0.
13 0.009 0. 0.009 0.006 0. 0.006 0.002 0. 0.002 0.004 0. 0.004 0.002 0. 0.002 0.001 0. 0.001 0.004 0. 0.004 0. 0. 0.
14 0.008 0. 0.008 0.007 0. 0.007 0. 0. 0. 0.005 0. 0.005 0.002 0. 0.002 0.002 0. 0.002 0.005 0. 0.005 0. 0. 0.
15 0.009 0. 0.009 0.007 0. 0.007 0. 0. 0. 0.006 0. 0.006 0.002 0. 0.002 0.002 0. 0.002 0.004 0. 0.004 0. 0. 0.
16 0.009 0. 0.009 0.008 0. 0.008 0. 0. 0. 0.005 0. 0.005 0.002 0. 0.002 0.002 0. 0.002 0.005 0. 0.005 0. 0. 0.
17 0.01 0. 0.01 0.009 0. 0.009 0. 0. 0. 0.006 0. 0.006 0.003 0. 0.003 0.002 0. 0.002 0.005 0. 0.005 0. 0. 0.
18 0.011 0. 0.011 0.009 0. 0.009 0. 0. 0. 0.007 0. 0.007 0.003 0. 0.003 0.003 0. 0.003 0.006 0. 0.006 0. 0. 0.
19 0.014 0. 0.014 0.01 0. 0.01 0. 0. 0. 0.008 0. 0.008 0.005 0. 0.005 0.003 0. 0.003 0.006 0. 0.006 0. 0. 0.
20 0.021 0. 0.02 0.014 0. 0.014 0. 0. 0. 0.016 0. 0.015 0.004 0. 0.004 0.004 0. 0.004 0.008 0. 0.008 0. 0. 0.
21 0.018 0. 0.018 0.012 0. 0.012 0. 0. 0. 0.009 0. 0.009 0.005 0. 0.005 0.004 0. 0.004 0.007 0. 0.007 0. 0. 0.
22 0.016 0. 0.016 0.014 0. 0.014 0. 0. 0. 0.009 0. 0.009 0.005 0. 0.005 0.005 0. 0.005 0.008 0. 0.008 0. 0. 0.
23 0.015 0. 0.015 0.018 0. 0.018 0. 0. 0. 0.009 0. 0.009 0.005 0. 0.005 0.007 0. 0.007 0.009 0. 0.009 0. 0. 0.
24 0.019 0. 0.019 0.018 0. 0.018 0. 0. 0. 0.013 0. 0.013 0.005 0. 0.005 0.008 0. 0.008 0.009 0. 0.009 0. 0. 0.
25 0.018 0. 0.018 0.016 0. 0.016 0. 0. 0. 0.011 0. 0.011 0.006 0. 0.006 0.006 0. 0.006 0.01 0. 0.01 0. 0. 0.
26 0.02 0. 0.02 0.019 0. 0.019 0. 0. 0. 0.012 0. 0.012 0.006 0. 0.006 0.006 0. 0.006 0.011 0. 0.011 0. 0. 0.
27 0.024 0. 0.022 0.02 0. 0.02 0. 0. 0. 0.014 0. 0.014 0.008 0. 0.007 0.007 0. 0.007 0.012 0. 0.012 0. 0. 0.
28 0.026 0. 0.028 0.022 0. 0.022 0. 0. 0. 0.017 0. 0.019 0.008 0. 0.008 0.007 0. 0.007 0.014 0. 0.014 0. 0. 0.
29 0.025 0. 0.025 0.025 0. 0.025 0. 0. 0. 0.016 0. 0.016 0.008 0. 0.008 0.009 0. 0.01 0.014 0. 0.014 0. 0. 0.
30 0.028 0. 0.028 0.026 0. 0.026 0. 0. 0. 0.018 0. 0.018 0.009 0. 0.009 0.009 0. 0.009 0.016 0. 0.016 0. 0. 0.
31 0.027 0. 0.027 0.027 0. 0.027 0. 0. 0. 0.016 0. 0.016 0.009 0. 0.009 0.009 0. 0.009 0.017 0. 0.017 0. 0. 0.
32 0.027 0. 0.027 0.027 0. 0.027 0. 0. 0. 0.016 0. 0.016 0.01 0. 0.01 0.009 0. 0.009 0.016 0. 0.016 0. 0. 0.
33 0.03 0. 0.03 0.028 0. 0.028 0. 0. 0. 0.018 0. 0.018 0.011 0. 0.011 0.01 0. 0.01 0.017 0. 0.017 0. 0. 0.
34 0.03 0. 0.03 0.029 0. 0.029 0. 0. 0. 0.018 0. 0.018 0.01 0. 0.01 0.011 0. 0.011 0.017 0. 0.017 0. 0. 0.
35 0.034 0. 0.034 0.034 0. 0.034 0. 0. 0. 0.021 0. 0.021 0.012 0. 0.012 0.016 0. 0.016 0.017 0. 0.017 0. 0. 0.
36 0.033 0. 0.033 0.034 0. 0.034 0. 0. 0. 0.019 0. 0.019 0.012 0. 0.012 0.014 0. 0.014 0.019 0. 0.019 0. 0. 0.
37 0.037 0. 0.037 0.037 0. 0.037 0. 0. 0. 0.021 0. 0.021 0.014 0. 0.014 0.015 0. 0.015 0.02 0. 0.02 0. 0. 0.
38 0.037 0. 0.037 0.035 0. 0.035 0. 0. 0. 0.022 0. 0.022 0.014 0. 0.014 0.013 0. 0.013 0.02 0. 0.02 0. 0. 0.
39 0.041 0. 0.041 0.042 0. 0.039 0. 0. 0. 0.022 0. 0.022 0.014 0. 0.014 0.015 0. 0.012 0.025 0. 0.025 0. 0. 0.
40 0.042 0. 0.042 0.045 0. 0.048 0. 0. 0. 0.026 0. 0.026 0.015 0. 0.014 0.018 0. 0.018 0.025 0. 0.029 0. 0. 0.
41 0.044 0. 0.044 0.046 0. 0.046 0. 0. 0. 0.025 0. 0.025 0.017 0. 0.017 0.018 0. 0.018 0.026 0. 0.026 0. 0. 0.
42 0.048 0. 0.048 0.048 0.003 0.044 0. 0. 0. 0.03 0. 0.03 0.016 0. 0.016 0.018 0.003 0.014 0.029 0. 0.029 0. 0. 0.
43 0.049 0. 0.049 0.05 0. 0.05 0. 0. 0. 0.03 0. 0.03 0.017 0. 0.017 0.018 0. 0.018 0.03 0. 0.03 0.001 0. 0.001
44 0.05 0. 0.05 0.048 0. 0.048 0. 0. 0. 0.027 0. 0.027 0.02 0. 0.021 0.019 0. 0.019 0.027 0. 0.027 0. 0. 0.
45 0.052 0. 0.052 0.049 0. 0.049 0. 0. 0. 0.029 0. 0.029 0.021 0. 0.021 0.019 0. 0.019 0.027 0. 0.027 0. 0. 0.
46 0.051 0. 0.051 0.054 0. 0.054 0. 0. 0. 0.03 0. 0.03 0.02 0. 0.02 0.023 0. 0.023 0.028 0. 0.028 0.002 0. 0.002
47 0.055 0. 0.055 0.055 0. 0.055 0. 0. 0. 0.032 0. 0.032 0.021 0. 0.021 0.023 0. 0.023 0.03 0. 0.03 0. 0. 0.
48 0.058 0. 0.058 0.054 0. 0.054 0. 0. 0. 0.034 0. 0.034 0.022 0. 0.022 0.022 0. 0.022 0.03 0. 0.03 0. 0. 0.
49 0.076 0. 0.076 0.057 0. 0.057 0. 0. 0. 0.046 0. 0.046 0.028 0. 0.029 0.022 0. 0.022 0.033 0. 0.033 0. 0. 0.
50 0.126 0.02 0.105 0.118 0.032 0.086 0. 0. 0. 0.099 0.019 0.08 0.025 0. 0.025 0.022 0. 0.022 0.094 0.031 0.062 0. 0. 0.
51 0.067 0. 0.067 0.071 0. 0.07 0. 0. 0. 0.037 0. 0.037 0.028 0. 0.028 0.029 0. 0.034 0.04 0. 0.036 0. 0. 0.
52 0.073 0. 0.073 0.079 0. 0.079 0.001 0. 0.001 0.04 0. 0.04 0.031 0. 0.031 0.03 0. 0.03 0.047 0. 0.047 0.001 0. 0.001
53 0.072 0. 0.072 0.077 0. 0.077 0. 0. 0. 0.042 0. 0.042 0.028 0. 0.028 0.03 0. 0.03 0.046 0. 0.046 0. 0. 0.
54 0.071 0. 0.071 0.081 0. 0.081 0. 0. 0. 0.039 0. 0.039 0.03 0. 0.03 0.03 0. 0.03 0.048 0. 0.048 0. 0. 0.
55 0.075 0. 0.075 0.09 0. 0.09 0. 0. 0. 0.044 0. 0.044 0.029 0. 0.029 0.036 0. 0.035 0.052 0. 0.052 0.001 0. 0.001
56 0.079 0. 0.079 0.088 0. 0.087 0. 0. 0. 0.046 0. 0.046 0.031 0. 0.031 0.036 0. 0.036 0.05 0. 0.05 0. 0. 0.
57 0.085 0. 0.085 0.088 0. 0.088 0. 0. 0. 0.048 0. 0.048 0.035 0. 0.035 0.032 0. 0.032 0.052 0. 0.052 0.002 0. 0.001
58 0.09 0. 0.09 0.088 0. 0.088 0. 0. 0. 0.052 0. 0.052 0.036 0. 0.036 0.035 0. 0.035 0.051 0. 0.051 0. 0. 0.
59 0.09 0. 0.09 0.093 0. 0.093 0. 0. 0. 0.052 0. 0.052 0.036 0. 0.036 0.036 0. 0.036 0.055 0. 0.055 0. 0. 0.
60 0.089 0. 0.089 0.098 0. 0.098 0. 0. 0. 0.053 0. 0.053 0.034 0. 0.034 0.042 0. 0.042 0.054 0. 0.054 0. 0. 0.
61 0.09 0. 0.09 0.098 0.003 0.094 0. 0. 0. 0.053 0. 0.053 0.035 0. 0.035 0.038 0.003 0.035 0.057 0. 0.057 0. 0. 0.
62 0.091 0. 0.091 0.098 0. 0.098 0. 0. 0. 0.05 0. 0.05 0.038 0. 0.038 0.04 0. 0.04 0.056 0. 0.056 0. 0. 0.
63 0.105 0. 0.105 0.102 0. 0.102 0.001 0. 0.001 0.061 0. 0.061 0.041 0. 0.041 0.04 0. 0.04 0.06 0. 0.06 0. 0. 0.
64 0.114 0. 0.114 0.114 0. 0.114 0. 0. 0. 0.066 0. 0.066 0.045 0. 0.045 0.046 0. 0.046 0.066 0. 0.066 0. 0. 0.
65 0.107 0. 0.103 0.113 0. 0.113 0. 0. 0. 0.064 0. 0.064 0.041 0. 0.037 0.047 0. 0.047 0.065 0. 0.065 0. 0. 0.
66 0.109 0. 0.114 0.113 0. 0.113 0. 0. 0. 0.06 0. 0.066 0.047 0. 0.047 0.045 0. 0.045 0.065 0. 0.065 0.001 0. 0.001
67 0.117 0. 0.117 0.112 0. 0.112 0. 0. 0. 0.062 0. 0.062 0.053 0. 0.053 0.046 0. 0.046 0.064 0. 0.064 0. 0. 0.
68 0.109 0.003 0.105 0.114 0. 0.114 0. 0. 0. 0.063 0. 0.063 0.043 0.003 0.04 0.046 0. 0.046 0.065 0. 0.065 0.001 0. 0.001
69 0.119 0. 0.119 0.112 0. 0.112 0. 0. 0. 0.068 0. 0.068 0.049 0. 0.049 0.045 0. 0.045 0.065 0. 0.065 0. 0. 0.
70 0.126 0. 0.126 0.12 0. 0.12 0. 0. 0. 0.076 0. 0.076 0.048 0. 0.048 0.049 0. 0.049 0.069 0. 0.069 0. 0. 0.
71 0.124 0. 0.124 0.116 0. 0.116 0. 0. 0. 0.069 0. 0.069 0.053 0. 0.053 0.049 0. 0.049 0.065 0. 0.065 0. 0. 0.
72 0.125 0. 0.125 0.119 0. 0.119 0. 0. 0. 0.071 0. 0.071 0.052 0. 0.052 0.05 0. 0.05 0.067 0. 0.067 0. 0. 0.
73 0.124 0. 0.124 0.127 0. 0.127 0.001 0. 0.001 0.072 0. 0.072 0.049 0. 0.049 0.052 0. 0.052 0.071 0. 0.071 0.002 0. 0.002
74 0.126 0. 0.126 0.129 0. 0.129 0. 0. 0. 0.073 0. 0.073 0.051 0. 0.051 0.055 0. 0.055 0.071 0. 0.071 0. 0. 0.
75 0.149 0. 0.149 0.132 0. 0.132 0.007 0. 0.007 0.083 0. 0.084 0.057 0. 0.057 0.057 0. 0.057 0.072 0. 0.072 0. 0. 0.
76 0.139 0. 0.139 0.137 0. 0.137 0.001 0. 0.001 0.081 0. 0.081 0.055 0. 0.055 0.059 0. 0.059 0.076 0. 0.076 0.001 0. 0.001
77 0.132 0. 0.132 0.139 0. 0.139 0.001 0. 0.001 0.075 0. 0.075 0.054 0. 0.054 0.059 0. 0.059 0.077 0. 0.077 0.001 0. 0.001
78 0.136 0.003 0.132 0.142 0. 0.142 0.001 0. 0.001 0.076 0. 0.076 0.058 0.003 0.054 0.059 0. 0.059 0.081 0. 0.081 0.001 0. 0.001
79 0.145 0. 0.145 0.152 0. 0.152 0.001 0. 0.001 0.084 0. 0.083 0.058 0. 0.058 0.065 0. 0.065 0.085 0. 0.085 0.001 0. 0.001
80 0.149 0. 0.149 0.161 0. 0.161 0.001 0. 0.001 0.085 0. 0.085 0.061 0. 0.061 0.066 0. 0.066 0.092 0. 0.092 0.001 0. 0.001
81 0.164 0. 0.164 0.168 0. 0.168 0.001 0. 0.001 0.089 0. 0.089 0.073 0. 0.073 0.071 0. 0.071 0.095 0. 0.095 0.001 0. 0.001
82 0.17 0. 0.17 0.174 0. 0.174 0.001 0. 0.001 0.095 0. 0.095 0.073 0. 0.073 0.069 0. 0.069 0.102 0. 0.102 0.001 0. 0.001
83 0.164 0. 0.164 0.193 0. 0.193 0.001 0. 0.001 0.097 0. 0.097 0.065 0. 0.065 0.078 0. 0.078 0.111 0. 0.111 0.001 0. 0.001
84 0.158 0. 0.158 0.18 0. 0.18 0.001 0. 0.001 0.089 0. 0.089 0.066 0. 0.066 0.072 0. 0.072 0.105 0. 0.105 0.001 0. 0.001
85 0.175 0. 0.175 0.183 0. 0.183 0.001 0. 0.001 0.098 0. 0.098 0.075 0. 0.075 0.076 0. 0.076 0.104 0. 0.104 0.001 0. 0.001
86 0.191 0. 0.191 0.205 0. 0.205 0.001 0. 0.001 0.113 0. 0.113 0.075 0. 0.075 0.081 0. 0.081 0.121 0. 0.121 0.001 0. 0.001
87 0.181 0. 0.181 0.196 0. 0.196 0.001 0. 0.001 0.102 0. 0.102 0.076 0. 0.076 0.081 0. 0.081 0.111 0. 0.111 0.001 0. 0.001
88 0.192 0. 0.192 0.188 0. 0.188 0.001 0. 0.001 0.117 0. 0.117 0.073 0. 0.073 0.076 0. 0.076 0.109 0. 0.109 0.001 0. 0.001
89 0.175 0. 0.175 0.183 0. 0.183 0.001 0. 0.001 0.1 0. 0.1 0.072 0. 0.072 0.078 0. 0.078 0.103 0. 0.103 0.001 0. 0.001
90 0.178 0. 0.178 0.178 0. 0.178 0.001 0. 0.001 0.102 0. 0.102 0.073 0. 0.073 0.072 0. 0.072 0.103 0. 0.103 0.001 0. 0.001
91 0.189 0. 0.189 0.187 0. 0.187 0.001 0. 0.001 0.112 0. 0.112 0.074 0. 0.074 0.077 0. 0.077 0.108 0. 0.108 0.001 0. 0.001
92 0.188 0. 0.188 0.186 0. 0.186 0.001 0. 0.001 0.107 0. 0.107 0.079 0. 0.079 0.076 0. 0.076 0.107 0. 0.107 0.001 0. 0.001
93 0.197 0. 0.197 0.193 0. 0.193 0.001 0. 0.001 0.11 0. 0.11 0.084 0. 0.084 0.08 0. 0.08 0.11 0. 0.11 0.001 0. 0.001
94 0.205 0.003 0.201 0.215 0. 0.215 0.001 0. 0.001 0.115 0.003 0.112 0.087 0. 0.087 0.084 0. 0.084 0.128 0. 0.128 0.001 0. 0.001
95 0.207 0. 0.207 0.207 0. 0.207 0.001 0. 0.001 0.123 0. 0.123 0.081 0. 0.081 0.081 0. 0.081 0.122 0. 0.122 0.001 0. 0.001
96 0.218 0. 0.218 0.22 0.003 0.216 0.001 0. 0.001 0.123 0. 0.123 0.092 0. 0.092 0.095 0.003 0.091 0.121 0. 0.121 0.001 0. 0.001
97 0.225 0.004 0.221 0.232 0. 0.232 0.001 0. 0. 0.135 0. 0.133 0.087 0.004 0.086 0.092 0. 0.092 0.137 0. 0.136 0.001 0. 0.001
98 0.234 0. 0.234 0.236 0. 0.236 0.001 0. 0.001 0.139 0. 0.138 0.092 0. 0.092 0.089 0. 0.089 0.144 0. 0.144 0.001 0. 0.001
99 0.223 0. 0.223 0.215 0. 0.215 0.001 0. 0.001 0.124 0. 0.124 0.096 0. 0.096 0.087 0. 0.087 0.126 0. 0.126 0.001 0. 0.001
100 0.243 0. 0.243 0.226 0. 0.226 0.001 0. 0.001 0.14 0. 0.14 0.101 0. 0.101 0.095 0. 0.095 0.129 0. 0.129 0.001 0. 0.001
110 0.297 0. 0.297 0.287 0. 0.287 0.001 0. 0.001 0.167 0. 0.167 0.127 0. 0.127 0.117 0. 0.117 0.165 0. 0.159 0.001 0. 0.007
120 0.34 0.003 0.336 0.323 0. 0.323 0.001 0. 0.001 0.206 0. 0.206 0.13 0.003 0.126 0.127 0. 0.127 0.191 0. 0.191 0.003 0. 0.003
130 0.372 0. 0.372 0.425 0.003 0.421 0.001 0. 0.001 0.224 0. 0.224 0.145 0. 0.145 0.172 0.003 0.168 0.249 0. 0.249 0.001 0. 0.001
140 0.449 0. 0.449 0.458 0. 0.458 0.002 0. 0.002 0.265 0. 0.265 0.18 0. 0.18 0.183 0. 0.183 0.268 0. 0.268 0.005 0. 0.005
150 0.539 0. 0.539 0.546 0. 0.546 0.002 0. 0.002 0.317 0. 0.317 0.219 0. 0.219 0.223 0. 0.223 0.319 0. 0.319 0.002 0. 0.002
160 0.598 0.004 0.594 0.598 0.007 0.59 0.003 0. 0.003 0.347 0.004 0.343 0.246 0. 0.246 0.242 0.001 0.24 0.352 0.003 0.348 0.002 0.002 0.
170 0.659 0. 0.659 0.694 0. 0.694 0.002 0. 0.002 0.386 0. 0.386 0.268 0. 0.268 0.275 0. 0.275 0.414 0. 0.412 0.002 0. 0.004
180 0.767 0.008 0.759 0.76 0. 0.76 0.003 0. 0.003 0.449 0.004 0.444 0.313 0.004 0.309 0.301 0. 0.301 0.453 0. 0.453 0.003 0. 0.003
190 0.806 0.004 0.802 0.85 0.012 0.838 0.003 0. 0.003 0.481 0. 0.481 0.32 0.003 0.316 0.331 0.008 0.323 0.51 0.003 0.506 0.006 0. 0.006
200 0.945 0.003 0.942 0.97 0.006 0.963 0.003 0. 0.003 0.567 0.003 0.563 0.374 0. 0.374 0.392 0. 0.391 0.573 0.006 0.566 0.004 0. 0.004
210 1.014 0.007 1.006 1.009 0.003 0.999 0.003 0. 0.003 0.618 0. 0.618 0.39 0.007 0.382 0.394 0. 0.394 0.609 0.003 0.599 0.003 0. 0.003
220 1.099 0.004 1.095 1.141 0. 1.14 0.003 0. 0.003 0.65 0.003 0.646 0.443 0. 0.443 0.458 0. 0.457 0.677 0. 0.678 0.003 0. 0.003
230 1.264 0. 1.264 1.227 0. 1.227 0.003 0. 0.003 0.752 0. 0.752 0.506 0. 0.506 0.483 0. 0.483 0.738 0. 0.738 0.003 0. 0.003
240 1.357 0. 1.357 1.358 0. 1.357 0.004 0. 0.004 0.843 0. 0.843 0.507 0. 0.507 0.545 0. 0.544 0.807 0. 0.806 0.004 0. 0.004
250 1.41 0.004 1.406 1.455 0.011 1.444 0.004 0. 0.004 0.867 0.003 0.863 0.537 0. 0.537 0.538 0.007 0.53 0.911 0.003 0.908 0.004 0. 0.004
260 1.63 0. 1.63 1.565 0.003 1.561 0.004 0. 0.004 1.002 0. 1.001 0.622 0. 0.622 0.609 0.003 0.605 0.948 0. 0.948 0.005 0. 0.005
270 1.709 0. 1.709 1.722 0. 1.722 0.005 0. 0.005 1.027 0. 1.027 0.675 0. 0.675 0.684 0. 0.684 1.031 0. 1.031 0.004 0. 0.004
280 1.911 0. 1.911 1.872 0. 1.872 0.005 0. 0.005 1.141 0. 1.141 0.763 0. 0.763 0.732 0. 0.732 1.131 0. 1.13 0.007 0. 0.007
290 2.035 0.007 2.027 2.08 0. 2.079 0.005 0. 0.005 1.243 0.003 1.239 0.784 0.003 0.78 0.785 0. 0.784 1.286 0. 1.286 0.006 0. 0.006
300 2.154 0.012 2.141 2.171 0.007 2.162 0.005 0. 0.005 1.313 0.008 1.304 0.835 0.004 0.831 0.89 0. 0.89 1.274 0.007 1.266 0.005 0. 0.005
310 2.324 0.008 2.315 2.387 0. 2.382 0.005 0. 0.005 1.416 0.008 1.407 0.9 0. 0.9 0.962 0. 0.959 1.416 0. 1.414 0.007 0. 0.007
320 2.472 0. 2.464 2.452 0.004 2.446 0.006 0. 0.006 1.553 0. 1.552 0.911 0. 0.903 0.898 0.003 0.894 1.544 0. 1.543 0.007 0. 0.007
330 2.575 0. 2.575 2.574 0.011 2.561 0.007 0. 0.007 1.637 0. 1.637 0.929 0. 0.929 0.938 0.003 0.933 1.627 0.007 1.618 0.006 0. 0.006
340 2.987 0. 2.987 2.937 0. 2.936 0.009 0. 0.009 1.867 0. 1.867 1.108 0. 1.108 1.163 0. 1.162 1.764 0. 1.763 0.008 0. 0.008
350 2.958 0. 2.957 2.994 0.024 2.966 0.01 0. 0.01 1.898 0. 1.898 1.048 0. 1.048 1.092 0.012 1.078 1.893 0.011 1.88 0.007 0. 0.006
360 3.2 0. 3.2 3.239 0. 3.238 0.008 0. 0.008 2.018 0. 2.017 1.171 0. 1.171 1.146 0. 1.146 2.08 0. 2.08 0.01 0. 0.01
370 3.514 0.003 3.507 3.48 0. 3.479 0.007 0. 0.007 2.173 0.003 2.168 1.331 0. 1.329 1.278 0. 1.278 2.191 0. 2.19 0.008 0. 0.008
380 3.745 0. 3.748 3.589 0.003 3.585 0.008 0. 0.008 2.36 0. 2.365 1.373 0. 1.373 1.266 0. 1.265 2.312 0.003 2.308 0.008 0. 0.008
390 3.924 0. 3.923 3.865 0. 3.865 0.009 0. 0.009 2.435 0. 2.435 1.476 0. 1.476 1.398 0. 1.398 2.453 0. 2.452 0.011 0. 0.011
400 3.983 0.004 3.977 4.11 0. 4.108 0.011 0. 0.011 2.567 0.004 2.563 1.402 0. 1.401 1.45 0. 1.449 2.648 0. 2.647 0.01 0. 0.01