param-n autorewrite-noop-regression-quadratic-real autorewrite-noop-regression-quadratic-sys autorewrite-noop-regression-quadratic-user try-rewrite!-noop-regression-quadratic-real try-rewrite!-noop-regression-quadratic-sys try-rewrite!-noop-regression-quadratic-user try-rewrite-noop-regression-quadratic-real try-rewrite-noop-regression-quadratic-sys try-rewrite-noop-regression-quadratic-user try-rewrite?-noop-regression-quadratic-real try-rewrite?-noop-regression-quadratic-sys try-rewrite?-noop-regression-quadratic-user try-ssr-rewrite!-noop-regression-linear-real try-ssr-rewrite!-noop-regression-linear-sys try-ssr-rewrite!-noop-regression-linear-user try-ssr-rewrite-noop-regression-linear-real try-ssr-rewrite-noop-regression-linear-sys try-ssr-rewrite-noop-regression-linear-user try-ssr-rewrite?-noop-regression-linear-real try-ssr-rewrite?-noop-regression-linear-sys try-ssr-rewrite?-noop-regression-linear-user
1 0. 0. 0. 0. 0. 0. 0. 0. 0. 0. 0. 0. 0. 0. 0. 0. 0. 0. 0. 0. 0.
2 0. 0. 0. 0. 0. 0. 0. 0. 0. 0. 0. 0. 0. 0. 0. 0. 0. 0. 0. 0. 0.
3 0. 0. 0. 0. 0. 0. 0. 0. 0. 0. 0. 0. 0. 0. 0. 0. 0. 0. 0. 0. 0.
4 0. 0. 0. 0. 0. 0. 0. 0. 0. 0. 0. 0. 0. 0. 0. 0. 0. 0. 0. 0. 0.
8 0. 0. 0. 0. 0. 0. 0. 0. 0. 0. 0. 0. 0. 0. 0. 0. 0. 0. 0. 0. 0.
12 0. 0. 0. 0. 0. 0. 0. 0. 0. 0. 0. 0. 0. 0. 0. 0. 0. 0. 0.045 0. 0.045
16 0. 0. 0. 0. 0. 0. 0. 0. 0. 0. 0. 0. 0. 0. 0. 0. 0. 0. 0. 0. 0.
20 0. 0. 0. 0. 0. 0. 0. 0. 0. 0. 0. 0. 0. 0. 0. 0. 0. 0. 0. 0. 0.
24 0. 0. 0. 0. 0. 0. 0. 0. 0. 0. 0. 0. 0. 0. 0. 0. 0. 0. 0. 0. 0.
28 0. 0. 0. 0. 0. 0. 0. 0. 0. 0. 0. 0. 0. 0. 0. 0. 0. 0. 0. 0. 0.
32 0. 0. 0. 0. 0. 0. 0. 0. 0. 0. 0. 0. 0. 0. 0. 0. 0. 0. 0. 0. 0.
36 0. 0. 0. 0. 0. 0. 0. 0. 0. 0. 0. 0. 0. 0. 0. 0. 0. 0. 0. 0. 0.
40 0. 0. 0. 0. 0. 0. 0. 0. 0. 0. 0. 0. 0. 0. 0. 0. 0. 0. 0. 0. 0.
44 0. 0. 0. 0. 0. 0. 0. 0. 0. 0. 0. 0. 0. 0. 0. 0. 0. 0. 0. 0. 0.
48 0. 0. 0. 0. 0. 0. 0. 0. 0. 0. 0. 0. 0. 0. 0. 0. 0. 0. 0. 0. 0.
50 0.001 0. 0. 0. 0. 0. 0.001 0. 0. 0.001 0.001 0. 0. 0. 0. 0. 0. 0. 0. 0. 0.
52 0. 0. 0. 0. 0. 0. 0. 0. 0. 0. 0. 0. 0. 0. 0. 0. 0. 0. 0. 0. 0.
56 0. 0. 0. 0. 0. 0. 0. 0. 0. 0. 0. 0. 0. 0. 0. 0. 0. 0. 0. 0. 0.
60 0. 0. 0. 0. 0. 0. 0. 0. 0. 0. 0. 0. 0. 0. 0. 0. 0. 0. 0. 0. 0.
64 0. 0. 0. 0. 0. 0. 0. 0. 0. 0. 0. 0. 0. 0. 0. 0. 0. 0. 0. 0. 0.
68 0. 0. 0. 0. 0. 0. 0. 0. 0. 0. 0. 0. 0. 0. 0. 0. 0. 0. 0. 0. 0.
72 0. 0. 0. 0. 0. 0. 0. 0. 0. 0. 0. 0. 0. 0. 0. 0. 0. 0. 0. 0. 0.
76 0. 0. 0. 0. 0. 0. 0.001 0. 0.001 0. 0. 0. 0. 0. 0. 0. 0. 0. 0. 0. 0.
80 0.001 0. 0.001 0.001 0. 0.001 0.001 0. 0.001 0.05 0. 0.05 0. 0. 0. 0. 0. 0. 0. 0. 0.
84 0.001 0. 0.001 0.001 0. 0.001 0.001 0. 0.001 0.001 0. 0.001 0. 0. 0. 0. 0. 0. 0. 0. 0.
88 0.001 0. 0.001 0.001 0. 0.001 0.001 0. 0.001 0.001 0. 0.001 0. 0. 0. 0. 0. 0. 0. 0. 0.
92 0.001 0. 0.001 0.001 0. 0.001 0.001 0. 0.001 0.001 0. 0.001 0. 0. 0. 0. 0. 0. 0. 0. 0.
96 0.001 0. 0.001 0. 0. 0. 0.001 0. 0.001 0.001 0. 0.001 0. 0. 0. 0. 0. 0. 0. 0. 0.
100 0.002 0.002 0. 0.001 0.001 0. 0.002 0.002 0. 0.002 0.002 0. 0. 0. 0. 0. 0. 0. 0. 0. 0.
104 0.001 0. 0.001 0.001 0. 0.001 0.001 0. 0.001 0.001 0. 0.001 0. 0. 0. 0. 0. 0. 0. 0. 0.
108 0.001 0. 0.001 0.001 0. 0.001 0.001 0. 0.001 0.001 0. 0.001 0. 0. 0. 0. 0. 0. 0. 0. 0.
112 0.001 0. 0.001 0.001 0. 0.001 0.001 0. 0.001 0.001 0. 0.001 0. 0. 0. 0. 0. 0. 0. 0. 0.
116 0.001 0. 0.001 0.001 0. 0.001 0.001 0. 0.001 0.001 0. 0.001 0. 0. 0. 0. 0. 0. 0. 0. 0.
120 0.052 0. 0.052 0.001 0. 0.001 0.001 0. 0.001 0.001 0. 0.001 0. 0. 0. 0. 0. 0. 0. 0. 0.
124 0.001 0. 0.001 0.001 0. 0.001 0.001 0. 0.001 0.001 0. 0.001 0. 0. 0. 0. 0. 0. 0. 0. 0.
128 0.001 0. 0.001 0.001 0. 0.001 0.001 0. 0.001 0.001 0. 0.001 0. 0. 0. 0. 0. 0. 0. 0. 0.
132 0.001 0. 0.001 0.001 0. 0.001 0.001 0. 0.001 0.001 0. 0.001 0. 0. 0. 0. 0. 0. 0. 0. 0.
136 0.001 0. 0.001 0.001 0. 0.001 0.001 0. 0.001 0.001 0. 0.001 0. 0. 0. 0. 0. 0. 0. 0. 0.
140 0.001 0. 0.001 0.002 0. 0.002 0.001 0. 0.001 0.001 0. 0.001 0. 0. 0. 0. 0. 0. 0. 0. 0.
144 0.002 0. 0.002 0.001 0. 0.001 0.001 0. 0.001 0.001 0. 0.001 0. 0. 0. 0. 0. 0. 0. 0. 0.
148 0.002 0. 0.002 0.001 0. 0.001 0.002 0. 0.002 0.001 0. 0.001 0. 0. 0. 0. 0. 0. 0. 0. 0.
150 0.003 0. 0.002 0.002 0.002 0. 0.003 0.003 0. 0.003 0. 0.002 0. 0. 0. 0. 0. 0. 0. 0. 0.
152 0.002 0. 0.002 0.001 0. 0.001 0.001 0. 0.001 0.002 0. 0.002 0. 0. 0. 0. 0. 0. 0. 0. 0.
156 0.002 0. 0.002 0.002 0. 0.002 0.002 0. 0.002 0.002 0. 0.002 0. 0. 0. 0. 0. 0. 0. 0. 0.
160 0.002 0. 0.002 0.002 0. 0.002 0.002 0. 0.002 0.001 0. 0.001 0. 0. 0. 0. 0. 0. 0. 0. 0.
164 0.003 0. 0.003 0.002 0. 0.002 0.002 0. 0.002 0.002 0. 0.002 0. 0. 0. 0. 0. 0. 0. 0. 0.
168 0.002 0. 0.002 0.001 0. 0.001 0.001 0. 0.001 0.001 0. 0.001 0. 0. 0. 0. 0. 0. 0. 0. 0.
172 0.002 0. 0.002 0.002 0. 0.002 0.001 0. 0.001 0.001 0. 0.001 0. 0. 0. 0. 0. 0. 0. 0. 0.
176 0.002 0. 0.002 0.002 0. 0.002 0.002 0. 0.002 0.002 0. 0.002 0. 0. 0. 0. 0. 0. 0. 0. 0.
180 0.002 0. 0.002 0.002 0. 0.002 0.002 0. 0.002 0.002 0. 0.002 0. 0. 0. 0. 0. 0. 0. 0. 0.
184 0.002 0. 0.002 0.002 0. 0.002 0.002 0. 0.002 0.002 0. 0.002 0. 0. 0. 0. 0. 0. 0. 0. 0.
188 0.002 0. 0.002 0.002 0. 0.002 0.002 0. 0.002 0.002 0. 0.002 0. 0. 0. 0. 0. 0. 0. 0. 0.
192 0.002 0. 0.002 0.002 0. 0.002 0.002 0. 0.002 0.002 0. 0.002 0. 0. 0. 0. 0. 0. 0. 0. 0.
196 0.002 0. 0.002 0.003 0. 0.003 0.002 0. 0.002 0.003 0. 0.003 0. 0. 0. 0. 0. 0. 0. 0. 0.
200 0.005 0. 0.005 0.004 0. 0.004 0.052 0.004 0.047 0.002 0. 0.002 0. 0. 0. 0. 0. 0. 0. 0. 0.
204 0.002 0. 0.002 0.003 0. 0.003 0.003 0. 0.003 0.002 0. 0.002 0. 0. 0. 0. 0. 0. 0. 0. 0.
208 0.002 0. 0.002 0.002 0. 0.002 0.002 0. 0.002 0.003 0. 0.003 0. 0. 0. 0. 0. 0. 0. 0. 0.
212 0.003 0. 0.003 0.003 0. 0.003 0.003 0. 0.003 0.004 0. 0.004 0. 0. 0. 0. 0. 0. 0. 0. 0.
216 0.003 0. 0.003 0.003 0. 0.003 0.002 0. 0.002 0.003 0. 0.003 0. 0. 0. 0. 0. 0. 0. 0. 0.
220 0.003 0. 0.003 0.003 0. 0.003 0.002 0. 0.002 0.002 0. 0.002 0. 0. 0. 0. 0. 0. 0. 0. 0.
224 0.003 0. 0.003 0.003 0. 0.003 0.002 0. 0.002 0.003 0. 0.003 0. 0. 0. 0. 0. 0. 0. 0. 0.
228 0.003 0. 0.003 0.002 0. 0.002 0.003 0. 0.003 0.003 0. 0.003 0. 0. 0. 0. 0. 0. 0. 0. 0.
232 0.003 0. 0.003 0.003 0. 0.003 0.003 0. 0.003 0.003 0. 0.003 0. 0. 0. 0. 0. 0. 0. 0. 0.
236 0.003 0. 0.003 0.003 0. 0.003 0.003 0. 0.003 0.002 0. 0.002 0. 0. 0. 0. 0. 0. 0. 0. 0.
240 0.003 0. 0.003 0.003 0. 0.003 0.003 0. 0.003 0.003 0. 0.003 0. 0. 0. 0. 0. 0. 0. 0. 0.
244 0.004 0. 0.004 0.003 0. 0.003 0.004 0. 0.004 0.004 0. 0.004 0. 0. 0. 0. 0. 0. 0. 0. 0.
248 0.003 0. 0.003 0.003 0. 0.003 0.003 0. 0.003 0.005 0. 0.005 0. 0. 0. 0. 0. 0. 0. 0. 0.
250 0.004 0. 0.004 0.003 0. 0.003 0.004 0. 0.004 0.003 0. 0.003 0. 0. 0. 0. 0. 0. 0. 0. 0.
252 0.004 0. 0.004 0.003 0. 0.003 0.004 0. 0.004 0.003 0. 0.003 0. 0. 0. 0. 0. 0. 0. 0. 0.
256 0.003 0. 0.003 0.003 0. 0.003 0.004 0. 0.004 0.003 0. 0.003 0. 0. 0. 0. 0. 0. 0. 0. 0.
260 0.004 0. 0.004 0.004 0. 0.004 0.003 0. 0.003 0.003 0. 0.003 0. 0. 0. 0. 0. 0. 0. 0. 0.
264 0.004 0. 0.004 0.004 0. 0.004 0.004 0. 0.004 0.004 0. 0.004 0. 0. 0. 0. 0. 0. 0. 0. 0.
268 0.004 0. 0.004 0.003 0. 0.003 0.003 0. 0.003 0.005 0. 0.005 0. 0. 0. 0. 0. 0. 0. 0. 0.
272 0.004 0. 0.004 0.004 0. 0.004 0.004 0. 0.004 0.004 0. 0.004 0. 0. 0. 0. 0. 0. 0. 0. 0.
276 0.004 0. 0.004 0.004 0. 0.004 0.004 0. 0.004 0.004 0. 0.004 0. 0. 0. 0. 0. 0. 0. 0. 0.
280 0.005 0. 0.005 0.004 0. 0.004 0.004 0. 0.004 0.004 0. 0.004 0. 0. 0. 0. 0. 0. 0. 0. 0.
284 0.004 0. 0.004 0.004 0. 0.004 0.004 0. 0.004 0.004 0. 0.004 0. 0. 0. 0. 0. 0. 0. 0. 0.
288 0.004 0. 0.004 0.005 0. 0.005 0.004 0. 0.004 0.003 0. 0.003 0. 0. 0. 0. 0. 0. 0. 0. 0.
292 0.004 0. 0.004 0.004 0. 0.004 0.004 0. 0.004 0.004 0. 0.004 0. 0. 0. 0. 0. 0. 0. 0. 0.
296 0.004 0. 0.004 0.004 0. 0.004 0.005 0. 0.005 0.004 0. 0.004 0. 0. 0. 0. 0. 0. 0. 0. 0.
300 0.005 0. 0.005 0.004 0. 0.004 0.004 0. 0.004 0.005 0. 0.005 0. 0. 0. 0. 0. 0. 0. 0. 0.
304 0.004 0. 0.004 0.005 0. 0.005 0.005 0. 0.005 0.005 0. 0.005 0. 0. 0. 0. 0. 0. 0. 0. 0.
308 0.005 0. 0.005 0.005 0. 0.005 0.006 0. 0.006 0.005 0. 0.005 0. 0. 0. 0. 0. 0. 0. 0. 0.
312 0.005 0. 0.005 0.005 0. 0.005 0.005 0. 0.005 0.005 0. 0.005 0. 0. 0. 0. 0. 0. 0. 0. 0.
316 0.005 0. 0.005 0.006 0. 0.006 0.005 0. 0.005 0.005 0. 0.005 0. 0. 0. 0. 0. 0. 0. 0. 0.
320 0.005 0. 0.005 0.005 0. 0.005 0.005 0. 0.005 0.005 0. 0.005 0. 0. 0. 0. 0. 0. 0. 0. 0.
324 0.006 0.001 0.004 0.006 0. 0.006 0.005 0. 0.005 0.005 0. 0.005 0. 0. 0. 0. 0. 0. 0. 0. 0.
328 0.005 0. 0.005 0.005 0. 0.005 0.005 0. 0.005 0.006 0. 0.006 0. 0. 0. 0. 0. 0. 0. 0. 0.
332 0.006 0. 0.006 0.005 0. 0.005 0.005 0. 0.005 0.005 0. 0.005 0. 0. 0. 0. 0. 0. 0. 0. 0.
336 0.006 0. 0.006 0.006 0. 0.006 0.006 0. 0.006 0.006 0. 0.006 0. 0. 0. 0. 0. 0. 0. 0. 0.
340 0.006 0. 0.006 0.006 0. 0.006 0.006 0. 0.006 0.006 0. 0.006 0. 0. 0. 0. 0. 0. 0. 0. 0.
344 0.005 0. 0.005 0.006 0. 0.006 0.006 0. 0.006 0.006 0. 0.006 0. 0. 0. 0. 0. 0. 0. 0. 0.
348 0.006 0. 0.006 0.006 0. 0.006 0.005 0. 0.005 0.006 0. 0.006 0. 0. 0. 0. 0. 0. 0. 0. 0.
350 0.006 0. 0.006 0.006 0. 0.006 0.006 0. 0.006 0.006 0. 0.006 0. 0. 0. 0. 0. 0. 0. 0. 0.
352 0.006 0. 0.006 0.007 0. 0.007 0.006 0. 0.006 0.006 0. 0.006 0. 0. 0. 0. 0. 0. 0. 0. 0.
356 0.006 0. 0.006 0.006 0. 0.006 0.006 0. 0.006 0.006 0. 0.006 0. 0. 0. 0. 0. 0. 0. 0. 0.
360 0.006 0. 0.006 0.005 0. 0.005 0.006 0. 0.006 0.006 0. 0.006 0. 0. 0. 0. 0. 0. 0. 0. 0.
364 0.006 0.003 0.002 0.006 0. 0.006 0.007 0. 0.007 0.006 0. 0.006 0. 0. 0. 0. 0. 0. 0. 0. 0.
368 0.006 0. 0.006 0.006 0. 0.006 0.007 0. 0.007 0.007 0. 0.007 0. 0. 0. 0. 0. 0. 0. 0. 0.
372 0.008 0.003 0.004 0.006 0. 0.006 0.007 0. 0.007 0.006 0. 0.006 0. 0. 0. 0. 0. 0. 0. 0. 0.
376 0.007 0. 0.007 0.007 0. 0.007 0.007 0. 0.007 0.006 0. 0.006 0. 0. 0. 0. 0. 0. 0. 0. 0.
380 0.007 0. 0.007 0.007 0. 0.007 0.007 0. 0.007 0.007 0. 0.007 0. 0. 0. 0. 0. 0. 0. 0. 0.
384 0.007 0. 0.007 0.007 0. 0.007 0.006 0. 0.006 0.007 0. 0.007 0. 0. 0. 0. 0. 0. 0. 0. 0.
388 0.007 0. 0.007 0.008 0. 0.008 0.007 0. 0.007 0.007 0. 0.007 0. 0. 0. 0. 0. 0. 0. 0. 0.
392 0.007 0. 0.007 0.007 0. 0.007 0.008 0. 0.008 0.008 0. 0.008 0. 0. 0. 0. 0. 0. 0. 0. 0.
396 0.007 0. 0.007 0.008 0. 0.008 0.008 0. 0.008 0.007 0. 0.007 0. 0. 0. 0. 0. 0. 0. 0. 0.
400 0.008 0. 0.008 0.007 0. 0.007 0.008 0. 0.008 0.007 0. 0.007 0. 0. 0. 0. 0. 0. 0. 0. 0.
404 0.008 0. 0.008 0.008 0. 0.008 0.007 0. 0.007 0.008 0. 0.008 0. 0. 0. 0. 0. 0. 0. 0. 0.
408 0.008 0. 0.008 0.007 0. 0.007 0.009 0. 0.009 0.008 0. 0.008 0. 0. 0. 0. 0. 0. 0. 0. 0.
412 0.008 0. 0.008 0.008 0. 0.008 0.007 0. 0.007 0.008 0. 0.008 0. 0. 0. 0. 0. 0. 0. 0. 0.
416 0.008 0. 0.008 0.008 0. 0.008 0.008 0. 0.008 0.008 0. 0.008 0. 0. 0. 0. 0. 0. 0. 0. 0.
420 0.009 0. 0.009 0.009 0. 0.009 0.009 0. 0.009 0.009 0. 0.009 0. 0. 0. 0. 0. 0. 0. 0. 0.
424 0.008 0. 0.008 0.009 0. 0.009 0.009 0. 0.009 0.009 0. 0.009 0. 0. 0. 0. 0. 0. 0. 0. 0.
428 0.009 0. 0.009 0.009 0. 0.009 0.01 0. 0.01 0.009 0. 0.009 0. 0. 0. 0. 0. 0. 0. 0. 0.
432 0.009 0. 0.009 0.009 0. 0.009 0.008 0. 0.008 0.01 0. 0.01 0. 0. 0. 0. 0. 0. 0. 0. 0.
436 0.008 0. 0.008 0.009 0. 0.009 0.009 0. 0.009 0.008 0. 0.008 0. 0. 0. 0. 0. 0. 0. 0. 0.
440 0.01 0. 0.01 0.009 0. 0.009 0.009 0. 0.009 0.009 0. 0.009 0. 0. 0. 0. 0. 0. 0. 0. 0.
444 0.01 0. 0.01 0.009 0. 0.009 0.009 0. 0.009 0.009 0. 0.009 0. 0. 0. 0. 0. 0. 0. 0. 0.
448 0.008 0. 0.008 0.009 0. 0.009 0.008 0. 0.008 0.009 0. 0.009 0. 0. 0. 0. 0. 0. 0. 0. 0.
452 0.009 0. 0.009 0.009 0. 0.009 0.01 0. 0.01 0.009 0. 0.009 0. 0. 0. 0. 0. 0. 0. 0. 0.
456 0.009 0. 0.009 0.009 0. 0.009 0.011 0. 0.011 0.01 0. 0.01 0. 0. 0. 0. 0. 0. 0. 0. 0.
460 0.01 0. 0.01 0.01 0. 0.01 0.01 0. 0.01 0.01 0. 0.01 0. 0. 0. 0. 0. 0. 0. 0. 0.
464 0.01 0. 0.01 0.009 0. 0.009 0.009 0. 0.009 0.01 0. 0.01 0. 0. 0. 0. 0. 0. 0. 0. 0.
468 0.008 0. 0.008 0.009 0. 0.009 0.009 0. 0.009 0.01 0. 0.01 0. 0. 0. 0. 0. 0. 0. 0. 0.
472 0.009 0. 0.009 0.009 0. 0.009 0.009 0. 0.009 0.01 0. 0.01 0. 0. 0. 0. 0. 0. 0. 0. 0.
476 0.01 0. 0.01 0.01 0. 0.01 0.009 0. 0.009 0.009 0. 0.009 0. 0. 0. 0. 0. 0. 0. 0. 0.
480 0.01 0. 0.01 0.01 0. 0.01 0.009 0. 0.009 0.01 0. 0.01 0. 0. 0. 0. 0. 0. 0. 0. 0.
484 0.011 0. 0.011 0.011 0. 0.011 0.01 0. 0.01 0.01 0. 0.01 0. 0. 0. 0. 0. 0. 0. 0. 0.
488 0.01 0. 0.01 0.01 0. 0.01 0.01 0. 0.01 0.011 0. 0.011 0. 0. 0. 0. 0. 0. 0. 0. 0.
492 0.01 0. 0.01 0.011 0. 0.011 0.01 0. 0.01 0.01 0. 0.01 0. 0. 0. 0. 0. 0. 0. 0. 0.
496 0.01 0. 0.01 0.01 0. 0.01 0.01 0. 0.01 0.01 0. 0.01 0. 0. 0. 0. 0. 0. 0. 0. 0.
500 0.01 0. 0.01 0.011 0. 0.011 0.012 0. 0.012 0.011 0. 0.011 0. 0. 0. 0. 0. 0. 0. 0. 0.
504 0.011 0. 0.011 0.01 0. 0.01 0.011 0. 0.011 0.011 0. 0.011 0. 0. 0. 0. 0. 0. 0. 0. 0.
508 0.01 0. 0.01 0.01 0. 0.01 0.011 0. 0.011 0.011 0. 0.011 0. 0. 0. 0. 0. 0. 0. 0. 0.
512 0.01 0. 0.01 0.01 0. 0.01 0.011 0. 0.011 0.011 0. 0.011 0. 0. 0. 0. 0. 0. 0. 0. 0.
516 0.011 0. 0.011 0.011 0. 0.011 0.013 0. 0.013 0.011 0. 0.011 0. 0. 0. 0. 0. 0. 0. 0. 0.
520 0.011 0. 0.011 0.012 0. 0.012 0.012 0. 0.012 0.011 0. 0.011 0. 0. 0. 0. 0. 0. 0. 0. 0.
524 0.011 0. 0.011 0.011 0. 0.011 0.012 0. 0.012 0.011 0. 0.011 0. 0. 0. 0. 0. 0. 0. 0. 0.
528 0.011 0. 0.011 0.012 0.003 0.008 0.012 0. 0.012 0.011 0. 0.011 0. 0. 0. 0. 0. 0. 0. 0. 0.
532 0.013 0. 0.013 0.012 0. 0.012 0.012 0. 0.012 0.012 0. 0.012 0. 0. 0. 0. 0. 0. 0. 0. 0.
536 0.014 0. 0.014 0.013 0. 0.013 0.013 0. 0.013 0.013 0. 0.013 0. 0. 0. 0. 0. 0. 0. 0. 0.
540 0.013 0. 0.013 0.013 0. 0.013 0.013 0. 0.013 0.014 0. 0.014 0. 0. 0. 0. 0. 0. 0. 0. 0.
544 0.013 0. 0.013 0.013 0. 0.013 0.013 0. 0.013 0.012 0. 0.012 0. 0. 0. 0. 0. 0. 0. 0. 0.
548 0.013 0. 0.013 0.013 0. 0.013 0.012 0. 0.012 0.012 0. 0.012 0. 0. 0. 0. 0. 0. 0. 0. 0.
552 0.012 0. 0.012 0.012 0. 0.012 0.012 0. 0.012 0.012 0. 0.012 0. 0. 0. 0. 0. 0. 0. 0. 0.
556 0.013 0. 0.013 0.013 0. 0.013 0.013 0. 0.013 0.013 0. 0.013 0. 0. 0. 0. 0. 0. 0. 0. 0.
560 0.012 0. 0.012 0.013 0. 0.013 0.013 0. 0.013 0.012 0. 0.012 0. 0. 0. 0. 0. 0. 0. 0. 0.
564 0.012 0. 0.012 0.012 0. 0.012 0.013 0. 0.013 0.012 0. 0.012 0. 0. 0. 0. 0. 0. 0. 0. 0.
568 0.014 0. 0.014 0.015 0. 0.015 0.014 0. 0.014 0.013 0. 0.013 0. 0. 0. 0. 0. 0. 0. 0. 0.
572 0.014 0. 0.014 0.014 0. 0.014 0.014 0. 0.014 0.015 0. 0.015 0. 0. 0. 0. 0. 0. 0. 0. 0.
576 0.015 0. 0.015 0.014 0. 0.014 0.015 0. 0.015 0.014 0. 0.014 0. 0. 0. 0. 0. 0. 0. 0. 0.
580 0.014 0. 0.014 0.016 0.003 0.012 0.014 0. 0.014 0.014 0. 0.014 0. 0. 0. 0. 0. 0. 0. 0. 0.
584 0.016 0. 0.016 0.015 0. 0.015 0.014 0. 0.014 0.014 0. 0.014 0. 0. 0. 0. 0. 0. 0. 0. 0.
588 0.015 0. 0.015 0.014 0. 0.014 0.014 0. 0.014 0.014 0. 0.014 0. 0. 0. 0. 0. 0. 0. 0. 0.
592 0.014 0. 0.014 0.014 0. 0.014 0.014 0. 0.014 0.013 0. 0.013 0. 0. 0. 0. 0. 0. 0. 0. 0.
596 0.014 0. 0.014 0.014 0. 0.014 0.014 0. 0.014 0.014 0. 0.014 0. 0. 0. 0. 0. 0. 0. 0. 0.
600 0.015 0. 0.015 0.014 0. 0.014 0.014 0. 0.014 0.014 0. 0.014 0. 0. 0. 0. 0. 0. 0. 0. 0.
604 0.016 0. 0.016 0.016 0. 0.016 0.014 0. 0.014 0.016 0. 0.016 0. 0. 0. 0. 0. 0. 0. 0. 0.
608 0.015 0. 0.015 0.016 0. 0.016 0.018 0.003 0.014 0.02 0. 0.019 0. 0. 0. 0. 0. 0. 0. 0. 0.
612 0.015 0. 0.015 0.015 0. 0.015 0.015 0. 0.015 0.014 0. 0.014 0. 0. 0. 0. 0. 0. 0. 0. 0.
616 0.017 0. 0.017 0.017 0. 0.017 0.017 0. 0.017 0.017 0. 0.017 0. 0. 0. 0. 0. 0. 0. 0. 0.
620 0.017 0. 0.017 0.017 0. 0.017 0.016 0. 0.016 0.015 0. 0.015 0. 0. 0. 0. 0. 0. 0. 0. 0.
624 0.017 0. 0.017 0.017 0. 0.017 0.016 0. 0.016 0.016 0. 0.016 0. 0. 0. 0. 0. 0. 0. 0. 0.
628 0.016 0. 0.016 0.016 0. 0.016 0.017 0. 0.017 0.017 0. 0.017 0. 0. 0. 0. 0. 0. 0. 0. 0.
632 0.018 0. 0.018 0.016 0. 0.016 0.016 0. 0.016 0.017 0. 0.017 0. 0. 0. 0. 0. 0. 0. 0. 0.
636 0.016 0. 0.016 0.017 0. 0.017 0.018 0. 0.018 0.016 0. 0.016 0. 0. 0. 0. 0. 0. 0. 0. 0.
640 0.015 0. 0.015 0.015 0. 0.015 0.015 0. 0.015 0.016 0.003 0.012 0. 0. 0. 0. 0. 0. 0. 0. 0.
644 0.015 0. 0.015 0.016 0. 0.016 0.016 0. 0.016 0.017 0. 0.017 0. 0. 0. 0. 0. 0. 0. 0. 0.
648 0.017 0. 0.017 0.017 0. 0.017 0.018 0. 0.018 0.018 0. 0.018 0. 0. 0. 0. 0. 0. 0. 0. 0.
652 0.017 0. 0.017 0.018 0. 0.018 0.017 0. 0.017 0.018 0. 0.018 0. 0. 0. 0. 0. 0. 0. 0. 0.
656 0.017 0. 0.017 0.018 0. 0.018 0.019 0. 0.019 0.017 0. 0.017 0. 0. 0. 0. 0. 0. 0. 0. 0.
660 0.016 0. 0.016 0.016 0. 0.016 0.018 0. 0.018 0.017 0. 0.017 0. 0. 0. 0. 0. 0. 0. 0. 0.
664 0.018 0. 0.018 0.018 0. 0.018 0.018 0. 0.018 0.018 0. 0.018 0. 0. 0. 0. 0. 0. 0. 0. 0.
668 0.017 0. 0.017 0.017 0. 0.017 0.016 0. 0.016 0.018 0. 0.018 0. 0. 0. 0. 0. 0. 0. 0. 0.
672 0.018 0. 0.018 0.019 0. 0.019 0.018 0. 0.018 0.017 0. 0.017 0. 0. 0. 0. 0. 0. 0. 0. 0.
676 0.017 0. 0.017 0.017 0. 0.017 0.017 0. 0.017 0.016 0. 0.016 0. 0. 0. 0. 0. 0. 0. 0. 0.
680 0.017 0. 0.017 0.017 0. 0.017 0.018 0. 0.018 0.017 0. 0.017 0. 0. 0. 0. 0. 0. 0. 0. 0.
684 0.019 0. 0.019 0.018 0. 0.018 0.018 0. 0.018 0.017 0. 0.017 0. 0. 0. 0. 0. 0. 0. 0. 0.
688 0.018 0. 0.018 0.019 0. 0.019 0.019 0. 0.019 0.019 0. 0.019 0. 0. 0. 0. 0. 0. 0. 0. 0.
692 0.019 0. 0.019 0.018 0. 0.018 0.017 0. 0.017 0.017 0. 0.017 0. 0. 0. 0. 0. 0. 0. 0. 0.
696 0.019 0. 0.019 0.018 0. 0.018 0.016 0. 0.016 0.017 0. 0.017 0. 0. 0. 0. 0. 0. 0. 0. 0.
700 0.018 0. 0.018 0.02 0. 0.02 0.019 0. 0.019 0.018 0. 0.018 0. 0. 0. 0. 0. 0. 0. 0. 0.
704 0.019 0. 0.019 0.019 0. 0.019 0.019 0. 0.019 0.018 0. 0.018 0. 0. 0. 0. 0. 0. 0. 0. 0.
708 0.018 0. 0.018 0.019 0. 0.019 0.019 0. 0.019 0.019 0. 0.019 0. 0. 0. 0. 0. 0. 0. 0. 0.
712 0.02 0. 0.02 0.02 0. 0.02 0.02 0. 0.02 0.019 0. 0.019 0. 0. 0. 0. 0. 0. 0. 0. 0.
716 0.019 0. 0.019 0.018 0. 0.018 0.019 0. 0.019 0.021 0. 0.021 0. 0. 0. 0. 0. 0. 0. 0. 0.
720 0.02 0. 0.02 0.02 0. 0.02 0.018 0. 0.018 0.021 0. 0.021 0. 0. 0. 0. 0. 0. 0. 0. 0.
724 0.02 0. 0.02 0.022 0. 0.022 0.02 0. 0.02 0.02 0. 0.02 0. 0. 0. 0. 0. 0. 0. 0. 0.
728 0.019 0. 0.019 0.02 0. 0.02 0.021 0. 0.021 0.022 0. 0.022 0. 0. 0. 0. 0. 0. 0. 0. 0.
732 0.021 0. 0.021 0.022 0. 0.022 0.021 0. 0.021 0.022 0. 0.022 0. 0. 0. 0. 0. 0. 0. 0. 0.
736 0.022 0. 0.022 0.021 0. 0.021 0.02 0. 0.02 0.019 0. 0.019 0. 0. 0. 0. 0. 0. 0. 0. 0.
740 0.019 0. 0.019 0.02 0. 0.02 0.02 0. 0.02 0.02 0. 0.02 0. 0. 0. 0. 0. 0. 0. 0. 0.
744 0.02 0. 0.02 0.02 0. 0.02 0.021 0. 0.021 0.021 0. 0.021 0. 0. 0. 0. 0. 0. 0. 0. 0.
748 0.022 0. 0.022 0.023 0. 0.023 0.024 0. 0.024 0.023 0. 0.023 0. 0. 0. 0. 0. 0. 0. 0. 0.
752 0.023 0. 0.023 0.023 0. 0.023 0.023 0. 0.023 0.023 0. 0.023 0. 0. 0. 0. 0. 0. 0. 0. 0.
756 0.023 0. 0.023 0.021 0. 0.021 0.021 0. 0.021 0.021 0. 0.021 0. 0. 0. 0. 0. 0. 0. 0. 0.
760 0.021 0. 0.021 0.021 0. 0.021 0.02 0. 0.02 0.022 0. 0.022 0. 0. 0. 0. 0. 0. 0.001 0.001 0.
764 0.022 0. 0.022 0.023 0. 0.023 0.023 0. 0.023 0.024 0. 0.024 0. 0. 0. 0. 0. 0. 0. 0. 0.
768 0.022 0. 0.022 0.022 0. 0.022 0.021 0. 0.021 0.022 0. 0.022 0. 0. 0. 0. 0. 0. 0. 0. 0.
772 0.023 0. 0.023 0.023 0. 0.023 0.021 0. 0.021 0.023 0. 0.023 0. 0. 0. 0. 0. 0. 0. 0. 0.
776 0.021 0. 0.021 0.023 0. 0.023 0.024 0. 0.024 0.023 0. 0.023 0. 0. 0. 0. 0. 0. 0. 0. 0.
780 0.023 0. 0.023 0.024 0. 0.024 0.021 0. 0.021 0.022 0. 0.022 0. 0. 0. 0. 0. 0. 0. 0. 0.
784 0.022 0. 0.022 0.021 0. 0.021 0.023 0. 0.023 0.024 0. 0.024 0. 0. 0. 0. 0. 0. 0. 0. 0.
788 0.022 0. 0.022 0.022 0. 0.022 0.022 0. 0.022 0.022 0. 0.022 0. 0. 0. 0. 0. 0. 0. 0. 0.
792 0.021 0. 0.021 0.023 0. 0.023 0.024 0. 0.024 0.023 0. 0.023 0. 0. 0. 0. 0. 0. 0. 0. 0.
796 0.023 0. 0.023 0.024 0. 0.024 0.024 0. 0.024 0.024 0. 0.024 0. 0. 0. 0. 0. 0. 0. 0. 0.
800 0.024 0. 0.024 0.024 0. 0.024 0.023 0. 0.023 0.023 0. 0.023 0. 0. 0. 0. 0. 0. 0. 0. 0.
804 0.023 0. 0.023 0.023 0. 0.023 0.025 0. 0.025 0.024 0. 0.024 0. 0. 0. 0. 0. 0. 0. 0. 0.
808 0.024 0. 0.024 0.024 0. 0.024 0.025 0. 0.025 0.023 0. 0.023 0. 0. 0. 0. 0. 0. 0. 0. 0.
812 0.024 0. 0.024 0.025 0. 0.025 0.024 0. 0.024 0.025 0.003 0.021 0. 0. 0. 0. 0. 0. 0. 0. 0.
816 0.023 0. 0.023 0.026 0. 0.026 0.025 0. 0.025 0.027 0. 0.027 0. 0. 0. 0. 0. 0. 0. 0. 0.
820 0.027 0. 0.027 0.027 0. 0.027 0.027 0. 0.027 0.025 0. 0.025 0. 0. 0. 0. 0. 0. 0. 0. 0.
824 0.024 0. 0.024 0.026 0. 0.026 0.024 0. 0.024 0.025 0. 0.025 0. 0. 0. 0. 0. 0. 0. 0. 0.
828 0.024 0. 0.024 0.025 0. 0.025 0.025 0. 0.025 0.026 0. 0.026 0. 0. 0. 0. 0. 0. 0. 0. 0.
832 0.026 0. 0.026 0.025 0. 0.025 0.026 0. 0.026 0.026 0. 0.026 0. 0. 0. 0. 0. 0. 0. 0. 0.
836 0.026 0. 0.026 0.026 0. 0.026 0.024 0. 0.024 0.025 0. 0.025 0. 0. 0. 0. 0. 0. 0. 0. 0.
840 0.027 0. 0.027 0.027 0. 0.027 0.028 0. 0.028 0.028 0. 0.028 0. 0. 0. 0. 0. 0. 0. 0. 0.
844 0.025 0. 0.025 0.025 0. 0.025 0.026 0. 0.026 0.027 0. 0.027 0. 0. 0. 0. 0. 0. 0. 0. 0.
848 0.026 0. 0.026 0.027 0. 0.027 0.026 0. 0.026 0.024 0. 0.024 0. 0. 0. 0. 0. 0. 0. 0. 0.
852 0.028 0. 0.028 0.026 0. 0.026 0.026 0. 0.026 0.025 0. 0.025 0. 0. 0. 0. 0. 0. 0. 0. 0.
856 0.026 0. 0.026 0.027 0. 0.027 0.025 0. 0.025 0.025 0. 0.025 0. 0. 0. 0. 0. 0. 0. 0. 0.
860 0.026 0. 0.026 0.028 0. 0.028 0.029 0. 0.029 0.025 0. 0.025 0. 0. 0. 0. 0. 0. 0. 0. 0.
864 0.025 0. 0.025 0.029 0. 0.029 0.029 0. 0.029 0.029 0. 0.029 0. 0. 0. 0. 0. 0. 0. 0. 0.
868 0.028 0. 0.028 0.028 0. 0.028 0.029 0. 0.029 0.027 0. 0.027 0. 0. 0. 0. 0. 0. 0. 0. 0.
872 0.027 0. 0.027 0.028 0. 0.028 0.03 0. 0.03 0.029 0. 0.029 0. 0. 0. 0. 0. 0. 0. 0. 0.
876 0.029 0. 0.029 0.029 0. 0.029 0.028 0. 0.028 0.027 0. 0.027 0. 0. 0. 0. 0. 0. 0. 0. 0.
880 0.027 0. 0.027 0.026 0. 0.026 0.028 0. 0.028 0.026 0. 0.026 0. 0. 0. 0. 0. 0. 0. 0. 0.
884 0.03 0. 0.03 0.028 0. 0.028 0.031 0. 0.031 0.03 0. 0.03 0. 0. 0. 0. 0. 0. 0. 0. 0.
888 0.029 0. 0.029 0.028 0. 0.028 0.029 0. 0.029 0.03 0. 0.03 0. 0. 0. 0. 0. 0. 0. 0. 0.
892 0.029 0. 0.029 0.029 0. 0.029 0.03 0. 0.03 0.028 0. 0.028 0. 0. 0. 0. 0. 0. 0. 0. 0.
896 0.028 0. 0.028 0.028 0.003 0.024 0.03 0. 0.03 0.028 0. 0.028 0. 0. 0. 0. 0. 0. 0. 0. 0.
900 0.029 0. 0.029 0.03 0. 0.03 0.031 0. 0.031 0.03 0. 0.03 0. 0. 0. 0. 0. 0. 0. 0. 0.
904 0.029 0. 0.029 0.028 0. 0.028 0.031 0. 0.031 0.03 0. 0.03 0. 0. 0. 0. 0. 0. 0. 0. 0.
908 0.028 0. 0.028 0.029 0. 0.029 0.03 0. 0.03 0.031 0. 0.031 0. 0. 0. 0. 0. 0. 0. 0. 0.
912 0.029 0. 0.029 0.032 0. 0.032 0.029 0. 0.029 0.03 0. 0.03 0. 0. 0. 0. 0. 0. 0. 0. 0.
916 0.028 0. 0.028 0.029 0. 0.029 0.032 0. 0.032 0.03 0. 0.03 0. 0. 0. 0. 0. 0. 0. 0. 0.
920 0.029 0. 0.029 0.029 0. 0.029 0.029 0. 0.029 0.029 0. 0.029 0. 0. 0. 0. 0. 0. 0. 0. 0.
924 0.029 0. 0.029 0.03 0. 0.03 0.032 0. 0.032 0.03 0. 0.03 0. 0. 0. 0. 0. 0. 0. 0. 0.
928 0.032 0. 0.032 0.031 0. 0.031 0.032 0. 0.032 0.034 0. 0.034 0. 0. 0. 0. 0. 0. 0. 0. 0.
932 0.032 0. 0.032 0.034 0. 0.034 0.033 0. 0.033 0.032 0. 0.032 0. 0. 0. 0. 0. 0. 0. 0. 0.
936 0.033 0. 0.033 0.031 0. 0.031 0.032 0. 0.032 0.033 0. 0.033 0. 0. 0. 0. 0. 0. 0. 0. 0.
940 0.033 0. 0.033 0.031 0. 0.031 0.033 0. 0.033 0.031 0. 0.031 0. 0. 0. 0. 0. 0. 0. 0. 0.
944 0.034 0. 0.034 0.031 0. 0.031 0.03 0. 0.03 0.031 0. 0.031 0. 0. 0. 0. 0. 0. 0. 0. 0.
948 0.032 0. 0.032 0.034 0. 0.034 0.031 0. 0.031 0.032 0. 0.032 0. 0. 0. 0. 0. 0. 0. 0. 0.
952 0.031 0. 0.031 0.033 0. 0.033 0.033 0. 0.033 0.032 0. 0.032 0. 0. 0. 0. 0. 0. 0. 0. 0.
956 0.032 0. 0.032 0.034 0. 0.034 0.034 0. 0.034 0.034 0. 0.034 0. 0. 0. 0. 0. 0. 0. 0. 0.
960 0.032 0. 0.032 0.032 0. 0.032 0.033 0. 0.033 0.032 0. 0.032 0. 0. 0. 0. 0. 0. 0. 0. 0.
964 0.035 0. 0.035 0.035 0. 0.035 0.033 0. 0.033 0.035 0. 0.035 0. 0. 0. 0. 0. 0. 0. 0. 0.
968 0.033 0. 0.033 0.034 0. 0.034 0.032 0. 0.032 0.033 0. 0.033 0. 0. 0. 0. 0. 0. 0. 0. 0.
972 0.032 0. 0.032 0.034 0. 0.034 0.032 0. 0.032 0.033 0. 0.033 0. 0. 0. 0. 0. 0. 0. 0. 0.
976 0.034 0. 0.034 0.036 0. 0.036 0.034 0. 0.034 0.032 0. 0.032 0. 0. 0. 0. 0. 0. 0. 0. 0.
980 0.032 0. 0.032 0.034 0. 0.034 0.031 0. 0.031 0.032 0. 0.032 0. 0. 0. 0. 0. 0. 0. 0. 0.
984 0.034 0. 0.034 0.033 0. 0.033 0.034 0. 0.034 0.034 0. 0.034 0. 0. 0. 0. 0. 0. 0. 0. 0.
988 0.034 0. 0.034 0.033 0. 0.033 0.035 0. 0.035 0.034 0. 0.034 0. 0. 0. 0. 0. 0. 0. 0. 0.
992 0.035 0. 0.035 0.036 0. 0.036 0.036 0. 0.036 0.035 0. 0.035 0. 0. 0. 0. 0. 0. 0. 0. 0.
996 0.035 0. 0.035 0.036 0. 0.036 0.036 0. 0.036 0.034 0. 0.034 0. 0. 0. 0. 0. 0. 0. 0. 0.
1000 0.034 0. 0.034 0.034 0. 0.034 0.033 0. 0.033 0.037 0. 0.037 0. 0. 0. 0. 0. 0. 0. 0. 0.
1100 0.042 0. 0.042 0.042 0. 0.042 0.042 0. 0.042 0.041 0. 0.041 0. 0. 0. 0. 0. 0. 0. 0. 0.
1200 0.046 0. 0.046 0.048 0. 0.048 0.047 0. 0.047 0.048 0. 0.048 0. 0. 0. 0. 0. 0. 0. 0. 0.
1300 0.056 0. 0.056 0.058 0. 0.058 0.055 0. 0.055 0.056 0. 0.056 0. 0. 0. 0. 0. 0. 0. 0. 0.
1400 0.065 0. 0.065 0.061 0. 0.061 0.064 0. 0.064 0.065 0. 0.065 0. 0. 0. 0. 0. 0. 0. 0. 0.
1500 0.071 0. 0.071 0.072 0. 0.072 0.069 0. 0.069 0.07 0. 0.07 0. 0. 0. 0. 0. 0. 0. 0. 0.
1600 0.083 0. 0.083 0.083 0. 0.083 0.079 0. 0.079 0.083 0. 0.083 0. 0. 0. 0. 0. 0. 0. 0. 0.
1700 0.095 0. 0.095 0.092 0. 0.092 0.091 0. 0.091 0.088 0. 0.088 0. 0. 0. 0. 0. 0. 0. 0. 0.
1800 0.097 0. 0.097 0.101 0. 0.101 0.099 0. 0.099 0.104 0. 0.104 0. 0. 0. 0. 0. 0. 0. 0. 0.
1900 0.116 0. 0.116 0.113 0. 0.113 0.116 0. 0.116 0.119 0. 0.119 0. 0. 0. 0. 0. 0. 0. 0. 0.
2000 0.135 0. 0.135 0.133 0.003 0.129 0.126 0. 0.126 0.124 0. 0.124 0. 0. 0. 0. 0. 0. 0. 0. 0.
2100 0.137 0. 0.137 0.135 0. 0.135 0.135 0. 0.135 0.133 0. 0.133 0. 0. 0. 0. 0. 0. 0. 0. 0.
2200 0.143 0. 0.143 0.15 0. 0.15 0.154 0. 0.154 0.142 0. 0.142 0.001 0. 0.001 0. 0. 0. 0. 0. 0.
2300 0.171 0. 0.171 0.168 0. 0.168 0.168 0. 0.168 0.167 0. 0.167 0.001 0. 0.001 0. 0. 0. 0. 0. 0.
2400 0.177 0. 0.177 0.179 0. 0.179 0.171 0. 0.171 0.181 0. 0.181 0.001 0. 0.001 0.001 0. 0.001 0.001 0. 0.001
2500 0.202 0. 0.202 0.185 0. 0.185 0.183 0. 0.183 0.193 0. 0.193 0.001 0. 0.001 0.001 0. 0.001 0. 0. 0.
2600 0.204 0. 0.204 0.21 0. 0.21 0.217 0. 0.217 0.216 0. 0.216 0.001 0. 0.001 0.001 0. 0.001 0.001 0. 0.001
2700 0.237 0. 0.237 0.226 0. 0.226 0.223 0. 0.223 0.229 0. 0.229 0.001 0. 0.001 0.001 0. 0.001 0. 0. 0.
2800 0.243 0. 0.243 0.247 0. 0.247 0.248 0. 0.248 0.244 0. 0.244 0.001 0. 0.001 0.001 0. 0.001 0.001 0. 0.001
2900 0.277 0. 0.277 0.262 0. 0.262 0.271 0. 0.271 0.263 0. 0.263 0.001 0. 0.001 0.001 0. 0.001 0.001 0. 0.001
3000 0.283 0. 0.283 0.276 0. 0.276 0.277 0. 0.277 0.266 0. 0.266 0.001 0. 0.001 0.001 0. 0.001 0.001 0. 0.001
3100 0.287 0. 0.287 0.278 0. 0.278 0.293 0. 0.293 0.284 0.003 0.28 0.001 0. 0.001 0.001 0. 0.001 0.001 0. 0.001
3200 0.311 0. 0.311 0.299 0. 0.299 0.313 0. 0.313 0.292 0. 0.292 0.001 0. 0.001 0.001 0. 0.001 0.001 0. 0.001
3300 0.334 0. 0.334 0.328 0. 0.328 0.335 0. 0.335 0.33 0. 0.33 0.001 0. 0.001 0.001 0. 0.001 0.001 0. 0.001
3400 0.337 0.003 0.333 0.343 0. 0.343 0.333 0. 0.333 0.343 0. 0.343 0.001 0. 0.001 0.001 0. 0.001 0.001 0. 0.001
3500 0.361 0. 0.361 0.362 0. 0.362 0.37 0. 0.37 0.383 0. 0.383 0.001 0. 0.001 0.001 0. 0.001 0.001 0. 0.001
3600 0.402 0. 0.402 0.4 0. 0.4 0.401 0. 0.401 0.386 0. 0.386 0.001 0. 0.001 0.001 0. 0.001 0.001 0. 0.001
3700 0.416 0. 0.416 0.404 0. 0.404 0.395 0. 0.395 0.402 0. 0.402 0.001 0. 0.001 0.001 0. 0.001 0.001 0. 0.001
3800 0.426 0. 0.426 0.421 0. 0.421 0.428 0. 0.428 0.422 0. 0.422 0.001 0. 0.001 0.001 0. 0.001 0.001 0. 0.001
3900 0.437 0. 0.437 0.431 0. 0.431 0.44 0. 0.44 0.453 0. 0.453 0.001 0. 0.001 0.001 0. 0.001 0.001 0. 0.001
4000 0.461 0. 0.461 0.465 0. 0.465 0.458 0. 0.458 0.46 0. 0.46 0.001 0. 0.001 0.001 0. 0.001 0.001 0. 0.001
4100 0.484 0. 0.484 0.483 0. 0.483 0.475 0. 0.475 0.491 0. 0.491 0.001 0. 0.001 0.001 0. 0.001 0.001 0. 0.001
4200 0.52 0. 0.52 0.505 0. 0.505 0.503 0. 0.503 0.502 0.003 0.498 0.001 0. 0.001 0.001 0. 0.001 0.001 0. 0.001
4300 0.55 0.004 0.546 0.537 0.003 0.533 0.532 0. 0.532 0.535 0. 0.535 0.002 0. 0.001 0.001 0. 0.001 0.001 0. 0.001
4400 0.567 0. 0.567 0.549 0. 0.549 0.57 0. 0.57 0.558 0. 0.558 0.001 0. 0.001 0.001 0. 0.001 0.001 0. 0.001
4500 0.592 0. 0.592 0.585 0. 0.585 0.585 0. 0.585 0.578 0. 0.578 0.002 0. 0.002 0.001 0. 0.001 0.001 0. 0.001
4600 0.623 0. 0.622 0.646 0. 0.646 0.625 0. 0.625 0.61 0. 0.61 0.002 0. 0.002 0.001 0. 0.001 0.001 0. 0.001
4700 0.641 0. 0.641 0.643 0. 0.643 0.615 0. 0.615 0.626 0. 0.626 0.002 0. 0.002 0.001 0. 0.001 0.001 0. 0.001
4800 0.665 0. 0.665 0.682 0. 0.682 0.666 0. 0.666 0.66 0. 0.66 0.002 0. 0.002 0.002 0. 0.002 0.002 0. 0.002
4900 0.696 0. 0.696 0.687 0. 0.687 0.683 0. 0.683 0.696 0. 0.696 0.002 0. 0.002 0.001 0. 0.001 0.001 0. 0.001
5000 0.723 0. 0.723 0.766 0. 0.764 0.719 0. 0.719 0.707 0. 0.707 0.002 0. 0.002 0.002 0. 0.002 0.002 0. 0.002
5500 0.873 0. 0.873 0.886 0. 0.886 0.872 0. 0.872 0.88 0. 0.88 0.002 0. 0.002 0.002 0. 0.002 0.001 0. 0.001
6000 1.061 0. 1.061 1.034 0. 1.034 1.03 0. 1.03 1.073 0. 1.073 0.002 0. 0.002 0.002 0. 0.002 0.002 0. 0.002
6500 1.238 0. 1.238 1.225 0. 1.225 1.223 0. 1.223 1.207 0. 1.207 0.002 0. 0.002 0.002 0. 0.002 0.002 0. 0.002
7000 1.484 0. 1.484 1.432 0. 1.432 1.402 0. 1.402 1.417 0. 1.417 0.003 0. 0.003 0.002 0. 0.002 0.002 0. 0.002
7500 1.708 0.003 1.704 1.666 0. 1.666 1.675 0. 1.675 1.751 0. 1.751 0.003 0. 0.003 0.003 0. 0.003 0.003 0. 0.003
8000 2. 0. 2. 1.96 0. 1.96 1.877 0. 1.877 1.897 0. 1.897 0.003 0. 0.003 0.003 0. 0.003 0.003 0. 0.003
8500 2.169 0.003 2.165 2.242 0. 2.242 2.132 0. 2.132 2.075 0. 2.075 0.003 0. 0.003 0.003 0. 0.003 0.003 0. 0.003
9000 2.43 0. 2.43 2.369 0. 2.369 2.358 0. 2.358 2.412 0. 2.412 0.003 0. 0.003 0.003 0. 0.003 0.003 0. 0.003
9500 2.684 0. 2.684 2.858 0. 2.858 2.764 0. 2.762 2.615 0. 2.615 0.004 0. 0.004 0.004 0. 0.004 0.003 0. 0.003
10000 2.954 0. 2.953 2.927 0. 2.926 2.944 0. 2.944 2.926 0. 2.926 0.004 0. 0.004 0.004 0. 0.004 0.004 0. 0.004