param-n abstract-regression-linear-real abstract-regression-linear-sys abstract-regression-linear-user reify-regression-cubic-real reify-regression-cubic-sys reify-regression-cubic-user
1 0. 0. 0. 0.003 0. 0.003
2 0.001 0. 0.001 0.005 0. 0.005
3 0. 0. 0. 0.007 0.003 0.004
4 0.001 0. 0.001 0.009 0. 0.009
5 0. 0. 0. 0.012 0.003 0.008
6 0. 0. 0. 0.015 0. 0.015
7 0. 0. 0. 0.066 0.011 0.053
8 0.001 0. 0.001 0.015 0. 0.015
9 0.001 0. 0.001 0.017 0. 0.017
10 0.001 0. 0.001 0.02 0. 0.02
11 0.001 0. 0.001 0.025 0. 0.025
12 0.001 0. 0.001 0.026 0. 0.026
13 0.001 0. 0.001 0.029 0. 0.029
14 0.001 0. 0.001 0.037 0. 0.037
15 0.001 0. 0.001 0.036 0. 0.036
16 0.001 0. 0.001 0.043 0. 0.043
17 0.001 0. 0.001 0.045 0. 0.045
18 0.001 0. 0.001 0.055 0. 0.055
19 0.001 0. 0.001 0.057 0. 0.057
20 0.001 0. 0.001 0.058 0. 0.058
21 0.001 0. 0.001 0.069 0. 0.069
22 0.001 0. 0.001 0.07 0. 0.07
23 0.001 0. 0.001 0.079 0. 0.079
24 0.001 0. 0.001 0.083 0. 0.082
25 0.001 0. 0.001 0.093 0. 0.093
26 0.006 0. 0.006 0.095 0. 0.095
27 0.002 0. 0.002 0.105 0. 0.105
28 0.002 0. 0.002 0.118 0. 0.118
29 0.002 0. 0.002 0.121 0. 0.121
30 0.002 0. 0.002 0.126 0. 0.126
31 0.002 0. 0.002 0.147 0. 0.146
32 0.002 0. 0.002 0.157 0.006 0.15
33 0.002 0. 0.002 0.164 0. 0.164
34 0.002 0. 0.002 0.162 0.003 0.158
35 0.002 0. 0.002 0.177 0. 0.177
36 0.002 0. 0.002 0.196 0. 0.196
37 0.002 0. 0.002 0.206 0. 0.206
38 0.002 0. 0.002 0.206 0.003 0.202
39 0.002 0. 0.002 0.214 0. 0.214
40 0.002 0. 0.002 0.231 0. 0.231
41 0.002 0.002 0. 0.234 0. 0.234
42 0.002 0. 0.002 0.247 0. 0.246
43 0.002 0. 0.002 0.259 0.003 0.255
44 0.002 0. 0.002 0.283 0.003 0.279
45 0.004 0. 0.004 0.285 0. 0.285
46 0.003 0. 0.003 0.305 0.004 0.301
47 0.003 0. 0.003 0.347 0.008 0.337
48 0.003 0. 0.003 0.341 0.003 0.337
49 0.003 0. 0.003 0.354 0. 0.354
50 0.003 0. 0.003 0.365 0. 0.365
51 0.003 0. 0.003 0.387 0.007 0.379
52 0.003 0. 0.003 0.389 0. 0.389
53 0.003 0. 0.003 0.411 0. 0.411
54 0.003 0. 0.003 0.437 0.003 0.433
55 0.003 0. 0.003 0.438 0.004 0.434
56 0.003 0. 0.003 0.458 0.004 0.454
57 0.003 0. 0.003 0.466 0. 0.466
58 0.004 0. 0.004 0.497 0. 0.493
59 0.003 0. 0.003 0.526 0. 0.525
60 0.004 0. 0.004 0.548 0. 0.548
61 0.004 0. 0.004 0.568 0. 0.568
62 0.003 0. 0.003 0.572 0. 0.572
63 0.004 0. 0.004 0.585 0. 0.585
64 0.007 0. 0.007 0.603 0. 0.603
65 0.004 0. 0.004 0.619 0. 0.619
66 0.004 0. 0.004 0.646 0. 0.645
67 0.004 0. 0.004 0.67 0. 0.67
68 0.004 0. 0.004 0.716 0. 0.716
69 0.004 0. 0.004 0.739 0. 0.738
70 0.004 0. 0.004 0.757 0. 0.757
71 0.004 0. 0.004 0.761 0. 0.761
72 0.004 0. 0.004 0.787 0.003 0.783
73 0.004 0. 0.004 0.819 0. 0.819
74 0.004 0. 0.004 0.836 0. 0.836
75 0.005 0. 0.005 0.881 0. 0.881
76 0.007 0. 0.007 0.914 0. 0.913
77 0.005 0. 0.005 0.942 0. 0.942
78 0.005 0. 0.005 0.935 0. 0.934
79 0.007 0. 0.007 0.966 0. 0.966
80 0.005 0. 0.005 0.99 0. 0.99
81 0.005 0. 0.005 1.021 0. 1.021
82 0.005 0. 0.005 1.081 0. 1.081
83 0.007 0. 0.007 1.133 0.004 1.127
84 0.005 0. 0.005 1.129 0. 1.128
85 0.005 0. 0.005 1.147 0.003 1.143
86 0.005 0. 0.005 1.19 0. 1.189
87 0.006 0. 0.006 1.218 0. 1.218
88 0.006 0. 0.006 1.299 0. 1.298
89 0.005 0. 0.005 1.305 0. 1.304
90 0.005 0. 0.005 1.326 0. 1.325
91 0.005 0. 0.005 1.355 0.003 1.351
92 0.006 0. 0.006 1.404 0. 1.404
93 0.006 0. 0.006 1.481 0. 1.48
94 0.006 0. 0.006 1.454 0. 1.454
95 0.006 0. 0.006 1.497 0. 1.496
96 0.006 0. 0.006 1.588 0. 1.588
97 0.006 0. 0.006 1.591 0. 1.591
98 0.006 0. 0.006 1.621 0. 1.621
99 0.006 0. 0.006 1.684 0. 1.683
100 0.006 0. 0.006 1.749 0. 1.749
110 0.006 0. 0.006 2.285 0.049 2.235
120 0.007 0. 0.007 2.714 0.019 2.694
130 0.007 0. 0.007 3.258 0.007 3.25
140 0.008 0. 0.008 3.915 0.019 3.895
150 0.008 0. 0.008 4.698 0. 4.697
160 0.009 0. 0.009 5.764 0.011 5.751
170 0.01 0. 0.01 6.462 0.003 6.458
180 0.01 0. 0.01 7.606 0.015 7.59
190 0.01 0. 0.01 8.773 0.004 8.769
200 0.011 0. 0.011 10.04 0. 10.038
210 0.011 0. 0.011 11.508 0.015 11.491
220 0.013 0. 0.013 12.986 0.012 12.973
230 0.013 0. 0.013 14.646 0. 14.645
240 0.013 0. 0.013 16.879 0.024 16.845
250 0.013 0. 0.013 18.905 0.004 18.893
260 0.015 0. 0.015 20.693 0.004 20.684
270 0.016 0. 0.016 23.586 0. 23.581
280 0.015 0. 0.015 25.854 0.032 25.814
290 0.019 0. 0.019 28.173 0.003 28.163
300 0.016 0. 0.016 30.855 0.007 30.837
350 0.019 0. 0.019 48.472 0.032 48.435
400 0.031 0. 0.031 72.249 0.068 72.164
450 0.025 0. 0.025 102.742 0.036 102.682
500 0.085 0. 0.085 140.222 0.136 140.06