param-n,pattern-regression-linear-real,pattern-regression-linear-sys,pattern-regression-linear-user
1,0.,0.,0.
2,0.,0.,0.
3,0.,0.,0.
4,0.,0.,0.
5,0.,0.,0.
6,0.,0.,0.
7,0.,0.,0.
8,0.,0.,0.
9,0.,0.,0.
10,0.,0.,0.
11,0.,0.,0.
12,0.,0.,0.
13,0.,0.,0.
14,0.,0.,0.
15,0.,0.,0.
16,0.,0.,0.
17,0.,0.,0.
18,0.,0.,0.
19,0.,0.,0.
20,0.,0.,0.
21,0.,0.,0.
22,0.,0.,0.
23,0.,0.,0.
24,0.,0.,0.
25,0.,0.,0.
26,0.,0.,0.
27,0.,0.,0.
28,0.,0.,0.
29,0.,0.,0.
30,0.,0.,0.
31,0.,0.,0.
32,0.,0.,0.
33,0.,0.,0.
34,0.,0.,0.
35,0.,0.,0.
36,0.,0.,0.
37,0.,0.,0.
38,0.,0.,0.
39,0.,0.,0.
40,0.,0.,0.
41,0.,0.,0.
42,0.,0.,0.
43,0.,0.,0.
44,0.,0.,0.
45,0.,0.,0.
46,0.,0.,0.
47,0.,0.,0.
48,0.,0.,0.
49,0.001,0.,0.001
50,0.001,0.,0.001
51,0.001,0.,0.001
52,0.001,0.,0.001
53,0.,0.,0.
54,0.,0.,0.
55,0.001,0.,0.001
56,0.001,0.,0.001
57,0.001,0.,0.001
58,0.001,0.,0.001
59,0.001,0.,0.001
60,0.001,0.,0.001
61,0.001,0.,0.001
62,0.001,0.,0.001
63,0.001,0.,0.001
64,0.001,0.,0.001
65,0.001,0.,0.001
66,0.001,0.,0.001
67,0.001,0.,0.001
68,0.001,0.,0.001
69,0.001,0.,0.001
70,0.001,0.,0.001
71,0.001,0.,0.001
72,0.001,0.,0.001
73,0.001,0.,0.001
74,0.001,0.,0.001
75,0.001,0.,0.001
76,0.001,0.,0.001
77,0.001,0.,0.001
78,0.001,0.,0.001
79,0.001,0.,0.001
80,0.005,0.,0.005
81,0.001,0.,0.001
82,0.001,0.,0.001
83,0.001,0.,0.001
84,0.001,0.,0.001
85,0.001,0.,0.001
86,0.001,0.,0.001
87,0.001,0.,0.001
88,0.001,0.,0.001
89,0.001,0.,0.001
90,0.001,0.,0.001
91,0.001,0.,0.001
92,0.001,0.,0.001
93,0.001,0.,0.001
94,0.001,0.,0.001
95,0.001,0.,0.001
96,0.001,0.,0.001
97,0.001,0.,0.001
98,0.001,0.,0.001
99,0.001,0.,0.001
100,0.003,0.,0.003
101,0.002,0.,0.002
102,0.001,0.,0.001
103,0.001,0.,0.001
104,0.002,0.,0.002
105,0.002,0.,0.002
106,0.001,0.,0.001
107,0.001,0.,0.001
108,0.002,0.,0.002
109,0.002,0.,0.002
110,0.001,0.,0.001
111,0.002,0.,0.002
112,0.002,0.,0.002
113,0.002,0.,0.002
114,0.002,0.,0.002
115,0.002,0.,0.002
116,0.002,0.,0.002
117,0.007,0.,0.007
118,0.002,0.,0.002
119,0.002,0.,0.002
120,0.002,0.,0.002
121,0.002,0.,0.002
122,0.002,0.,0.002
123,0.002,0.,0.002
124,0.002,0.,0.002
125,0.002,0.,0.002
126,0.002,0.,0.002
127,0.002,0.,0.002
128,0.002,0.,0.002
129,0.002,0.,0.002
130,0.002,0.,0.002
131,0.002,0.,0.002
132,0.004,0.,0.004
133,0.002,0.,0.002
134,0.002,0.,0.002
135,0.002,0.,0.002
136,0.002,0.,0.002
137,0.002,0.,0.002
138,0.002,0.,0.002
139,0.002,0.,0.002
140,0.002,0.,0.002
141,0.002,0.,0.002
142,0.002,0.,0.002
143,0.002,0.,0.002
144,0.002,0.,0.002
145,0.002,0.,0.002
146,0.003,0.,0.003
147,0.002,0.,0.002
148,0.002,0.,0.002
149,0.002,0.,0.002
150,0.002,0.,0.002
151,0.002,0.,0.002
152,0.003,0.,0.003
153,0.003,0.,0.003
154,0.002,0.,0.002
155,0.003,0.,0.003
156,0.002,0.,0.002
157,0.002,0.,0.002
158,0.005,0.,0.005
159,0.003,0.,0.003
160,0.003,0.,0.003
161,0.003,0.,0.003
162,0.003,0.,0.003
163,0.003,0.,0.003
164,0.003,0.,0.003
165,0.003,0.,0.003
166,0.003,0.,0.003
167,0.003,0.,0.003
168,0.003,0.,0.003
169,0.003,0.,0.003
170,0.006,0.,0.006
171,0.003,0.,0.003
172,0.003,0.,0.003
173,0.003,0.,0.003
174,0.003,0.,0.003
175,0.003,0.,0.003
176,0.003,0.,0.003
177,0.003,0.,0.003
178,0.003,0.,0.003
179,0.003,0.,0.003
180,0.003,0.,0.003
181,0.004,0.,0.004
182,0.003,0.,0.003
183,0.003,0.,0.003
184,0.003,0.,0.003
185,0.003,0.,0.003
186,0.003,0.,0.003
187,0.003,0.,0.003
188,0.003,0.,0.003
189,0.003,0.,0.003
190,0.003,0.,0.003
191,0.005,0.,0.005
192,0.003,0.,0.003
193,0.003,0.,0.003
194,0.003,0.,0.003
195,0.003,0.,0.003
196,0.003,0.,0.003
197,0.003,0.,0.003
198,0.003,0.,0.003
199,0.003,0.,0.003
200,0.003,0.,0.003
201,0.005,0.,0.005
202,0.003,0.,0.003
203,0.003,0.,0.003
204,0.003,0.,0.003
205,0.004,0.,0.004
206,0.003,0.,0.003
207,0.004,0.,0.004
208,0.003,0.,0.003
209,0.003,0.002,0.001
210,0.006,0.,0.006
211,0.003,0.,0.003
212,0.004,0.,0.004
213,0.004,0.,0.004
214,0.003,0.,0.003
215,0.004,0.,0.004
216,0.004,0.,0.004
217,0.004,0.,0.004
218,0.004,0.,0.004
219,0.004,0.,0.004
220,0.004,0.,0.004
221,0.004,0.,0.004
222,0.003,0.,0.003
223,0.004,0.,0.004
224,0.004,0.,0.004
225,0.004,0.,0.004
226,0.004,0.,0.004
227,0.004,0.,0.004
228,0.006,0.,0.006
229,0.004,0.,0.004
230,0.004,0.,0.004
231,0.004,0.,0.004
232,0.004,0.,0.004
233,0.004,0.,0.004
234,0.004,0.,0.004
235,0.004,0.,0.004
236,0.004,0.,0.004
237,0.005,0.,0.005
238,0.004,0.,0.004
239,0.004,0.,0.004
240,0.004,0.,0.004
241,0.004,0.,0.004
242,0.004,0.,0.004
243,0.004,0.,0.004
244,0.004,0.,0.004
245,0.006,0.,0.006
246,0.004,0.,0.004
247,0.004,0.,0.004
248,0.004,0.,0.004
249,0.004,0.,0.004
250,0.004,0.,0.004
251,0.004,0.,0.004
252,0.004,0.,0.004
253,0.006,0.,0.006
254,0.005,0.,0.005
255,0.004,0.,0.004
256,0.005,0.,0.005
257,0.004,0.,0.004
258,0.004,0.,0.004
259,0.005,0.,0.005
260,0.006,0.,0.006
261,0.005,0.,0.005
262,0.005,0.,0.005
263,0.005,0.,0.005
264,0.005,0.,0.005
265,0.005,0.,0.005
266,0.005,0.,0.005
267,0.005,0.,0.005
268,0.006,0.,0.006
269,0.005,0.,0.005
270,0.005,0.,0.005
271,0.005,0.,0.005
272,0.005,0.,0.005
273,0.005,0.,0.005
274,0.005,0.,0.005
275,0.007,0.,0.007
276,0.005,0.,0.005
277,0.005,0.,0.005
278,0.005,0.,0.005
279,0.005,0.,0.005
280,0.005,0.,0.005
281,0.005,0.,0.005
282,0.007,0.,0.007
283,0.005,0.,0.005
284,0.005,0.,0.005
285,0.005,0.,0.005
286,0.005,0.,0.005
287,0.005,0.,0.005
288,0.005,0.,0.005
289,0.008,0.,0.008
290,0.005,0.,0.005
291,0.005,0.,0.005
292,0.005,0.,0.005
293,0.005,0.,0.005
294,0.005,0.,0.005
295,0.005,0.,0.005
296,0.007,0.,0.007
297,0.005,0.,0.005
298,0.005,0.,0.005
299,0.005,0.,0.005
300,0.005,0.,0.005
301,0.005,0.,0.005
302,0.008,0.,0.008
303,0.005,0.,0.005
304,0.006,0.,0.006
305,0.006,0.,0.006
306,0.005,0.,0.005
307,0.005,0.,0.005
308,0.005,0.,0.005
309,0.007,0.,0.007
310,0.005,0.,0.005
311,0.005,0.,0.005
312,0.006,0.,0.006
313,0.006,0.,0.006
314,0.006,0.,0.006
315,0.009,0.,0.009
316,0.005,0.,0.005
317,0.005,0.,0.005
318,0.005,0.,0.005
319,0.006,0.,0.006
320,0.006,0.,0.006
321,0.006,0.,0.006
322,0.006,0.,0.006
323,0.006,0.,0.006
324,0.006,0.,0.006
325,0.006,0.,0.006
326,0.006,0.,0.006
327,0.006,0.,0.006
328,0.008,0.,0.008
329,0.006,0.,0.006
330,0.006,0.,0.006
331,0.006,0.,0.006
332,0.006,0.,0.006
333,0.006,0.,0.006
334,0.007,0.,0.007
335,0.006,0.,0.006
336,0.006,0.,0.006
337,0.006,0.,0.006
338,0.006,0.,0.006
339,0.006,0.,0.006
340,0.006,0.,0.006
341,0.006,0.,0.006
342,0.006,0.,0.006
343,0.006,0.,0.006
344,0.006,0.,0.006
345,0.008,0.,0.008
346,0.006,0.,0.006
347,0.006,0.,0.006
348,0.006,0.,0.006
349,0.006,0.,0.006
350,0.007,0.,0.007
351,0.01,0.,0.01
352,0.006,0.,0.006
353,0.006,0.,0.006
354,0.006,0.,0.006
355,0.006,0.,0.006
356,0.006,0.,0.006
357,0.008,0.,0.008
358,0.006,0.,0.006
359,0.006,0.,0.006
360,0.006,0.,0.006
361,0.007,0.,0.007
362,0.009,0.,0.009
363,0.006,0.,0.006
364,0.007,0.,0.007
365,0.006,0.,0.006
366,0.006,0.,0.006
367,0.006,0.,0.006
368,0.008,0.,0.008
369,0.006,0.,0.006
370,0.007,0.,0.007
371,0.007,0.,0.007
372,0.007,0.,0.007
373,0.009,0.,0.009
374,0.007,0.,0.007
375,0.007,0.,0.007
376,0.006,0.,0.006
377,0.006,0.,0.006
378,0.007,0.,0.007
379,0.007,0.,0.007
380,0.007,0.,0.007
381,0.007,0.,0.007
382,0.007,0.,0.007
383,0.007,0.,0.007
384,0.008,0.,0.008
385,0.007,0.,0.007
386,0.007,0.,0.007
387,0.007,0.,0.007
388,0.007,0.,0.007
389,0.008,0.,0.008
390,0.007,0.,0.007
391,0.007,0.,0.007
392,0.007,0.,0.007
393,0.007,0.,0.007
394,0.01,0.,0.01
395,0.007,0.,0.007
396,0.007,0.,0.007
397,0.007,0.,0.007
398,0.007,0.,0.007
399,0.009,0.,0.009
400,0.007,0.,0.007
401,0.007,0.,0.007
402,0.007,0.,0.007
403,0.007,0.,0.007
404,0.01,0.,0.01
405,0.007,0.,0.007
406,0.007,0.,0.007
407,0.007,0.,0.007
408,0.007,0.,0.007
409,0.009,0.,0.009
410,0.007,0.,0.007
411,0.007,0.,0.007
412,0.008,0.,0.008
413,0.007,0.,0.007
414,0.01,0.,0.01
415,0.007,0.,0.007
416,0.007,0.,0.007
417,0.007,0.,0.007
418,0.007,0.002,0.005
419,0.008,0.,0.008
420,0.007,0.,0.007
421,0.007,0.,0.007
422,0.007,0.,0.007
423,0.009,0.,0.009
424,0.007,0.,0.007
425,0.008,0.,0.008
426,0.008,0.,0.008
427,0.008,0.,0.008
428,0.009,0.,0.009
429,0.008,0.,0.008
430,0.008,0.,0.008
431,0.008,0.,0.008
432,0.008,0.,0.008
433,0.01,0.,0.01
434,0.008,0.,0.008
435,0.008,0.,0.008
436,0.007,0.,0.007
437,0.01,0.,0.01
438,0.008,0.,0.008
439,0.008,0.,0.008
440,0.008,0.,0.008
441,0.008,0.,0.008
442,0.01,0.,0.01
443,0.008,0.,0.008
444,0.008,0.,0.008
445,0.008,0.,0.008
446,0.008,0.,0.008
447,0.008,0.,0.008
448,0.008,0.,0.008
449,0.008,0.,0.008
450,0.008,0.,0.008
451,0.01,0.,0.01
452,0.008,0.,0.008
453,0.008,0.,0.008
454,0.008,0.,0.008
455,0.01,0.,0.01
456,0.008,0.,0.008
457,0.008,0.,0.008
458,0.008,0.,0.008
459,0.008,0.,0.008
460,0.01,0.,0.01
461,0.008,0.,0.008
462,0.008,0.,0.008
463,0.008,0.,0.008
464,0.009,0.,0.009
465,0.008,0.,0.008
466,0.008,0.,0.008
467,0.008,0.,0.008
468,0.008,0.,0.008
469,0.008,0.,0.008
470,0.008,0.,0.008
471,0.008,0.,0.008
472,0.008,0.,0.008
473,0.01,0.,0.01
474,0.008,0.,0.008
475,0.008,0.,0.008
476,0.009,0.,0.009
477,0.011,0.,0.011
478,0.009,0.,0.009
479,0.009,0.,0.009
480,0.009,0.,0.009
481,0.01,0.,0.01
482,0.008,0.,0.008
483,0.008,0.,0.008
484,0.009,0.,0.009
485,0.011,0.,0.011
486,0.009,0.,0.009
487,0.009,0.,0.009
488,0.009,0.,0.009
489,0.009,0.,0.009
490,0.009,0.,0.009
491,0.009,0.,0.009
492,0.009,0.002,0.007
493,0.009,0.,0.009
494,0.012,0.,0.012
495,0.009,0.,0.009
496,0.009,0.,0.009
497,0.009,0.,0.009
498,0.01,0.,0.01
499,0.009,0.,0.009
500,0.009,0.,0.009
600,0.07,0.011,0.058
800,0.015,0.,0.015
1000,0.021,0.,0.021
1200,0.023,0.,0.023
1400,0.035,0.,0.035
1600,0.032,0.,0.032
1800,0.036,0.,0.036
2000,0.049,0.,0.048
2200,0.049,0.,0.049
2400,0.059,0.003,0.055
2600,0.069,0.,0.069
2800,0.063,0.,0.063
3000,0.093,0.,0.093
3200,0.095,0.,0.095
3400,0.092,0.,0.092
3600,0.105,0.,0.104
3800,0.095,0.,0.095
4000,0.09,0.003,0.087
4200,0.088,0.,0.088
4400,0.1,0.,0.1
4600,0.101,0.,0.101
4800,0.111,0.,0.111
5000,0.11,0.,0.11
5200,0.116,0.003,0.112
5400,0.123,0.003,0.119
5600,0.133,0.,0.133
5800,0.143,0.,0.143
6000,0.123,0.,0.123
6200,0.126,0.,0.126
6400,0.129,0.,0.129
6600,0.134,0.,0.134
6800,0.14,0.,0.14
7000,0.143,0.,0.143
7200,0.173,0.,0.173
7400,0.181,0.,0.181
7600,0.191,0.,0.191
7800,0.193,0.,0.193
8000,0.186,0.,0.186
8200,0.182,0.,0.182
8400,0.191,0.,0.191
8600,0.192,0.,0.192
8800,0.186,0.,0.186
9000,0.193,0.,0.193
9200,0.195,0.,0.195
9400,0.192,0.003,0.188
9600,0.226,0.016,0.21
9800,0.236,0.,0.236
10000,0.239,0.,0.239
10200,0.245,0.,0.245
10400,0.259,0.,0.259
10600,0.267,0.,0.267
10800,0.277,0.,0.277
11000,0.277,0.,0.277
11200,0.28,0.,0.28
11400,0.282,0.,0.282
11600,0.284,0.,0.284
11800,0.294,0.,0.294
12000,0.331,0.,0.331
12200,0.343,0.,0.343
12400,0.354,0.,0.354
12600,0.36,0.,0.36
12800,0.377,0.,0.377
13000,0.383,0.,0.383
13200,0.393,0.,0.393
13400,0.401,0.,0.401
13600,0.418,0.,0.418
13800,0.421,0.,0.421
14000,0.432,0.,0.432
14200,0.452,0.,0.452
14400,0.474,0.,0.474
14600,0.472,0.,0.472
14800,0.484,0.,0.484
15000,0.502,0.,0.502
15200,0.51,0.,0.51
15400,0.511,0.,0.51
15600,0.522,0.,0.522
15800,0.513,0.,0.513
16000,0.527,0.,0.527
16200,0.523,0.,0.523
16400,0.519,0.,0.519
16600,0.516,0.,0.516
16800,0.565,0.,0.565
17000,0.559,0.,0.559
17200,0.552,0.,0.552
17400,0.543,0.,0.543
17600,0.523,0.,0.523
17800,0.495,0.,0.495
18000,0.486,0.,0.486
18200,0.495,0.,0.495
18400,0.474,0.,0.474
18600,0.494,0.,0.494
18800,0.502,0.,0.502
19000,0.497,0.003,0.493
19200,0.504,0.,0.504
19400,0.52,0.,0.52
19600,0.525,0.,0.524
19800,0.544,0.,0.543
20000,0.548,0.,0.548