param-n,abstract+repeat-rewrite-strat-bottomup-regression-cubic-real,abstract+repeat-rewrite-strat-bottomup-regression-cubic-sys,abstract+repeat-rewrite-strat-bottomup-regression-cubic-user,abstract+repeat-rewrite-strat-topdown-regression-cubic-real,abstract+repeat-rewrite-strat-topdown-regression-cubic-sys,abstract+repeat-rewrite-strat-topdown-regression-cubic-user,close-abstract+repeat-rewrite-strat-bottomup-regression-quadratic-real,close-abstract+repeat-rewrite-strat-bottomup-regression-quadratic-sys,close-abstract+repeat-rewrite-strat-bottomup-regression-quadratic-user,close-abstract+repeat-rewrite-strat-topdown-regression-quadratic-real,close-abstract+repeat-rewrite-strat-topdown-regression-quadratic-sys,close-abstract+repeat-rewrite-strat-topdown-regression-quadratic-user,noop-repeat-rewrite-strat-bottomup-regression-cubic-real,noop-repeat-rewrite-strat-bottomup-regression-cubic-sys,noop-repeat-rewrite-strat-bottomup-regression-cubic-user,noop-repeat-rewrite-strat-topdown-regression-cubic-real,noop-repeat-rewrite-strat-topdown-regression-cubic-sys,noop-repeat-rewrite-strat-topdown-regression-cubic-user,repeat-rewrite-strat-bottomup-regression-cubic-real,repeat-rewrite-strat-bottomup-regression-cubic-sys,repeat-rewrite-strat-bottomup-regression-cubic-user,repeat-rewrite-strat-topdown-regression-cubic-real,repeat-rewrite-strat-topdown-regression-cubic-sys,repeat-rewrite-strat-topdown-regression-cubic-user
0,0.003,0.,0.003,0.003,0.,0.003,0.,0.,0.,0.,0.,0.,0.,0.,0.,0.,0.,0.,0.002,0.,0.002,0.002,0.,0.002
1,0.007,0.,0.007,0.007,0.007,0.,0.,0.,0.,0.,0.,0.,0.,0.,0.,0.,0.,0.,0.005,0.,0.005,0.005,0.005,0.
2,0.012,0.007,0.004,0.011,0.004,0.007,0.001,0.,0.,0.001,0.,0.,0.,0.,0.,0.001,0.,0.,0.01,0.007,0.002,0.009,0.003,0.006
3,0.017,0.,0.017,0.017,0.,0.017,0.001,0.,0.,0.001,0.,0.001,0.001,0.,0.001,0.001,0.,0.001,0.014,0.,0.014,0.014,0.,0.014
4,0.061,0.007,0.054,0.023,0.005,0.017,0.039,0.,0.039,0.001,0.001,0.,0.001,0.,0.001,0.001,0.,0.001,0.02,0.007,0.013,0.019,0.003,0.016
5,0.023,0.,0.023,0.023,0.,0.023,0.001,0.,0.001,0.001,0.,0.001,0.001,0.,0.001,0.001,0.,0.001,0.02,0.,0.02,0.019,0.,0.019
6,0.031,0.,0.03,0.03,0.,0.03,0.001,0.,0.001,0.001,0.,0.001,0.002,0.,0.001,0.002,0.,0.002,0.027,0.,0.027,0.026,0.,0.026
7,0.041,0.,0.041,0.04,0.,0.04,0.002,0.,0.002,0.002,0.,0.002,0.002,0.,0.002,0.002,0.,0.002,0.036,0.,0.036,0.035,0.,0.035
8,0.051,0.,0.051,0.049,0.,0.049,0.002,0.,0.002,0.002,0.,0.002,0.002,0.,0.002,0.002,0.,0.002,0.045,0.,0.045,0.043,0.,0.043
9,0.062,0.,0.062,0.06,0.,0.06,0.003,0.,0.003,0.003,0.,0.002,0.003,0.,0.003,0.003,0.,0.003,0.055,0.,0.055,0.053,0.,0.053
10,0.121,0.019,0.101,0.127,0.,0.123,0.003,0.,0.003,0.003,0.,0.003,0.003,0.,0.003,0.003,0.,0.003,0.114,0.019,0.094,0.12,0.,0.116
11,0.091,0.,0.091,0.089,0.,0.089,0.004,0.,0.004,0.004,0.,0.004,0.004,0.,0.004,0.004,0.,0.004,0.083,0.,0.083,0.081,0.,0.081
12,0.11,0.,0.11,0.108,0.,0.108,0.004,0.,0.004,0.004,0.,0.004,0.004,0.,0.004,0.004,0.,0.004,0.1,0.,0.1,0.099,0.,0.099
13,0.131,0.,0.131,0.129,0.,0.129,0.005,0.,0.005,0.005,0.,0.005,0.005,0.,0.005,0.005,0.,0.005,0.12,0.,0.12,0.118,0.,0.118
14,0.155,0.,0.155,0.153,0.,0.153,0.005,0.,0.005,0.005,0.,0.005,0.006,0.,0.006,0.006,0.,0.006,0.143,0.,0.143,0.141,0.,0.141
15,0.183,0.,0.183,0.181,0.,0.181,0.006,0.,0.006,0.007,0.,0.007,0.006,0.,0.006,0.006,0.,0.006,0.17,0.,0.17,0.167,0.,0.167
16,0.213,0.,0.213,0.212,0.,0.212,0.006,0.,0.006,0.006,0.,0.006,0.007,0.,0.007,0.007,0.,0.007,0.199,0.,0.199,0.197,0.,0.197
17,0.249,0.,0.249,0.248,0.,0.248,0.007,0.,0.007,0.007,0.,0.007,0.008,0.,0.008,0.008,0.,0.008,0.232,0.,0.232,0.232,0.,0.232
18,0.293,0.003,0.289,0.287,0.,0.287,0.008,0.,0.008,0.008,0.,0.008,0.009,0.,0.009,0.009,0.,0.009,0.274,0.003,0.271,0.269,0.,0.269
19,0.335,0.,0.335,0.331,0.,0.331,0.009,0.,0.009,0.009,0.,0.009,0.01,0.,0.01,0.011,0.,0.011,0.315,0.,0.315,0.311,0.,0.311
20,0.379,0.,0.379,0.386,0.,0.385,0.01,0.,0.01,0.01,0.,0.01,0.011,0.,0.011,0.011,0.,0.011,0.358,0.,0.357,0.364,0.,0.364
21,0.443,0.,0.443,0.44,0.,0.44,0.01,0.,0.01,0.011,0.,0.011,0.012,0.,0.012,0.012,0.,0.012,0.419,0.,0.419,0.416,0.,0.416
22,0.507,0.,0.507,0.499,0.,0.499,0.012,0.,0.012,0.011,0.,0.011,0.013,0.,0.013,0.013,0.,0.013,0.481,0.,0.481,0.474,0.,0.474
23,0.571,0.,0.571,0.587,0.,0.575,0.012,0.,0.012,0.013,0.,0.013,0.015,0.,0.015,0.015,0.,0.015,0.543,0.,0.543,0.558,0.,0.547
24,0.656,0.,0.656,0.654,0.,0.653,0.013,0.,0.013,0.013,0.,0.013,0.017,0.,0.017,0.016,0.,0.016,0.625,0.,0.625,0.623,0.,0.623
25,0.747,0.,0.747,0.736,0.,0.736,0.014,0.,0.014,0.014,0.,0.014,0.017,0.,0.017,0.017,0.,0.017,0.714,0.,0.714,0.703,0.,0.702
30,1.29,0.003,1.286,1.303,0.004,1.299,0.021,0.,0.021,0.019,0.,0.019,0.026,0.,0.025,0.026,0.,0.026,1.242,0.003,1.238,1.256,0.004,1.252
35,2.162,0.007,2.154,2.174,0.003,2.17,0.027,0.,0.027,0.025,0.,0.025,0.037,0.,0.037,0.041,0.,0.041,2.096,0.007,2.088,2.107,0.003,2.103
40,3.409,0.,3.409,3.532,0.004,3.527,0.033,0.,0.033,0.032,0.,0.032,0.052,0.,0.052,0.061,0.,0.061,3.323,0.,3.323,3.437,0.004,3.433
45,5.189,0.,5.188,5.205,0.,5.204,0.04,0.,0.04,0.041,0.,0.04,0.073,0.,0.073,0.074,0.,0.074,5.074,0.,5.073,5.089,0.,5.089
50,7.617,0.,7.616,7.648,0.,7.646,0.049,0.,0.049,0.05,0.,0.05,0.097,0.,0.097,0.097,0.,0.097,7.469,0.,7.468,7.5,0.,7.498