param-n,abstract+autorewrite-regression-quadratic-real,abstract+autorewrite-regression-quadratic-sys,abstract+autorewrite-regression-quadratic-user,abstract+rewrite!-regression-quadratic-real,abstract+rewrite!-regression-quadratic-sys,abstract+rewrite!-regression-quadratic-user,autorewrite-noop-regression-linear-real,autorewrite-noop-regression-linear-sys,autorewrite-noop-regression-linear-user,autorewrite-regression-quadratic-real,autorewrite-regression-quadratic-sys,autorewrite-regression-quadratic-user,close-abstract+autorewrite-regression-quadratic-real,close-abstract+autorewrite-regression-quadratic-sys,close-abstract+autorewrite-regression-quadratic-user,close-abstract+rewrite!-regression-quadratic-real,close-abstract+rewrite!-regression-quadratic-sys,close-abstract+rewrite!-regression-quadratic-user,rewrite!-regression-quadratic-real,rewrite!-regression-quadratic-sys,rewrite!-regression-quadratic-user,rewrite?-noop-regression-linear-real,rewrite?-noop-regression-linear-sys,rewrite?-noop-regression-linear-user
1,0.,0.,0.,0.,0.,0.,0.,0.,0.,0.,0.,0.,0.,0.,0.,0.,0.,0.,0.,0.,0.,0.,0.,0.
2,0.,0.,0.,0.,0.,0.,0.,0.,0.,0.,0.,0.,0.,0.,0.,0.,0.,0.,0.,0.,0.,0.,0.,0.
3,0.001,0.,0.001,0.,0.,0.,0.,0.,0.,0.,0.,0.,0.,0.,0.,0.,0.,0.,0.,0.,0.,0.,0.,0.
4,0.001,0.,0.001,0.001,0.,0.001,0.,0.,0.,0.,0.,0.,0.,0.,0.,0.,0.,0.,0.,0.,0.,0.,0.,0.
5,0.001,0.,0.001,0.001,0.,0.001,0.,0.,0.,0.,0.,0.,0.,0.,0.,0.,0.,0.,0.,0.,0.,0.,0.,0.
6,0.002,0.,0.001,0.001,0.,0.001,0.,0.,0.,0.001,0.,0.,0.,0.,0.,0.,0.,0.,0.,0.,0.,0.,0.,0.
7,0.002,0.,0.002,0.002,0.,0.001,0.,0.,0.,0.001,0.,0.001,0.,0.,0.,0.,0.,0.,0.001,0.,0.001,0.,0.,0.
8,0.002,0.,0.001,0.002,0.001,0.001,0.,0.,0.,0.001,0.,0.,0.,0.,0.,0.,0.,0.,0.001,0.,0.,0.,0.,0.
9,0.002,0.,0.002,0.002,0.,0.002,0.,0.,0.,0.001,0.,0.001,0.,0.,0.,0.,0.,0.,0.001,0.,0.001,0.,0.,0.
10,0.003,0.,0.002,0.003,0.,0.003,0.,0.,0.,0.002,0.,0.001,0.,0.,0.,0.,0.,0.,0.002,0.,0.002,0.,0.,0.
11,0.041,0.002,0.038,0.042,0.004,0.037,0.,0.,0.,0.04,0.002,0.037,0.,0.,0.,0.04,0.004,0.036,0.002,0.,0.001,0.,0.,0.
12,0.003,0.,0.003,0.003,0.,0.003,0.,0.,0.,0.002,0.,0.002,0.,0.,0.001,0.001,0.,0.001,0.002,0.,0.002,0.,0.,0.
13,0.003,0.,0.003,0.003,0.,0.003,0.,0.,0.,0.002,0.,0.002,0.001,0.,0.001,0.001,0.,0.001,0.002,0.,0.002,0.,0.,0.
14,0.004,0.,0.004,0.004,0.,0.004,0.,0.,0.,0.002,0.,0.002,0.001,0.,0.001,0.001,0.,0.001,0.002,0.,0.002,0.,0.,0.
15,0.004,0.,0.004,0.004,0.,0.004,0.,0.,0.,0.003,0.,0.003,0.001,0.,0.001,0.001,0.,0.001,0.002,0.,0.002,0.,0.,0.
16,0.005,0.,0.005,0.005,0.,0.004,0.,0.,0.,0.003,0.,0.003,0.001,0.,0.001,0.001,0.,0.001,0.003,0.,0.002,0.,0.,0.
17,0.005,0.,0.005,0.005,0.,0.005,0.,0.,0.,0.003,0.,0.003,0.001,0.,0.001,0.001,0.,0.001,0.003,0.,0.003,0.,0.,0.
18,0.006,0.,0.006,0.005,0.,0.005,0.,0.,0.,0.003,0.,0.003,0.001,0.,0.001,0.001,0.,0.001,0.003,0.,0.003,0.,0.,0.
19,0.008,0.,0.008,0.008,0.,0.008,0.,0.,0.,0.005,0.,0.005,0.002,0.,0.002,0.003,0.,0.003,0.004,0.,0.004,0.,0.,0.
20,0.007,0.,0.007,0.007,0.,0.007,0.,0.,0.,0.004,0.,0.004,0.002,0.,0.002,0.002,0.,0.002,0.004,0.,0.004,0.,0.,0.
21,0.007,0.,0.007,0.007,0.,0.007,0.,0.,0.,0.004,0.,0.004,0.002,0.,0.002,0.002,0.,0.002,0.004,0.,0.004,0.,0.,0.
22,0.008,0.,0.008,0.008,0.,0.008,0.,0.,0.,0.005,0.,0.005,0.002,0.,0.002,0.002,0.,0.002,0.005,0.,0.005,0.,0.,0.
23,0.01,0.,0.01,0.009,0.,0.009,0.,0.,0.,0.005,0.,0.005,0.004,0.,0.004,0.003,0.,0.003,0.005,0.,0.005,0.,0.,0.
24,0.009,0.,0.009,0.011,0.,0.011,0.,0.,0.,0.006,0.,0.006,0.003,0.,0.003,0.003,0.,0.003,0.007,0.,0.007,0.,0.,0.
25,0.01,0.,0.01,0.01,0.,0.01,0.,0.,0.,0.006,0.,0.006,0.003,0.,0.003,0.003,0.,0.003,0.006,0.,0.006,0.,0.,0.
26,0.011,0.,0.011,0.011,0.,0.011,0.,0.,0.,0.006,0.,0.006,0.003,0.,0.003,0.003,0.,0.003,0.006,0.,0.006,0.,0.,0.
27,0.012,0.,0.012,0.012,0.,0.012,0.,0.,0.,0.008,0.,0.008,0.004,0.,0.004,0.004,0.,0.004,0.007,0.,0.007,0.,0.,0.
28,0.012,0.,0.012,0.012,0.,0.012,0.,0.,0.,0.007,0.,0.007,0.004,0.,0.004,0.004,0.,0.004,0.007,0.,0.007,0.,0.,0.
29,0.013,0.,0.013,0.013,0.,0.013,0.,0.,0.,0.008,0.,0.008,0.004,0.,0.004,0.004,0.,0.004,0.008,0.,0.008,0.,0.,0.
30,0.016,0.,0.016,0.015,0.,0.015,0.,0.,0.,0.01,0.,0.01,0.004,0.,0.004,0.006,0.,0.006,0.008,0.,0.008,0.,0.,0.
31,0.014,0.,0.014,0.015,0.,0.015,0.,0.,0.,0.009,0.,0.009,0.005,0.,0.005,0.005,0.,0.005,0.008,0.,0.008,0.,0.,0.
32,0.016,0.,0.016,0.017,0.,0.017,0.,0.,0.,0.01,0.,0.01,0.005,0.,0.005,0.005,0.,0.005,0.011,0.,0.011,0.,0.,0.
33,0.016,0.,0.016,0.017,0.,0.017,0.,0.,0.,0.01,0.,0.01,0.005,0.,0.005,0.006,0.,0.006,0.01,0.,0.01,0.,0.,0.
34,0.02,0.,0.02,0.017,0.,0.017,0.,0.,0.,0.01,0.,0.01,0.008,0.,0.008,0.006,0.,0.006,0.01,0.,0.01,0.,0.,0.
35,0.018,0.,0.018,0.022,0.,0.021,0.,0.,0.,0.011,0.,0.011,0.006,0.,0.006,0.006,0.,0.006,0.015,0.,0.014,0.,0.,0.
36,0.02,0.,0.02,0.019,0.,0.019,0.,0.,0.,0.011,0.,0.011,0.007,0.,0.007,0.006,0.,0.006,0.011,0.,0.011,0.,0.,0.
37,0.02,0.,0.02,0.02,0.,0.02,0.,0.,0.,0.012,0.,0.012,0.007,0.,0.007,0.007,0.,0.007,0.012,0.,0.012,0.,0.,0.
38,0.023,0.,0.023,0.022,0.,0.022,0.,0.,0.,0.014,0.,0.014,0.007,0.,0.007,0.009,0.,0.009,0.012,0.,0.012,0.,0.,0.
39,0.022,0.,0.022,0.022,0.,0.022,0.,0.,0.,0.013,0.,0.013,0.007,0.,0.007,0.007,0.,0.007,0.013,0.,0.013,0.,0.,0.
40,0.024,0.,0.024,0.023,0.,0.023,0.,0.,0.,0.015,0.,0.015,0.008,0.,0.008,0.008,0.,0.008,0.014,0.,0.014,0.,0.,0.
41,0.025,0.,0.025,0.023,0.,0.023,0.,0.,0.,0.015,0.,0.015,0.008,0.,0.008,0.008,0.,0.008,0.014,0.,0.014,0.,0.,0.
42,0.025,0.,0.025,0.027,0.,0.027,0.,0.,0.,0.015,0.,0.015,0.009,0.,0.009,0.009,0.,0.009,0.017,0.,0.017,0.,0.,0.
43,0.027,0.,0.027,0.026,0.,0.026,0.,0.,0.,0.017,0.,0.017,0.009,0.,0.009,0.009,0.,0.009,0.016,0.,0.016,0.,0.,0.
44,0.028,0.,0.028,0.028,0.,0.028,0.,0.,0.,0.017,0.,0.017,0.01,0.,0.01,0.011,0.,0.011,0.016,0.,0.016,0.,0.,0.
45,0.03,0.,0.03,0.028,0.,0.028,0.001,0.,0.001,0.017,0.,0.017,0.01,0.,0.01,0.01,0.,0.01,0.016,0.,0.016,0.,0.,0.
46,0.031,0.,0.03,0.03,0.,0.029,0.,0.,0.,0.018,0.,0.017,0.012,0.,0.012,0.01,0.,0.01,0.018,0.,0.018,0.,0.,0.
47,0.031,0.,0.031,0.031,0.,0.031,0.,0.,0.,0.018,0.,0.018,0.011,0.,0.011,0.011,0.,0.011,0.018,0.,0.018,0.,0.,0.
48,0.033,0.,0.033,0.032,0.,0.032,0.,0.,0.,0.02,0.,0.02,0.011,0.,0.011,0.011,0.,0.011,0.02,0.,0.02,0.,0.,0.
49,0.034,0.,0.034,0.034,0.,0.034,0.,0.,0.,0.02,0.,0.02,0.012,0.,0.012,0.012,0.,0.012,0.021,0.,0.021,0.,0.,0.
50,0.075,0.006,0.069,0.075,0.007,0.068,0.,0.,0.,0.062,0.005,0.056,0.012,0.,0.012,0.012,0.,0.012,0.062,0.006,0.055,0.,0.,0.
51,0.036,0.,0.036,0.037,0.,0.036,0.,0.,0.,0.022,0.,0.022,0.013,0.,0.013,0.013,0.,0.013,0.023,0.,0.022,0.,0.,0.
52,0.038,0.,0.038,0.039,0.,0.039,0.,0.,0.,0.024,0.,0.023,0.013,0.,0.013,0.013,0.,0.013,0.024,0.,0.024,0.,0.,0.
53,0.039,0.,0.038,0.039,0.,0.039,0.,0.,0.,0.024,0.,0.023,0.014,0.,0.014,0.014,0.,0.014,0.024,0.,0.023,0.,0.,0.
54,0.042,0.,0.042,0.041,0.,0.041,0.,0.,0.,0.025,0.,0.025,0.015,0.,0.015,0.014,0.,0.014,0.025,0.,0.025,0.,0.,0.
55,0.042,0.,0.042,0.041,0.,0.041,0.,0.,0.,0.025,0.,0.025,0.016,0.,0.016,0.015,0.,0.015,0.025,0.,0.025,0.,0.,0.
56,0.045,0.,0.044,0.044,0.,0.044,0.,0.,0.,0.027,0.,0.026,0.016,0.,0.016,0.016,0.,0.016,0.027,0.,0.027,0.,0.,0.
57,0.046,0.,0.046,0.045,0.,0.045,0.,0.,0.,0.029,0.,0.029,0.016,0.,0.016,0.017,0.,0.017,0.026,0.,0.026,0.,0.,0.
58,0.046,0.,0.046,0.046,0.,0.046,0.,0.,0.,0.028,0.,0.028,0.017,0.,0.017,0.016,0.,0.016,0.028,0.,0.028,0.,0.,0.
59,0.049,0.,0.049,0.049,0.,0.049,0.,0.,0.,0.03,0.,0.03,0.018,0.,0.018,0.017,0.,0.017,0.031,0.,0.031,0.,0.,0.
60,0.05,0.,0.05,0.05,0.,0.05,0.,0.,0.,0.031,0.,0.031,0.018,0.,0.018,0.019,0.,0.019,0.029,0.,0.029,0.,0.,0.
61,0.052,0.,0.052,0.051,0.,0.051,0.,0.,0.,0.031,0.,0.031,0.02,0.,0.02,0.018,0.,0.018,0.031,0.,0.031,0.,0.,0.
62,0.053,0.,0.053,0.054,0.,0.053,0.,0.,0.,0.032,0.,0.032,0.019,0.,0.019,0.019,0.,0.019,0.034,0.,0.034,0.,0.,0.
63,0.056,0.,0.056,0.053,0.,0.053,0.,0.,0.,0.035,0.,0.035,0.02,0.,0.02,0.02,0.,0.02,0.032,0.,0.032,0.,0.,0.
64,0.055,0.,0.055,0.055,0.,0.055,0.,0.,0.,0.033,0.,0.033,0.02,0.,0.02,0.02,0.,0.02,0.033,0.,0.033,0.,0.,0.
65,0.059,0.,0.059,0.057,0.,0.057,0.,0.,0.,0.035,0.,0.035,0.022,0.,0.022,0.021,0.,0.021,0.035,0.,0.035,0.,0.,0.
66,0.059,0.,0.059,0.063,0.,0.063,0.,0.,0.,0.036,0.,0.036,0.021,0.,0.021,0.022,0.,0.023,0.039,0.,0.039,0.,0.,0.
67,0.064,0.,0.064,0.061,0.,0.061,0.,0.,0.,0.039,0.,0.039,0.023,0.,0.023,0.022,0.,0.022,0.037,0.,0.037,0.,0.,0.
68,0.065,0.,0.065,0.062,0.,0.062,0.,0.,0.,0.039,0.,0.039,0.024,0.,0.024,0.023,0.,0.023,0.037,0.,0.037,0.001,0.,0.001
69,0.066,0.,0.066,0.065,0.,0.065,0.,0.,0.,0.04,0.,0.04,0.024,0.,0.024,0.026,0.,0.026,0.038,0.,0.038,0.,0.,0.
70,0.066,0.,0.066,0.069,0.,0.069,0.,0.,0.,0.04,0.,0.04,0.024,0.,0.024,0.027,0.,0.027,0.041,0.,0.041,0.,0.,0.
71,0.068,0.,0.068,0.072,0.,0.072,0.,0.,0.,0.042,0.,0.042,0.025,0.,0.025,0.028,0.,0.028,0.042,0.,0.042,0.,0.,0.
72,0.071,0.,0.071,0.069,0.,0.069,0.,0.,0.,0.044,0.,0.044,0.025,0.,0.025,0.025,0.,0.025,0.042,0.,0.042,0.,0.,0.
73,0.073,0.,0.073,0.074,0.,0.074,0.002,0.,0.002,0.043,0.,0.043,0.026,0.,0.026,0.026,0.,0.026,0.043,0.,0.043,0.,0.,0.
74,0.075,0.,0.075,0.076,0.,0.076,0.,0.,0.,0.046,0.,0.046,0.027,0.,0.027,0.027,0.,0.027,0.047,0.,0.047,0.,0.,0.
75,0.077,0.,0.077,0.083,0.,0.083,0.,0.,0.,0.047,0.,0.047,0.028,0.,0.028,0.031,0.,0.031,0.047,0.,0.047,0.,0.,0.
76,0.078,0.,0.078,0.082,0.,0.082,0.,0.,0.,0.048,0.,0.048,0.028,0.,0.028,0.031,0.,0.031,0.048,0.,0.048,0.,0.,0.
77,0.08,0.,0.08,0.083,0.,0.083,0.,0.,0.,0.048,0.,0.048,0.03,0.,0.03,0.032,0.,0.032,0.049,0.,0.049,0.,0.,0.
78,0.083,0.,0.083,0.084,0.,0.084,0.,0.,0.,0.05,0.,0.05,0.031,0.,0.031,0.032,0.,0.032,0.05,0.,0.05,0.,0.,0.
79,0.086,0.,0.086,0.085,0.,0.085,0.,0.,0.,0.052,0.,0.052,0.032,0.,0.032,0.031,0.,0.031,0.052,0.,0.052,0.,0.,0.
80,0.093,0.,0.093,0.085,0.,0.085,0.,0.,0.,0.056,0.,0.056,0.035,0.,0.035,0.032,0.,0.032,0.05,0.,0.05,0.,0.,0.
81,0.09,0.,0.09,0.088,0.,0.088,0.,0.,0.,0.053,0.,0.053,0.035,0.,0.035,0.033,0.,0.033,0.053,0.,0.053,0.,0.,0.
82,0.092,0.,0.091,0.096,0.,0.096,0.,0.,0.,0.057,0.,0.056,0.033,0.,0.033,0.037,0.,0.037,0.057,0.,0.057,0.,0.,0.
83,0.093,0.,0.093,0.094,0.,0.094,0.,0.,0.,0.055,0.,0.055,0.035,0.,0.035,0.037,0.,0.037,0.055,0.,0.055,0.,0.,0.
84,0.103,0.,0.103,0.095,0.,0.095,0.,0.,0.,0.061,0.,0.061,0.039,0.,0.039,0.036,0.,0.036,0.057,0.,0.057,0.,0.,0.
85,0.099,0.,0.099,0.097,0.,0.097,0.,0.,0.,0.059,0.,0.059,0.038,0.,0.038,0.035,0.,0.035,0.06,0.,0.06,0.,0.,0.
86,0.099,0.,0.099,0.103,0.,0.102,0.,0.,0.,0.059,0.,0.059,0.037,0.,0.037,0.036,0.,0.036,0.061,0.,0.061,0.,0.,0.
87,0.108,0.,0.107,0.099,0.,0.099,0.,0.,0.,0.064,0.,0.063,0.042,0.,0.042,0.036,0.,0.036,0.061,0.,0.061,0.,0.,0.
88,0.105,0.,0.105,0.103,0.001,0.102,0.,0.,0.,0.064,0.,0.064,0.039,0.,0.039,0.037,0.,0.037,0.064,0.,0.063,0.,0.,0.
89,0.11,0.,0.11,0.105,0.,0.104,0.,0.,0.,0.065,0.,0.065,0.043,0.,0.043,0.038,0.,0.037,0.064,0.,0.064,0.,0.,0.
90,0.106,0.,0.106,0.109,0.001,0.108,0.,0.,0.,0.065,0.,0.065,0.04,0.,0.04,0.039,0.,0.039,0.068,0.,0.067,0.,0.,0.
91,0.11,0.,0.109,0.109,0.,0.109,0.,0.,0.,0.068,0.,0.067,0.04,0.,0.04,0.039,0.,0.039,0.067,0.,0.067,0.,0.,0.
92,0.11,0.,0.11,0.113,0.,0.112,0.,0.,0.,0.067,0.,0.067,0.041,0.,0.041,0.04,0.,0.04,0.07,0.,0.069,0.,0.,0.
93,0.113,0.,0.113,0.114,0.,0.114,0.,0.,0.,0.07,0.,0.07,0.041,0.,0.041,0.042,0.,0.042,0.071,0.,0.071,0.,0.,0.
94,0.115,0.,0.114,0.117,0.,0.116,0.,0.,0.,0.07,0.,0.069,0.043,0.,0.043,0.042,0.,0.042,0.073,0.,0.073,0.,0.,0.
95,0.118,0.,0.118,0.118,0.,0.118,0.,0.,0.,0.073,0.,0.073,0.043,0.,0.043,0.044,0.,0.044,0.072,0.,0.072,0.,0.,0.
96,0.122,0.,0.122,0.122,0.,0.122,0.,0.,0.,0.076,0.,0.076,0.044,0.,0.044,0.044,0.,0.044,0.075,0.,0.075,0.,0.,0.
97,0.123,0.001,0.122,0.125,0.,0.125,0.,0.,0.,0.076,0.,0.075,0.045,0.,0.045,0.045,0.,0.045,0.078,0.,0.078,0.,0.,0.
98,0.128,0.,0.128,0.127,0.,0.127,0.,0.,0.,0.08,0.,0.08,0.046,0.,0.046,0.045,0.,0.045,0.079,0.,0.079,0.,0.,0.
99,0.128,0.,0.128,0.129,0.,0.129,0.,0.,0.,0.079,0.,0.079,0.047,0.,0.047,0.047,0.,0.047,0.079,0.,0.079,0.,0.,0.
100,0.135,0.001,0.134,0.138,0.,0.138,0.,0.,0.,0.081,0.,0.08,0.052,0.,0.052,0.054,0.,0.054,0.083,0.,0.083,0.,0.,0.
110,0.158,0.,0.158,0.159,0.,0.159,0.001,0.,0.001,0.097,0.,0.097,0.059,0.,0.059,0.058,0.,0.058,0.098,0.,0.098,0.001,0.,0.001
120,0.188,0.,0.188,0.19,0.,0.19,0.001,0.,0.001,0.115,0.,0.115,0.07,0.,0.07,0.07,0.,0.07,0.118,0.,0.118,0.001,0.,0.001
130,0.219,0.,0.219,0.238,0.002,0.236,0.001,0.,0.001,0.135,0.,0.135,0.081,0.,0.081,0.09,0.001,0.089,0.146,0.,0.145,0.001,0.,0.001
140,0.266,0.,0.265,0.268,0.,0.268,0.001,0.,0.001,0.16,0.,0.159,0.104,0.,0.104,0.101,0.,0.101,0.164,0.,0.164,0.001,0.,0.001
150,0.316,0.,0.315,0.316,0.001,0.314,0.001,0.,0.001,0.196,0.,0.196,0.118,0.,0.117,0.119,0.001,0.118,0.195,0.,0.194,0.001,0.,0.001
160,0.359,0.,0.358,0.362,0.,0.361,0.001,0.,0.001,0.219,0.,0.219,0.136,0.,0.135,0.133,0.,0.133,0.225,0.,0.224,0.001,0.,0.001
170,0.405,0.,0.405,0.404,0.003,0.4,0.001,0.,0.001,0.25,0.,0.25,0.152,0.,0.152,0.151,0.001,0.149,0.25,0.001,0.249,0.001,0.,0.
180,0.459,0.,0.458,0.438,0.,0.438,0.003,0.,0.003,0.283,0.,0.282,0.171,0.,0.171,0.155,0.,0.155,0.28,0.,0.28,0.002,0.,0.002
190,0.477,0.,0.476,0.481,0.,0.48,0.002,0.,0.002,0.302,0.,0.301,0.171,0.,0.171,0.175,0.,0.174,0.302,0.,0.302,0.002,0.,0.002
200,0.562,0.001,0.561,0.567,0.,0.566,0.002,0.,0.002,0.356,0.,0.356,0.203,0.,0.202,0.203,0.,0.202,0.361,0.,0.361,0.002,0.,0.002
210,0.587,0.,0.587,0.589,0.,0.589,0.002,0.,0.002,0.373,0.,0.373,0.211,0.,0.211,0.209,0.,0.209,0.376,0.,0.376,0.002,0.,0.002
220,0.647,0.,0.647,0.654,0.,0.654,0.002,0.,0.002,0.414,0.,0.414,0.228,0.,0.228,0.232,0.,0.232,0.418,0.,0.418,0.002,0.,0.002
230,0.732,0.,0.732,0.761,0.,0.761,0.002,0.,0.002,0.455,0.,0.455,0.273,0.,0.273,0.275,0.,0.275,0.482,0.,0.482,0.002,0.,0.002
240,0.822,0.,0.822,0.825,0.,0.825,0.003,0.,0.003,0.52,0.,0.52,0.297,0.,0.297,0.297,0.,0.297,0.524,0.,0.524,0.002,0.,0.002
250,0.861,0.001,0.859,0.867,0.002,0.865,0.003,0.,0.002,0.565,0.,0.564,0.292,0.,0.292,0.29,0.,0.29,0.573,0.001,0.571,0.003,0.,0.003
260,0.93,0.003,0.925,0.928,0.001,0.925,0.003,0.,0.003,0.608,0.002,0.605,0.316,0.001,0.315,0.322,0.,0.322,0.6,0.001,0.598,0.003,0.,0.003
270,0.993,0.002,0.991,1.,0.,1.,0.003,0.,0.003,0.644,0.001,0.642,0.344,0.,0.344,0.345,0.,0.345,0.648,0.,0.648,0.004,0.,0.004
280,1.08,0.,1.08,1.135,0.,1.134,0.003,0.,0.003,0.69,0.,0.69,0.385,0.,0.385,0.409,0.,0.409,0.72,0.,0.719,0.003,0.,0.003
290,1.22,0.,1.22,1.19,0.,1.19,0.003,0.,0.003,0.78,0.,0.78,0.434,0.,0.434,0.398,0.,0.398,0.787,0.,0.787,0.003,0.,0.003
300,1.259,0.002,1.256,1.274,0.004,1.269,0.004,0.,0.004,0.814,0.,0.814,0.44,0.002,0.437,0.435,0.003,0.431,0.834,0.,0.833,0.004,0.,0.004
310,1.373,0.,1.373,1.344,0.,1.344,0.004,0.,0.004,0.911,0.,0.911,0.456,0.,0.456,0.458,0.,0.458,0.879,0.,0.879,0.005,0.,0.005
320,1.418,0.,1.416,1.477,0.,1.476,0.004,0.,0.004,0.929,0.,0.929,0.482,0.,0.481,0.504,0.,0.504,0.966,0.,0.966,0.004,0.,0.004
330,1.598,0.,1.598,1.648,0.001,1.646,0.004,0.,0.004,1.035,0.,1.035,0.557,0.,0.557,0.561,0.001,0.56,1.08,0.,1.079,0.004,0.,0.004
340,1.638,0.001,1.636,1.643,0.001,1.641,0.004,0.,0.004,1.08,0.001,1.078,0.55,0.,0.55,0.552,0.,0.551,1.084,0.,1.083,0.004,0.,0.004
350,1.798,0.003,1.794,1.791,0.002,1.788,0.005,0.,0.005,1.208,0.002,1.205,0.584,0.,0.583,0.581,0.001,0.58,1.204,0.001,1.202,0.005,0.,0.005
360,2.036,0.,2.035,1.895,0.,1.895,0.005,0.,0.005,1.371,0.,1.371,0.657,0.,0.656,0.663,0.,0.663,1.225,0.,1.225,0.005,0.,0.005
370,2.009,0.001,2.008,2.004,0.,2.004,0.005,0.,0.005,1.359,0.001,1.358,0.643,0.,0.643,0.655,0.,0.655,1.341,0.,1.341,0.005,0.,0.005
380,2.052,0.,2.051,2.086,0.,2.086,0.005,0.,0.005,1.361,0.,1.361,0.681,0.,0.681,0.683,0.,0.683,1.396,0.,1.395,0.005,0.,0.005
390,2.268,0.,2.268,2.268,0.,2.268,0.007,0.,0.007,1.535,0.,1.535,0.724,0.,0.724,0.727,0.,0.727,1.533,0.,1.533,0.006,0.,0.006
400,2.353,0.003,2.35,2.34,0.002,2.338,0.006,0.,0.006,1.573,0.002,1.57,0.772,0.,0.772,0.767,0.,0.767,1.566,0.002,1.564,0.006,0.,0.006