param-n,abstract+rewrite-strat-bottomup-real,abstract+rewrite-strat-bottomup-sys,abstract+rewrite-strat-bottomup-user,abstract+rewrite-strat-topdown-real,abstract+rewrite-strat-topdown-sys,abstract+rewrite-strat-topdown-user,close-abstract+rewrite-strat-bottomup-real,close-abstract+rewrite-strat-bottomup-sys,close-abstract+rewrite-strat-bottomup-user,close-abstract+rewrite-strat-topdown-real,close-abstract+rewrite-strat-topdown-sys,close-abstract+rewrite-strat-topdown-user,rewrite-strat-bottomup-real,rewrite-strat-bottomup-sys,rewrite-strat-bottomup-user,rewrite-strat-bottomup-noop-real,rewrite-strat-bottomup-noop-sys,rewrite-strat-bottomup-noop-user,rewrite-strat-topdown-real,rewrite-strat-topdown-sys,rewrite-strat-topdown-user,rewrite-strat-topdown-noop-real,rewrite-strat-topdown-noop-sys,rewrite-strat-topdown-noop-user
1,0.,0.,0.,0.,0.,0.,0.,0.,0.,0.,0.,0.,0.,0.,0.,0.,0.,0.,0.,0.,0.,0.,0.,0.
2,0.001,0.001,0.,0.,0.,0.,0.,0.,0.,0.,0.,0.,0.,0.,0.,0.,0.,0.,0.,0.,0.,0.,0.,0.
3,0.001,0.001,0.,0.001,0.,0.001,0.,0.,0.,0.,0.,0.,0.,0.,0.,0.,0.,0.,0.,0.,0.,0.,0.,0.
4,0.002,0.,0.002,0.001,0.,0.001,0.,0.,0.,0.,0.,0.,0.001,0.,0.001,0.,0.,0.,0.,0.,0.,0.,0.,0.
5,0.002,0.,0.002,0.001,0.,0.001,0.,0.,0.,0.,0.,0.,0.001,0.,0.001,0.,0.,0.,0.,0.,0.,0.,0.,0.
6,0.003,0.,0.003,0.001,0.,0.001,0.,0.,0.,0.,0.,0.,0.002,0.,0.002,0.,0.,0.,0.001,0.,0.001,0.,0.,0.
7,0.003,0.,0.003,0.002,0.,0.002,0.,0.,0.,0.,0.,0.,0.002,0.,0.002,0.,0.,0.,0.001,0.,0.001,0.,0.,0.
8,0.004,0.,0.004,0.002,0.,0.002,0.,0.,0.,0.,0.,0.,0.002,0.,0.002,0.,0.,0.,0.001,0.,0.001,0.,0.,0.
9,0.004,0.,0.004,0.002,0.,0.002,0.001,0.,0.001,0.,0.,0.,0.003,0.,0.003,0.,0.,0.,0.001,0.,0.001,0.,0.,0.
10,0.044,0.003,0.04,0.003,0.,0.003,0.001,0.,0.,0.,0.,0.,0.043,0.003,0.039,0.,0.,0.,0.002,0.,0.002,0.,0.,0.
11,0.005,0.,0.004,0.041,0.,0.041,0.001,0.,0.,0.038,0.,0.038,0.003,0.,0.003,0.,0.,0.,0.002,0.,0.002,0.,0.,0.
12,0.005,0.003,0.002,0.003,0.,0.003,0.001,0.,0.001,0.001,0.,0.001,0.003,0.002,0.001,0.,0.,0.,0.002,0.,0.002,0.,0.,0.
13,0.006,0.,0.006,0.003,0.,0.003,0.001,0.,0.001,0.001,0.,0.001,0.004,0.,0.004,0.,0.,0.,0.002,0.,0.002,0.,0.,0.
14,0.006,0.,0.006,0.003,0.,0.003,0.001,0.,0.001,0.001,0.,0.001,0.004,0.,0.004,0.,0.,0.,0.002,0.,0.002,0.,0.,0.
15,0.007,0.,0.007,0.004,0.,0.004,0.001,0.,0.001,0.001,0.,0.001,0.005,0.,0.005,0.,0.,0.,0.002,0.,0.002,0.,0.,0.
16,0.009,0.,0.009,0.004,0.,0.004,0.003,0.,0.003,0.001,0.,0.001,0.005,0.,0.005,0.,0.,0.,0.002,0.,0.002,0.,0.,0.
17,0.009,0.,0.009,0.005,0.,0.005,0.002,0.,0.002,0.001,0.,0.001,0.006,0.,0.006,0.,0.,0.,0.003,0.,0.003,0.,0.,0.
18,0.009,0.,0.009,0.005,0.,0.005,0.002,0.,0.002,0.001,0.,0.001,0.006,0.,0.006,0.,0.,0.,0.003,0.,0.003,0.,0.,0.
19,0.01,0.,0.01,0.006,0.,0.006,0.002,0.,0.002,0.002,0.,0.002,0.007,0.,0.007,0.,0.,0.,0.003,0.,0.003,0.,0.,0.
20,0.012,0.,0.012,0.007,0.,0.007,0.003,0.,0.003,0.002,0.,0.002,0.008,0.,0.008,0.,0.,0.,0.005,0.,0.005,0.,0.,0.
21,0.012,0.,0.012,0.007,0.,0.007,0.003,0.,0.003,0.002,0.,0.002,0.008,0.,0.008,0.,0.,0.,0.004,0.,0.004,0.,0.,0.
22,0.013,0.,0.013,0.007,0.,0.007,0.003,0.,0.003,0.002,0.,0.002,0.009,0.,0.009,0.,0.,0.,0.004,0.,0.004,0.,0.,0.
23,0.014,0.,0.014,0.008,0.,0.008,0.004,0.,0.004,0.002,0.,0.002,0.009,0.,0.009,0.,0.,0.,0.004,0.,0.004,0.,0.,0.
24,0.015,0.,0.015,0.01,0.,0.01,0.004,0.,0.004,0.004,0.,0.004,0.011,0.,0.011,0.,0.,0.,0.005,0.,0.005,0.,0.,0.
25,0.016,0.,0.016,0.009,0.,0.009,0.004,0.,0.004,0.003,0.,0.003,0.011,0.,0.011,0.,0.,0.,0.005,0.,0.005,0.,0.,0.
26,0.018,0.,0.018,0.009,0.,0.009,0.004,0.,0.004,0.003,0.,0.003,0.012,0.,0.012,0.,0.,0.,0.005,0.,0.005,0.,0.,0.
27,0.018,0.,0.018,0.01,0.,0.01,0.005,0.,0.005,0.003,0.,0.003,0.012,0.,0.012,0.,0.,0.,0.006,0.,0.006,0.,0.,0.
28,0.02,0.,0.02,0.011,0.,0.011,0.006,0.,0.006,0.004,0.,0.004,0.013,0.,0.013,0.,0.,0.,0.006,0.,0.006,0.,0.,0.
29,0.02,0.,0.02,0.011,0.,0.011,0.006,0.,0.006,0.004,0.,0.004,0.014,0.,0.014,0.,0.,0.,0.007,0.,0.007,0.,0.,0.
30,0.022,0.,0.022,0.012,0.,0.012,0.007,0.,0.007,0.004,0.,0.004,0.014,0.,0.014,0.,0.,0.,0.007,0.,0.007,0.,0.,0.
31,0.023,0.,0.023,0.015,0.,0.015,0.006,0.,0.006,0.006,0.,0.006,0.015,0.,0.015,0.,0.,0.,0.007,0.,0.007,0.,0.,0.
32,0.025,0.,0.025,0.014,0.,0.014,0.007,0.,0.007,0.005,0.,0.005,0.017,0.,0.017,0.,0.,0.,0.008,0.,0.008,0.,0.,0.
33,0.025,0.,0.025,0.015,0.,0.015,0.007,0.,0.007,0.005,0.,0.005,0.017,0.,0.017,0.,0.,0.,0.008,0.,0.008,0.,0.,0.
34,0.028,0.,0.028,0.016,0.,0.016,0.008,0.,0.008,0.005,0.,0.005,0.019,0.,0.019,0.,0.,0.,0.009,0.,0.009,0.,0.,0.
35,0.029,0.,0.029,0.016,0.,0.016,0.009,0.,0.009,0.006,0.,0.006,0.019,0.,0.019,0.,0.,0.,0.009,0.,0.009,0.,0.,0.
36,0.029,0.,0.029,0.02,0.,0.02,0.008,0.,0.008,0.006,0.,0.006,0.02,0.,0.02,0.,0.,0.,0.013,0.,0.013,0.,0.,0.
37,0.032,0.,0.032,0.018,0.,0.018,0.009,0.,0.009,0.006,0.,0.006,0.022,0.,0.022,0.,0.,0.,0.01,0.,0.01,0.,0.,0.
38,0.033,0.,0.033,0.02,0.,0.02,0.009,0.,0.009,0.008,0.,0.008,0.022,0.,0.022,0.,0.,0.,0.011,0.,0.011,0.,0.,0.
39,0.035,0.,0.035,0.02,0.,0.02,0.012,0.,0.012,0.007,0.,0.007,0.022,0.,0.022,0.,0.,0.,0.011,0.,0.011,0.,0.,0.
40,0.036,0.,0.036,0.022,0.,0.022,0.011,0.,0.011,0.008,0.,0.008,0.023,0.,0.023,0.,0.,0.,0.014,0.,0.014,0.,0.,0.
41,0.036,0.,0.036,0.021,0.,0.021,0.011,0.,0.011,0.008,0.,0.008,0.024,0.,0.024,0.,0.,0.,0.012,0.,0.012,0.,0.,0.
42,0.04,0.,0.04,0.023,0.,0.023,0.011,0.,0.011,0.008,0.,0.008,0.027,0.,0.027,0.,0.,0.,0.013,0.,0.013,0.,0.,0.
43,0.04,0.,0.04,0.023,0.,0.023,0.012,0.,0.012,0.009,0.,0.009,0.027,0.,0.027,0.,0.,0.,0.013,0.,0.013,0.,0.,0.
44,0.043,0.,0.043,0.026,0.,0.026,0.012,0.,0.012,0.009,0.,0.009,0.029,0.,0.029,0.,0.,0.,0.014,0.,0.014,0.,0.,0.
45,0.044,0.,0.044,0.027,0.,0.027,0.013,0.,0.013,0.009,0.,0.009,0.029,0.,0.029,0.,0.,0.,0.016,0.,0.016,0.,0.,0.
46,0.046,0.,0.046,0.029,0.,0.029,0.014,0.,0.014,0.013,0.,0.013,0.031,0.,0.031,0.,0.,0.,0.015,0.,0.015,0.,0.,0.
47,0.048,0.,0.048,0.027,0.,0.027,0.015,0.,0.015,0.01,0.,0.01,0.032,0.,0.032,0.,0.,0.,0.016,0.,0.016,0.,0.,0.
48,0.05,0.,0.05,0.03,0.,0.03,0.016,0.,0.016,0.011,0.,0.011,0.032,0.,0.032,0.,0.,0.,0.018,0.,0.018,0.,0.,0.
49,0.053,0.,0.053,0.032,0.,0.032,0.015,0.,0.015,0.014,0.,0.014,0.036,0.,0.036,0.,0.,0.,0.017,0.,0.017,0.,0.,0.
50,0.095,0.011,0.083,0.073,0.008,0.065,0.016,0.,0.016,0.011,0.,0.011,0.078,0.011,0.067,0.,0.,0.,0.061,0.008,0.052,0.,0.,0.
51,0.055,0.,0.055,0.034,0.,0.034,0.017,0.,0.017,0.014,0.,0.014,0.037,0.,0.037,0.,0.,0.,0.018,0.,0.018,0.,0.,0.
52,0.061,0.,0.061,0.033,0.,0.033,0.02,0.,0.02,0.013,0.,0.013,0.04,0.,0.04,0.,0.,0.,0.019,0.,0.019,0.,0.,0.
53,0.063,0.,0.063,0.037,0.,0.037,0.018,0.,0.018,0.013,0.,0.013,0.044,0.,0.044,0.,0.,0.,0.023,0.,0.023,0.,0.,0.
54,0.062,0.,0.062,0.036,0.,0.036,0.019,0.,0.019,0.013,0.,0.013,0.042,0.,0.042,0.,0.,0.,0.021,0.,0.021,0.,0.,0.
55,0.067,0.,0.067,0.038,0.,0.038,0.02,0.,0.02,0.014,0.,0.014,0.046,0.,0.046,0.,0.,0.,0.022,0.,0.022,0.,0.,0.
56,0.067,0.,0.067,0.038,0.,0.038,0.02,0.,0.02,0.014,0.,0.014,0.046,0.,0.046,0.,0.,0.,0.022,0.,0.022,0.,0.,0.
57,0.067,0.,0.067,0.042,0.,0.042,0.021,0.,0.021,0.015,0.,0.015,0.044,0.,0.044,0.001,0.,0.001,0.025,0.,0.025,0.,0.,0.
58,0.072,0.,0.072,0.041,0.,0.041,0.024,0.,0.024,0.015,0.,0.015,0.046,0.,0.046,0.,0.,0.,0.024,0.,0.024,0.,0.,0.
59,0.073,0.,0.073,0.043,0.,0.043,0.022,0.,0.022,0.016,0.,0.016,0.049,0.,0.049,0.,0.,0.,0.026,0.,0.026,0.,0.,0.
60,0.079,0.,0.079,0.044,0.,0.044,0.023,0.,0.023,0.017,0.,0.017,0.055,0.,0.055,0.,0.,0.,0.025,0.,0.025,0.,0.,0.
61,0.082,0.,0.082,0.045,0.,0.045,0.025,0.,0.025,0.018,0.,0.018,0.056,0.,0.056,0.,0.,0.,0.026,0.,0.026,0.,0.,0.
62,0.082,0.,0.082,0.048,0.,0.048,0.025,0.,0.025,0.019,0.,0.019,0.055,0.,0.055,0.,0.,0.,0.027,0.,0.027,0.,0.,0.
63,0.083,0.,0.083,0.048,0.,0.048,0.026,0.,0.026,0.018,0.,0.018,0.056,0.,0.056,0.,0.,0.,0.028,0.,0.028,0.,0.,0.
64,0.085,0.,0.085,0.052,0.,0.052,0.027,0.,0.027,0.019,0.,0.019,0.056,0.,0.056,0.,0.,0.,0.032,0.,0.032,0.,0.,0.
65,0.086,0.,0.086,0.052,0.,0.052,0.027,0.,0.027,0.021,0.,0.021,0.057,0.,0.057,0.,0.,0.,0.03,0.,0.03,0.,0.,0.
66,0.089,0.,0.089,0.053,0.,0.053,0.028,0.,0.028,0.02,0.,0.02,0.059,0.,0.059,0.,0.,0.,0.032,0.,0.032,0.,0.,0.
67,0.094,0.,0.094,0.058,0.,0.058,0.029,0.,0.029,0.021,0.,0.021,0.064,0.,0.064,0.,0.,0.,0.035,0.,0.035,0.,0.,0.
68,0.098,0.,0.098,0.056,0.,0.056,0.032,0.,0.032,0.022,0.,0.022,0.065,0.,0.065,0.,0.,0.,0.032,0.,0.032,0.,0.,0.
69,0.101,0.,0.101,0.057,0.,0.057,0.029,0.,0.029,0.022,0.,0.022,0.068,0.,0.068,0.002,0.,0.002,0.034,0.,0.034,0.,0.,0.
70,0.106,0.,0.106,0.065,0.,0.065,0.035,0.,0.035,0.026,0.,0.026,0.069,0.,0.069,0.,0.,0.,0.038,0.,0.038,0.,0.,0.
71,0.11,0.,0.11,0.063,0.003,0.06,0.04,0.,0.04,0.023,0.002,0.02,0.068,0.,0.068,0.,0.,0.,0.038,0.,0.038,0.,0.,0.
72,0.103,0.,0.103,0.062,0.,0.062,0.033,0.,0.033,0.025,0.,0.025,0.069,0.,0.069,0.,0.,0.,0.036,0.,0.036,0.,0.,0.
73,0.106,0.,0.106,0.064,0.,0.064,0.034,0.,0.034,0.024,0.,0.024,0.07,0.,0.07,0.,0.,0.,0.038,0.,0.038,0.,0.,0.
74,0.114,0.,0.114,0.068,0.,0.068,0.034,0.,0.034,0.025,0.,0.025,0.078,0.,0.078,0.,0.,0.,0.041,0.,0.041,0.,0.,0.
75,0.119,0.,0.119,0.074,0.,0.074,0.037,0.,0.037,0.027,0.,0.027,0.081,0.,0.081,0.,0.,0.,0.045,0.,0.045,0.,0.,0.
76,0.118,0.,0.118,0.072,0.,0.072,0.04,0.,0.04,0.027,0.,0.027,0.076,0.,0.076,0.,0.,0.,0.043,0.,0.043,0.,0.,0.
77,0.121,0.,0.121,0.071,0.,0.071,0.037,0.,0.037,0.028,0.,0.028,0.083,0.,0.083,0.,0.,0.,0.042,0.,0.042,0.,0.,0.
78,0.122,0.,0.122,0.073,0.,0.073,0.038,0.,0.038,0.028,0.,0.028,0.083,0.,0.083,0.,0.,0.,0.043,0.,0.043,0.,0.,0.
79,0.121,0.,0.121,0.074,0.,0.074,0.039,0.,0.039,0.03,0.,0.03,0.081,0.,0.081,0.,0.,0.,0.043,0.,0.043,0.,0.,0.
80,0.127,0.003,0.124,0.077,0.,0.077,0.039,0.,0.039,0.031,0.,0.031,0.086,0.003,0.083,0.,0.,0.,0.044,0.,0.044,0.,0.,0.
81,0.129,0.,0.129,0.08,0.,0.08,0.041,0.,0.041,0.033,0.,0.033,0.086,0.,0.086,0.,0.,0.,0.046,0.,0.046,0.,0.,0.
82,0.131,0.,0.131,0.083,0.,0.083,0.041,0.,0.041,0.034,0.,0.034,0.088,0.,0.088,0.,0.,0.,0.047,0.,0.047,0.,0.,0.
83,0.141,0.,0.141,0.083,0.,0.083,0.043,0.,0.043,0.034,0.,0.034,0.096,0.,0.096,0.,0.,0.,0.047,0.,0.047,0.,0.,0.
84,0.138,0.,0.138,0.084,0.003,0.081,0.043,0.,0.043,0.034,0.,0.034,0.093,0.,0.093,0.,0.,0.,0.048,0.002,0.046,0.,0.,0.
85,0.142,0.,0.142,0.085,0.,0.085,0.045,0.,0.045,0.033,0.,0.033,0.096,0.,0.096,0.,0.,0.,0.049,0.,0.049,0.001,0.,0.001
86,0.145,0.,0.145,0.088,0.,0.088,0.046,0.,0.046,0.034,0.,0.034,0.097,0.,0.097,0.,0.,0.,0.051,0.,0.051,0.,0.,0.
87,0.149,0.,0.149,0.09,0.,0.09,0.047,0.,0.047,0.035,0.,0.035,0.1,0.,0.1,0.,0.,0.,0.052,0.,0.052,0.,0.,0.
88,0.156,0.,0.156,0.095,0.,0.095,0.049,0.,0.049,0.036,0.,0.036,0.105,0.,0.105,0.,0.,0.,0.057,0.,0.057,0.,0.,0.
89,0.157,0.,0.157,0.099,0.003,0.095,0.049,0.,0.049,0.036,0.,0.036,0.106,0.,0.106,0.,0.,0.,0.061,0.002,0.058,0.,0.,0.
90,0.161,0.,0.161,0.108,0.,0.108,0.05,0.,0.05,0.043,0.,0.043,0.108,0.,0.108,0.,0.,0.,0.063,0.,0.063,0.,0.,0.
91,0.174,0.,0.174,0.103,0.,0.103,0.059,0.,0.059,0.043,0.,0.043,0.113,0.,0.113,0.,0.,0.,0.058,0.,0.058,0.,0.,0.
92,0.176,0.,0.176,0.1,0.,0.1,0.059,0.,0.059,0.039,0.,0.039,0.115,0.,0.115,0.,0.,0.,0.058,0.,0.058,0.,0.,0.
93,0.181,0.003,0.177,0.103,0.,0.103,0.06,0.,0.06,0.04,0.,0.04,0.119,0.003,0.115,0.,0.,0.,0.061,0.,0.061,0.,0.,0.
94,0.185,0.,0.185,0.106,0.,0.106,0.063,0.,0.063,0.04,0.,0.04,0.12,0.,0.12,0.,0.,0.,0.063,0.,0.063,0.,0.,0.
95,0.206,0.,0.206,0.107,0.,0.107,0.065,0.,0.065,0.041,0.,0.041,0.139,0.,0.139,0.,0.,0.,0.064,0.,0.064,0.,0.,0.
96,0.196,0.003,0.192,0.108,0.,0.108,0.068,0.,0.068,0.042,0.,0.042,0.126,0.003,0.122,0.,0.,0.,0.064,0.,0.064,0.,0.,0.
97,0.196,0.,0.196,0.112,0.,0.112,0.065,0.,0.065,0.042,0.,0.042,0.129,0.,0.129,0.,0.,0.,0.068,0.,0.068,0.,0.,0.
98,0.209,0.,0.209,0.114,0.,0.114,0.061,0.,0.061,0.044,0.,0.044,0.146,0.,0.146,0.,0.,0.,0.068,0.,0.068,0.,0.,0.
99,0.187,0.,0.187,0.117,0.,0.117,0.061,0.,0.061,0.044,0.,0.044,0.124,0.,0.124,0.,0.,0.,0.07,0.,0.07,0.,0.,0.
100,0.206,0.007,0.198,0.12,0.,0.12,0.074,0.003,0.07,0.046,0.,0.046,0.131,0.004,0.127,0.,0.,0.,0.072,0.,0.072,0.,0.,0.
110,0.235,0.,0.235,0.14,0.,0.14,0.077,0.,0.077,0.055,0.,0.055,0.155,0.,0.155,0.001,0.,0.001,0.083,0.,0.083,0.001,0.,0.001
120,0.286,0.,0.286,0.169,0.,0.169,0.093,0.,0.093,0.066,0.,0.066,0.19,0.,0.19,0.001,0.,0.001,0.1,0.,0.1,0.001,0.,0.001
130,0.335,0.,0.335,0.197,0.,0.197,0.107,0.,0.107,0.076,0.,0.076,0.226,0.,0.226,0.001,0.,0.001,0.119,0.,0.119,0.001,0.,0.001
140,0.384,0.003,0.38,0.239,0.,0.239,0.125,0.,0.124,0.093,0.,0.093,0.256,0.002,0.254,0.001,0.,0.001,0.143,0.,0.142,0.001,0.,0.001
150,0.486,0.,0.486,0.288,0.,0.288,0.158,0.,0.158,0.117,0.,0.117,0.325,0.,0.325,0.001,0.,0.001,0.169,0.,0.169,0.001,0.,0.001
160,0.514,0.,0.514,0.33,0.,0.33,0.177,0.,0.177,0.134,0.,0.134,0.334,0.,0.334,0.001,0.,0.001,0.193,0.,0.193,0.001,0.,0.001
170,0.609,0.003,0.606,0.379,0.007,0.371,0.209,0.,0.209,0.152,0.003,0.148,0.396,0.002,0.394,0.001,0.,0.001,0.223,0.003,0.219,0.001,0.,0.001
180,0.653,0.,0.653,0.406,0.003,0.402,0.199,0.,0.199,0.159,0.,0.159,0.451,0.,0.451,0.002,0.,0.002,0.244,0.003,0.24,0.002,0.,0.002
190,0.716,0.,0.716,0.426,0.,0.425,0.224,0.,0.224,0.163,0.,0.163,0.488,0.,0.488,0.002,0.,0.002,0.259,0.,0.259,0.002,0.,0.002
200,0.81,0.,0.81,0.525,0.,0.525,0.241,0.,0.241,0.204,0.,0.204,0.566,0.,0.566,0.002,0.,0.002,0.317,0.,0.317,0.002,0.,0.002
210,0.861,0.,0.861,0.529,0.,0.529,0.269,0.,0.269,0.198,0.,0.198,0.587,0.,0.587,0.002,0.,0.002,0.327,0.,0.327,0.002,0.,0.002
220,1.051,0.,1.051,0.612,0.007,0.604,0.293,0.,0.293,0.246,0.004,0.242,0.754,0.,0.754,0.002,0.,0.002,0.361,0.,0.361,0.003,0.003,0.
230,1.063,0.007,1.055,0.702,0.004,0.698,0.326,0.003,0.322,0.237,0.,0.237,0.732,0.003,0.728,0.003,0.,0.003,0.461,0.003,0.457,0.003,0.,0.003
240,1.254,0.007,1.246,0.724,0.003,0.72,0.379,0.,0.379,0.261,0.,0.261,0.87,0.007,0.862,0.003,0.,0.003,0.458,0.003,0.454,0.003,0.,0.003
250,1.264,0.003,1.259,0.748,0.,0.748,0.391,0.,0.391,0.275,0.,0.275,0.867,0.003,0.863,0.003,0.,0.003,0.463,0.,0.463,0.008,0.,0.008
260,1.362,0.,1.362,0.895,0.,0.895,0.412,0.,0.412,0.336,0.,0.336,0.944,0.,0.944,0.003,0.,0.003,0.548,0.,0.548,0.008,0.,0.008
270,1.561,0.,1.561,0.909,0.,0.909,0.481,0.,0.481,0.333,0.,0.333,1.074,0.,1.074,0.004,0.,0.004,0.57,0.,0.57,0.004,0.,0.004
280,1.618,0.007,1.61,0.955,0.,0.954,0.482,0.003,0.478,0.352,0.,0.352,1.13,0.003,1.126,0.004,0.,0.004,0.597,0.,0.597,0.004,0.,0.004
290,1.728,0.,1.728,1.081,0.,1.081,0.522,0.,0.522,0.419,0.,0.418,1.199,0.,1.199,0.004,0.,0.004,0.656,0.,0.656,0.004,0.,0.004
300,1.951,0.,1.951,1.144,0.007,1.136,0.545,0.,0.545,0.447,0.,0.447,1.4,0.,1.4,0.004,0.,0.004,0.691,0.007,0.684,0.004,0.,0.004
310,2.09,0.,2.09,1.204,0.,1.204,0.59,0.,0.59,0.427,0.,0.427,1.493,0.,1.493,0.005,0.,0.005,0.77,0.,0.77,0.005,0.,0.005
320,2.216,0.,2.216,1.348,0.,1.347,0.666,0.,0.666,0.498,0.,0.498,1.543,0.,1.543,0.005,0.,0.005,0.843,0.,0.842,0.005,0.,0.005
330,2.267,0.,2.267,1.384,0.,1.384,0.662,0.,0.662,0.489,0.,0.489,1.598,0.,1.598,0.005,0.,0.005,0.887,0.,0.887,0.005,0.,0.005
340,2.534,0.,2.534,1.538,0.,1.538,0.76,0.,0.76,0.562,0.,0.562,1.767,0.,1.767,0.005,0.,0.005,0.968,0.,0.968,0.006,0.,0.006
350,2.693,0.004,2.689,1.549,0.003,1.545,0.748,0.,0.748,0.539,0.,0.539,1.938,0.003,1.934,0.006,0.,0.005,1.003,0.003,0.999,0.006,0.,0.006
360,2.998,0.003,2.994,1.667,0.,1.667,0.953,0.,0.953,0.578,0.,0.578,2.037,0.003,2.033,0.006,0.,0.006,1.081,0.,1.08,0.006,0.,0.006
370,2.993,0.,2.993,1.83,0.,1.83,0.808,0.,0.808,0.659,0.,0.659,2.176,0.,2.176,0.006,0.,0.006,1.158,0.,1.157,0.01,0.,0.01
380,3.21,0.,3.21,1.869,0.003,1.864,0.938,0.,0.938,0.645,0.,0.645,2.262,0.,2.262,0.007,0.,0.007,1.214,0.003,1.21,0.007,0.,0.007
390,3.629,0.,3.629,2.225,0.,2.225,1.003,0.,1.003,0.73,0.,0.73,2.616,0.,2.616,0.007,0.,0.007,1.485,0.,1.485,0.007,0.,0.007
400,3.717,0.,3.716,2.122,0.015,2.106,0.981,0.,0.981,0.693,0.,0.693,2.719,0.,2.719,0.015,0.,0.015,1.419,0.015,1.403,0.008,0.,0.008