param-n,abstract-regression-cubic-real,abstract-regression-cubic-sys,abstract-regression-cubic-user,close-abstract-regression-cubic-real,close-abstract-regression-cubic-sys,close-abstract-regression-cubic-user,fast-rewrite-regression-cubic-real,fast-rewrite-regression-cubic-sys,fast-rewrite-regression-cubic-user,pose-build-and-refine-regression-cubic-real,pose-build-and-refine-regression-cubic-sys,pose-build-and-refine-regression-cubic-user,refine-regression-quadratic-regression-linear-real,refine-regression-quadratic-regression-linear-sys,refine-regression-quadratic-regression-linear-user
1,0.,0.,0.,0.,0.,0.,0.,0.,0.,0.,0.,0.,0.,0.,0.
2,0.,0.,0.,0.,0.,0.,0.,0.,0.,0.,0.,0.,0.,0.,0.
3,0.,0.,0.,0.,0.,0.,0.,0.,0.,0.,0.,0.,0.,0.,0.
4,0.,0.,0.,0.,0.,0.,0.,0.,0.,0.,0.,0.,0.,0.,0.
5,0.,0.,0.,0.,0.,0.,0.,0.,0.,0.,0.,0.,0.,0.,0.
6,0.001,0.,0.001,0.,0.,0.,0.,0.,0.,0.,0.,0.,0.,0.,0.
7,0.001,0.,0.001,0.,0.,0.,0.,0.,0.,0.,0.,0.,0.,0.,0.
8,0.001,0.,0.001,0.,0.,0.,0.,0.,0.,0.,0.,0.,0.,0.,0.
9,0.001,0.,0.001,0.,0.,0.,0.,0.,0.,0.,0.,0.,0.,0.,0.
10,0.001,0.,0.001,0.,0.,0.,0.001,0.,0.001,0.001,0.,0.001,0.,0.,0.
11,0.001,0.,0.001,0.,0.,0.,0.001,0.,0.001,0.001,0.,0.001,0.,0.,0.
12,0.001,0.,0.,0.,0.,0.,0.001,0.,0.,0.001,0.,0.,0.,0.,0.
13,0.001,0.,0.001,0.,0.,0.,0.001,0.,0.001,0.001,0.,0.001,0.,0.,0.
14,0.043,0.002,0.04,0.,0.,0.,0.042,0.002,0.039,0.042,0.002,0.039,0.,0.,0.
15,0.001,0.,0.001,0.,0.,0.,0.001,0.,0.001,0.001,0.,0.001,0.,0.,0.
16,0.002,0.,0.002,0.,0.,0.,0.001,0.,0.001,0.001,0.,0.001,0.,0.,0.
17,0.002,0.,0.002,0.,0.,0.,0.001,0.,0.001,0.001,0.,0.001,0.,0.,0.
18,0.002,0.,0.002,0.,0.,0.,0.001,0.,0.001,0.001,0.,0.001,0.,0.,0.
19,0.002,0.,0.002,0.,0.,0.,0.001,0.,0.001,0.001,0.,0.001,0.,0.,0.
20,0.002,0.,0.002,0.,0.,0.,0.001,0.,0.001,0.001,0.,0.001,0.,0.,0.
21,0.002,0.,0.002,0.,0.,0.,0.001,0.,0.001,0.001,0.,0.001,0.,0.,0.
22,0.002,0.,0.002,0.,0.,0.,0.001,0.,0.001,0.001,0.,0.001,0.,0.,0.
23,0.002,0.,0.002,0.,0.,0.,0.001,0.,0.001,0.001,0.,0.001,0.,0.,0.
24,0.002,0.,0.002,0.,0.,0.,0.001,0.,0.001,0.001,0.,0.001,0.,0.,0.
25,0.003,0.,0.003,0.,0.,0.,0.001,0.,0.001,0.001,0.,0.001,0.,0.,0.
26,0.003,0.,0.003,0.,0.,0.,0.002,0.,0.002,0.002,0.,0.002,0.,0.,0.
27,0.003,0.,0.003,0.001,0.,0.001,0.002,0.,0.002,0.002,0.,0.002,0.,0.,0.
28,0.003,0.,0.002,0.001,0.,0.001,0.002,0.,0.001,0.002,0.,0.001,0.,0.,0.
29,0.005,0.,0.005,0.001,0.,0.001,0.004,0.,0.004,0.004,0.,0.004,0.,0.,0.
30,0.003,0.,0.003,0.001,0.,0.001,0.002,0.,0.002,0.002,0.,0.002,0.,0.,0.
31,0.004,0.,0.004,0.001,0.,0.001,0.002,0.,0.002,0.002,0.,0.002,0.,0.,0.
32,0.004,0.,0.004,0.001,0.,0.001,0.002,0.,0.002,0.002,0.,0.002,0.,0.,0.
33,0.004,0.,0.004,0.001,0.,0.001,0.002,0.,0.002,0.002,0.,0.002,0.,0.,0.
34,0.004,0.,0.004,0.001,0.,0.001,0.002,0.,0.002,0.002,0.,0.002,0.,0.,0.
35,0.004,0.,0.004,0.001,0.,0.001,0.003,0.,0.003,0.003,0.,0.003,0.,0.,0.
36,0.004,0.,0.004,0.001,0.,0.001,0.003,0.,0.003,0.003,0.,0.003,0.,0.,0.
37,0.005,0.,0.005,0.001,0.,0.001,0.003,0.,0.003,0.003,0.,0.003,0.,0.,0.
38,0.007,0.,0.007,0.004,0.,0.004,0.003,0.,0.003,0.003,0.,0.003,0.,0.,0.
39,0.005,0.,0.005,0.001,0.,0.001,0.003,0.,0.003,0.003,0.,0.003,0.,0.,0.
40,0.005,0.,0.005,0.001,0.,0.001,0.003,0.,0.003,0.003,0.,0.003,0.,0.,0.
41,0.005,0.,0.005,0.001,0.,0.001,0.003,0.,0.003,0.003,0.,0.003,0.,0.,0.
42,0.005,0.,0.005,0.002,0.,0.002,0.003,0.,0.003,0.003,0.,0.003,0.,0.,0.
43,0.006,0.,0.006,0.002,0.,0.002,0.003,0.,0.003,0.003,0.,0.003,0.,0.,0.
44,0.006,0.,0.006,0.002,0.,0.002,0.003,0.,0.003,0.003,0.,0.003,0.,0.,0.
45,0.006,0.,0.006,0.002,0.,0.002,0.003,0.,0.003,0.003,0.,0.003,0.,0.,0.
46,0.008,0.,0.008,0.002,0.,0.002,0.005,0.,0.005,0.005,0.,0.005,0.,0.,0.
47,0.006,0.,0.006,0.002,0.,0.002,0.004,0.,0.004,0.004,0.,0.004,0.,0.,0.
48,0.007,0.,0.007,0.002,0.,0.002,0.004,0.,0.004,0.004,0.,0.004,0.,0.,0.
49,0.007,0.,0.007,0.002,0.,0.002,0.004,0.,0.004,0.004,0.,0.004,0.,0.,0.
50,0.008,0.,0.008,0.002,0.,0.002,0.005,0.,0.005,0.005,0.,0.005,0.,0.,0.
51,0.007,0.,0.007,0.002,0.,0.002,0.004,0.,0.004,0.004,0.,0.004,0.,0.,0.
52,0.007,0.,0.007,0.002,0.,0.002,0.004,0.,0.004,0.004,0.,0.004,0.,0.,0.
53,0.008,0.,0.008,0.003,0.,0.003,0.004,0.,0.004,0.004,0.,0.004,0.,0.,0.
54,0.013,0.,0.013,0.003,0.,0.003,0.009,0.,0.009,0.009,0.,0.009,0.,0.,0.
55,0.008,0.,0.008,0.003,0.,0.003,0.004,0.,0.004,0.004,0.,0.004,0.,0.,0.
56,0.008,0.,0.008,0.003,0.,0.003,0.005,0.,0.005,0.005,0.,0.005,0.,0.,0.
57,0.009,0.,0.009,0.003,0.,0.003,0.005,0.,0.005,0.005,0.,0.005,0.,0.,0.
58,0.009,0.,0.009,0.003,0.,0.003,0.005,0.,0.005,0.005,0.,0.005,0.,0.,0.
59,0.01,0.,0.01,0.005,0.,0.005,0.005,0.,0.005,0.005,0.,0.005,0.,0.,0.
60,0.009,0.,0.009,0.004,0.,0.004,0.005,0.,0.005,0.005,0.,0.005,0.,0.,0.
61,0.009,0.,0.009,0.004,0.,0.004,0.005,0.,0.005,0.005,0.,0.005,0.,0.,0.
62,0.01,0.,0.01,0.004,0.,0.004,0.005,0.,0.005,0.005,0.,0.005,0.,0.,0.
63,0.01,0.,0.01,0.004,0.,0.004,0.005,0.,0.005,0.005,0.,0.005,0.,0.,0.
64,0.012,0.,0.012,0.006,0.,0.006,0.005,0.,0.005,0.005,0.,0.005,0.,0.,0.
65,0.01,0.,0.01,0.004,0.,0.004,0.005,0.,0.005,0.005,0.,0.005,0.,0.,0.
66,0.011,0.,0.011,0.004,0.,0.004,0.006,0.,0.006,0.006,0.,0.006,0.,0.,0.
67,0.011,0.,0.011,0.004,0.,0.004,0.006,0.,0.006,0.006,0.,0.006,0.,0.,0.
68,0.011,0.,0.011,0.005,0.,0.005,0.006,0.,0.006,0.006,0.,0.006,0.,0.,0.
69,0.014,0.,0.014,0.005,0.,0.005,0.009,0.,0.009,0.009,0.,0.009,0.,0.,0.
70,0.012,0.,0.012,0.005,0.,0.005,0.006,0.,0.006,0.006,0.,0.006,0.,0.,0.
71,0.012,0.,0.012,0.005,0.,0.005,0.006,0.,0.006,0.006,0.,0.006,0.,0.,0.
72,0.012,0.,0.012,0.005,0.,0.005,0.006,0.,0.006,0.006,0.,0.006,0.,0.,0.
73,0.016,0.,0.016,0.009,0.,0.009,0.006,0.,0.006,0.006,0.,0.006,0.,0.,0.
74,0.013,0.,0.013,0.006,0.,0.006,0.007,0.,0.007,0.007,0.,0.007,0.,0.,0.
75,0.013,0.,0.013,0.006,0.,0.006,0.007,0.,0.007,0.007,0.,0.007,0.,0.,0.
76,0.014,0.,0.014,0.006,0.,0.006,0.007,0.,0.007,0.007,0.,0.007,0.,0.,0.
77,0.014,0.,0.014,0.006,0.,0.006,0.007,0.,0.007,0.007,0.,0.007,0.,0.,0.
78,0.014,0.,0.014,0.006,0.,0.006,0.007,0.,0.007,0.007,0.,0.007,0.,0.,0.
79,0.014,0.,0.014,0.007,0.,0.007,0.007,0.,0.007,0.007,0.,0.007,0.,0.,0.
80,0.015,0.,0.015,0.007,0.,0.007,0.007,0.,0.007,0.007,0.,0.007,0.,0.,0.
81,0.016,0.,0.016,0.008,0.,0.008,0.007,0.,0.007,0.007,0.,0.007,0.,0.,0.
82,0.015,0.,0.015,0.007,0.,0.007,0.007,0.,0.007,0.007,0.,0.007,0.,0.,0.
83,0.016,0.,0.016,0.007,0.,0.007,0.007,0.,0.007,0.007,0.,0.007,0.,0.,0.
84,0.017,0.,0.016,0.008,0.,0.008,0.008,0.,0.008,0.008,0.,0.008,0.,0.,0.
85,0.018,0.,0.018,0.008,0.,0.008,0.01,0.,0.01,0.01,0.,0.01,0.,0.,0.
86,0.017,0.,0.017,0.008,0.,0.008,0.008,0.,0.008,0.008,0.,0.008,0.,0.,0.
87,0.017,0.,0.017,0.008,0.,0.008,0.008,0.,0.008,0.008,0.,0.008,0.,0.,0.
88,0.021,0.,0.021,0.012,0.,0.012,0.008,0.,0.008,0.008,0.,0.008,0.,0.,0.
89,0.018,0.,0.018,0.009,0.,0.009,0.008,0.,0.008,0.008,0.,0.008,0.,0.,0.
90,0.018,0.,0.018,0.009,0.,0.009,0.008,0.,0.008,0.008,0.,0.008,0.,0.,0.
91,0.018,0.,0.018,0.009,0.,0.009,0.008,0.,0.008,0.008,0.,0.008,0.,0.,0.
92,0.02,0.,0.02,0.009,0.,0.009,0.01,0.,0.01,0.01,0.,0.01,0.,0.,0.
93,0.019,0.,0.019,0.01,0.,0.01,0.009,0.,0.009,0.009,0.,0.009,0.,0.,0.
94,0.019,0.,0.019,0.009,0.,0.009,0.009,0.,0.009,0.009,0.,0.009,0.,0.,0.
95,0.023,0.,0.023,0.01,0.,0.01,0.012,0.,0.012,0.012,0.,0.012,0.,0.,0.
96,0.02,0.,0.02,0.01,0.,0.01,0.009,0.,0.009,0.009,0.,0.009,0.,0.,0.
97,0.021,0.,0.021,0.011,0.,0.011,0.009,0.,0.009,0.009,0.,0.009,0.,0.,0.
98,0.023,0.,0.023,0.01,0.,0.01,0.012,0.,0.012,0.012,0.,0.012,0.,0.,0.
99,0.022,0.,0.022,0.011,0.,0.011,0.01,0.,0.01,0.01,0.,0.01,0.,0.,0.
100,0.06,0.004,0.055,0.047,0.,0.046,0.012,0.003,0.008,0.012,0.003,0.008,0.,0.,0.
110,0.026,0.,0.026,0.014,0.,0.014,0.011,0.,0.011,0.011,0.,0.011,0.,0.,0.
120,0.036,0.,0.036,0.018,0.,0.018,0.017,0.,0.017,0.017,0.,0.017,0.,0.,0.
130,0.047,0.,0.046,0.021,0.,0.02,0.024,0.,0.024,0.024,0.,0.024,0.,0.,0.
140,0.056,0.,0.056,0.027,0.,0.027,0.028,0.,0.028,0.028,0.,0.028,0.001,0.,0.001
150,0.057,0.,0.057,0.032,0.,0.032,0.025,0.,0.025,0.025,0.,0.025,0.001,0.,0.001
160,0.075,0.,0.074,0.036,0.,0.036,0.037,0.,0.036,0.037,0.,0.036,0.001,0.,0.001
170,0.091,0.001,0.09,0.045,0.,0.045,0.045,0.001,0.044,0.045,0.001,0.044,0.001,0.,0.001
180,0.1,0.,0.1,0.05,0.,0.05,0.049,0.,0.049,0.049,0.,0.049,0.001,0.,0.001
190,0.113,0.,0.112,0.058,0.,0.058,0.054,0.,0.053,0.054,0.,0.053,0.001,0.,0.001
200,0.123,0.,0.123,0.066,0.,0.066,0.056,0.,0.056,0.056,0.,0.056,0.001,0.,0.001
210,0.127,0.,0.127,0.075,0.,0.075,0.051,0.,0.051,0.051,0.,0.051,0.001,0.,0.001
220,0.154,0.,0.154,0.094,0.,0.094,0.058,0.,0.058,0.058,0.,0.058,0.001,0.,0.001
230,0.165,0.,0.164,0.102,0.,0.102,0.062,0.,0.061,0.061,0.,0.061,0.001,0.,0.001
240,0.184,0.,0.184,0.117,0.,0.117,0.066,0.,0.066,0.066,0.,0.066,0.001,0.,0.001
250,0.218,0.,0.218,0.129,0.,0.129,0.088,0.,0.088,0.088,0.,0.088,0.001,0.,0.001
260,0.236,0.,0.236,0.144,0.,0.144,0.091,0.,0.091,0.091,0.,0.091,0.001,0.,0.001
270,0.259,0.,0.258,0.152,0.,0.152,0.106,0.,0.105,0.106,0.,0.105,0.001,0.,0.001
280,0.294,0.,0.294,0.177,0.,0.177,0.115,0.,0.115,0.115,0.,0.115,0.002,0.,0.002
290,0.287,0.,0.286,0.184,0.,0.183,0.102,0.,0.102,0.102,0.,0.102,0.002,0.,0.002
300,0.328,0.001,0.326,0.203,0.,0.203,0.124,0.001,0.122,0.124,0.001,0.122,0.002,0.,0.002
310,0.326,0.001,0.324,0.221,0.,0.221,0.104,0.001,0.102,0.104,0.001,0.102,0.002,0.,0.002
320,0.363,0.,0.363,0.256,0.,0.256,0.106,0.,0.106,0.106,0.,0.106,0.002,0.,0.002
330,0.416,0.,0.416,0.283,0.,0.283,0.131,0.,0.131,0.131,0.,0.131,0.002,0.,0.002
340,0.466,0.,0.465,0.306,0.,0.306,0.158,0.,0.157,0.158,0.,0.157,0.002,0.,0.002
350,0.446,0.002,0.443,0.312,0.001,0.311,0.133,0.001,0.131,0.133,0.001,0.131,0.002,0.,0.002
360,0.515,0.003,0.512,0.361,0.001,0.36,0.153,0.001,0.151,0.153,0.001,0.151,0.002,0.,0.002
370,0.527,0.001,0.525,0.387,0.,0.387,0.139,0.001,0.137,0.139,0.001,0.137,0.002,0.,0.002
380,0.55,0.,0.55,0.399,0.,0.399,0.15,0.,0.15,0.15,0.,0.15,0.002,0.,0.002
390,0.651,0.,0.65,0.452,0.,0.452,0.197,0.,0.196,0.197,0.,0.196,0.003,0.,0.002
400,0.656,0.,0.656,0.498,0.,0.498,0.158,0.,0.158,0.158,0.,0.157,0.003,0.,0.003
500,1.156,0.,1.156,0.912,0.,0.912,0.242,0.,0.242,0.242,0.,0.242,0.003,0.,0.003
600,1.921,0.,1.92,1.596,0.,1.596,0.323,0.,0.322,0.323,0.,0.322,0.004,0.,0.003
700,2.906,0.003,2.902,2.47,0.001,2.469,0.434,0.002,0.431,0.434,0.002,0.431,0.005,0.,0.005
800,4.11,0.,4.11,3.554,0.,3.554,0.555,0.,0.555,0.555,0.,0.555,0.006,0.,0.006
900,5.823,0.,5.822,5.166,0.,5.165,0.655,0.,0.655,0.655,0.,0.655,0.007,0.,0.007
1000,7.857,0.,7.856,7.093,0.,7.093,0.762,0.,0.762,0.762,0.,0.762,0.008,0.,0.008