param-0-n,param-1-lgn,try-ssr-rewrite!-cold-noop-regression-linear-real,try-ssr-rewrite!-cold-noop-regression-linear-sys,try-ssr-rewrite!-cold-noop-regression-linear-user,try-ssr-rewrite!-evar-noop-regression-linear-real,try-ssr-rewrite!-evar-noop-regression-linear-sys,try-ssr-rewrite!-evar-noop-regression-linear-user,try-ssr-rewrite!-noop-regression-linear-real,try-ssr-rewrite!-noop-regression-linear-sys,try-ssr-rewrite!-noop-regression-linear-user,try-ssr-rewrite-evar-noop-regression-linear-real,try-ssr-rewrite-evar-noop-regression-linear-sys,try-ssr-rewrite-evar-noop-regression-linear-user,try-ssr-rewrite-noop-regression-linear-real,try-ssr-rewrite-noop-regression-linear-sys,try-ssr-rewrite-noop-regression-linear-user,try-ssr-rewrite?-evar-noop-regression-linear-real,try-ssr-rewrite?-evar-noop-regression-linear-sys,try-ssr-rewrite?-evar-noop-regression-linear-user,try-ssr-rewrite?-noop-regression-linear-real,try-ssr-rewrite?-noop-regression-linear-sys,try-ssr-rewrite?-noop-regression-linear-user
3,1,0.,0.,0.,0.,0.,0.,0.,0.,0.,0.,0.,0.,0.,0.,0.,0.,0.,0.,0.,0.,0.
7,2,0.,0.,0.,0.,0.,0.,0.,0.,0.,0.,0.,0.,0.,0.,0.,0.,0.,0.,0.,0.,0.
15,3,0.,0.,0.,0.,0.,0.,0.,0.,0.,0.,0.,0.,0.,0.,0.,0.,0.,0.,0.,0.,0.
31,4,0.,0.,0.,0.,0.,0.,0.,0.,0.,0.,0.,0.,0.,0.,0.,0.,0.,0.,0.,0.,0.
63,5,0.,0.,0.,0.,0.,0.,0.,0.,0.,0.,0.,0.,0.,0.,0.,0.,0.,0.,0.,0.,0.
127,6,0.,0.,0.,0.,0.,0.,0.,0.,0.,0.,0.,0.,0.,0.,0.,0.,0.,0.,0.,0.,0.
255,7,0.,0.,0.,0.,0.,0.,0.,0.,0.,0.,0.,0.,0.,0.,0.,0.,0.,0.,0.,0.,0.
511,8,0.,0.,0.,0.,0.,0.,0.,0.,0.,0.,0.,0.,0.,0.,0.,0.,0.,0.,0.,0.,0.
1023,9,0.,0.,0.,0.,0.,0.,0.,0.,0.,0.,0.,0.,0.,0.,0.,0.,0.,0.,0.,0.,0.
2047,10,0.,0.,0.,0.,0.,0.,0.,0.,0.,0.,0.,0.,0.,0.,0.,0.,0.,0.,0.,0.,0.
4095,11,0.001,0.,0.001,0.001,0.,0.001,0.001,0.,0.001,0.001,0.,0.001,0.001,0.,0.001,0.001,0.,0.001,0.001,0.,0.001
8191,12,0.002,0.,0.002,0.002,0.,0.002,0.002,0.,0.002,0.002,0.,0.002,0.002,0.,0.002,0.005,0.,0.005,0.002,0.,0.002
16383,13,0.005,0.,0.005,0.008,0.,0.008,0.005,0.,0.005,0.005,0.,0.005,0.005,0.,0.005,0.005,0.,0.005,0.005,0.,0.005
32767,14,0.01,0.,0.01,0.01,0.,0.01,0.01,0.,0.01,0.01,0.,0.01,0.01,0.,0.01,0.01,0.,0.01,0.015,0.,0.015
65535,15,0.031,0.,0.031,0.021,0.,0.021,0.02,0.,0.02,0.02,0.,0.02,0.02,0.,0.02,0.02,0.,0.02,0.043,0.,0.043
131071,16,0.072,0.004,0.068,0.044,0.,0.044,0.099,0.,0.099,0.045,0.,0.045,0.044,0.,0.044,0.045,0.,0.045,0.044,0.,0.044
262143,17,0.163,0.,0.163,0.092,0.,0.092,0.092,0.,0.092,0.089,0.,0.089,0.09,0.,0.09,0.092,0.,0.092,0.09,0.,0.09
524287,18,0.273,0.,0.273,0.182,0.003,0.178,0.184,0.,0.184,0.183,0.,0.183,0.183,0.,0.183,0.183,0.,0.183,0.184,0.,0.184
1048575,19,0.524,0.007,0.516,0.365,0.,0.365,0.367,0.,0.367,0.366,0.,0.366,0.365,0.,0.365,0.367,0.,0.367,0.366,0.,0.366
2097151,20,0.964,0.024,0.94,0.72,0.,0.72,0.718,0.,0.718,0.721,0.,0.721,0.719,0.,0.719,0.726,0.,0.726,0.719,0.,0.718
4194303,21,1.796,0.,1.796,1.453,0.,1.453,1.452,0.,1.452,1.457,0.,1.457,1.447,0.,1.447,1.452,0.,1.452,1.451,0.,1.451
8388607,22,3.183,0.,3.183,2.921,0.,2.921,2.909,0.,2.908,2.933,0.,2.933,2.91,0.,2.909,2.919,0.,2.919,2.917,0.,2.917