param-n,cbn-regression-cubic-real,cbn-regression-cubic-sys,cbn-regression-cubic-user,cbv-regression-quadratic-real,cbv-regression-quadratic-sys,cbv-regression-quadratic-user,lazy-regression-quadratic-real,lazy-regression-quadratic-sys,lazy-regression-quadratic-user,native-compute(1)-regression-quadratic-real,native-compute(1)-regression-quadratic-sys,native-compute(1)-regression-quadratic-user,native-compute(2)-regression-quadratic-real,native-compute(2)-regression-quadratic-sys,native-compute(2)-regression-quadratic-user,simpl-regression-cubic-real,simpl-regression-cubic-sys,simpl-regression-cubic-user,vm-compute-regression-quadratic-real,vm-compute-regression-quadratic-sys,vm-compute-regression-quadratic-user
2,0.001,0.,0.001,0.,0.,0.,0.,0.,0.,0.151,0.004,0.003,0.152,0.005,0.002,0.001,0.,0.001,0.,0.,0.
3,0.003,0.,0.003,0.,0.,0.,0.,0.,0.,0.147,0.005,0.,0.153,0.004,0.002,0.031,0.003,0.027,0.,0.,0.
4,0.006,0.,0.006,0.,0.,0.,0.,0.,0.,0.152,0.003,0.003,0.162,0.003,0.003,0.007,0.,0.007,0.,0.,0.
5,0.011,0.,0.011,0.,0.,0.,0.,0.,0.,0.151,0.003,0.002,0.151,0.003,0.002,0.011,0.,0.011,0.,0.,0.
6,0.02,0.,0.02,0.,0.,0.,0.,0.,0.,0.16,0.003,0.002,0.15,0.004,0.002,0.019,0.,0.019,0.,0.,0.
7,0.03,0.,0.03,0.,0.,0.,0.,0.,0.,0.15,0.003,0.002,0.154,0.003,0.002,0.027,0.,0.027,0.,0.,0.
8,0.033,0.,0.033,0.028,0.003,0.025,0.,0.,0.,0.153,0.004,0.003,0.153,0.004,0.002,0.101,0.,0.1,0.,0.,0.
9,0.116,0.,0.116,0.,0.,0.,0.,0.,0.,0.151,0.004,0.002,0.156,0.007,0.,0.052,0.,0.052,0.,0.,0.
10,0.063,0.,0.063,0.,0.,0.,0.,0.,0.,0.15,0.007,0.,0.168,0.003,0.003,0.066,0.,0.066,0.,0.,0.
11,0.107,0.,0.107,0.,0.,0.,,,,,,,,,,0.163,0.004,0.159,,,
12,0.12,0.004,0.116,,,,0.,0.,0.,,,,,,,0.104,0.004,0.1,,,
13,0.177,0.,0.177,,,,,,,,,,,,,0.126,0.,0.126,,,
14,0.141,0.,0.141,,,,,,,,,,,,,0.237,0.012,0.224,,,
15,0.231,0.,0.231,,,,,,,,,,,,,0.196,0.,0.196,,,
16,0.177,0.,0.177,,,,,,,,,,,,,0.207,0.,0.207,,,
17,,,,,,,,,,,,,,,,0.252,0.,0.252,,,
18,0.25,0.,0.25,,,,0.029,0.,0.029,,,,,,,0.294,0.,0.294,,,
19,0.289,0.,0.289,0.03,0.007,0.022,,,,,,,,,,,,,,,
20,,,,,,,,,,,,,,,,0.393,0.,0.393,,,
22,0.449,0.,0.449,,,,,,,,,,,,,0.494,0.,0.494,,,
23,,,,,,,0.001,0.,0.001,,,,,,,,,,,,
24,,,,,,,,,,,,,,,,0.609,0.,0.609,,,
25,0.573,0.,0.572,,,,,,,,,,,,,,,,,,
26,,,,,,,,,,,,,,,,0.759,0.003,0.755,,,
28,0.776,0.003,0.772,0.001,0.,0.,0.001,0.,0.001,,,,,,,0.908,0.,0.908,,,
30,0.962,0.,0.962,,,,,,,,,,,,,1.074,0.,1.074,,,
32,,,,,,,,,,,,,,,,1.228,0.003,1.223,,,
33,1.167,0.,1.166,,,,0.002,0.,0.002,,,,,,,,,,,,
34,,,,,,,,,,,,,,,,1.494,0.,1.494,,,
36,1.546,0.,1.545,0.001,0.,0.001,,,,,,,,,,,,,,,
39,,,,,,,0.002,0.,0.002,,,,,,,,,,,,
41,,,,,,,,,,,,,,,,2.552,0.008,2.543,0.,0.,0.
43,2.413,0.,2.413,,,,,,,,,,,,,,,,,,
44,,,,,,,0.004,0.,0.004,,,,,,,,,,,,
45,,,,0.002,0.,0.002,,,,,,,,,,,,,,,
47,,,,,,,,,,,,,,,,3.665,0.,3.664,,,
49,,,,,,,0.004,0.,0.004,,,,,,,,,,,,
50,3.378,0.,3.378,,,,,,,,,,,,,,,,,,
53,,,,0.002,0.,0.002,,,,,,,,,,,,,,,
54,,,,,,,0.005,0.,0.005,,,,,,,5.031,0.011,5.018,,,
56,4.543,0.003,4.539,,,,,,,,,,,,,,,,,,
59,,,,,,,0.004,0.,0.004,,,,,,,,,,,,
60,,,,,,,,,,,,,,,,6.686,0.016,6.669,,,
62,,,,0.003,0.,0.003,,,,,,,,,,,,,,,
63,6.704,0.004,6.699,,,,,,,,,,,,,,,,,,
65,,,,,,,0.005,0.,0.005,,,,,,,,,,,,
67,,,,,,,,,,,,,,,,9.141,0.004,9.127,,,
70,8.772,0.008,8.762,,,,0.005,0.,0.005,,,,,,,,,,,,
71,,,,0.004,0.,0.004,,,,,,,,,,,,,,,
75,,,,,,,0.006,0.,0.006,,,,,,,,,,,,
79,,,,0.005,0.,0.005,,,,,,,,,,,,,,,
80,,,,,,,0.065,0.,0.065,,,,,,,,,,0.,0.,0.
86,,,,,,,0.009,0.,0.009,,,,,,,,,,,,
88,,,,0.006,0.,0.006,,,,,,,,,,,,,,,
91,,,,,,,0.009,0.,0.009,,,,,,,,,,,,
96,,,,0.006,0.,0.006,0.01,0.,0.01,,,,,,,,,,,,
101,,,,,,,0.01,0.,0.01,,,,,,,,,,,,
105,,,,0.009,0.,0.009,,,,,,,,,,,,,,,
106,,,,,,,0.012,0.,0.012,,,,,,,,,,,,
112,,,,,,,0.012,0.,0.012,,,,,,,,,,,,
113,,,,0.065,0.,0.065,,,,,,,,,,,,,,,
116,,,,,,,,,,0.156,0.004,0.005,0.178,0.007,0.03,,,,,,
117,,,,,,,0.013,0.,0.013,,,,,,,,,,,,
120,,,,,,,,,,,,,,,,,,,0.03,0.003,0.026
122,,,,0.01,0.,0.01,0.013,0.,0.013,,,,,,,,,,,,
127,,,,,,,0.018,0.,0.018,,,,,,,,,,,,
130,,,,0.011,0.,0.011,,,,,,,,,,,,,,,
133,,,,,,,0.02,0.,0.02,,,,,,,,,,,,
138,,,,,,,0.017,0.,0.017,,,,,,,,,,,,
139,,,,0.013,0.,0.013,,,,,,,,,,,,,,,
143,,,,,,,0.019,0.003,0.015,,,,,,,,,,,,
148,,,,0.015,0.,0.015,0.019,0.,0.019,,,,,,,,,,,,
153,,,,,,,0.024,0.,0.024,,,,,,,,,,,,
156,,,,0.014,0.,0.014,,,,,,,,,,,,,,,
159,,,,,,,0.021,0.,0.021,,,,,,,,,,0.001,0.,0.001
164,,,,,,,0.024,0.,0.024,,,,,,,,,,,,
165,,,,0.016,0.,0.016,,,,,,,,,,,,,,,
169,,,,,,,0.024,0.,0.024,,,,,,,,,,,,
173,,,,0.02,0.,0.02,,,,,,,,,,,,,,,
174,,,,,,,0.029,0.,0.029,,,,,,,,,,,,
180,,,,,,,0.03,0.,0.03,,,,,,,,,,,,
182,,,,0.019,0.,0.019,,,,,,,,,,,,,,,
185,,,,,,,0.03,0.,0.03,,,,,,,,,,,,
190,,,,0.024,0.,0.024,0.032,0.,0.032,,,,,,,,,,,,
195,,,,,,,0.038,0.,0.038,,,,,,,,,,,,
198,,,,,,,,,,,,,,,,,,,0.002,0.,0.002
199,,,,0.024,0.,0.024,,,,,,,,,,,,,,,
200,,,,,,,0.037,0.,0.037,,,,,,,,,,,,
206,,,,,,,0.034,0.,0.034,,,,,,,,,,,,
208,,,,0.025,0.,0.025,,,,,,,,,,,,,,,
211,,,,,,,0.054,0.,0.054,,,,,,,,,,,,
216,,,,0.027,0.,0.027,0.045,0.003,0.041,,,,,,,,,,,,
221,,,,,,,0.056,0.,0.056,,,,,,,,,,,,
225,,,,0.029,0.,0.029,,,,,,,,,,,,,,,
227,,,,,,,0.049,0.,0.048,,,,,,,,,,,,
229,,,,,,,,,,0.146,0.006,0.,0.156,0.005,0.002,,,,,,
232,,,,,,,0.051,0.,0.051,,,,,,,,,,,,
233,,,,0.029,0.,0.029,,,,,,,,,,,,,,,
237,,,,,,,0.044,0.,0.044,,,,,,,,,,0.003,0.,0.003
242,,,,0.031,0.002,0.028,0.048,0.,0.048,,,,,,,,,,,,
247,,,,,,,0.053,0.,0.053,,,,,,,,,,,,
250,,,,0.034,0.,0.033,,,,,,,,,,,,,,,
253,,,,,,,0.052,0.,0.052,,,,,,,,,,,,
258,,,,,,,0.062,0.,0.062,,,,,,,,,,,,
259,,,,0.039,0.,0.039,,,,,,,,,,,,,,,
263,,,,,,,0.068,0.,0.068,,,,,,,,,,,,
268,,,,0.046,0.,0.046,0.059,0.,0.059,,,,,,,,,,,,
273,,,,,,,0.062,0.,0.062,,,,,,,,,,,,
276,,,,0.042,0.,0.042,,,,,,,,,,,,,0.003,0.,0.003
279,,,,,,,0.067,0.,0.067,,,,,,,,,,,,
284,,,,,,,0.07,0.,0.07,,,,,,,,,,,,
285,,,,0.043,0.,0.043,,,,,,,,,,,,,,,
289,,,,,,,0.08,0.,0.08,,,,,,,,,,,,
292,,,,,,,0.153,0.003,0.15,,,,,,,,,,,,
293,,,,0.043,0.,0.043,,,,,,,,,,,,,,,
294,,,,,,,0.078,0.,0.078,,,,,,,,,,,,
300,,,,,,,0.089,0.,0.088,,,,,,,,,,,,
302,,,,0.054,0.,0.054,,,,,,,,,,,,,,,
305,,,,,,,0.085,0.,0.085,,,,,,,,,,,,
310,,,,0.051,0.,0.051,0.083,0.,0.083,,,,,,,,,,,,
315,,,,,,,0.098,0.,0.098,,,,,,,,,,,,
316,,,,,,,,,,,,,,,,,,,0.003,0.,0.003
319,,,,0.051,0.,0.051,,,,,,,,,,,,,,,
320,,,,,,,0.093,0.,0.093,,,,,,,,,,,,
326,,,,,,,0.097,0.,0.097,,,,,,,,,,,,
328,,,,0.055,0.,0.055,,,,,,,,,,,,,,,
331,,,,,,,0.098,0.003,0.095,,,,,,,,,,,,
336,,,,0.058,0.,0.058,0.117,0.004,0.113,,,,,,,,,,,,
341,,,,,,,0.097,0.003,0.093,,,,,,,,,,,,
343,,,,,,,,,,0.16,0.004,0.004,0.152,0.004,0.003,,,,,,
345,,,,0.057,0.,0.057,,,,,,,,,,,,,,,
347,,,,,,,0.106,0.003,0.102,,,,,,,,,,,,
352,,,,,,,0.098,0.,0.098,,,,,,,,,,,,
353,,,,0.062,0.,0.062,,,,,,,,,,,,,,,
355,,,,,,,,,,,,,,,,,,,0.004,0.,0.004
357,,,,,,,0.112,0.,0.112,,,,,,,,,,,,
362,,,,0.067,0.,0.067,0.107,0.003,0.103,,,,,,,,,,,,
367,,,,,,,0.111,0.,0.111,,,,,,,,,,,,
370,,,,0.067,0.,0.067,,,,,,,,,,,,,,,
373,,,,,,,0.112,0.,0.112,,,,,,,,,,,,
378,,,,,,,0.118,0.,0.118,,,,,,,,,,,,
379,,,,0.074,0.004,0.07,,,,,,,,,,,,,,,
383,,,,,,,0.134,0.,0.134,,,,,,,,,,,,
387,,,,0.076,0.,0.076,,,,,,,,,,,,,,,
388,,,,,,,0.12,0.,0.12,,,,,,,,,,,,
394,,,,,,,0.126,0.,0.126,,,,,,,,,,0.006,0.,0.006
396,,,,0.079,0.,0.079,,,,,,,,,,,,,,,
399,,,,,,,0.138,0.,0.138,,,,,,,,,,,,
404,,,,,,,0.155,0.003,0.151,,,,,,,,,,,,
405,,,,0.078,0.,0.078,,,,,,,,,,,,,,,
409,,,,,,,0.15,0.003,0.146,,,,,,,,,,,,
413,,,,0.081,0.,0.081,,,,,,,,,,,,,,,
414,,,,,,,0.177,0.008,0.169,,,,,,,,,,,,
420,,,,,,,0.191,0.,0.191,,,,,,,,,,,,
422,,,,0.089,0.,0.089,,,,,,,,,,,,,,,
425,,,,,,,0.21,0.003,0.206,,,,,,,,,,,,
430,,,,0.088,0.,0.088,0.175,0.,0.174,,,,,,,,,,,,
433,,,,,,,,,,,,,,,,,,,0.007,0.,0.007
435,,,,,,,0.186,0.003,0.182,,,,,,,,,,,,
439,,,,0.092,0.,0.092,,,,,,,,,,,,,,,
441,,,,,,,0.188,0.008,0.18,,,,,,,,,,,,
446,,,,,,,0.18,0.,0.18,,,,,,,,,,,,
447,,,,0.096,0.,0.096,,,,,,,,,,,,,,,
451,,,,,,,0.214,0.,0.214,,,,,,,,,,,,
456,,,,0.098,0.,0.098,,,,0.15,0.003,0.005,0.151,0.004,0.003,,,,,,
458,,,,0.188,0.,0.188,,,,,,,,,,,,,,,
465,,,,0.106,0.,0.106,,,,,,,,,,,,,,,
469,,,,,,,0.209,0.,0.209,,,,,,,,,,,,
472,,,,,,,,,,,,,,,,,,,0.008,0.,0.008
473,,,,0.109,0.,0.109,,,,,,,,,,,,,,,
482,,,,0.109,0.,0.109,,,,,,,,,,,,,,,
487,,,,,,,0.198,0.003,0.194,,,,,,,,,,,,
490,,,,0.109,0.,0.109,,,,,,,,,,,,,,,
499,,,,0.112,0.,0.112,,,,,,,,,,,,,,,
505,,,,,,,0.225,0.,0.225,,,,,,,,,,,,
507,,,,0.131,0.,0.131,,,,,,,,,,,,,,,
511,,,,,,,,,,,,,,,,,,,0.008,0.,0.008
516,,,,0.135,0.003,0.131,,,,,,,,,,,,,,,
523,,,,,,,0.244,0.,0.244,,,,,,,,,,,,
525,,,,0.128,0.,0.128,,,,,,,,,,,,,,,
533,,,,0.133,0.,0.133,,,,,,,,,,,,,,,
541,,,,,,,0.258,0.003,0.254,,,,,,,,,,,,
542,,,,0.14,0.,0.14,,,,,,,,,,,,,,,
550,,,,0.141,0.003,0.137,,,,,,,,,,,,,,,
551,,,,,,,,,,,,,,,,,,,0.077,0.,0.077
559,,,,0.14,0.,0.14,0.282,0.007,0.274,,,,,,,,,,,,
567,,,,0.15,0.,0.15,,,,,,,,,,,,,,,
570,,,,,,,,,,0.156,0.003,0.005,0.151,0.006,0.001,,,,,,
576,,,,0.149,0.,0.149,,,,,,,,,,,,,,,
577,,,,,,,0.291,0.,0.291,,,,,,,,,,,,
583,,,,,,,0.317,0.,0.316,,,,,,,,,,,,
585,,,,0.153,0.,0.153,,,,,,,,,,,,,,,
590,,,,,,,,,,,,,,,,,,,0.011,0.,0.011
593,,,,0.163,0.,0.163,,,,,,,,,,,,,,,
595,,,,,,,0.369,0.,0.368,,,,,,,,,,,,
602,,,,0.165,0.,0.165,,,,,,,,,,,,,,,
610,,,,0.167,0.,0.167,,,,,,,,,,,,,,,
613,,,,,,,0.416,0.,0.416,,,,,,,,,,,,
619,,,,0.178,0.,0.178,,,,,,,,,,,,,,,
627,,,,0.172,0.,0.172,,,,,,,,,,,,,,,
629,,,,,,,,,,,,,,,,,,,0.013,0.,0.013
631,,,,,,,0.419,0.003,0.415,,,,,,,,,,,,
636,,,,0.181,0.,0.181,,,,,,,,,,,,,,,
644,,,,0.19,0.003,0.187,,,,,,,,,,,,,,,
649,,,,,,,0.377,0.004,0.372,,,,,,,,,,,,
653,,,,0.189,0.,0.189,,,,,,,,,,,,,,,
662,,,,0.201,0.,0.201,,,,,,,,,,,,,,,
667,,,,,,,0.434,0.003,0.43,,,,,,,,,,,,
668,,,,,,,,,,,,,,,,,,,0.014,0.,0.014
670,,,,0.199,0.003,0.195,,,,,,,,,,,,,,,
679,,,,0.196,0.,0.196,,,,,,,,,,,,,,,
684,,,,,,,,,,0.165,0.007,0.003,0.155,0.004,0.005,,,,,,
685,,,,,,,0.438,0.,0.438,,,,,,,,,,,,
687,,,,0.214,0.003,0.21,,,,,,,,,,,,,,,
696,,,,0.205,0.,0.205,,,,,,,,,,,,,,,
703,,,,,,,0.546,0.,0.546,,,,,,,,,,,,
704,,,,0.214,0.,0.214,,,,,,,,,,,,,,,
707,,,,,,,,,,,,,,,,,,,0.015,0.,0.015
713,,,,0.217,0.,0.217,,,,,,,,,,,,,,,
721,,,,,,,0.554,0.,0.553,,,,,,,,,,,,
739,,,,,,,0.497,0.,0.497,,,,,,,,,,,,
744,,,,0.248,0.003,0.244,,,,,,,,,,,,,,,
747,,,,,,,,,,,,,,,,,,,0.016,0.,0.016
757,,,,,,,0.55,0.,0.55,,,,,,,,,,,,
775,,,,0.267,0.004,0.263,0.617,0.,0.617,,,,,,,,,,,,
786,,,,,,,,,,,,,,,,,,,0.019,0.,0.019
793,,,,,,,0.679,0.,0.679,,,,,,,,,,,,
797,,,,,,,,,,0.16,0.003,0.007,0.159,0.003,0.007,,,,,,
806,,,,0.274,0.,0.274,,,,,,,,,,,,,,,
811,,,,,,,0.617,0.,0.617,,,,,,,,,,,,
825,,,,,,,,,,,,,,,,,,,0.022,0.,0.022
829,,,,,,,0.68,0.,0.68,,,,,,,,,,,,
837,,,,0.298,0.,0.298,,,,,,,,,,,,,,,
847,,,,,,,0.795,0.,0.792,,,,,,,,,,,,
864,,,,,,,,,,,,,,,,,,,0.023,0.,0.023
865,,,,,,,0.691,0.,0.691,,,,,,,,,,,,
868,,,,0.327,0.,0.325,,,,,,,,,,,,,,,
873,,,,,,,0.763,0.027,0.735,,,,,,,,,,,,
883,,,,,,,0.765,0.,0.765,,,,,,,,,,,,
898,,,,0.342,0.007,0.334,,,,,,,,,,,,,,,
901,,,,,,,0.783,0.,0.783,,,,,,,,,,,,
903,,,,,,,,,,,,,,,,,,,0.022,0.,0.022
911,,,,,,,,,,0.156,0.003,0.01,0.159,0.007,0.007,,,,,,
914,,,,0.348,0.,0.348,,,,,,,,,,,,,,,
929,,,,0.359,0.,0.359,,,,,,,,,,,,,,,
943,,,,,,,,,,,,,,,,,,,0.027,0.,0.027
960,,,,0.382,0.,0.382,,,,,,,,,,,,,,,
982,,,,,,,,,,,,,,,,,,,0.025,0.,0.025
991,,,,0.4,0.,0.399,0.96,0.,0.96,,,,,,,,,,,,
1021,,,,,,,,,,,,,,,,,,,0.031,0.,0.031
1022,,,,0.425,0.,0.425,,,,,,,,,,,,,,,
1025,,,,,,,,,,0.173,0.004,0.012,0.159,0.003,0.01,,,,,,
1053,,,,0.445,0.003,0.441,,,,,,,,,,,,,,,
1060,,,,,,,,,,,,,,,,,,,0.032,0.,0.032
1081,,,,,,,1.186,0.003,1.182,,,,,,,,,,,,
1084,,,,0.486,0.003,0.482,,,,,,,,,,,,,,,
1099,,,,,,,,,,,,,,,,,,,0.032,0.,0.032
1115,,,,0.524,0.,0.524,,,,,,,,,,,,,,,
1138,,,,,,,,,,0.161,0.007,0.008,0.229,0.015,0.068,,,,0.04,0.,0.04
1146,,,,0.547,0.003,0.541,,,,,,,,,,,,,,,
1164,,,,,,,1.516,0.055,1.458,,,,,,,,,,,,
1171,,,,,,,1.343,0.016,1.326,,,,,,,,,,,,
1177,,,,0.563,0.,0.562,,,,,,,,,,,,,,,
1178,,,,,,,,,,,,,,,,,,,0.04,0.,0.04
1208,,,,0.652,0.,0.652,,,,,,,,,,,,,,,
1217,,,,,,,,,,,,,,,,,,,0.041,0.,0.041
1239,,,,0.621,0.,0.621,,,,,,,,,,,,,,,
1252,,,,,,,,,,0.161,0.004,0.014,0.154,0.003,0.015,,,,,,
1256,,,,,,,,,,,,,,,,,,,0.044,0.,0.044
1261,,,,,,,1.533,0.,1.532,,,,,,,,,,,,
1269,,,,0.667,0.,0.667,,,,,,,,,,,,,,,
1295,,,,,,,,,,,,,,,,,,,0.048,0.003,0.045
1300,,,,0.705,0.,0.704,,,,,,,,,,,,,,,
1331,,,,0.718,0.,0.718,,,,,,,,,,,,,,,
1334,,,,,,,,,,,,,,,,,,,0.048,0.,0.048
1351,,,,,,,1.767,0.,1.766,,,,,,,,,,,,
1362,,,,0.726,0.,0.726,,,,,,,,,,,,,,,
1365,,,,,,,,,,0.172,0.004,0.012,0.16,0.003,0.016,,,,,,
1370,,,,0.748,0.003,0.744,,,,,,,,,,,,,,,
1374,,,,,,,,,,,,,,,,,,,0.054,0.,0.054
1393,,,,0.765,0.,0.765,,,,,,,,,,,,,,,
1413,,,,,,,,,,,,,,,,,,,0.056,0.,0.056
1424,,,,0.791,0.,0.791,,,,,,,,,,,,,,,
1441,,,,,,,2.061,0.011,2.049,,,,,,,,,,,,
1452,,,,,,,,,,,,,,,,,,,0.056,0.,0.056
1454,,,,,,,2.183,0.028,2.154,,,,,,,,,,,,
1479,,,,,,,,,,0.158,0.004,0.014,0.178,0.003,0.023,,,,,,
1491,,,,,,,,,,,,,,,,,,,0.059,0.,0.059
1530,,,,,,,,,,,,,,,,,,,0.058,0.,0.058
1531,,,,,,,2.302,0.011,2.289,,,,,,,,,,,,
1566,,,,0.954,0.,0.954,,,,,,,,,,,,,,,
1570,,,,,,,,,,,,,,,,,,,0.065,0.,0.065
1593,,,,,,,,,,0.166,0.007,0.016,0.16,0.004,0.014,,,,,,
1609,,,,,,,,,,,,,,,,,,,0.068,0.,0.068
1621,,,,,,,2.567,0.012,2.555,,,,,,,,,,,,
1648,,,,,,,,,,,,,,,,,,,0.063,0.,0.063
1687,,,,,,,,,,,,,,,,,,,0.074,0.,0.074
1706,,,,,,,,,,0.171,0.003,0.017,0.163,0.004,0.019,,,,,,
1709,,,,1.146,0.,1.146,,,,,,,,,,,,,,,
1711,,,,,,,2.813,0.,2.813,,,,,,,,,,,,
1726,,,,,,,,,,,,,,,,,,,0.069,0.,0.069
1765,,,,,,,,,,,,,,,,,,,0.082,0.,0.082
1801,,,,,,,3.226,0.,3.226,,,,,,,,,,,,
1805,,,,,,,,,,,,,,,,,,,0.079,0.,0.079
1820,,,,,,,,,,0.188,0.004,0.037,0.173,0.005,0.019,,,,,,
1826,,,,1.264,0.,1.264,,,,,,,,,,,,,,,
1844,,,,,,,,,,,,,,,,,,,0.088,0.,0.088
1851,,,,1.311,0.,1.311,,,,,,,,,,,,,,,
1883,,,,,,,,,,,,,,,,,,,0.089,0.,0.089
1922,,,,,,,,,,,,,,,,,,,0.098,0.003,0.094
1933,,,,,,,,,,0.175,0.003,0.023,0.188,0.007,0.019,,,,,,
1961,,,,,,,,,,,,,,,,,,,0.104,0.,0.104
1993,,,,1.476,0.,1.476,,,,,,,,,,,,,,,
2001,,,,,,,,,,,,,,,,,,,0.105,0.,0.104
2013,,,,,,,,,,,,,,,,,,,0.136,0.008,0.128
2040,,,,,,,,,,,,,,,,,,,0.107,0.,0.107
2047,,,,,,,,,,0.189,0.011,0.024,0.178,0.004,0.024,,,,,,
2079,,,,,,,,,,,,,,,,,,,0.106,0.,0.106
2118,,,,,,,,,,,,,,,,,,,0.112,0.,0.112
2136,,,,1.697,0.007,1.689,,,,,,,,,,,,,,,
2157,,,,,,,,,,,,,,,,,,,0.116,0.003,0.112
2161,,,,,,,4.747,0.003,4.742,0.186,0.006,0.028,0.199,0.007,0.034,,,,,,
2197,,,,,,,,,,,,,,,,,,,0.126,0.,0.126
2236,,,,,,,,,,,,,,,,,,,0.123,0.,0.123
2274,,,,,,,,,,0.176,0.004,0.029,0.183,0.007,0.027,,,,,,
2275,,,,,,,,,,,,,,,,,,,0.127,0.003,0.123
2278,,,,1.954,0.,1.954,,,,,,,,,,,,,,,
2282,,,,1.931,0.,1.931,,,,,,,,,,,,,,,
2314,,,,,,,,,,,,,,,,,,,0.128,0.,0.128
2353,,,,,,,,,,,,,,,,,,,0.134,0.,0.134
2388,,,,,,,,,,0.188,0.007,0.035,0.181,0.003,0.032,,,,,,
2392,,,,,,,,,,,,,,,,,,,0.147,0.,0.147
2420,,,,2.238,0.012,2.223,,,,,,,,,,,,,,,
2432,,,,,,,,,,,,,,,,,,,0.147,0.,0.147
2471,,,,,,,,,,,,,,,,,,,0.142,0.,0.142
2502,,,,,,,,,,0.192,0.004,0.046,0.196,0.003,0.039,,,,,,
2510,,,,,,,,,,,,,,,,,,,0.169,0.,0.169
2521,,,,,,,6.357,0.04,6.316,,,,,,,,,,,,
2549,,,,,,,,,,,,,,,,,,,0.162,0.,0.161
2562,,,,2.409,0.,2.409,,,,,,,,,,,,,,,
2588,,,,,,,,,,,,,,,,,,,0.168,0.,0.168
2615,,,,,,,,,,0.198,0.004,0.038,0.189,0.003,0.044,,,,,,
2628,,,,,,,,,,,,,,,,,,,0.173,0.,0.173
2667,,,,,,,,,,,,,,,,,,,0.176,0.,0.176
2705,,,,2.679,0.003,2.675,,,,,,,,,,,,,,,
2706,,,,,,,,,,,,,,,,,,,0.17,0.,0.17
2729,,,,,,,,,,0.196,0.007,0.039,0.202,0.004,0.049,,,,,,
2745,,,,,,,,,,,,,,,,,,,0.179,0.,0.179
2784,,,,,,,,,,,,,,,,,,,0.184,0.,0.184
2824,,,,,,,,,,,,,,,,,,,0.195,0.,0.195
2842,,,,,,,,,,0.198,0.01,0.039,0.205,0.007,0.043,,,,,,
2847,,,,2.931,0.008,2.922,,,,,,,,,,,,,,,
2863,,,,,,,,,,,,,,,,,,,0.19,0.,0.19
2881,,,,,,,8.599,0.028,8.569,,,,,,,,,,,,
2902,,,,,,,,,,,,,,,,,,,0.211,0.,0.211
2941,,,,,,,,,,,,,,,,,,,0.222,0.,0.222
2956,,,,,,,,,,0.187,0.003,0.046,0.205,0.003,0.055,,,,,,
2980,,,,,,,,,,,,,,,,,,,0.212,0.,0.212
3019,,,,,,,,,,,,,,,,,,,0.221,0.,0.22
3059,,,,,,,,,,,,,,,,,,,0.223,0.,0.223
3070,,,,,,,,,,0.208,0.004,0.057,0.224,0.007,0.047,,,,,,
3098,,,,,,,,,,,,,,,,,,,0.227,0.,0.227
3137,,,,,,,,,,,,,,,,,,,0.239,0.,0.239
3183,,,,,,,,,,0.213,0.004,0.062,0.209,0.007,0.057,,,,,,
3241,,,,,,,10.598,0.051,10.544,,,,,,,,,,,,
3268,,,,,,,,,,,,,,,,,,,0.251,0.003,0.248
3297,,,,,,,,,,0.212,0.003,0.06,0.234,0.004,0.063,,,,,,
3398,,,,,,,,,,,,,,,,,,,0.267,0.003,0.263
3410,,,,,,,,,,0.217,0.008,0.062,0.216,0.011,0.057,,,,,,
3416,,,,4.184,0.012,4.17,,,,,,,,,,,,,,,
3524,,,,,,,,,,0.209,0.007,0.058,0.219,0.004,0.069,,,,,,
3529,,,,,,,,,,,,,,,,,,,0.297,0.004,0.293
3601,,,,,,,12.995,0.08,12.912,,,,,,,,,,,,
3638,,,,,,,,,,0.238,0.004,0.079,0.223,0.011,0.064,,,,,,
3660,,,,,,,,,,,,,,,,,,,0.31,0.,0.31
3674,,,,,,,,,,0.252,0.009,0.097,0.277,0.007,0.126,,,,,,
3751,,,,,,,,,,0.229,0.007,0.077,0.221,0.004,0.074,,,,,,
3790,,,,,,,,,,,,,,,,,,,0.332,0.,0.332
3865,,,,,,,,,,0.221,0.003,0.073,0.245,0.004,0.085,,,,,,
3921,,,,,,,,,,,,,,,,,,,0.362,0.,0.362
3979,,,,,,,,,,0.237,0.008,0.083,0.24,0.004,0.091,,,,,,
3985,,,,5.655,0.011,5.638,,,,,,,,,,,,,,,
4024,,,,,,,,,,,,,,,,,,,0.377,0.,0.377
4052,,,,,,,,,,,,,,,,,,,0.402,0.,0.401
4092,,,,,,,,,,0.249,0.011,0.088,0.25,0.004,0.094,,,,,,
4182,,,,,,,,,,,,,,,,,,,0.44,0.,0.44
4206,,,,,,,,,,0.269,0.003,0.102,0.256,0.007,0.09,,,,,,
4313,,,,,,,,,,,,,,,,,,,0.458,0.,0.458
4319,,,,,,,,,,0.246,0.007,0.096,0.264,0.008,0.104,,,,,,
4433,,,,,,,,,,0.281,0.004,0.109,0.269,0.007,0.107,,,,,,
4444,,,,,,,,,,,,,,,,,,,0.46,0.,0.459
4547,,,,,,,,,,0.275,0.008,0.119,0.281,0.007,0.11,,,,,,
4555,,,,7.381,0.003,7.375,,,,,,,,,,,,,,,
4574,,,,,,,,,,,,,,,,,,,0.487,0.003,0.483
4660,,,,,,,,,,0.272,0.007,0.111,0.28,0.008,0.121,,,,,,
4705,,,,,,,,,,,,,,,,,,,0.512,0.,0.511
4774,,,,,,,,,,0.287,0.007,0.125,0.288,0.008,0.125,,,,,,
4836,,,,,,,,,,,,,,,,,,,0.554,0.003,0.55
4887,,,,,,,,,,0.278,0.008,0.119,0.284,0.004,0.128,,,,,,
4966,,,,,,,,,,,,,,,,,,,0.581,0.,0.581
5001,,,,,,,,,,0.295,0.004,0.143,0.278,0.004,0.13,,,,,,
5097,,,,,,,,,,,,,,,,,,,0.584,0.,0.584
5115,,,,,,,,,,0.286,0.004,0.134,0.291,0.012,0.132,,,,,,
5124,,,,9.312,0.008,9.299,,,,,,,,,,,,,,,
5228,,,,,,,,,,0.319,0.004,0.159,0.293,0.011,0.133,,,,0.623,0.,0.622
5342,,,,,,,,,,0.284,0.003,0.141,0.305,0.015,0.141,,,,,,
5358,,,,,,,,,,,,,,,,,,,0.637,0.,0.637
5456,,,,,,,,,,0.301,0.008,0.145,0.293,0.007,0.144,,,,,,
5489,,,,,,,,,,,,,,,,,,,0.668,0.,0.668
5569,,,,,,,,,,0.308,0.004,0.156,0.306,0.003,0.157,,,,,,
5620,,,,,,,,,,,,,,,,,,,0.697,0.,0.697
5683,,,,,,,,,,0.305,0.004,0.154,0.315,0.011,0.155,,,,,,
5693,,,,11.31,0.011,11.293,,,,,,,,,,,,,,,
5750,,,,,,,,,,,,,,,,,,,0.728,0.,0.728
5796,,,,,,,,,,0.317,0.003,0.167,0.324,0.007,0.174,,,,,,
5881,,,,,,,,,,,,,,,,,,,0.775,0.,0.775
5910,,,,,,,,,,0.326,0.007,0.173,0.347,0.004,0.187,,,,,,
6012,,,,,,,,,,,,,,,,,,,0.784,0.,0.784
6034,,,,,,,,,,,,,,,,,,,0.805,0.,0.804
6142,,,,,,,,,,,,,,,,,,,0.835,0.,0.835
6221,,,,,,,,,,0.357,0.007,0.187,0.366,0.015,0.203,,,,,,
6273,,,,,,,,,,,,,,,,,,,0.887,0.,0.887
6532,,,,,,,,,,0.396,0.011,0.226,0.371,0.004,0.213,,,,,,
6843,,,,,,,,,,0.382,0.007,0.224,0.398,0.008,0.241,,,,,,
6900,,,,,,,,,,,,,,,,,,,1.081,0.,1.081
7154,,,,,,,,,,0.416,0.012,0.257,0.416,0.015,0.254,,,,,,
7346,,,,,,,,,,0.399,0.003,0.255,0.445,0.008,0.291,,,,,,
7465,,,,,,,,,,0.449,0.004,0.291,0.463,0.007,0.308,,,,,,
7527,,,,,,,,,,,,,,,,,,,1.253,0.,1.252
7776,,,,,,,,,,0.45,0.011,0.291,0.492,0.012,0.328,,,,,,
8045,,,,,,,,,,,,,,,,,,,1.404,0.,1.404
8087,,,,,,,,,,0.475,0.004,0.315,0.489,0.007,0.329,,,,,,
8154,,,,,,,,,,,,,,,,,,,1.42,0.,1.42
8398,,,,,,,,,,0.494,0.011,0.332,0.521,0.019,0.353,,,,,,
8709,,,,,,,,,,0.514,0.012,0.35,0.555,0.008,0.393,,,,,,
8781,,,,,,,,,,,,,,,,,,,1.696,0.,1.696
9019,,,,,,,,,,0.543,0.016,0.38,0.558,0.011,0.393,,,,,,
9330,,,,,,,,,,0.575,0.003,0.423,0.587,0.008,0.434,,,,,,
9409,,,,,,,,,,,,,,,,,,,1.936,0.,1.935
9641,,,,,,,,,,0.583,0.011,0.434,0.604,0.008,0.445,,,,,,
9952,,,,,,,,,,0.646,0.008,0.485,0.634,0.011,0.472,,,,,,
10036,,,,,,,,,,,,,,,,,,,2.179,0.,2.179
10056,,,,,,,,,,,,,,,,,,,2.209,0.007,2.201
10263,,,,,,,,,,0.649,0.003,0.499,0.645,0.003,0.493,,,,,,
10574,,,,,,,,,,0.688,0.003,0.531,0.703,0.004,0.546,,,,,,
10663,,,,,,,,,,,,,,,,,,,2.444,0.004,2.439
10885,,,,,,,,,,0.692,0.011,0.536,0.727,0.015,0.565,,,,,,
11017,,,,,,,,,,0.713,0.004,0.572,0.75,0.003,0.598,,,,,,
11196,,,,,,,,,,0.728,0.012,0.564,0.743,0.004,0.589,,,,,,
11290,,,,,,,,,,,,,,,,,,,2.772,0.003,2.767
11507,,,,,,,,,,0.751,0.004,0.608,0.772,0.007,0.617,,,,,,
11818,,,,,,,,,,0.793,0.012,0.632,0.839,0.008,0.678,,,,,,
11917,,,,,,,,,,,,,,,,,,,3.022,0.,3.021
12544,,,,,,,,,,,,,,,,,,,3.389,0.004,3.385
13000,,,,,,,,,,1.042,0.012,0.861,1.022,0.008,0.856,,,,,,
14181,,,,,,,,,,1.123,0.011,0.962,1.109,0.004,0.956,,,,,,
14689,,,,,,,,,,1.161,0.003,1.013,1.187,0.015,1.021,,,,,,
15052,,,,,,,,,,,,,,,,,,,4.892,0.,4.891
15363,,,,,,,,,,1.221,0.008,1.069,1.281,0.019,1.111,,,,,,
16544,,,,,,,,,,1.416,0.011,1.261,1.421,0.008,1.261,,,,,,
17561,,,,,,,,,,,,,,,,,,,6.541,0.,6.54
17726,,,,,,,,,,1.609,0.016,1.449,1.629,0.02,1.462,,,,,,
18361,,,,,,,,,,1.699,0.011,1.503,1.722,0.008,1.569,,,,,,
18908,,,,,,,,,,1.798,0.007,1.647,1.805,0.015,1.642,,,,,,
20069,,,,,,,,,,,,,,,,,,,8.442,0.,8.44
20089,,,,,,,,,,2.,0.012,1.838,2.016,0.003,1.867,,,,,,
21271,,,,,,,,,,2.292,0.019,2.119,2.352,0.008,2.185,,,,,,
22452,,,,,,,,,,2.536,0.007,2.371,2.664,0.016,2.502,,,,,,
22578,,,,,,,,,,,,,,,,,,,10.708,0.,10.706
23634,,,,,,,,,,2.901,0.012,2.736,2.859,0.011,2.688,,,,,,
25086,,,,,,,,,,,,,,,,,,,13.163,0.007,13.153
28361,,,,,,,,,,3.881,0.016,3.705,3.934,0.008,3.774,,,,,,
33087,,,,,,,,,,5.215,0.003,5.062,5.24,0.007,5.084,,,,,,
37814,,,,,,,,,,6.866,0.011,6.702,6.907,0.003,6.751,,,,,,
42540,,,,,,,,,,8.726,0.032,8.542,8.518,0.031,8.338,,,,,,
47267,,,,,,,,,,10.718,0.036,10.527,10.571,0.024,10.392,,,,,,