param-n,abstract+rewrite-strat-bottomup-real,abstract+rewrite-strat-bottomup-sys,abstract+rewrite-strat-bottomup-user,abstract+rewrite-strat-topdown-real,abstract+rewrite-strat-topdown-sys,abstract+rewrite-strat-topdown-user,close-abstract+rewrite-strat-bottomup-real,close-abstract+rewrite-strat-bottomup-sys,close-abstract+rewrite-strat-bottomup-user,close-abstract+rewrite-strat-topdown-real,close-abstract+rewrite-strat-topdown-sys,close-abstract+rewrite-strat-topdown-user,rewrite-strat-bottomup-real,rewrite-strat-bottomup-sys,rewrite-strat-bottomup-user,rewrite-strat-bottomup-noop-real,rewrite-strat-bottomup-noop-sys,rewrite-strat-bottomup-noop-user,rewrite-strat-topdown-real,rewrite-strat-topdown-sys,rewrite-strat-topdown-user,rewrite-strat-topdown-noop-real,rewrite-strat-topdown-noop-sys,rewrite-strat-topdown-noop-user
1,0.001,0.,0.,0.001,0.,0.001,0.,0.,0.,0.,0.,0.,0.001,0.,0.,0.,0.,0.,0.,0.,0.,0.,0.,0.
2,0.001,0.,0.001,0.001,0.,0.001,0.,0.,0.,0.,0.,0.,0.001,0.,0.001,0.,0.,0.,0.001,0.,0.001,0.,0.,0.
3,0.002,0.,0.002,0.001,0.,0.001,0.,0.,0.,0.,0.,0.,0.001,0.,0.001,0.,0.,0.,0.001,0.,0.001,0.,0.,0.
4,0.003,0.003,0.,0.002,0.,0.001,0.,0.,0.,0.,0.,0.,0.002,0.002,0.,0.,0.,0.,0.001,0.,0.001,0.,0.,0.
5,0.003,0.,0.003,0.003,0.001,0.002,0.001,0.,0.001,0.001,0.001,0.,0.002,0.,0.002,0.,0.,0.,0.001,0.,0.001,0.,0.,0.
6,0.005,0.,0.004,0.003,0.001,0.002,0.001,0.,0.001,0.,0.,0.,0.003,0.,0.003,0.,0.,0.,0.002,0.,0.001,0.,0.,0.
7,0.005,0.,0.005,0.004,0.003,0.,0.001,0.,0.001,0.001,0.001,0.,0.003,0.,0.003,0.,0.,0.,0.002,0.002,0.,0.,0.,0.
8,0.006,0.,0.006,0.004,0.,0.004,0.001,0.,0.001,0.001,0.,0.001,0.004,0.,0.004,0.,0.,0.,0.002,0.,0.002,0.,0.,0.
9,0.06,0.015,0.044,0.004,0.,0.004,0.001,0.,0.001,0.001,0.,0.001,0.058,0.015,0.043,0.,0.,0.,0.002,0.,0.002,0.,0.,0.
10,0.006,0.,0.006,0.061,0.004,0.057,0.001,0.,0.001,0.057,0.004,0.053,0.004,0.,0.004,0.,0.,0.,0.003,0.,0.003,0.,0.,0.
11,0.007,0.,0.007,0.004,0.,0.004,0.001,0.,0.001,0.001,0.,0.001,0.004,0.,0.004,0.,0.,0.,0.002,0.,0.002,0.,0.,0.
12,0.007,0.,0.007,0.005,0.,0.005,0.002,0.,0.002,0.001,0.,0.001,0.005,0.,0.005,0.,0.,0.,0.003,0.,0.003,0.,0.,0.
13,0.008,0.,0.008,0.005,0.,0.005,0.002,0.,0.002,0.001,0.,0.001,0.006,0.,0.006,0.,0.,0.,0.003,0.,0.003,0.,0.,0.
14,0.009,0.,0.009,0.006,0.,0.006,0.002,0.,0.002,0.002,0.,0.002,0.006,0.,0.006,0.,0.,0.,0.003,0.,0.003,0.,0.,0.
15,0.01,0.,0.01,0.007,0.,0.007,0.003,0.,0.003,0.002,0.,0.002,0.007,0.,0.007,0.,0.,0.,0.004,0.,0.004,0.,0.,0.
16,0.013,0.,0.013,0.007,0.,0.007,0.003,0.,0.003,0.002,0.,0.002,0.009,0.,0.009,0.,0.,0.,0.004,0.,0.004,0.,0.,0.
17,0.013,0.,0.013,0.008,0.,0.008,0.003,0.,0.003,0.003,0.,0.002,0.008,0.,0.008,0.,0.,0.,0.004,0.,0.004,0.,0.,0.
18,0.014,0.,0.014,0.009,0.002,0.006,0.004,0.,0.004,0.003,0.,0.003,0.009,0.,0.009,0.,0.,0.,0.005,0.002,0.002,0.,0.,0.
19,0.015,0.,0.015,0.011,0.,0.011,0.004,0.,0.004,0.003,0.,0.003,0.01,0.,0.01,0.,0.,0.,0.007,0.,0.007,0.,0.,0.
20,0.018,0.,0.018,0.01,0.,0.01,0.005,0.,0.005,0.004,0.,0.004,0.012,0.,0.012,0.,0.,0.,0.006,0.,0.006,0.,0.,0.
21,0.018,0.,0.018,0.012,0.,0.012,0.005,0.,0.005,0.004,0.,0.004,0.011,0.,0.011,0.,0.,0.,0.006,0.,0.006,0.,0.,0.
22,0.019,0.,0.019,0.012,0.,0.012,0.005,0.,0.005,0.004,0.,0.004,0.012,0.,0.012,0.,0.,0.,0.007,0.,0.007,0.,0.,0.
23,0.022,0.,0.022,0.015,0.,0.015,0.006,0.,0.006,0.007,0.,0.007,0.015,0.,0.015,0.,0.,0.,0.007,0.,0.007,0.,0.,0.
24,0.022,0.,0.022,0.014,0.,0.014,0.007,0.,0.007,0.005,0.,0.005,0.014,0.,0.014,0.,0.,0.,0.008,0.,0.008,0.,0.,0.
25,0.028,0.,0.028,0.015,0.,0.015,0.008,0.,0.008,0.006,0.,0.006,0.018,0.,0.018,0.,0.,0.,0.008,0.,0.008,0.,0.,0.
26,0.026,0.,0.026,0.016,0.,0.016,0.008,0.,0.008,0.006,0.,0.006,0.017,0.,0.017,0.,0.,0.,0.009,0.,0.009,0.,0.,0.
27,0.028,0.,0.028,0.018,0.,0.018,0.009,0.,0.009,0.007,0.,0.007,0.017,0.,0.017,0.,0.,0.,0.01,0.,0.01,0.,0.,0.
28,0.028,0.,0.028,0.019,0.,0.019,0.009,0.,0.009,0.007,0.,0.007,0.019,0.,0.019,0.,0.,0.,0.01,0.,0.01,0.,0.,0.
29,0.032,0.,0.032,0.02,0.,0.02,0.011,0.,0.011,0.008,0.,0.008,0.02,0.,0.02,0.,0.,0.,0.011,0.,0.011,0.,0.,0.
30,0.032,0.,0.032,0.023,0.,0.023,0.01,0.,0.01,0.008,0.,0.008,0.021,0.,0.021,0.,0.,0.,0.014,0.,0.014,0.,0.,0.
31,0.035,0.,0.035,0.022,0.,0.022,0.011,0.,0.011,0.009,0.,0.009,0.023,0.,0.023,0.,0.,0.,0.012,0.,0.012,0.,0.,0.
32,0.036,0.,0.036,0.024,0.,0.024,0.011,0.,0.011,0.01,0.,0.01,0.023,0.,0.023,0.,0.,0.,0.013,0.,0.013,0.,0.,0.
33,0.043,0.,0.043,0.025,0.,0.024,0.012,0.,0.012,0.01,0.,0.01,0.03,0.,0.03,0.,0.,0.,0.013,0.,0.013,0.,0.,0.
34,0.041,0.,0.041,0.026,0.,0.026,0.012,0.,0.012,0.01,0.,0.01,0.027,0.,0.027,0.,0.,0.,0.014,0.,0.014,0.,0.,0.
35,0.044,0.,0.044,0.029,0.,0.029,0.015,0.,0.015,0.011,0.,0.011,0.027,0.,0.027,0.,0.,0.,0.017,0.,0.017,0.,0.,0.
36,0.044,0.,0.044,0.029,0.,0.029,0.014,0.,0.014,0.012,0.,0.012,0.028,0.,0.028,0.,0.,0.,0.016,0.,0.016,0.,0.,0.
37,0.047,0.,0.047,0.032,0.,0.032,0.015,0.,0.015,0.012,0.,0.012,0.031,0.,0.031,0.,0.,0.,0.018,0.,0.018,0.,0.,0.
38,0.05,0.,0.05,0.032,0.,0.032,0.016,0.,0.016,0.013,0.,0.013,0.032,0.,0.032,0.,0.,0.,0.017,0.,0.017,0.,0.,0.
39,0.052,0.,0.052,0.036,0.,0.036,0.016,0.,0.016,0.014,0.,0.014,0.034,0.,0.034,0.,0.,0.,0.021,0.,0.021,0.,0.,0.
40,0.055,0.,0.055,0.036,0.,0.036,0.017,0.,0.017,0.015,0.,0.015,0.036,0.,0.036,0.,0.,0.,0.019,0.,0.019,0.,0.,0.
41,0.059,0.,0.059,0.036,0.,0.036,0.018,0.,0.018,0.015,0.,0.015,0.039,0.,0.039,0.,0.,0.,0.02,0.,0.02,0.,0.,0.
42,0.062,0.,0.062,0.04,0.003,0.036,0.019,0.,0.019,0.016,0.,0.016,0.042,0.,0.042,0.,0.,0.,0.023,0.003,0.019,0.,0.,0.
43,0.061,0.,0.061,0.04,0.,0.04,0.019,0.,0.019,0.017,0.,0.017,0.04,0.,0.04,0.,0.,0.,0.022,0.,0.022,0.,0.,0.
44,0.065,0.,0.065,0.041,0.,0.041,0.021,0.,0.021,0.017,0.,0.017,0.043,0.,0.043,0.,0.,0.,0.022,0.,0.022,0.,0.,0.
45,0.067,0.,0.067,0.046,0.,0.046,0.022,0.,0.022,0.018,0.,0.018,0.044,0.,0.044,0.,0.,0.,0.026,0.,0.026,0.,0.,0.
46,0.073,0.,0.073,0.046,0.,0.046,0.022,0.,0.022,0.018,0.,0.018,0.049,0.,0.049,0.,0.,0.,0.026,0.,0.026,0.,0.,0.
47,0.071,0.,0.071,0.049,0.,0.049,0.024,0.,0.024,0.022,0.,0.022,0.045,0.,0.045,0.,0.,0.,0.026,0.,0.026,0.,0.,0.
48,0.074,0.,0.074,0.049,0.,0.049,0.024,0.,0.024,0.02,0.,0.02,0.047,0.,0.047,0.,0.,0.,0.027,0.,0.027,0.,0.,0.
49,0.081,0.,0.081,0.051,0.,0.051,0.027,0.,0.027,0.021,0.,0.021,0.052,0.,0.052,0.,0.,0.,0.028,0.,0.028,0.,0.,0.
50,0.147,0.023,0.123,0.113,0.007,0.105,0.028,0.,0.028,0.02,0.,0.02,0.118,0.023,0.094,0.,0.,0.,0.091,0.007,0.083,0.,0.,0.
51,0.085,0.,0.085,0.055,0.,0.055,0.029,0.,0.029,0.023,0.,0.023,0.054,0.,0.054,0.,0.,0.,0.03,0.,0.03,0.,0.,0.
52,0.085,0.,0.085,0.061,0.,0.061,0.028,0.,0.028,0.024,0.,0.024,0.056,0.,0.056,0.,0.,0.,0.035,0.,0.035,0.,0.,0.
53,0.094,0.,0.094,0.061,0.,0.061,0.032,0.,0.032,0.024,0.,0.024,0.06,0.,0.06,0.,0.,0.,0.035,0.,0.035,0.,0.,0.
54,0.094,0.003,0.09,0.062,0.,0.062,0.031,0.,0.031,0.025,0.,0.025,0.061,0.003,0.057,0.,0.,0.,0.035,0.,0.035,0.,0.,0.
55,0.094,0.,0.094,0.066,0.,0.066,0.033,0.,0.033,0.026,0.,0.026,0.06,0.,0.06,0.,0.,0.,0.037,0.,0.037,0.,0.,0.
56,0.104,0.,0.104,0.066,0.,0.066,0.038,0.,0.038,0.027,0.,0.027,0.065,0.,0.065,0.,0.,0.,0.037,0.,0.037,0.,0.,0.
57,0.102,0.,0.102,0.068,0.,0.068,0.033,0.,0.033,0.029,0.,0.029,0.066,0.,0.066,0.,0.,0.,0.038,0.,0.038,0.,0.,0.
58,0.112,0.,0.112,0.07,0.,0.07,0.034,0.,0.034,0.03,0.,0.03,0.076,0.,0.076,0.,0.,0.,0.038,0.,0.038,0.,0.,0.
59,0.115,0.003,0.111,0.072,0.,0.072,0.039,0.004,0.035,0.031,0.,0.031,0.075,0.,0.075,0.,0.,0.,0.039,0.,0.039,0.,0.,0.
60,0.116,0.,0.116,0.076,0.,0.076,0.039,0.,0.039,0.031,0.,0.031,0.075,0.,0.075,0.,0.,0.,0.043,0.,0.043,0.,0.,0.
61,0.122,0.,0.122,0.077,0.,0.077,0.044,0.,0.044,0.032,0.,0.032,0.077,0.,0.077,0.,0.,0.,0.042,0.,0.042,0.,0.,0.
62,0.123,0.,0.123,0.083,0.,0.083,0.042,0.,0.042,0.035,0.,0.035,0.08,0.,0.08,0.,0.,0.,0.046,0.,0.046,0.,0.,0.
63,0.127,0.,0.127,0.083,0.,0.083,0.044,0.,0.044,0.035,0.,0.035,0.081,0.,0.081,0.,0.,0.,0.047,0.,0.047,0.,0.,0.
64,0.132,0.,0.132,0.088,0.,0.088,0.042,0.,0.042,0.038,0.,0.038,0.084,0.,0.084,0.004,0.,0.004,0.047,0.,0.047,0.,0.,0.
65,0.135,0.,0.135,0.087,0.,0.087,0.043,0.,0.043,0.038,0.,0.038,0.089,0.,0.089,0.,0.,0.,0.047,0.,0.047,0.,0.,0.
66,0.146,0.,0.146,0.09,0.,0.09,0.05,0.,0.05,0.037,0.,0.037,0.094,0.,0.094,0.,0.,0.,0.051,0.,0.051,0.,0.,0.
67,0.155,0.004,0.148,0.095,0.,0.095,0.056,0.,0.056,0.039,0.,0.039,0.097,0.004,0.091,0.,0.,0.,0.053,0.,0.053,0.,0.,0.
68,0.14,0.,0.14,0.1,0.,0.1,0.049,0.,0.049,0.045,0.,0.045,0.089,0.,0.089,0.,0.,0.,0.054,0.,0.054,0.,0.,0.
69,0.149,0.,0.149,0.099,0.,0.099,0.052,0.,0.052,0.041,0.,0.041,0.094,0.,0.094,0.,0.,0.,0.056,0.,0.056,0.,0.,0.
70,0.164,0.,0.164,0.108,0.,0.108,0.057,0.,0.057,0.045,0.,0.045,0.105,0.,0.105,0.,0.,0.,0.061,0.,0.061,0.,0.,0.
71,0.16,0.,0.16,0.106,0.,0.106,0.057,0.,0.057,0.045,0.,0.045,0.101,0.,0.101,0.,0.,0.,0.06,0.,0.06,0.,0.,0.
72,0.156,0.,0.156,0.106,0.,0.106,0.056,0.,0.056,0.045,0.,0.045,0.098,0.,0.098,0.,0.,0.,0.058,0.,0.058,0.001,0.,0.001
73,0.168,0.,0.165,0.108,0.,0.108,0.054,0.,0.054,0.047,0.,0.047,0.111,0.,0.109,0.,0.,0.,0.059,0.,0.059,0.001,0.,0.001
74,0.168,0.,0.168,0.111,0.,0.111,0.058,0.,0.058,0.048,0.,0.048,0.108,0.,0.108,0.,0.,0.,0.06,0.,0.06,0.,0.,0.
75,0.169,0.,0.169,0.12,0.,0.12,0.058,0.,0.058,0.053,0.,0.053,0.109,0.,0.109,0.,0.,0.,0.065,0.,0.065,0.001,0.,0.001
76,0.176,0.,0.176,0.126,0.,0.126,0.059,0.,0.059,0.056,0.,0.056,0.114,0.,0.114,0.,0.,0.,0.067,0.,0.067,0.001,0.,0.001
77,0.188,0.003,0.184,0.129,0.,0.129,0.061,0.,0.061,0.057,0.,0.057,0.124,0.003,0.12,0.,0.,0.,0.069,0.,0.069,0.001,0.,0.001
78,0.188,0.,0.188,0.13,0.,0.13,0.064,0.,0.064,0.057,0.,0.057,0.122,0.,0.122,0.,0.,0.,0.071,0.,0.071,0.001,0.,0.001
79,0.193,0.004,0.189,0.144,0.,0.144,0.064,0.,0.064,0.066,0.,0.066,0.126,0.003,0.122,0.,0.,0.,0.075,0.,0.075,0.001,0.,0.001
80,0.192,0.,0.192,0.141,0.,0.141,0.066,0.,0.066,0.064,0.,0.064,0.124,0.,0.124,0.001,0.,0.001,0.075,0.,0.075,0.001,0.,0.001
81,0.199,0.003,0.195,0.136,0.,0.136,0.066,0.,0.066,0.06,0.,0.06,0.131,0.003,0.127,0.001,0.,0.001,0.073,0.,0.073,0.001,0.,0.001
82,0.206,0.,0.206,0.138,0.,0.138,0.068,0.,0.068,0.058,0.,0.058,0.131,0.,0.131,0.001,0.,0.001,0.077,0.,0.077,0.001,0.,0.001
83,0.204,0.,0.204,0.142,0.,0.142,0.071,0.,0.071,0.061,0.,0.061,0.131,0.,0.131,0.001,0.,0.001,0.078,0.,0.078,0.001,0.,0.001
84,0.22,0.,0.219,0.147,0.,0.147,0.073,0.,0.073,0.063,0.,0.063,0.144,0.,0.144,0.001,0.,0.001,0.081,0.,0.081,0.001,0.,0.001
85,0.218,0.,0.218,0.153,0.,0.153,0.073,0.,0.073,0.06,0.,0.06,0.143,0.,0.143,0.001,0.,0.001,0.086,0.,0.086,0.004,0.,0.004
86,0.232,0.003,0.228,0.151,0.,0.151,0.081,0.,0.081,0.061,0.,0.061,0.149,0.003,0.145,0.001,0.,0.001,0.088,0.,0.088,0.001,0.,0.001
87,0.247,0.,0.247,0.151,0.004,0.147,0.082,0.,0.082,0.062,0.,0.062,0.162,0.,0.162,0.001,0.,0.001,0.086,0.003,0.082,0.001,0.,0.001
88,0.252,0.,0.252,0.154,0.,0.154,0.083,0.,0.083,0.065,0.,0.065,0.166,0.,0.166,0.001,0.,0.001,0.086,0.,0.086,0.001,0.,0.001
89,0.256,0.007,0.248,0.163,0.,0.163,0.094,0.007,0.086,0.065,0.,0.065,0.159,0.,0.159,0.001,0.,0.001,0.095,0.,0.095,0.001,0.,0.001
90,0.276,0.004,0.272,0.161,0.,0.161,0.087,0.,0.087,0.066,0.,0.066,0.186,0.003,0.182,0.001,0.,0.001,0.092,0.,0.092,0.001,0.,0.001
91,0.269,0.,0.269,0.168,0.003,0.164,0.093,0.,0.093,0.071,0.003,0.067,0.174,0.,0.174,0.001,0.,0.001,0.095,0.,0.095,0.001,0.,0.001
92,0.273,0.003,0.269,0.171,0.,0.171,0.093,0.,0.093,0.07,0.,0.069,0.177,0.003,0.173,0.001,0.,0.001,0.098,0.,0.098,0.001,0.,0.001
93,0.272,0.,0.272,0.174,0.,0.174,0.097,0.,0.097,0.073,0.,0.073,0.172,0.,0.172,0.001,0.,0.001,0.098,0.,0.098,0.001,0.,0.001
94,0.267,0.003,0.263,0.173,0.,0.173,0.091,0.,0.091,0.073,0.,0.073,0.173,0.003,0.169,0.001,0.,0.001,0.098,0.,0.098,0.001,0.,0.001
95,0.269,0.,0.269,0.178,0.,0.178,0.093,0.,0.093,0.073,0.,0.073,0.173,0.,0.173,0.001,0.,0.001,0.103,0.,0.103,0.001,0.,0.001
96,0.286,0.003,0.283,0.187,0.,0.187,0.097,0.003,0.093,0.077,0.,0.077,0.186,0.,0.186,0.001,0.,0.001,0.107,0.,0.107,0.001,0.,0.001
97,0.28,0.,0.28,0.194,0.004,0.19,0.098,0.,0.098,0.081,0.,0.081,0.179,0.,0.179,0.001,0.,0.001,0.109,0.003,0.105,0.001,0.,0.001
98,0.289,0.,0.289,0.193,0.,0.193,0.101,0.,0.101,0.082,0.,0.082,0.184,0.,0.184,0.001,0.,0.001,0.108,0.,0.108,0.001,0.,0.001
99,0.302,0.004,0.298,0.198,0.,0.198,0.105,0.,0.105,0.082,0.,0.082,0.195,0.003,0.191,0.001,0.,0.001,0.113,0.,0.113,0.001,0.,0.001
100,0.348,0.004,0.344,0.199,0.,0.199,0.121,0.004,0.117,0.086,0.,0.086,0.224,0.,0.224,0.001,0.,0.001,0.11,0.,0.11,0.001,0.,0.001
110,0.364,0.,0.364,0.245,0.,0.245,0.129,0.,0.129,0.104,0.,0.104,0.232,0.,0.232,0.001,0.,0.001,0.138,0.,0.138,0.001,0.,0.001
120,0.43,0.,0.43,0.296,0.007,0.288,0.149,0.,0.149,0.122,0.003,0.118,0.277,0.,0.277,0.001,0.,0.001,0.17,0.003,0.166,0.001,0.,0.001
130,0.511,0.,0.511,0.381,0.,0.381,0.182,0.,0.182,0.165,0.,0.165,0.325,0.,0.325,0.001,0.,0.001,0.212,0.,0.212,0.002,0.,0.002
140,0.624,0.,0.624,0.424,0.003,0.42,0.22,0.,0.22,0.183,0.,0.183,0.39,0.,0.39,0.011,0.,0.011,0.237,0.003,0.233,0.002,0.,0.002
150,0.79,0.004,0.786,0.487,0.,0.487,0.276,0.,0.276,0.206,0.,0.206,0.511,0.003,0.507,0.002,0.,0.002,0.278,0.,0.278,0.002,0.,0.002
160,0.824,0.,0.824,0.569,0.004,0.565,0.288,0.,0.288,0.252,0.,0.252,0.531,0.,0.531,0.002,0.,0.002,0.312,0.003,0.308,0.002,0.,0.002
170,0.881,0.007,0.873,0.604,0.003,0.6,0.3,0.004,0.296,0.242,0.003,0.238,0.576,0.003,0.572,0.002,0.,0.002,0.358,0.,0.358,0.003,0.,0.003
180,1.006,0.015,0.989,0.679,0.007,0.671,0.341,0.,0.341,0.276,0.004,0.272,0.66,0.015,0.644,0.003,0.,0.003,0.397,0.003,0.393,0.003,0.,0.003
190,1.096,0.,1.096,0.738,0.,0.738,0.378,0.,0.378,0.302,0.,0.302,0.713,0.,0.713,0.003,0.,0.003,0.43,0.,0.43,0.003,0.,0.003
200,1.336,0.,1.336,0.894,0.007,0.887,0.438,0.,0.438,0.372,0.,0.372,0.892,0.,0.892,0.003,0.,0.003,0.517,0.007,0.51,0.004,0.,0.004
210,1.458,0.,1.457,0.98,0.003,0.976,0.462,0.,0.462,0.403,0.,0.403,0.99,0.,0.99,0.003,0.,0.003,0.57,0.003,0.566,0.004,0.,0.004
220,1.497,0.,1.497,1.054,0.,1.054,0.496,0.,0.496,0.437,0.,0.437,0.994,0.,0.994,0.004,0.,0.004,0.611,0.,0.611,0.004,0.,0.004
230,1.731,0.,1.731,1.1,0.,1.099,0.584,0.,0.584,0.442,0.,0.442,1.14,0.,1.14,0.004,0.,0.004,0.651,0.,0.651,0.005,0.,0.005
240,1.834,0.007,1.826,1.217,0.002,1.214,0.598,0.004,0.594,0.477,0.,0.477,1.229,0.003,1.225,0.004,0.,0.004,0.732,0.001,0.731,0.005,0.,0.005
250,2.156,0.012,2.144,1.353,0.011,1.341,0.751,0.003,0.747,0.537,0.007,0.529,1.398,0.007,1.39,0.005,0.,0.005,0.808,0.003,0.804,0.005,0.,0.005
260,2.131,0.011,2.119,1.477,0.,1.477,0.698,0.003,0.694,0.609,0.,0.609,1.426,0.007,1.418,0.005,0.,0.005,0.852,0.,0.852,0.013,0.,0.013
270,2.339,0.,2.339,1.568,0.,1.567,0.759,0.,0.759,0.599,0.,0.599,1.572,0.,1.572,0.006,0.,0.006,0.96,0.,0.959,0.006,0.,0.006
280,2.466,0.,2.466,1.673,0.019,1.653,0.795,0.,0.795,0.654,0.003,0.65,1.662,0.,1.662,0.006,0.,0.006,1.002,0.015,0.986,0.014,0.,0.014
290,2.768,0.003,2.764,1.85,0.,1.85,0.916,0.003,0.913,0.753,0.,0.753,1.844,0.,1.844,0.006,0.,0.006,1.088,0.,1.088,0.007,0.,0.007
300,3.183,0.015,3.166,1.974,0.003,1.97,0.985,0.,0.985,0.736,0.,0.736,2.188,0.015,2.172,0.007,0.,0.007,1.228,0.003,1.224,0.007,0.,0.007
310,3.065,0.003,3.061,2.132,0.007,2.123,0.981,0.003,0.977,0.796,0.003,0.792,2.074,0.,2.074,0.007,0.,0.007,1.319,0.003,1.315,0.008,0.,0.008
320,3.448,0.004,3.444,2.37,0.008,2.361,1.128,0.003,1.124,0.911,0.,0.911,2.31,0.,2.31,0.007,0.,0.007,1.443,0.007,1.435,0.008,0.,0.008
330,3.483,0.008,3.475,2.407,0.011,2.395,1.112,0.,1.112,0.9,0.003,0.896,2.361,0.007,2.352,0.008,0.,0.008,1.495,0.008,1.487,0.008,0.,0.008
340,3.927,0.,3.927,2.515,0.004,2.511,1.251,0.,1.25,0.95,0.,0.95,2.659,0.,2.659,0.015,0.,0.015,1.553,0.004,1.549,0.009,0.,0.009
350,4.394,0.004,4.389,2.763,0.024,2.739,1.425,0.,1.424,1.022,0.,1.022,2.958,0.003,2.953,0.009,0.,0.009,1.729,0.024,1.705,0.009,0.,0.009
360,4.246,0.,4.246,2.98,0.,2.978,1.32,0.,1.32,1.063,0.,1.063,2.914,0.,2.914,0.009,0.,0.009,1.904,0.,1.903,0.01,0.,0.01
370,4.638,0.004,4.634,3.218,0.,3.218,1.403,0.003,1.399,1.203,0.,1.203,3.223,0.,3.223,0.009,0.,0.009,2.001,0.,2.001,0.01,0.,0.01
380,4.922,0.,4.922,3.217,0.,3.217,1.48,0.,1.48,1.184,0.,1.184,3.429,0.,3.429,0.01,0.,0.01,2.019,0.,2.019,0.011,0.,0.011
390,5.529,0.024,5.503,3.553,0.,3.553,1.648,0.,1.648,1.336,0.,1.336,3.868,0.023,3.842,0.01,0.,0.01,2.199,0.,2.199,0.014,0.,0.014
400,5.907,0.019,5.884,3.652,0.035,3.616,1.741,0.,1.741,1.291,0.011,1.279,4.152,0.019,4.129,0.012,0.,0.012,2.347,0.023,2.323,0.012,0.,0.012