param-0-nm,param-1-n,param-2-m,param-3-input-size,param-4-output-size,param-5-num-rewrites,autorewrite-regression-cubic-real,autorewrite-regression-cubic-sys,autorewrite-regression-cubic-user,rewrite!-regression-cubic-real,rewrite!-regression-cubic-sys,rewrite!-regression-cubic-user,rewrite-strat(bottomup)-regression-cubic-real,rewrite-strat(bottomup)-regression-cubic-sys,rewrite-strat(bottomup)-regression-cubic-user,rewrite-strat(topdown)-regression-cubic-real,rewrite-strat(topdown)-regression-cubic-sys,rewrite-strat(topdown)-regression-cubic-user,setoid-rewrite-regression-cubic-real,setoid-rewrite-regression-cubic-sys,setoid-rewrite-regression-cubic-user,ssr-rewrite!-regression-cubic-real,ssr-rewrite!-regression-cubic-sys,ssr-rewrite!-regression-cubic-user
1,0,1,5,3,1,0.001,0.,0.001,0.,0.,0.,0.001,0.,0.001,0.,0.,0.,0.,0.,0.,0.,0.,0.
2,0,2,7,3,2,0.,0.,0.,0.,0.,0.,0.001,0.,0.001,0.001,0.,0.001,0.001,0.,0.001,0.,0.,0.
3,0,3,9,3,3,0.001,0.,0.001,0.,0.,0.,0.001,0.001,0.,0.001,0.,0.001,0.002,0.002,0.,0.001,0.,0.001
3,1,1,13,7,3,0.001,0.,0.001,0.,0.,0.,0.001,0.001,0.,0.001,0.,0.001,0.002,0.,0.001,0.,0.,0.
4,0,4,11,3,4,0.001,0.,0.001,0.001,0.,0.001,0.001,0.001,0.,0.001,0.,0.001,0.002,0.,0.002,0.,0.,0.
5,0,5,13,3,5,0.001,0.001,0.,0.001,0.,0.001,0.002,0.002,0.,0.001,0.,0.001,0.002,0.,0.002,0.001,0.,0.001
6,0,6,15,3,6,0.002,0.001,0.,0.001,0.,0.001,0.003,0.,0.003,0.001,0.,0.001,0.054,0.007,0.046,0.001,0.,0.001
6,1,2,19,7,6,0.001,0.,0.001,0.001,0.001,0.,0.002,0.,0.001,0.002,0.,0.002,0.002,0.,0.002,0.001,0.001,0.
7,0,7,17,3,7,0.001,0.,0.001,0.001,0.,0.,0.004,0.,0.004,0.002,0.002,0.,0.004,0.004,0.,0.001,0.001,0.
7,2,1,29,15,7,0.,0.,0.,0.,0.,0.,0.002,0.,0.002,0.001,0.,0.001,0.002,0.,0.002,0.001,0.,0.001
8,0,8,19,3,8,,,,,,,0.004,0.,0.004,0.002,0.001,0.,,,,,,
9,0,9,21,3,9,,,,,,,0.005,0.,0.005,0.002,0.002,0.,,,,,,
9,1,3,25,7,9,0.001,0.,0.001,0.001,0.,0.001,0.003,0.,0.003,0.001,0.,0.001,0.003,0.,0.003,0.001,0.,0.001
10,0,10,23,3,10,0.002,0.002,0.,,,,0.003,0.,0.003,0.001,0.,0.001,0.006,0.,0.006,0.002,0.002,0.
11,0,11,25,3,11,,,,,,,0.004,0.,0.004,0.002,0.,0.002,,,,,,
12,0,12,27,3,12,,,,,,,0.005,0.,0.005,0.001,0.,0.001,,,,,,
12,1,4,31,7,12,,,,,,,0.004,0.,0.004,0.007,0.,0.007,0.005,0.,0.005,,,
13,0,13,29,3,13,0.003,0.003,0.,0.003,0.001,0.001,0.005,0.,0.005,0.002,0.,0.002,0.058,0.004,0.054,0.003,0.003,0.
14,0,14,31,3,14,,,,,,,0.005,0.,0.005,0.002,0.,0.002,,,,,,
14,2,2,43,15,14,0.001,0.,0.001,0.001,0.,0.001,0.005,0.,0.005,0.002,0.,0.002,0.005,0.,0.005,0.002,0.,0.002
15,0,15,33,3,15,,,,,,,0.005,0.,0.005,0.002,0.,0.002,,,,,,
15,1,5,37,7,15,0.002,0.,0.002,0.001,0.,0.001,0.005,0.,0.005,0.002,0.,0.002,0.006,0.,0.006,0.003,0.,0.003
15,3,1,61,31,15,0.001,0.,0.001,0.002,0.,0.002,0.009,0.008,0.,0.007,0.,0.007,0.009,0.004,0.005,0.002,0.,0.002
16,0,16,35,3,16,0.054,0.012,0.041,,,,0.007,0.,0.007,0.002,0.,0.002,0.006,0.,0.006,0.005,0.005,0.
17,0,17,37,3,17,,,,,,,0.008,0.,0.008,0.002,0.,0.002,,,,,,
18,0,18,39,3,18,,,,,,,0.011,0.,0.011,0.002,0.,0.002,,,,,,
18,1,6,43,7,18,,,,,,,0.008,0.,0.008,0.003,0.,0.003,0.007,0.,0.007,,,
19,0,19,41,3,19,0.003,0.,0.003,0.005,0.,0.005,0.009,0.,0.009,0.003,0.,0.003,0.008,0.,0.008,0.004,0.,0.004
20,0,20,43,3,20,,,,,,,0.009,0.,0.009,0.003,0.,0.003,,,,,,
21,0,21,45,3,21,,,,,,,0.01,0.,0.01,0.004,0.,0.004,,,,,,
21,1,7,49,7,21,0.003,0.,0.003,0.002,0.,0.002,0.01,0.,0.01,0.003,0.,0.003,0.011,0.,0.011,0.004,0.,0.004
21,2,3,57,15,21,0.002,0.,0.002,0.002,0.,0.002,0.009,0.,0.009,0.004,0.,0.004,0.008,0.,0.008,0.003,0.,0.003
22,0,22,47,3,22,0.004,0.,0.004,,,,0.011,0.,0.011,0.004,0.,0.004,0.01,0.,0.01,0.005,0.,0.005
23,0,23,49,3,23,,,,,,,0.014,0.,0.014,0.006,0.,0.006,,,,,,
24,0,24,51,3,24,,,,,,,0.012,0.,0.012,0.004,0.,0.004,,,,,,
24,1,8,55,7,24,,,,,,,0.011,0.,0.011,0.004,0.,0.004,0.01,0.,0.01,,,
25,0,25,53,3,25,0.004,0.,0.004,0.058,0.011,0.046,0.012,0.,0.012,0.004,0.,0.004,0.013,0.,0.013,0.006,0.,0.006
26,0,26,55,3,26,,,,,,,0.015,0.,0.015,0.005,0.002,0.002,,,,,,
27,0,27,57,3,27,,,,,,,0.015,0.,0.015,0.005,0.,0.005,,,,,,
27,1,9,61,7,27,0.004,0.,0.004,0.003,0.,0.003,0.014,0.,0.014,0.005,0.,0.005,0.013,0.,0.013,0.007,0.,0.007
28,0,28,59,3,28,0.005,0.,0.005,,,,0.015,0.,0.015,0.005,0.,0.005,0.016,0.,0.016,0.007,0.,0.007
28,2,4,71,15,28,0.003,0.,0.003,0.003,0.,0.003,0.016,0.,0.016,0.005,0.,0.005,0.012,0.,0.012,0.005,0.,0.005
29,0,29,61,3,29,,,,,,,0.016,0.,0.016,0.005,0.,0.005,,,,,,
30,0,30,63,3,30,,,,,,,0.017,0.,0.017,0.006,0.,0.006,,,,,,
30,1,10,67,7,30,,,,,,,0.016,0.,0.016,0.005,0.,0.005,0.014,0.,0.014,,,
30,3,2,91,31,30,0.003,0.,0.003,0.003,0.,0.003,0.067,0.007,0.059,0.006,0.,0.006,0.066,0.023,0.043,0.005,0.,0.005
31,0,31,65,3,31,0.006,0.,0.006,0.006,0.,0.006,0.02,0.,0.02,0.008,0.,0.008,0.017,0.,0.017,0.009,0.,0.009
31,4,1,125,63,31,0.003,0.,0.003,0.002,0.,0.002,0.019,0.,0.019,0.007,0.,0.007,0.012,0.,0.012,0.003,0.,0.003
32,0,32,67,3,32,,,,,,,0.02,0.,0.02,0.006,0.,0.006,,,,,,
33,0,33,69,3,33,,,,,,,0.019,0.,0.019,0.007,0.,0.007,,,,,,
33,1,11,73,7,33,0.006,0.,0.005,0.005,0.,0.005,0.021,0.,0.021,0.006,0.,0.006,0.017,0.,0.017,0.008,0.,0.008
34,0,34,71,3,34,0.007,0.,0.007,,,,0.021,0.,0.021,0.007,0.,0.007,0.019,0.,0.019,0.01,0.,0.01
35,0,35,73,3,35,,,,,,,0.023,0.,0.023,0.007,0.,0.007,,,,,,
35,2,5,85,15,35,0.004,0.,0.004,0.004,0.,0.004,0.02,0.,0.02,0.012,0.,0.012,0.016,0.,0.016,0.007,0.,0.007
36,0,36,75,3,36,,,,,,,0.024,0.,0.024,0.01,0.002,0.007,,,,,,
36,1,12,79,7,36,,,,,,,0.022,0.,0.022,0.007,0.,0.007,0.019,0.,0.019,,,
37,0,37,77,3,37,0.009,0.,0.009,0.008,0.,0.008,0.027,0.,0.027,0.008,0.,0.008,0.023,0.,0.023,0.015,0.,0.015
38,0,38,79,3,38,,,,,,,0.025,0.,0.025,0.009,0.,0.009,,,,,,
39,0,39,81,3,39,,,,,,,0.03,0.,0.03,0.009,0.,0.009,,,,,,
39,1,13,85,7,39,0.007,0.,0.007,0.007,0.,0.007,0.032,0.,0.032,0.011,0.,0.011,0.02,0.,0.02,0.011,0.,0.011
40,0,40,83,3,40,0.009,0.,0.009,,,,0.028,0.,0.028,0.009,0.,0.009,0.025,0.,0.025,0.014,0.,0.014
41,0,41,85,3,41,,,,,,,0.029,0.,0.029,0.012,0.,0.012,,,,,,
42,0,42,87,3,42,,,,,,,0.03,0.,0.03,0.01,0.,0.01,,,,,,
42,1,14,91,7,42,,,,,,,0.029,0.,0.029,0.009,0.,0.009,0.025,0.,0.025,,,
42,2,6,99,15,42,0.005,0.,0.005,0.005,0.,0.005,0.03,0.,0.03,0.008,0.,0.008,0.021,0.,0.021,0.01,0.,0.01
43,0,43,89,3,43,0.01,0.,0.01,0.011,0.,0.011,0.037,0.,0.037,0.01,0.,0.01,0.028,0.,0.028,0.018,0.,0.018
44,0,44,91,3,44,,,,,,,0.034,0.,0.034,0.012,0.,0.012,,,,,,
45,0,45,93,3,45,,,,,,,0.037,0.,0.037,0.011,0.,0.011,,,,,,
45,1,15,97,7,45,0.009,0.,0.009,0.009,0.,0.009,0.033,0.,0.033,0.012,0.,0.012,0.028,0.,0.028,0.018,0.,0.018
45,3,3,121,31,45,0.004,0.,0.004,0.006,0.,0.006,0.028,0.,0.028,0.009,0.,0.009,0.019,0.,0.019,0.058,0.003,0.054
46,0,46,95,3,46,0.011,0.,0.011,,,,0.036,0.,0.036,0.013,0.,0.013,0.031,0.003,0.028,0.019,0.,0.019
47,0,47,97,3,47,,,,,,,0.038,0.,0.038,0.013,0.,0.013,,,,,,
48,0,48,99,3,48,,,,,,,0.038,0.,0.038,0.015,0.,0.015,,,,,,
48,1,16,103,7,48,,,,,,,0.038,0.,0.038,0.012,0.,0.012,0.031,0.,0.031,,,
49,0,49,101,3,49,0.015,0.,0.015,0.014,0.,0.014,0.038,0.,0.038,0.013,0.,0.013,0.034,0.,0.034,0.02,0.,0.02
49,2,7,113,15,49,0.006,0.,0.006,0.012,0.,0.012,0.037,0.,0.037,0.013,0.,0.013,0.026,0.,0.026,0.012,0.,0.012
50,0,50,103,3,50,,,,,,,0.045,0.,0.045,0.013,0.,0.013,,,,,,
51,0,51,105,3,51,,,,,,,0.046,0.,0.046,0.015,0.,0.015,,,,,,
51,1,17,109,7,51,0.011,0.,0.011,0.01,0.,0.01,0.039,0.,0.039,0.013,0.,0.013,0.032,0.,0.032,0.018,0.,0.018
52,0,52,107,3,52,0.013,0.,0.013,,,,0.048,0.,0.048,0.014,0.,0.014,0.039,0.,0.039,0.025,0.,0.025
53,0,53,109,3,53,,,,,,,0.044,0.,0.044,0.016,0.,0.016,,,,,,
54,0,54,111,3,54,,,,,,,0.047,0.,0.047,0.015,0.,0.015,,,,,,
54,1,18,115,7,54,,,,,,,0.046,0.,0.046,0.014,0.,0.014,0.033,0.,0.033,,,
55,0,55,113,3,55,0.017,0.,0.017,0.016,0.,0.016,0.053,0.,0.053,0.016,0.,0.016,0.045,0.,0.045,0.024,0.,0.024
56,0,56,115,3,56,,,,,,,0.051,0.,0.051,0.017,0.,0.017,,,,,,
56,2,8,127,15,56,0.008,0.,0.008,0.008,0.,0.008,0.048,0.,0.048,0.014,0.,0.014,0.03,0.,0.03,0.019,0.,0.019
57,0,57,117,3,57,,,,,,,0.049,0.,0.049,0.017,0.,0.017,,,,,,
57,1,19,121,7,57,0.014,0.,0.014,0.011,0.,0.011,0.052,0.,0.052,0.016,0.,0.016,0.039,0.,0.039,0.022,0.,0.022
58,0,58,119,3,58,0.016,0.,0.016,,,,0.056,0.,0.056,0.019,0.,0.019,0.046,0.,0.046,0.03,0.,0.03
59,0,59,121,3,59,,,,,,,0.057,0.,0.057,0.018,0.,0.018,,,,,,
60,0,60,123,3,60,,,,,,,0.061,0.,0.061,0.019,0.,0.019,,,,,,
60,1,20,127,7,60,,,,,,,0.056,0.,0.056,0.017,0.,0.017,0.04,0.,0.04,,,
60,3,4,151,31,60,0.006,0.,0.006,0.056,0.003,0.053,0.047,0.,0.047,0.013,0.,0.013,0.03,0.,0.03,0.01,0.,0.01
61,0,61,125,3,61,0.018,0.,0.018,0.021,0.,0.021,0.06,0.,0.06,0.019,0.,0.019,0.05,0.,0.05,0.034,0.,0.034
62,0,62,127,3,62,,,,,,,0.068,0.,0.067,0.024,0.,0.024,,,,,,
62,4,2,187,63,62,0.006,0.,0.006,0.005,0.,0.005,0.048,0.,0.048,0.014,0.,0.014,0.028,0.,0.028,0.008,0.,0.008
63,0,63,129,3,63,,,,,,,0.065,0.,0.065,0.02,0.,0.02,,,,,,
63,1,21,133,7,63,0.015,0.,0.015,0.015,0.,0.015,0.06,0.,0.06,0.018,0.,0.018,0.043,0.,0.043,0.028,0.,0.028
63,2,9,141,15,63,0.009,0.,0.009,0.009,0.,0.009,0.063,0.,0.063,0.019,0.,0.019,0.035,0.,0.035,0.018,0.,0.018
63,5,1,253,127,63,0.005,0.,0.005,0.004,0.,0.004,0.041,0.,0.041,0.016,0.,0.016,0.029,0.,0.029,0.008,0.,0.008
64,0,64,131,3,64,0.021,0.,0.021,,,,0.078,0.,0.078,0.023,0.,0.023,0.052,0.,0.052,0.033,0.,0.033
65,0,65,133,3,65,,,,,,,0.07,0.003,0.066,0.022,0.,0.022,,,,,,
66,0,66,135,3,66,,,,,,,0.072,0.,0.072,0.025,0.,0.025,,,,,,
66,1,22,139,7,66,,,,,,,0.065,0.,0.065,0.021,0.,0.021,0.045,0.,0.045,,,
67,0,67,137,3,67,0.023,0.,0.023,0.025,0.,0.025,0.068,0.,0.068,0.023,0.,0.023,0.054,0.,0.054,0.039,0.,0.039
68,0,68,139,3,68,,,,,,,,,,0.025,0.,0.025,,,,,,
69,0,69,141,3,69,,,,,,,,,,0.028,0.,0.028,,,,,,
69,1,23,145,7,69,0.016,0.,0.016,0.017,0.,0.017,0.075,0.,0.075,0.021,0.,0.021,0.049,0.,0.049,0.03,0.,0.03
70,0,70,143,3,70,0.023,0.,0.023,,,,,,,0.026,0.,0.026,0.059,0.,0.059,0.041,0.,0.041
70,2,10,155,15,70,0.012,0.,0.012,0.011,0.,0.011,0.073,0.,0.073,0.019,0.,0.019,0.041,0.,0.041,0.026,0.,0.026
71,0,71,145,3,71,,,,,,,,,,0.028,0.,0.028,,,,,,
72,0,72,147,3,72,,,,,,,,,,0.026,0.,0.026,,,,,,
72,1,24,151,7,72,,,,,,,,,,0.023,0.,0.023,0.053,0.,0.053,,,
73,0,73,149,3,73,0.031,0.,0.031,0.029,0.,0.029,,,,0.029,0.,0.029,0.066,0.003,0.062,0.048,0.,0.048
74,0,74,151,3,74,,,,,,,0.085,0.,0.085,0.03,0.003,0.026,,,,,,
75,0,75,153,3,75,,,,,,,,,,0.035,0.,0.035,,,,,,
75,1,25,157,7,75,0.018,0.,0.018,0.019,0.,0.019,,,,0.025,0.,0.025,0.058,0.,0.058,0.035,0.,0.035
75,3,5,181,31,75,0.009,0.,0.009,0.007,0.,0.007,0.076,0.,0.076,0.022,0.,0.022,0.041,0.,0.041,0.015,0.,0.015
76,0,76,155,3,76,0.028,0.,0.028,,,,,,,0.03,0.,0.03,0.07,0.,0.07,0.054,0.,0.054
77,0,77,157,3,77,,,,,,,,,,0.032,0.,0.032,,,,,,
77,2,11,169,15,77,0.012,0.,0.012,0.014,0.,0.014,,,,0.023,0.,0.023,0.052,0.,0.052,0.03,0.,0.03
78,0,78,159,3,78,,,,,,,,,,0.034,0.,0.034,,,,,,
78,1,26,163,7,78,,,,,,,0.086,0.,0.086,0.027,0.,0.027,0.064,0.,0.064,,,
79,0,79,161,3,79,0.028,0.,0.028,0.033,0.,0.033,,,,0.033,0.,0.033,0.071,0.,0.071,0.056,0.,0.056
80,0,80,163,3,80,,,,,,,,,,0.035,0.,0.035,,,,,,
81,0,81,165,3,81,,,,,,,0.095,0.,0.095,0.034,0.,0.034,,,,,,
81,1,27,169,7,81,0.021,0.,0.021,0.024,0.,0.024,,,,0.03,0.,0.03,0.071,0.,0.071,0.042,0.,0.042
82,0,82,167,3,82,0.034,0.,0.034,,,,,,,0.034,0.,0.034,0.073,0.,0.073,0.063,0.,0.063
83,0,83,169,3,83,,,,,,,,,,0.038,0.,0.038,,,,,,
84,0,84,171,3,84,,,,,,,,,,0.037,0.,0.037,,,,,,
84,1,28,175,7,84,,,,,,,,,,0.036,0.,0.036,0.075,0.,0.075,,,
84,2,12,183,15,84,0.014,0.,0.014,0.014,0.,0.014,0.098,0.,0.098,0.025,0.,0.025,0.058,0.,0.058,0.034,0.,0.034
85,0,85,173,3,85,0.032,0.,0.032,0.035,0.,0.035,,,,0.035,0.,0.035,0.085,0.,0.085,0.061,0.,0.061
86,0,86,175,3,86,,,,,,,,,,0.044,0.,0.044,,,,,,
87,0,87,177,3,87,,,,,,,,,,0.039,0.,0.039,,,,,,
87,1,29,181,7,87,0.022,0.,0.022,0.025,0.,0.025,0.118,0.,0.118,0.035,0.,0.035,0.075,0.,0.075,0.049,0.,0.049
88,0,88,179,3,88,0.035,0.,0.035,,,,0.12,0.,0.12,0.041,0.,0.041,0.087,0.003,0.084,0.063,0.,0.063
89,0,89,181,3,89,,,,,,,,,,0.041,0.,0.041,,,,,,
90,0,90,183,3,90,,,,,,,,,,0.042,0.,0.042,,,,,,
90,1,30,187,7,90,,,,,,,,,,0.038,0.,0.038,0.079,0.,0.079,,,
90,3,6,211,31,90,0.01,0.,0.01,0.01,0.,0.01,0.107,0.,0.107,0.024,0.,0.024,0.052,0.,0.052,0.022,0.,0.022
91,0,91,185,3,91,0.039,0.,0.039,0.04,0.,0.04,,,,0.042,0.,0.042,0.095,0.,0.095,0.077,0.003,0.074
91,2,13,197,15,91,0.017,0.,0.017,0.019,0.,0.019,,,,0.03,0.,0.03,0.065,0.,0.065,0.034,0.,0.034
92,0,92,187,3,92,,,,,,,,,,0.047,0.,0.047,,,,,,
93,0,93,189,3,93,,,,,,,,,,0.046,0.,0.046,,,,,,
93,1,31,193,7,93,0.026,0.,0.026,0.026,0.,0.026,,,,0.039,0.,0.039,0.086,0.,0.086,0.056,0.,0.056
93,4,3,249,63,93,0.009,0.,0.009,0.007,0.,0.007,0.102,0.,0.102,0.023,0.,0.023,0.051,0.,0.051,0.017,0.,0.017
94,0,94,191,3,94,0.043,0.,0.043,,,,,,,0.046,0.,0.046,0.109,0.,0.109,0.073,0.,0.073
95,0,95,193,3,95,,,,,,,0.137,0.,0.137,0.045,0.,0.045,,,,,,
96,0,96,195,3,96,,,,,,,,,,0.048,0.,0.048,,,,,,
96,1,32,199,7,96,,,,,,,0.145,0.,0.145,0.038,0.,0.038,0.088,0.,0.088,,,
97,0,97,197,3,97,0.041,0.,0.041,0.048,0.,0.048,,,,0.05,0.,0.05,0.108,0.,0.108,0.088,0.003,0.085
98,0,98,199,3,98,,,,,,,,,,0.053,0.,0.053,,,,,,
98,2,14,211,15,98,0.02,0.,0.02,0.023,0.,0.023,0.137,0.,0.137,0.032,0.,0.032,0.079,0.,0.079,0.04,0.,0.04
99,0,99,201,3,99,,,,,,,,,,0.056,0.,0.056,,,,,,
99,1,33,205,7,99,0.03,0.,0.03,0.03,0.,0.03,,,,0.041,0.,0.041,0.097,0.,0.097,0.068,0.,0.068
100,0,100,203,3,100,0.045,0.,0.045,,,,,,,0.06,0.007,0.051,0.117,0.,0.117,0.089,0.,0.089
101,0,101,205,3,101,,,,,,,,,,0.054,0.,0.054,,,,,,
102,0,102,207,3,102,,,,,,,,,,0.056,0.,0.056,,,,,,
102,1,34,211,7,102,,,,,,,0.156,0.,0.156,0.043,0.,0.043,0.1,0.,0.1,,,
103,0,103,209,3,103,0.045,0.,0.045,0.052,0.,0.052,,,,0.062,0.,0.062,0.119,0.,0.119,0.094,0.,0.094
104,0,104,211,3,104,,,,,,,,,,0.058,0.,0.058,,,,,,
105,0,105,213,3,105,,,,,,,,,,0.053,0.,0.053,,,,,,
105,1,35,217,7,105,0.033,0.,0.033,0.035,0.,0.035,,,,0.047,0.,0.047,0.105,0.,0.105,0.07,0.,0.07
105,2,15,225,15,105,0.022,0.,0.022,0.022,0.,0.022,,,,0.039,0.,0.039,0.08,0.,0.08,0.047,0.,0.047
105,3,7,241,31,105,0.013,0.,0.013,0.015,0.,0.015,0.147,0.,0.147,0.032,0.,0.032,0.071,0.,0.071,0.027,0.,0.027
106,0,106,215,3,106,0.051,0.,0.051,,,,,,,0.059,0.,0.059,0.122,0.,0.122,0.096,0.,0.096
107,0,107,217,3,107,,,,,,,,,,0.061,0.,0.061,,,,,,
108,0,108,219,3,108,,,,,,,,,,0.062,0.,0.062,,,,,,
108,1,36,223,7,108,,,,,,,,,,0.05,0.,0.05,0.11,0.,0.11,,,
109,0,109,221,3,109,0.052,0.,0.052,0.054,0.,0.054,,,,0.06,0.,0.06,0.122,0.003,0.118,0.106,0.,0.106
110,0,110,223,3,110,,,,,,,,,,0.064,0.003,0.061,,,,,,
111,0,111,225,3,111,,,,,,,,,,0.058,0.,0.058,,,,,,
111,1,37,229,7,111,0.039,0.,0.039,0.04,0.,0.04,,,,0.053,0.,0.053,0.115,0.,0.115,0.079,0.,0.079
112,0,112,227,3,112,0.054,0.,0.054,,,,,,,0.066,0.003,0.062,0.136,0.,0.136,0.109,0.,0.109
112,2,16,239,15,112,0.024,0.,0.024,0.025,0.,0.025,,,,0.041,0.,0.041,0.093,0.,0.093,0.053,0.,0.053
113,0,113,229,3,113,,,,,,,,,,0.059,0.,0.059,,,,,,
114,0,114,231,3,114,,,,,,,,,,0.064,0.,0.064,,,,,,
114,1,38,235,7,114,,,,,,,,,,0.052,0.,0.052,0.113,0.,0.113,,,
115,0,115,233,3,115,0.057,0.,0.057,0.063,0.,0.063,,,,0.076,0.004,0.072,0.134,0.,0.134,0.11,0.,0.11
116,0,116,235,3,116,,,,,,,,,,0.072,0.,0.072,,,,,,
117,0,117,237,3,117,,,,,,,,,,0.067,0.,0.067,,,,,,
117,1,39,241,7,117,0.04,0.,0.04,0.042,0.,0.042,,,,0.056,0.,0.056,0.125,0.003,0.121,0.082,0.,0.082
118,0,118,239,3,118,0.061,0.,0.061,,,,,,,0.067,0.,0.067,0.152,0.,0.152,0.12,0.,0.12
119,0,119,241,3,119,,,,,,,,,,0.067,0.,0.067,,,,,,
119,2,17,253,15,119,0.028,0.003,0.025,0.028,0.,0.028,,,,0.047,0.,0.047,0.1,0.,0.1,0.06,0.,0.06
120,0,120,243,3,120,,,,,,,,,,0.072,0.003,0.068,,,,,,
120,1,40,247,7,120,,,,,,,,,,0.065,0.,0.065,0.126,0.,0.125,,,
120,3,8,271,31,120,0.018,0.,0.018,0.016,0.,0.016,0.185,0.,0.185,0.039,0.,0.039,0.082,0.,0.082,0.034,0.,0.034
121,0,121,245,3,121,0.065,0.,0.065,0.071,0.,0.071,,,,0.08,0.,0.08,0.156,0.,0.156,0.127,0.,0.127
122,0,122,247,3,122,,,,,,,,,,0.074,0.,0.074,,,,,,
123,0,123,249,3,123,,,,,,,,,,0.073,0.,0.073,,,,,,
123,1,41,253,7,123,0.044,0.,0.044,0.045,0.,0.045,,,,0.072,0.,0.072,0.131,0.,0.131,0.094,0.003,0.09
124,0,124,251,3,124,0.07,0.,0.07,,,,,,,0.071,0.,0.071,0.161,0.,0.161,0.133,0.,0.133
124,4,4,311,63,124,0.012,0.,0.012,0.013,0.,0.013,0.186,0.003,0.182,0.037,0.,0.037,0.078,0.,0.078,0.026,0.003,0.022
125,0,125,253,3,125,,,,,,,,,,0.076,0.,0.076,,,,,,
126,0,126,255,3,126,,,,,,,,,,0.079,0.,0.079,,,,,,
126,1,42,259,7,126,,,,,,,,,,0.065,0.,0.065,0.132,0.,0.132,,,
126,2,18,267,15,126,0.03,0.,0.03,0.034,0.003,0.03,,,,0.051,0.,0.051,0.112,0.,0.112,0.07,0.,0.07
126,5,2,379,127,126,0.01,0.,0.01,0.01,0.,0.01,,,,0.038,0.,0.038,0.069,0.,0.069,0.02,0.,0.02
127,0,127,257,3,127,0.068,0.,0.068,0.074,0.,0.074,,,,0.076,0.,0.076,0.169,0.,0.169,0.139,0.,0.139
127,6,1,509,255,127,0.01,0.,0.011,0.008,0.,0.008,0.126,0.,0.126,0.041,0.,0.041,0.066,0.,0.066,0.014,0.,0.014
128,0,128,259,3,128,,,,,,,,,,0.089,0.003,0.085,,,,,,
129,0,129,261,3,129,,,,,,,,,,0.089,0.,0.089,0.172,0.003,0.169,,,
129,1,43,265,7,129,0.048,0.,0.048,0.052,0.,0.052,,,,0.084,0.,0.084,0.142,0.,0.142,0.103,0.,0.103
130,0,130,263,3,130,0.069,0.003,0.066,,,,,,,0.089,0.,0.089,,,,0.146,0.,0.146
131,0,131,265,3,131,,,,,,,,,,0.093,0.,0.093,,,,,,
132,0,132,267,3,132,,,,,,,,,,0.095,0.,0.095,,,,,,
132,1,44,271,7,132,,,,,,,0.239,0.003,0.235,0.075,0.,0.075,,,,,,
133,0,133,269,3,133,0.074,0.,0.074,0.077,0.003,0.073,,,,0.097,0.,0.097,,,,0.153,0.,0.153
133,2,19,281,15,133,0.034,0.,0.034,0.031,0.,0.031,,,,0.056,0.,0.056,0.12,0.,0.12,0.07,0.,0.07
134,0,134,271,3,134,,,,,,,,,,0.101,0.,0.101,,,,,,
135,0,135,273,3,135,,,,,,,,,,0.1,0.,0.1,,,,,,
135,1,45,277,7,135,0.052,0.,0.052,0.056,0.002,0.053,,,,0.07,0.,0.07,,,,0.111,0.003,0.108
135,3,9,301,31,135,0.02,0.,0.02,0.022,0.,0.022,0.241,0.,0.241,0.046,0.,0.046,0.098,0.,0.098,0.043,0.,0.043
136,0,136,275,3,136,0.081,0.,0.081,,,,,,,0.101,0.003,0.097,,,,0.151,0.,0.151
137,0,137,277,3,137,,,,,,,,,,0.114,0.,0.114,,,,,,
138,0,138,279,3,138,,,,,,,,,,0.091,0.,0.091,,,,,,
138,1,46,283,7,138,,,,,,,,,,0.079,0.,0.079,,,,0.118,0.,0.118
139,0,139,281,3,139,0.089,0.,0.089,0.085,0.,0.085,,,,0.12,0.,0.12,,,,,,
140,0,140,283,3,140,,,,,,,,,,0.098,0.003,0.094,,,,,,
140,2,20,295,15,140,0.035,0.,0.035,0.035,0.,0.035,,,,0.066,0.,0.066,,,,0.077,0.003,0.074
141,0,141,285,3,141,,,,,,,,,,0.096,0.004,0.092,,,,,,
141,1,47,289,7,141,0.058,0.,0.058,0.059,0.,0.059,,,,0.082,0.,0.082,,,,,,
142,0,142,287,3,142,0.089,0.003,0.085,,,,,,,0.092,0.,0.092,,,,,,
143,0,143,289,3,143,,,,,,,,,,0.098,0.003,0.094,,,,,,
144,0,144,291,3,144,,,,,,,,,,0.109,0.,0.109,,,,,,
144,1,48,295,7,144,,,,,,,,,,0.091,0.,0.091,,,,,,
145,0,145,293,3,145,0.089,0.,0.089,0.093,0.,0.093,,,,0.107,0.,0.107,,,,,,
146,0,146,295,3,146,,,,,,,,,,0.124,0.003,0.12,,,,,,
147,0,147,297,3,147,,,,,,,,,,0.099,0.,0.099,,,,,,
147,1,49,301,7,147,0.066,0.,0.066,0.064,0.,0.064,,,,0.094,0.,0.094,,,,,,
147,2,21,309,15,147,0.038,0.,0.038,0.04,0.,0.04,,,,0.068,0.,0.068,,,,,,
148,0,148,299,3,148,0.09,0.,0.09,,,,,,,0.112,0.004,0.108,,,,,,
149,0,149,301,3,149,,,,,,,,,,0.117,0.,0.117,,,,,,
150,0,150,303,3,150,,,,,,,,,,0.111,0.,0.111,,,,,,
150,1,50,307,7,150,,,,,,,,,,0.097,0.,0.097,,,,,,
150,3,10,331,31,150,0.024,0.,0.024,0.023,0.,0.023,0.264,0.003,0.26,0.057,0.,0.057,0.116,0.,0.116,0.05,0.,0.05
151,0,151,305,3,151,0.097,0.003,0.093,0.104,0.,0.104,,,,0.121,0.,0.121,,,,,,
152,0,152,307,3,152,,,,,,,,,,0.116,0.,0.116,,,,,,
153,0,153,309,3,153,,,,,,,,,,0.118,0.,0.118,,,,,,
153,1,51,313,7,153,0.064,0.,0.064,0.069,0.,0.069,,,,0.101,0.,0.101,,,,,,
154,0,154,311,3,154,0.107,0.,0.107,,,,,,,0.132,0.,0.132,,,,,,
154,2,22,323,15,154,0.041,0.,0.041,0.043,0.,0.043,,,,0.077,0.,0.077,,,,,,
155,0,155,313,3,155,,,,,,,,,,0.137,0.,0.137,,,,,,
155,4,5,373,63,155,0.018,0.,0.018,0.017,0.,0.017,0.281,0.004,0.277,0.051,0.,0.051,0.11,0.,0.11,0.043,0.,0.043
156,0,156,315,3,156,,,,,,,,,,0.143,0.,0.143,,,,,,
156,1,52,319,7,156,,,,,,,,,,0.107,0.,0.107,,,,,,
157,0,157,317,3,157,0.112,0.,0.112,0.116,0.,0.116,,,,0.139,0.,0.139,,,,,,
158,0,158,319,3,158,,,,,,,,,,0.144,0.,0.144,,,,,,
159,0,159,321,3,159,,,,,,,,,,0.125,0.,0.125,,,,,,
159,1,53,325,7,159,0.066,0.,0.066,0.076,0.,0.076,,,,0.1,0.,0.1,,,,,,
160,0,160,323,3,160,0.108,0.,0.108,,,,,,,0.122,0.,0.122,,,,,,
161,0,161,325,3,161,,,,,,,,,,0.129,0.,0.129,0.241,0.,0.24,,,
161,2,23,337,15,161,0.044,0.,0.044,0.046,0.,0.046,,,,0.091,0.,0.091,,,,,,
162,0,162,327,3,162,,,,,,,,,,0.13,0.,0.13,,,,,,
162,1,54,331,7,162,,,,,,,,,,0.107,0.,0.107,,,,,,
163,0,163,329,3,163,0.12,0.,0.12,0.123,0.,0.123,,,,0.136,0.,0.136,,,,,,
164,0,164,331,3,164,,,,,,,,,,0.131,0.,0.131,,,,,,
165,0,165,333,3,165,,,,,,,,,,0.142,0.,0.142,,,,,,
165,1,55,337,7,165,0.071,0.,0.071,0.081,0.,0.081,,,,0.117,0.,0.117,,,,,,
165,3,11,361,31,165,0.028,0.,0.028,0.029,0.,0.029,0.319,0.,0.319,0.069,0.,0.069,0.146,0.,0.146,0.059,0.,0.059
166,0,166,335,3,166,0.111,0.,0.111,,,,,,,0.132,0.,0.132,,,,,,
167,0,167,337,3,167,,,,,,,,,,0.134,0.,0.134,,,,,,
168,0,168,339,3,168,,,,,,,,,,0.135,0.,0.135,,,,,,
168,1,56,343,7,168,,,,,,,,,,0.113,0.,0.113,,,,,,
168,2,24,351,15,168,0.047,0.,0.047,0.049,0.,0.049,,,,0.086,0.,0.086,,,,,,
169,0,169,341,3,169,0.12,0.,0.12,0.127,0.,0.127,,,,0.143,0.,0.143,,,,,,
170,0,170,343,3,170,0.118,0.,0.118,,,,,,,,,,,,,0.244,0.,0.244
171,0,171,345,3,171,,,,0.123,0.,0.123,,,,,,,,,,,,
171,1,57,349,7,171,0.077,0.,0.077,0.087,0.,0.087,,,,0.116,0.,0.116,0.241,0.,0.241,0.187,0.003,0.183
175,2,25,365,15,175,0.057,0.,0.057,0.065,0.,0.065,,,,0.099,0.,0.099,0.194,0.,0.194,,,
180,3,12,391,31,180,0.033,0.,0.033,0.034,0.,0.034,0.392,0.,0.392,0.078,0.,0.078,0.172,0.,0.172,0.075,0.,0.075
182,2,26,379,15,182,,,,,,,,,,,,,,,,0.129,0.,0.129
186,4,6,435,63,186,0.023,0.,0.023,0.023,0.,0.023,,,,0.07,0.,0.07,,,,0.053,0.,0.053
189,5,3,505,127,189,0.017,0.,0.017,0.017,0.,0.017,,,,0.067,0.,0.067,0.131,0.003,0.127,0.036,0.,0.036
193,0,193,389,3,193,,,,,,,,,,,,,0.35,0.007,0.342,,,
195,3,13,421,31,195,,,,0.04,0.,0.04,0.438,0.003,0.434,,,,0.189,0.007,0.182,0.085,0.,0.085
197,0,197,397,3,197,,,,,,,,,,0.18,0.,0.18,,,,,,
199,0,199,401,3,199,0.156,0.003,0.152,,,,,,,,,,,,,,,
200,0,200,403,3,200,,,,0.161,0.,0.161,,,,,,,,,,,,
204,0,204,411,3,204,,,,,,,,,,,,,,,,0.333,0.,0.333
204,1,68,415,7,204,,,,,,,,,,0.175,0.007,0.167,,,,0.254,0.,0.254
207,1,69,421,7,207,0.114,0.,0.114,,,,,,,,,,,,,,,
210,2,30,435,15,210,,,,,,,,,,0.144,0.,0.144,,,,,,
210,3,14,451,31,210,,,,0.048,0.,0.048,0.526,0.,0.526,,,,0.229,0.,0.229,0.097,0.,0.097
213,1,71,433,7,213,,,,,,,,,,,,,0.351,0.,0.351,,,
216,1,72,439,7,216,,,,0.142,0.,0.142,,,,,,,,,,,,
217,2,31,449,15,217,0.075,0.,0.075,,,,,,,,,,0.285,0.004,0.281,,,
217,4,7,497,63,217,,,,,,,0.465,0.,0.465,0.093,0.,0.093,0.185,0.,0.185,0.072,0.,0.072
224,2,32,463,15,224,,,,,,,,,,,,,,,,0.192,0.003,0.188
225,0,225,453,3,225,,,,,,,,,,0.251,0.,0.251,0.461,0.003,0.457,,,
225,3,15,481,31,225,,,,0.054,0.,0.054,0.591,0.,0.591,0.124,0.,0.124,0.253,0.003,0.249,0.111,0.,0.111
228,0,228,459,3,228,0.198,0.,0.198,,,,,,,,,,,,,,,
229,0,229,461,3,229,,,,0.215,0.,0.215,,,,,,,,,,,,
231,2,33,477,15,231,,,,0.103,0.,0.103,,,,,,,,,,,,
237,1,79,481,7,237,,,,,,,,,,0.216,0.003,0.212,,,,0.349,0.007,0.341
238,0,238,479,3,238,,,,,,,,,,,,,,,,0.466,0.003,0.461
240,3,16,511,31,240,0.059,0.,0.059,0.058,0.,0.058,0.662,0.003,0.658,,,,0.282,0.,0.282,0.126,0.,0.126
243,1,81,493,7,243,0.167,0.,0.167,,,,,,,,,,,,,,,
245,2,35,505,15,245,,,,,,,,,,0.187,0.,0.187,,,,,,
248,4,8,559,63,248,0.037,0.,0.037,,,,,,,0.125,0.,0.125,,,,0.088,0.003,0.084
252,5,4,631,127,252,0.026,0.,0.026,0.027,0.,0.027,,,,0.098,0.,0.098,0.2,0.,0.2,0.06,0.,0.06
253,0,253,509,3,253,,,,,,,,,,0.331,0.,0.331,,,,,,
254,6,2,763,255,254,0.02,0.,0.02,0.018,0.,0.018,,,,0.1,0.,0.1,0.179,0.,0.179,0.039,0.,0.039
255,1,85,517,7,255,,,,,,,,,,,,,0.479,0.,0.479,,,
255,3,17,541,31,255,,,,0.068,0.,0.068,0.699,0.007,0.691,,,,0.314,0.,0.314,0.14,0.,0.14
255,7,1,1021,511,255,0.024,0.,0.024,0.016,0.,0.016,0.406,0.,0.406,0.121,0.,0.121,0.174,0.,0.174,0.029,0.,0.029
257,0,257,517,3,257,0.259,0.007,0.251,,,,,,,,,,0.589,0.004,0.584,,,
258,0,258,519,3,258,,,,0.273,0.,0.273,,,,,,,,,,,,
259,2,37,533,15,259,0.106,0.,0.106,,,,,,,,,,0.407,0.,0.407,,,
261,1,87,529,7,261,,,,0.195,0.003,0.191,,,,,,,,,,,,
266,2,38,547,15,266,,,,,,,,,,,,,,,,0.265,0.003,0.261
270,1,90,547,7,270,,,,,,,,,,0.283,0.003,0.279,,,,0.442,0.,0.442
270,3,18,571,31,270,,,,0.076,0.,0.076,,,,0.174,0.,0.174,0.342,0.003,0.338,0.161,0.,0.161
279,1,93,565,7,279,0.211,0.,0.211,,,,,,,,,,,,,,,
279,4,9,621,63,279,,,,0.057,0.,0.057,,,,0.146,0.,0.146,0.286,0.,0.286,,,
280,2,40,575,15,280,,,,,,,,,,0.233,0.,0.233,,,,,,
281,0,281,565,3,281,,,,,,,,,,0.393,0.,0.393,,,,,,
283,0,283,569,3,283,0.366,0.016,0.349,,,,,,,,,,,,,,,
285,3,19,601,31,285,,,,0.085,0.,0.085,,,,,,,0.371,0.003,0.367,0.174,0.,0.174
286,0,286,575,3,286,0.324,0.003,0.321,,,,,,,,,,,,,,,
287,0,287,577,3,287,,,,0.329,0.,0.329,,,,,,,,,,,,
287,2,41,589,15,287,,,,0.152,0.003,0.148,,,,,,,,,,,,
288,0,288,579,3,288,,,,,,,,,,0.476,0.015,0.46,,,,,,
300,3,20,631,31,300,0.083,0.,0.083,0.092,0.003,0.088,,,,,,,0.401,0.,0.401,0.2,0.,0.2
301,2,43,617,15,301,0.148,0.,0.148,,,,,,,,,,,,,,,
303,1,101,613,7,303,,,,,,,,,,0.36,0.,0.36,,,,,,
306,1,102,619,7,306,,,,0.263,0.003,0.259,,,,,,,,,,,,
309,0,309,621,3,309,,,,,,,,,,0.482,0.011,0.47,,,,,,
310,4,10,683,63,310,0.054,0.,0.054,0.055,0.,0.055,,,,0.177,0.007,0.169,,,,,,
315,0,315,633,3,315,0.401,0.004,0.397,,,,,,,,,,,,,,,
315,1,105,637,7,315,0.265,0.,0.265,,,,,,,,,,,,,,,
315,2,45,645,15,315,,,,,,,,,,0.294,0.,0.294,,,,,,
315,3,21,661,31,315,,,,0.107,0.,0.107,,,,0.244,0.,0.244,0.487,0.,0.487,0.213,0.,0.213
315,5,5,757,127,315,0.036,0.,0.036,0.039,0.,0.039,,,,0.157,0.,0.157,,,,0.091,0.,0.091
316,0,316,635,3,316,,,,0.399,0.007,0.392,,,,,,,,,,,,
330,3,22,691,31,330,,,,0.11,0.,0.11,,,,,,,0.538,0.007,0.53,0.238,0.007,0.231
336,1,112,679,7,336,,,,,,,,,,0.472,0.,0.472,,,,,,
337,0,337,677,3,337,,,,,,,,,,0.541,0.007,0.533,,,,,,
341,4,11,745,63,341,0.069,0.,0.069,,,,,,,0.189,0.,0.189,,,,,,
342,0,342,687,3,342,,,,0.453,0.,0.453,,,,,,,,,,,,
343,2,49,701,15,343,0.196,0.004,0.192,0.198,0.,0.198,,,,0.347,0.,0.347,,,,,,
345,3,23,721,31,345,,,,0.125,0.,0.125,,,,,,,0.561,0.004,0.556,0.247,0.,0.247
350,2,50,715,15,350,,,,,,,,,,0.348,0.,0.348,,,,,,
357,2,51,729,15,357,,,,,,,,,,0.373,0.,0.373,,,,,,
360,3,24,751,31,360,,,,0.125,0.003,0.121,,,,,,,0.595,0.007,0.587,0.263,0.003,0.26
364,2,52,743,15,364,,,,,,,,,,0.384,0.,0.384,,,,,,
371,2,53,757,15,371,,,,,,,,,,0.397,0.002,0.395,,,,,,
372,4,12,807,63,372,0.079,0.003,0.075,0.077,0.,0.077,,,,,,,,,,,,
375,3,25,781,31,375,,,,0.149,0.,0.149,,,,,,,0.633,0.003,0.629,0.291,0.,0.291
378,2,54,771,15,378,,,,,,,,,,0.405,0.,0.405,,,,,,
378,5,6,883,127,378,0.048,0.,0.048,,,,,,,0.189,0.,0.189,,,,0.116,0.,0.116
381,6,3,1017,255,381,,,,0.044,0.,0.044,,,,,,,0.366,0.,0.366,0.082,0.,0.082
385,0,385,773,3,385,,,,,,,,,,,,,1.25,0.011,1.238,,,
385,2,55,785,15,385,,,,,,,,,,0.457,0.,0.457,0.847,0.,0.847,,,
390,3,26,811,31,390,,,,0.146,0.,0.146,,,,,,,0.651,0.,0.651,0.303,0.,0.303
392,2,56,799,15,392,,,,,,,,,,0.495,0.,0.495,,,,,,
399,2,57,813,15,399,,,,,,,,,,0.446,0.,0.446,,,,,,
403,4,13,869,63,403,0.097,0.,0.097,,,,,,,,,,0.595,0.,0.595,,,
405,3,27,841,31,405,,,,0.156,0.,0.156,,,,,,,,,,0.344,0.004,0.34
406,2,58,827,15,406,,,,,,,,,,0.467,0.,0.467,,,,,,
413,2,59,841,15,413,,,,,,,,,,0.479,0.,0.479,,,,,,
420,2,60,855,15,420,,,,,,,,,,0.491,0.,0.491,,,,,,
420,3,28,871,31,420,,,,0.176,0.,0.176,,,,,,,,,,0.366,0.,0.366
427,0,427,857,3,427,,,,0.697,0.003,0.693,,,,,,,,,,,,
427,2,61,869,15,427,0.284,0.,0.284,0.302,0.,0.302,,,,0.566,0.,0.566,,,,,,
434,2,62,883,15,434,,,,,,,,,,0.603,0.,0.603,,,,,,
434,4,14,931,63,434,0.107,0.,0.107,0.115,0.,0.115,,,,0.315,0.,0.315,,,,0.247,0.,0.247
435,3,29,901,31,435,,,,0.179,0.003,0.175,,,,,,,,,,0.394,0.,0.394
441,2,63,897,15,441,,,,,,,,,,0.54,0.,0.54,,,,,,
441,5,7,1009,127,441,0.064,0.,0.064,,,,,,,0.271,0.,0.271,,,,,,
448,2,64,911,15,448,,,,,,,,,,0.558,0.,0.558,,,,,,
450,3,30,931,31,450,,,,0.192,0.,0.192,,,,,,,,,,0.45,0.003,0.446
455,2,65,925,15,455,,,,,,,,,,0.557,0.,0.557,,,,,,
462,2,66,939,15,462,,,,,,,,,,0.694,0.,0.694,,,,,,
465,3,31,961,31,465,,,,0.201,0.007,0.194,,,,,,,,,,0.471,0.003,0.467
465,4,15,993,63,465,0.117,0.003,0.113,,,,,,,,,,,,,,,
469,2,67,953,15,469,,,,,,,,,,0.659,0.011,0.647,,,,,,
476,2,68,967,15,476,,,,,,,,,,0.646,0.007,0.638,,,,,,
480,3,32,991,31,480,,,,0.213,0.004,0.209,,,,,,,,,,0.506,0.,0.506
483,2,69,981,15,483,,,,,,,,,,0.664,0.,0.664,,,,,,
490,2,70,995,15,490,,,,,,,,,,0.685,0.,0.685,,,,,,
495,3,33,1021,31,495,,,,0.235,0.,0.234,,,,,,,,,,0.539,0.,0.539
496,4,16,1055,63,496,0.143,0.003,0.139,0.158,0.,0.158,,,,,,,,,,0.315,0.,0.315
497,2,71,1009,15,497,,,,,,,,,,0.808,0.,0.808,,,,,,
504,2,72,1023,15,504,,,,,,,,,,0.719,0.,0.719,,,,,,
504,5,8,1135,127,504,0.08,0.,0.08,,,,,,,0.398,0.,0.398,,,,,,
505,0,505,1013,3,505,,,,,,,,,,1.279,0.,1.279,,,,,,
508,0,508,1019,3,508,0.969,0.,0.968,,,,,,,,,,,,,,,
508,6,4,1271,255,508,,,,0.056,0.,0.056,,,,,,,0.528,0.,0.528,,,
510,3,34,1051,31,510,,,,0.243,0.004,0.239,,,,,,,,,,0.587,0.,0.587
511,2,73,1037,15,511,,,,0.436,0.,0.436,,,,,,,1.429,0.,1.429,,,
511,8,1,2045,1023,511,0.044,0.,0.044,0.033,0.,0.033,,,,0.322,0.,0.322,0.481,0.,0.481,0.069,0.,0.069
512,0,512,1027,3,512,,,,0.985,0.003,0.981,,,,,,,,,,,,
513,0,513,1029,3,513,,,,,,,,,,,,,2.315,0.,2.315,,,
525,3,35,1081,31,525,,,,0.254,0.007,0.246,,,,,,,,,,0.624,0.,0.624
527,4,17,1117,63,527,0.143,0.,0.143,0.164,0.,0.164,,,,0.421,0.,0.421,,,,,,
540,3,36,1111,31,540,,,,0.295,0.,0.295,,,,,,,,,,0.664,0.,0.664
541,0,541,1085,3,541,,,,,,,,,,,,,,,,2.224,0.,2.224
555,3,37,1141,31,555,,,,0.303,0.,0.303,,,,,,,,,,,,
558,4,18,1179,63,558,,,,0.183,0.,0.183,,,,,,,,,,,,
565,0,565,1133,3,565,1.231,0.011,1.219,,,,,,,,,,,,,,,
567,5,9,1261,127,567,,,,,,,,,,,,,0.777,0.003,0.773,0.253,0.,0.253
570,3,38,1171,31,570,,,,0.315,0.007,0.307,,,,,,,,,,,,
575,0,575,1153,3,575,,,,,,,,,,1.669,0.019,1.649,,,,,,
589,4,19,1241,63,589,0.175,0.,0.175,0.192,0.,0.192,,,,0.546,0.,0.546,,,,,,
590,0,590,1183,3,590,,,,,,,,,,1.679,0.023,1.655,,,,,,
593,0,593,1189,3,593,1.32,0.,1.32,,,,,,,,,,,,,,,
620,4,20,1303,63,620,,,,0.226,0.,0.226,,,,,,,,,,,,
651,4,21,1365,63,651,0.214,0.,0.214,0.235,0.,0.235,,,,0.676,0.,0.676,,,,,,
674,0,674,1351,3,674,,,,,,,,,,2.232,0.04,2.192,,,,,,
677,0,677,1357,3,677,1.676,0.,1.676,,,,,,,,,,,,,,,
682,4,22,1427,63,682,,,,0.265,0.,0.265,,,,,,,,,,,,
683,0,683,1369,3,683,,,,1.851,0.,1.851,,,,,,,,,,,,
693,5,11,1513,127,693,0.153,0.,0.153,0.157,0.,0.157,,,,0.556,0.003,0.553,,,,,,
769,0,769,1541,3,769,,,,,,,,,,,,,4.788,0.015,4.772,,,
811,0,811,1625,3,811,,,,,,,,,,,,,,,,5.001,0.015,4.985
819,5,13,1765,127,819,,,,,,,,,,,,,1.49,0.,1.49,0.482,0.003,0.478
1008,5,16,2143,127,1008,0.307,0.,0.307,0.312,0.,0.312,,,,1.205,0.008,1.196,,,,,,
1011,0,1011,2025,3,1011,,,,,,,,,,5.098,0.067,5.03,,,,,,
1016,0,1016,2035,3,1016,3.809,0.011,3.797,,,,,,,,,,,,,,,
1023,9,1,4093,2047,1023,0.117,0.,0.117,0.072,0.,0.072,,,,0.917,0.,0.917,1.366,0.,1.366,0.161,0.,0.161
1024,0,1024,2051,3,1024,,,,4.19,0.043,4.146,,,,,,,,,,,,
1025,0,1025,2053,3,1025,,,,,,,,,,,,,8.454,0.023,8.429,,,
1071,5,17,2269,127,1071,,,,,,,,,,,,,,,,0.832,0.,0.832
1081,0,1081,2165,3,1081,,,,,,,,,,,,,,,,8.686,0.011,8.673
1323,5,21,2773,127,1323,0.539,0.,0.539,0.546,0.,0.546,,,,1.888,0.,1.887,,,,,,
1365,0,1365,2733,3,1365,,,,7.491,0.015,7.475,,,,,,,,,,,,