param-n abstract-regression-cubic-real abstract-regression-cubic-sys abstract-regression-cubic-user close-abstract-regression-cubic-real close-abstract-regression-cubic-sys close-abstract-regression-cubic-user fast-rewrite-regression-cubic-real fast-rewrite-regression-cubic-sys fast-rewrite-regression-cubic-user pose-build-and-refine-regression-cubic-real pose-build-and-refine-regression-cubic-sys pose-build-and-refine-regression-cubic-user refine-regression-quadratic-regression-linear-real refine-regression-quadratic-regression-linear-sys refine-regression-quadratic-regression-linear-user
1 0. 0. 0. 0. 0. 0. 0. 0. 0. 0. 0. 0. 0. 0. 0.
2 0.001 0. 0.001 0. 0. 0. 0. 0. 0. 0. 0. 0. 0. 0. 0.
3 0. 0. 0. 0. 0. 0. 0. 0. 0. 0. 0. 0. 0. 0. 0.
4 0.001 0. 0.001 0. 0. 0. 0.001 0. 0. 0.001 0. 0. 0. 0. 0.
5 0.001 0.001 0. 0. 0. 0. 0.001 0.001 0. 0.001 0.001 0. 0. 0. 0.
6 0.002 0.002 0. 0.001 0. 0. 0.001 0.001 0. 0.001 0.001 0. 0. 0. 0.
7 0.002 0. 0.002 0.001 0. 0.001 0.001 0. 0.001 0.001 0. 0.001 0. 0. 0.
8 0.003 0.002 0. 0.001 0.001 0. 0.001 0.001 0. 0.001 0.001 0. 0. 0. 0.
9 0.003 0. 0.003 0. 0. 0. 0.002 0. 0.002 0.002 0. 0.002 0. 0. 0.
10 0.003 0. 0.003 0.001 0. 0.001 0.002 0. 0.002 0.002 0. 0.002 0. 0. 0.
11 0.003 0. 0.003 0. 0. 0. 0.003 0. 0.003 0.002 0. 0.002 0. 0. 0.
12 0.003 0.003 0. 0. 0. 0. 0.002 0.002 0. 0.002 0.002 0. 0. 0. 0.
13 0.003 0. 0.003 0. 0. 0. 0.002 0. 0.002 0.002 0. 0.002 0. 0. 0.
14 0.056 0. 0.056 0.001 0. 0.001 0.002 0. 0.002 0.002 0. 0.002 0. 0. 0.
15 0.002 0. 0.002 0. 0. 0. 0.002 0. 0.002 0.002 0. 0.002 0. 0. 0.
16 0.003 0. 0.003 0. 0. 0. 0.002 0. 0.002 0.002 0. 0.002 0. 0. 0.
17 0.003 0. 0.003 0. 0. 0. 0.002 0. 0.002 0.002 0. 0.002 0. 0. 0.
18 0.004 0. 0.004 0. 0. 0. 0.003 0. 0.003 0.003 0. 0.003 0. 0. 0.
19 0.004 0. 0.004 0.001 0. 0.001 0.003 0. 0.003 0.003 0. 0.003 0. 0. 0.
20 0.004 0. 0.004 0.001 0. 0.001 0.003 0. 0.003 0.003 0. 0.003 0. 0. 0.
21 0.005 0. 0.005 0.001 0. 0.001 0.003 0. 0.003 0.003 0. 0.003 0. 0. 0.
22 0.004 0. 0.004 0.001 0. 0.001 0.003 0. 0.003 0.003 0. 0.003 0. 0. 0.
23 0.004 0. 0.004 0.001 0. 0.001 0.003 0. 0.003 0.003 0. 0.003 0. 0. 0.
24 0.005 0. 0.005 0.001 0. 0.001 0.003 0. 0.003 0.003 0. 0.003 0. 0. 0.
25 0.005 0. 0.005 0.001 0. 0.001 0.004 0. 0.004 0.004 0. 0.004 0. 0. 0.
26 0.005 0. 0.005 0.001 0. 0.001 0.004 0. 0.004 0.004 0. 0.004 0. 0. 0.
27 0.005 0. 0.005 0.001 0. 0.001 0.003 0. 0.003 0.003 0. 0.003 0. 0. 0.
28 0.007 0. 0.007 0.002 0. 0.002 0.004 0. 0.004 0.004 0. 0.004 0. 0. 0.
29 0.006 0. 0.006 0.001 0. 0.001 0.004 0. 0.004 0.004 0. 0.004 0. 0. 0.
30 0.008 0. 0.008 0.003 0. 0.003 0.004 0. 0.004 0.004 0. 0.004 0. 0. 0.
31 0.006 0. 0.006 0.001 0. 0.001 0.004 0. 0.004 0.004 0. 0.004 0. 0. 0.
32 0.007 0. 0.007 0.002 0. 0.002 0.004 0. 0.004 0.004 0. 0.004 0. 0. 0.
33 0.007 0. 0.007 0.002 0. 0.002 0.005 0. 0.005 0.005 0. 0.005 0. 0. 0.
34 0.007 0. 0.007 0.001 0. 0.001 0.005 0. 0.005 0.005 0. 0.005 0. 0. 0.
35 0.007 0. 0.007 0.002 0. 0.002 0.004 0. 0.004 0.004 0. 0.004 0. 0. 0.
36 0.008 0. 0.008 0.002 0. 0.002 0.005 0. 0.005 0.005 0. 0.005 0. 0. 0.
37 0.01 0. 0.01 0.002 0. 0.002 0.007 0. 0.007 0.007 0. 0.007 0. 0. 0.
38 0.01 0.003 0.006 0.002 0. 0.002 0.006 0.003 0.003 0.006 0.003 0.003 0. 0. 0.
39 0.008 0. 0.008 0.002 0. 0.002 0.006 0. 0.006 0.006 0. 0.006 0. 0. 0.
40 0.009 0. 0.009 0.003 0. 0.003 0.005 0. 0.005 0.005 0. 0.005 0. 0. 0.
41 0.011 0. 0.011 0.003 0. 0.003 0.007 0. 0.007 0.007 0. 0.007 0. 0. 0.
42 0.01 0. 0.01 0.003 0. 0.003 0.006 0. 0.006 0.006 0. 0.006 0. 0. 0.
43 0.011 0. 0.011 0.003 0. 0.003 0.007 0. 0.007 0.007 0. 0.007 0. 0. 0.
44 0.012 0. 0.012 0.002 0. 0.002 0.009 0. 0.009 0.009 0. 0.009 0. 0. 0.
45 0.01 0. 0.01 0.002 0. 0.002 0.007 0. 0.007 0.007 0. 0.007 0. 0. 0.
46 0.011 0. 0.011 0.003 0. 0.003 0.007 0. 0.007 0.007 0. 0.007 0. 0. 0.
47 0.011 0. 0.011 0.003 0. 0.003 0.007 0. 0.007 0.007 0. 0.007 0. 0. 0.
48 0.011 0. 0.011 0.003 0. 0.003 0.008 0. 0.008 0.008 0. 0.008 0. 0. 0.
49 0.014 0. 0.014 0.003 0. 0.003 0.009 0. 0.009 0.009 0. 0.009 0. 0. 0.
50 0.016 0.004 0.011 0.004 0. 0.004 0.011 0.004 0.006 0.011 0.004 0.006 0. 0. 0.
51 0.018 0. 0.018 0.003 0. 0.003 0.014 0. 0.014 0.014 0. 0.014 0.006 0. 0.006
52 0.013 0. 0.013 0.003 0. 0.003 0.009 0. 0.009 0.009 0. 0.009 0. 0. 0.
53 0.012 0. 0.012 0.004 0. 0.004 0.007 0. 0.007 0.007 0. 0.007 0. 0. 0.
54 0.012 0. 0.012 0.004 0. 0.004 0.007 0. 0.007 0.007 0. 0.007 0. 0. 0.
55 0.012 0. 0.012 0.003 0. 0.003 0.008 0. 0.008 0.008 0. 0.008 0. 0. 0.
56 0.014 0. 0.014 0.004 0. 0.004 0.009 0. 0.009 0.009 0. 0.009 0. 0. 0.
57 0.014 0. 0.014 0.004 0. 0.004 0.009 0. 0.009 0.009 0. 0.009 0. 0. 0.
58 0.013 0. 0.013 0.004 0. 0.004 0.008 0. 0.008 0.008 0. 0.008 0. 0. 0.
59 0.015 0. 0.015 0.005 0. 0.005 0.009 0. 0.009 0.009 0. 0.009 0. 0. 0.
60 0.017 0. 0.017 0.006 0. 0.006 0.01 0. 0.01 0.01 0. 0.01 0.001 0. 0.001
61 0.02 0. 0.02 0.008 0. 0.008 0.011 0. 0.011 0.011 0. 0.011 0. 0. 0.
62 0.017 0. 0.017 0.005 0. 0.005 0.011 0. 0.011 0.011 0. 0.011 0. 0. 0.
63 0.018 0. 0.018 0.007 0. 0.007 0.01 0. 0.01 0.01 0. 0.01 0. 0. 0.
64 0.021 0. 0.021 0.007 0. 0.007 0.012 0. 0.012 0.012 0. 0.012 0. 0. 0.
65 0.019 0. 0.019 0.006 0. 0.006 0.012 0. 0.012 0.012 0. 0.012 0. 0. 0.
66 0.02 0. 0.02 0.006 0. 0.006 0.012 0. 0.012 0.012 0. 0.012 0. 0. 0.
67 0.018 0. 0.018 0.006 0. 0.006 0.011 0. 0.011 0.011 0. 0.011 0. 0. 0.
68 0.019 0. 0.019 0.006 0. 0.006 0.012 0. 0.012 0.012 0. 0.012 0. 0. 0.
69 0.02 0. 0.02 0.007 0. 0.007 0.012 0. 0.012 0.012 0. 0.012 0.001 0. 0.001
70 0.023 0. 0.023 0.007 0. 0.007 0.014 0. 0.014 0.014 0. 0.014 0. 0. 0.
71 0.021 0. 0.021 0.007 0. 0.007 0.013 0. 0.013 0.013 0. 0.013 0. 0. 0.
72 0.022 0. 0.022 0.008 0. 0.008 0.014 0. 0.014 0.014 0. 0.014 0. 0. 0.
73 0.02 0. 0.02 0.007 0. 0.007 0.012 0. 0.012 0.012 0. 0.012 0. 0. 0.
74 0.023 0. 0.023 0.007 0. 0.007 0.014 0. 0.014 0.014 0. 0.014 0. 0. 0.
75 0.02 0. 0.02 0.007 0. 0.007 0.012 0. 0.012 0.012 0. 0.012 0. 0. 0.
76 0.023 0. 0.023 0.009 0. 0.009 0.012 0. 0.012 0.012 0. 0.012 0. 0. 0.
77 0.022 0. 0.022 0.007 0. 0.007 0.014 0. 0.014 0.014 0. 0.014 0. 0. 0.
78 0.026 0. 0.026 0.008 0. 0.008 0.017 0. 0.017 0.017 0. 0.017 0. 0. 0.
79 0.021 0. 0.021 0.008 0. 0.008 0.012 0. 0.012 0.012 0. 0.012 0. 0. 0.
80 0.021 0.003 0.017 0.008 0.003 0.005 0.012 0. 0.012 0.012 0. 0.012 0. 0. 0.
81 0.024 0.004 0.02 0.008 0. 0.007 0.015 0.003 0.012 0.015 0.003 0.012 0.003 0.003 0.
82 0.024 0. 0.024 0.009 0. 0.009 0.014 0. 0.014 0.014 0. 0.014 0.001 0. 0.001
83 0.024 0. 0.024 0.01 0. 0.01 0.013 0. 0.013 0.013 0. 0.013 0. 0. 0.
84 0.024 0. 0.024 0.009 0. 0.009 0.014 0. 0.014 0.014 0. 0.014 0. 0. 0.
85 0.025 0. 0.025 0.01 0. 0.01 0.014 0. 0.014 0.014 0. 0.014 0.001 0. 0.001
86 0.026 0. 0.026 0.01 0. 0.01 0.014 0. 0.014 0.014 0. 0.014 0.001 0. 0.001
87 0.031 0. 0.031 0.012 0. 0.012 0.018 0. 0.018 0.018 0. 0.018 0.001 0. 0.001
88 0.028 0.003 0.025 0.01 0. 0.01 0.017 0.003 0.013 0.017 0.003 0.013 0.001 0. 0.
89 0.026 0. 0.026 0.01 0. 0.01 0.015 0. 0.015 0.015 0. 0.015 0. 0. 0.
90 0.028 0. 0.028 0.012 0. 0.012 0.015 0. 0.015 0.015 0. 0.015 0.001 0. 0.001
91 0.034 0. 0.034 0.012 0. 0.013 0.019 0. 0.019 0.019 0. 0.019 0.001 0. 0.001
92 0.032 0. 0.032 0.014 0. 0.014 0.017 0. 0.017 0.017 0. 0.017 0.001 0. 0.001
93 0.032 0. 0.032 0.014 0. 0.014 0.017 0. 0.017 0.017 0. 0.017 0.001 0. 0.001
94 0.035 0. 0.035 0.013 0. 0.013 0.021 0. 0.021 0.021 0. 0.021 0.001 0. 0.001
95 0.033 0. 0.033 0.013 0. 0.013 0.019 0. 0.019 0.019 0. 0.019 0.001 0. 0.001
96 0.037 0. 0.037 0.016 0. 0.016 0.02 0. 0.02 0.02 0. 0.02 0.001 0. 0.001
97 0.035 0. 0.035 0.013 0. 0.013 0.02 0. 0.02 0.02 0. 0.02 0.001 0. 0.001
98 0.035 0. 0.035 0.014 0. 0.014 0.02 0. 0.02 0.02 0. 0.02 0.001 0. 0.001
99 0.037 0. 0.037 0.014 0. 0.014 0.022 0. 0.022 0.022 0. 0.022 0.004 0. 0.004
100 0.09 0.027 0.062 0.065 0.006 0.058 0.024 0.02 0.004 0.024 0.02 0.004 0.002 0. 0.001
110 0.039 0. 0.039 0.016 0. 0.016 0.021 0. 0.021 0.021 0. 0.021 0.001 0. 0.001
120 0.054 0. 0.053 0.027 0. 0.03 0.025 0. 0.022 0.025 0. 0.022 0.001 0. 0.
130 0.062 0. 0.062 0.025 0. 0.025 0.035 0. 0.035 0.035 0. 0.035 0.001 0. 0.001
140 0.08 0.003 0.076 0.032 0. 0.032 0.046 0.003 0.042 0.046 0.003 0.042 0.002 0. 0.002
150 0.076 0.004 0.072 0.035 0.003 0.031 0.041 0. 0.041 0.041 0. 0.041 0.001 0. 0.001
160 0.106 0. 0.106 0.049 0. 0.049 0.055 0. 0.055 0.055 0. 0.055 0.002 0. 0.002
170 0.119 0.003 0.115 0.054 0. 0.054 0.063 0.003 0.06 0.063 0.003 0.06 0.001 0. 0.001
180 0.133 0. 0.133 0.056 0. 0.056 0.076 0. 0.076 0.076 0. 0.076 0.002 0. 0.002
190 0.148 0. 0.148 0.072 0. 0.072 0.074 0. 0.074 0.074 0. 0.074 0.002 0. 0.002
200 0.16 0.002 0.158 0.075 0. 0.075 0.084 0.002 0.082 0.084 0.002 0.082 0.002 0. 0.002
210 0.171 0. 0.171 0.094 0. 0.094 0.075 0. 0.075 0.075 0. 0.075 0.002 0. 0.002
220 0.19 0.003 0.186 0.106 0. 0.106 0.082 0.003 0.079 0.082 0.003 0.079 0.002 0. 0.002
230 0.22 0.011 0.208 0.126 0. 0.126 0.093 0.011 0.081 0.093 0.011 0.081 0.002 0. 0.002
240 0.233 0. 0.233 0.132 0. 0.132 0.099 0. 0.099 0.099 0. 0.099 0.002 0. 0.002
250 0.264 0.007 0.256 0.15 0. 0.149 0.114 0.007 0.106 0.114 0.007 0.106 0.003 0. 0.003
260 0.282 0. 0.282 0.161 0. 0.161 0.119 0. 0.119 0.119 0. 0.119 0.003 0. 0.003
270 0.299 0.007 0.291 0.166 0. 0.166 0.131 0.007 0.123 0.131 0.007 0.123 0.002 0. 0.002
280 0.346 0.003 0.342 0.196 0. 0.196 0.148 0.003 0.144 0.148 0.003 0.144 0.003 0. 0.003
290 0.349 0.003 0.345 0.223 0.003 0.219 0.124 0. 0.124 0.124 0. 0.124 0.002 0. 0.002
300 0.423 0.006 0.417 0.236 0. 0.236 0.187 0.006 0.181 0.187 0.006 0.181 0.003 0. 0.003
310 0.412 0.004 0.408 0.272 0.004 0.268 0.139 0. 0.139 0.139 0. 0.139 0.004 0. 0.004
320 0.428 0.004 0.424 0.282 0.003 0.279 0.144 0. 0.143 0.144 0. 0.143 0.004 0. 0.004
330 0.509 0. 0.509 0.31 0. 0.31 0.198 0. 0.198 0.198 0. 0.198 0.003 0. 0.003
340 0.525 0. 0.525 0.326 0. 0.326 0.197 0. 0.197 0.197 0. 0.197 0.003 0. 0.003
350 0.536 0.011 0.524 0.36 0. 0.36 0.175 0.011 0.163 0.175 0.011 0.163 0.003 0.003 0.
360 0.617 0. 0.617 0.416 0. 0.416 0.199 0. 0.199 0.199 0. 0.199 0.005 0. 0.005
370 0.641 0.003 0.637 0.455 0. 0.454 0.184 0.003 0.181 0.184 0.003 0.181 0.004 0. 0.004
380 0.727 0. 0.727 0.503 0. 0.503 0.222 0. 0.222 0.222 0. 0.222 0.006 0. 0.006
390 0.773 0. 0.773 0.515 0. 0.515 0.256 0. 0.256 0.256 0. 0.255 0.005 0. 0.005
400 0.791 0. 0.791 0.562 0. 0.562 0.227 0. 0.227 0.227 0. 0.227 0.004 0. 0.004
500 1.369 0.008 1.36 1.043 0.008 1.035 0.324 0. 0.323 0.324 0. 0.323 0.006 0. 0.006
600 2.285 0.004 2.279 1.832 0.004 1.827 0.451 0. 0.451 0.451 0. 0.451 0.01 0. 0.01
700 3.626 0.004 3.621 3.021 0.004 3.019 0.603 0. 0.6 0.603 0. 0.6 0.009 0. 0.007
800 5.18 0.016 5.163 4.448 0.003 4.443 0.73 0.012 0.718 0.73 0.012 0.718 0.009 0. 0.009
900 7.49 0.004 7.482 6.598 0.003 6.59 0.89 0. 0.889 0.89 0. 0.889 0.011 0. 0.011
1000 10.483 0. 10.482 9.379 0. 9.377 1.102 0. 1.102 1.102 0. 1.102 0.012 0. 0.012