param-n autorewrite-noop-regression-quadratic-real autorewrite-noop-regression-quadratic-sys autorewrite-noop-regression-quadratic-user try-rewrite!-noop-regression-quadratic-real try-rewrite!-noop-regression-quadratic-sys try-rewrite!-noop-regression-quadratic-user try-rewrite-noop-regression-quadratic-real try-rewrite-noop-regression-quadratic-sys try-rewrite-noop-regression-quadratic-user try-rewrite?-noop-regression-quadratic-real try-rewrite?-noop-regression-quadratic-sys try-rewrite?-noop-regression-quadratic-user try-ssr-rewrite!-noop-regression-linear-real try-ssr-rewrite!-noop-regression-linear-sys try-ssr-rewrite!-noop-regression-linear-user try-ssr-rewrite-noop-regression-linear-real try-ssr-rewrite-noop-regression-linear-sys try-ssr-rewrite-noop-regression-linear-user try-ssr-rewrite?-noop-regression-linear-real try-ssr-rewrite?-noop-regression-linear-sys try-ssr-rewrite?-noop-regression-linear-user
1 0. 0. 0. 0. 0. 0. 0. 0. 0. 0. 0. 0. 0. 0. 0. 0. 0. 0. 0. 0. 0.
2 0. 0. 0. 0. 0. 0. 0. 0. 0. 0. 0. 0. 0. 0. 0. 0. 0. 0. 0. 0. 0.
3 0. 0. 0. 0. 0. 0. 0. 0. 0. 0. 0. 0. 0. 0. 0. 0. 0. 0. 0. 0. 0.
4 0. 0. 0. 0. 0. 0. 0. 0. 0. 0. 0. 0. 0. 0. 0. 0. 0. 0. 0. 0. 0.
8 0. 0. 0. 0. 0. 0. 0. 0. 0. 0. 0. 0. 0. 0. 0. 0. 0. 0. 0. 0. 0.
12 0. 0. 0. 0. 0. 0. 0. 0. 0. 0. 0. 0. 0. 0. 0. 0. 0. 0. 0. 0. 0.
16 0. 0. 0. 0. 0. 0. 0. 0. 0. 0. 0. 0. 0. 0. 0. 0. 0. 0. 0. 0. 0.
20 0. 0. 0. 0. 0. 0. 0. 0. 0. 0. 0. 0. 0. 0. 0. 0. 0. 0. 0. 0. 0.
24 0. 0. 0. 0. 0. 0. 0. 0. 0. 0. 0. 0. 0. 0. 0. 0. 0. 0. 0. 0. 0.
28 0. 0. 0. 0. 0. 0. 0. 0. 0. 0. 0. 0. 0. 0. 0. 0. 0. 0. 0. 0. 0.
32 0. 0. 0. 0. 0. 0. 0. 0. 0. 0. 0. 0. 0. 0. 0. 0. 0. 0. 0. 0. 0.
36 0. 0. 0. 0. 0. 0. 0. 0. 0. 0. 0. 0. 0. 0. 0. 0. 0. 0. 0. 0. 0.
40 0. 0. 0. 0. 0. 0. 0. 0. 0. 0. 0. 0. 0. 0. 0. 0. 0. 0. 0. 0. 0.
44 0. 0. 0. 0. 0. 0. 0. 0. 0. 0. 0. 0. 0. 0. 0. 0. 0. 0. 0. 0. 0.
48 0. 0. 0. 0. 0. 0. 0. 0. 0. 0. 0. 0. 0. 0. 0. 0. 0. 0. 0. 0. 0.
50 0.001 0. 0. 0.001 0.001 0. 0.001 0.001 0. 0. 0. 0. 0. 0. 0. 0. 0. 0. 0. 0. 0.
52 0. 0. 0. 0. 0. 0. 0. 0. 0. 0. 0. 0. 0. 0. 0. 0. 0. 0. 0. 0. 0.
56 0. 0. 0. 0. 0. 0. 0.074 0. 0.074 0. 0. 0. 0. 0. 0. 0. 0. 0. 0. 0. 0.
60 0. 0. 0. 0. 0. 0. 0. 0. 0. 0. 0. 0. 0. 0. 0. 0. 0. 0. 0. 0. 0.
64 0. 0. 0. 0. 0. 0. 0. 0. 0. 0. 0. 0. 0. 0. 0. 0. 0. 0. 0. 0. 0.
68 0. 0. 0. 0. 0. 0. 0. 0. 0. 0. 0. 0. 0. 0. 0. 0. 0. 0. 0. 0. 0.
72 0. 0. 0. 0. 0. 0. 0. 0. 0. 0.001 0. 0.001 0. 0. 0. 0. 0. 0. 0. 0. 0.
76 0. 0. 0. 0. 0. 0. 0. 0. 0. 0. 0. 0. 0. 0. 0. 0. 0. 0. 0. 0. 0.
80 0.001 0. 0.001 0.001 0. 0.001 0.001 0. 0.001 0.001 0. 0.001 0. 0. 0. 0. 0. 0. 0. 0. 0.
84 0.001 0. 0.001 0.001 0. 0.001 0.001 0. 0.001 0.001 0. 0.001 0. 0. 0. 0. 0. 0. 0. 0. 0.
88 0.001 0. 0.001 0.001 0. 0.001 0.001 0. 0.001 0.001 0. 0.001 0. 0. 0. 0. 0. 0. 0. 0. 0.
92 0.001 0. 0.001 0.001 0. 0.001 0.001 0. 0.001 0.001 0. 0.001 0. 0. 0. 0. 0. 0. 0. 0. 0.
96 0.001 0. 0.001 0.001 0. 0.001 0.001 0. 0.001 0.001 0. 0.001 0. 0. 0. 0. 0. 0. 0. 0. 0.
100 0.001 0. 0.001 0.002 0. 0.002 0.002 0. 0.002 0.001 0. 0.001 0. 0. 0. 0. 0. 0. 0. 0. 0.
104 0.001 0. 0.001 0.001 0. 0.001 0.001 0. 0.001 0.001 0. 0.001 0. 0. 0. 0. 0. 0. 0. 0. 0.
108 0.001 0. 0.001 0.001 0. 0.001 0.001 0. 0.001 0.001 0. 0.001 0. 0. 0. 0. 0. 0. 0. 0. 0.
112 0.001 0. 0.001 0.001 0. 0.001 0.001 0. 0.001 0.001 0. 0.001 0. 0. 0. 0. 0. 0. 0. 0. 0.
116 0.001 0. 0.001 0.001 0. 0.001 0.001 0. 0.001 0.001 0. 0.001 0. 0. 0. 0. 0. 0. 0. 0. 0.
120 0.001 0. 0.001 0.001 0. 0.001 0.001 0. 0.001 0.001 0. 0.001 0. 0. 0. 0. 0. 0. 0. 0. 0.
124 0.001 0. 0.001 0.001 0. 0.001 0.001 0. 0.001 0.001 0. 0.001 0. 0. 0. 0. 0. 0. 0. 0. 0.
128 0.001 0. 0.001 0.002 0. 0.002 0.001 0. 0.001 0.003 0.003 0. 0. 0. 0. 0. 0. 0. 0. 0. 0.
132 0.002 0. 0.002 0.001 0. 0.001 0.001 0. 0.001 0.001 0. 0.001 0. 0. 0. 0. 0. 0. 0. 0. 0.
136 0.001 0. 0.001 0.001 0. 0.001 0.001 0. 0.001 0.002 0. 0.002 0. 0. 0. 0. 0. 0. 0. 0. 0.
140 0.001 0. 0.001 0.001 0. 0.001 0.002 0. 0.002 0.002 0. 0.002 0. 0. 0. 0. 0. 0. 0. 0. 0.
144 0.002 0. 0.002 0.002 0. 0.002 0.002 0. 0.002 0.002 0. 0.002 0. 0. 0. 0. 0. 0. 0. 0. 0.
148 0.002 0. 0.002 0.002 0. 0.002 0.002 0. 0.002 0.002 0. 0.002 0. 0. 0. 0. 0. 0. 0. 0. 0.
150 0.004 0.002 0.001 0.003 0.001 0.002 0.004 0.004 0. 0.004 0. 0.004 0. 0. 0. 0. 0. 0. 0. 0. 0.
152 0.003 0. 0.003 0.002 0. 0.002 0.002 0. 0.002 0.002 0. 0.002 0. 0. 0. 0. 0. 0. 0. 0. 0.
156 0.002 0. 0.002 0.002 0. 0.002 0.002 0. 0.002 0.002 0. 0.002 0. 0. 0. 0. 0. 0. 0. 0. 0.
160 0.002 0. 0.002 0.002 0. 0.002 0.002 0. 0.002 0.002 0. 0.002 0. 0. 0. 0. 0. 0. 0. 0. 0.
164 0.002 0. 0.002 0.002 0. 0.002 0.002 0. 0.002 0.002 0. 0.002 0. 0. 0. 0. 0. 0. 0. 0. 0.
168 0.002 0. 0.002 0.002 0. 0.002 0.002 0. 0.002 0.003 0. 0.003 0. 0. 0. 0. 0. 0. 0. 0. 0.
172 0.002 0. 0.002 0.002 0. 0.002 0.002 0. 0.002 0.002 0. 0.002 0. 0. 0. 0. 0. 0. 0. 0. 0.
176 0.002 0. 0.002 0.002 0. 0.002 0.002 0. 0.002 0.002 0. 0.002 0. 0. 0. 0. 0. 0. 0. 0. 0.
180 0.002 0. 0.002 0.002 0. 0.002 0.003 0. 0.003 0.003 0. 0.003 0. 0. 0. 0. 0. 0. 0. 0. 0.
184 0.002 0. 0.002 0.002 0. 0.002 0.002 0. 0.002 0.003 0. 0.003 0. 0. 0. 0. 0. 0. 0. 0. 0.
188 0.003 0. 0.003 0.003 0. 0.003 0.002 0. 0.002 0.003 0. 0.003 0. 0. 0. 0. 0. 0. 0. 0. 0.
192 0.003 0. 0.003 0.003 0. 0.003 0.003 0. 0.003 0.003 0. 0.003 0. 0. 0. 0. 0. 0. 0. 0. 0.
196 0.003 0. 0.003 0.003 0. 0.003 0.003 0. 0.003 0.003 0. 0.003 0. 0. 0. 0. 0. 0. 0. 0. 0.
200 0.005 0.002 0.002 0.054 0.012 0.041 0.003 0. 0.003 0.003 0. 0.003 0. 0. 0. 0. 0. 0. 0. 0. 0.
204 0.003 0. 0.003 0.004 0. 0.004 0.003 0. 0.003 0.003 0. 0.003 0. 0. 0. 0. 0. 0. 0. 0. 0.
208 0.003 0. 0.003 0.003 0. 0.003 0.003 0. 0.003 0.003 0. 0.003 0. 0. 0. 0. 0. 0. 0. 0. 0.
212 0.003 0. 0.003 0.003 0. 0.003 0.003 0. 0.003 0.003 0. 0.003 0. 0. 0. 0. 0. 0. 0. 0. 0.
216 0.003 0. 0.003 0.003 0. 0.003 0.003 0. 0.003 0.004 0. 0.004 0. 0. 0. 0. 0. 0. 0. 0. 0.
220 0.003 0. 0.003 0.003 0. 0.003 0.003 0. 0.003 0.003 0. 0.003 0. 0. 0. 0. 0. 0. 0. 0. 0.
224 0.004 0. 0.004 0.004 0. 0.004 0.004 0. 0.004 0.003 0. 0.003 0. 0. 0. 0. 0. 0. 0. 0. 0.
228 0.004 0. 0.004 0.004 0. 0.004 0.004 0. 0.004 0.004 0. 0.004 0. 0. 0. 0. 0. 0. 0. 0. 0.
232 0.004 0. 0.004 0.003 0. 0.003 0.003 0. 0.003 0.004 0. 0.004 0. 0. 0. 0. 0. 0. 0. 0. 0.
236 0.004 0. 0.004 0.004 0. 0.004 0.004 0. 0.004 0.004 0. 0.004 0. 0. 0. 0. 0. 0. 0. 0. 0.
240 0.004 0. 0.004 0.004 0. 0.004 0.005 0. 0.005 0.004 0. 0.004 0. 0. 0. 0. 0. 0. 0. 0. 0.
244 0.004 0. 0.004 0.004 0. 0.004 0.004 0. 0.004 0.004 0. 0.004 0. 0. 0. 0. 0. 0. 0. 0. 0.
248 0.004 0. 0.004 0.004 0. 0.004 0.004 0. 0.004 0.004 0. 0.004 0. 0. 0. 0. 0. 0. 0. 0. 0.
250 0.004 0. 0.004 0.004 0. 0.004 0.004 0. 0.004 0.004 0. 0.004 0. 0. 0. 0. 0. 0. 0. 0. 0.
252 0.005 0. 0.005 0.004 0. 0.004 0.004 0. 0.004 0.004 0. 0.004 0. 0. 0. 0. 0. 0. 0. 0. 0.
256 0.004 0. 0.004 0.004 0. 0.004 0.004 0. 0.004 0.005 0. 0.005 0. 0. 0. 0. 0. 0. 0. 0. 0.
260 0.004 0. 0.004 0.004 0. 0.004 0.004 0. 0.004 0.005 0. 0.005 0. 0. 0. 0. 0. 0. 0. 0. 0.
264 0.004 0. 0.004 0.005 0. 0.005 0.005 0. 0.005 0.004 0. 0.004 0. 0. 0. 0. 0. 0. 0. 0. 0.
268 0.004 0. 0.004 0.004 0. 0.004 0.004 0. 0.004 0.004 0. 0.004 0. 0. 0. 0. 0. 0. 0. 0. 0.
272 0.005 0. 0.005 0.005 0. 0.005 0.005 0. 0.005 0.005 0. 0.005 0. 0. 0. 0. 0. 0. 0. 0. 0.
276 0.005 0. 0.005 0.004 0. 0.004 0.005 0. 0.005 0.005 0. 0.005 0. 0. 0. 0. 0. 0. 0. 0. 0.
280 0.005 0. 0.005 0.005 0. 0.005 0.005 0. 0.005 0.005 0. 0.005 0. 0. 0. 0. 0. 0. 0. 0. 0.
284 0.005 0. 0.005 0.005 0. 0.005 0.005 0. 0.005 0.005 0. 0.005 0. 0. 0. 0. 0. 0. 0. 0. 0.
288 0.005 0. 0.005 0.005 0. 0.005 0.005 0. 0.005 0.005 0. 0.005 0. 0. 0. 0. 0. 0. 0. 0. 0.
292 0.005 0. 0.005 0.005 0. 0.005 0.005 0. 0.005 0.005 0. 0.005 0. 0. 0. 0. 0. 0. 0. 0. 0.
296 0.005 0. 0.005 0.005 0. 0.005 0.006 0. 0.006 0.005 0. 0.005 0. 0. 0. 0. 0. 0. 0. 0. 0.
300 0.006 0. 0.006 0.006 0. 0.006 0.006 0. 0.006 0.007 0. 0.007 0. 0. 0. 0. 0. 0. 0. 0. 0.
304 0.006 0. 0.006 0.006 0. 0.006 0.006 0. 0.006 0.006 0. 0.006 0. 0. 0. 0. 0. 0. 0. 0. 0.
308 0.005 0. 0.005 0.006 0. 0.006 0.006 0. 0.006 0.006 0. 0.006 0. 0. 0. 0. 0. 0. 0. 0. 0.
312 0.005 0. 0.005 0.006 0. 0.006 0.006 0. 0.006 0.005 0. 0.005 0. 0. 0. 0. 0. 0. 0. 0. 0.
316 0.006 0. 0.005 0.006 0. 0.005 0.006 0. 0.006 0.006 0. 0.006 0. 0. 0. 0. 0. 0. 0. 0. 0.
320 0.006 0. 0.006 0.006 0. 0.006 0.006 0. 0.006 0.006 0. 0.006 0. 0. 0. 0. 0. 0. 0. 0. 0.
324 0.006 0. 0.006 0.007 0. 0.007 0.006 0. 0.006 0.006 0. 0.006 0. 0. 0. 0. 0. 0. 0. 0. 0.
328 0.006 0. 0.006 0.006 0. 0.006 0.006 0. 0.006 0.006 0. 0.006 0. 0. 0. 0. 0. 0. 0. 0. 0.
332 0.007 0. 0.007 0.006 0. 0.006 0.006 0. 0.006 0.006 0. 0.006 0. 0. 0. 0. 0. 0. 0. 0. 0.
336 0.006 0. 0.006 0.006 0. 0.006 0.006 0. 0.006 0.007 0. 0.007 0. 0. 0. 0. 0. 0. 0. 0. 0.
340 0.007 0. 0.007 0.006 0. 0.006 0.006 0. 0.006 0.007 0. 0.007 0. 0. 0. 0. 0. 0. 0. 0. 0.
344 0.007 0. 0.007 0.007 0. 0.007 0.008 0. 0.008 0.007 0. 0.007 0. 0. 0. 0. 0. 0. 0. 0. 0.
348 0.007 0. 0.007 0.007 0. 0.007 0.007 0. 0.007 0.008 0. 0.008 0. 0. 0. 0. 0. 0. 0. 0. 0.
350 0.008 0. 0.008 0.008 0. 0.008 0.008 0. 0.008 0.008 0. 0.008 0. 0. 0. 0. 0. 0. 0. 0. 0.
352 0.009 0. 0.009 0.008 0. 0.008 0.008 0. 0.008 0.007 0. 0.007 0. 0. 0. 0. 0. 0. 0. 0. 0.
356 0.007 0. 0.007 0.008 0. 0.008 0.008 0. 0.008 0.008 0. 0.008 0. 0. 0. 0. 0. 0. 0. 0. 0.
360 0.008 0. 0.008 0.008 0. 0.008 0.008 0. 0.008 0.008 0. 0.008 0. 0. 0. 0. 0. 0. 0. 0. 0.
364 0.008 0. 0.008 0.008 0. 0.008 0.007 0. 0.007 0.008 0. 0.008 0. 0. 0. 0. 0. 0. 0. 0. 0.
368 0.008 0. 0.008 0.008 0. 0.008 0.008 0. 0.008 0.009 0. 0.009 0. 0. 0. 0. 0. 0. 0. 0. 0.
372 0.008 0. 0.008 0.008 0. 0.008 0.008 0. 0.008 0.008 0. 0.008 0. 0. 0. 0. 0. 0. 0. 0. 0.
376 0.008 0. 0.008 0.009 0. 0.009 0.008 0. 0.008 0.008 0. 0.008 0. 0. 0. 0. 0. 0. 0. 0. 0.
380 0.008 0. 0.008 0.008 0. 0.008 0.008 0. 0.008 0.009 0. 0.009 0. 0. 0. 0. 0. 0. 0. 0. 0.
384 0.009 0. 0.009 0.009 0. 0.009 0.009 0. 0.009 0.009 0. 0.009 0. 0. 0. 0. 0. 0. 0. 0. 0.
388 0.009 0. 0.009 0.008 0. 0.008 0.008 0. 0.008 0.008 0. 0.008 0. 0. 0. 0. 0. 0. 0. 0. 0.
392 0.008 0. 0.008 0.009 0. 0.009 0.009 0. 0.009 0.009 0. 0.009 0. 0. 0. 0. 0. 0. 0. 0. 0.
396 0.009 0. 0.009 0.009 0. 0.009 0.009 0. 0.009 0.01 0. 0.01 0. 0. 0. 0. 0. 0. 0. 0. 0.
400 0.009 0. 0.009 0.01 0. 0.01 0.01 0. 0.01 0.01 0. 0.01 0. 0. 0. 0. 0. 0. 0. 0. 0.
404 0.009 0. 0.009 0.009 0. 0.009 0.009 0. 0.009 0.009 0. 0.009 0. 0. 0. 0. 0. 0. 0. 0. 0.
408 0.01 0. 0.01 0.009 0. 0.009 0.009 0. 0.009 0.009 0. 0.009 0. 0. 0. 0. 0. 0. 0. 0. 0.
412 0.009 0. 0.009 0.01 0. 0.01 0.01 0. 0.01 0.01 0. 0.01 0. 0. 0. 0. 0. 0. 0. 0. 0.
416 0.009 0. 0.009 0.01 0. 0.01 0.01 0. 0.01 0.009 0. 0.009 0. 0. 0. 0. 0. 0. 0. 0. 0.
420 0.009 0. 0.009 0.01 0. 0.01 0.01 0. 0.01 0.01 0. 0.01 0.001 0. 0.001 0. 0. 0. 0. 0. 0.
424 0.01 0. 0.01 0.01 0. 0.01 0.01 0. 0.01 0.01 0. 0.01 0. 0. 0. 0. 0. 0. 0. 0. 0.
428 0.011 0. 0.011 0.01 0. 0.01 0.01 0. 0.01 0.011 0. 0.011 0. 0. 0. 0. 0. 0. 0. 0. 0.
432 0.01 0. 0.01 0.011 0. 0.011 0.01 0. 0.01 0.011 0. 0.011 0. 0. 0. 0. 0. 0. 0. 0. 0.
436 0.011 0. 0.011 0.011 0. 0.011 0.012 0. 0.012 0.011 0. 0.011 0. 0. 0. 0. 0. 0. 0. 0. 0.
440 0.011 0. 0.011 0.011 0. 0.011 0.011 0. 0.011 0.011 0. 0.011 0. 0. 0. 0. 0. 0. 0. 0. 0.
444 0.011 0. 0.011 0.011 0. 0.011 0.01 0. 0.01 0.011 0. 0.011 0. 0. 0. 0. 0. 0. 0. 0. 0.
448 0.011 0. 0.011 0.011 0. 0.011 0.011 0. 0.011 0.012 0. 0.012 0. 0. 0. 0. 0. 0. 0. 0. 0.
452 0.011 0. 0.011 0.011 0. 0.011 0.011 0. 0.011 0.011 0. 0.011 0. 0. 0. 0. 0. 0. 0. 0. 0.
456 0.012 0. 0.012 0.012 0. 0.012 0.012 0. 0.012 0.011 0. 0.011 0. 0. 0. 0. 0. 0. 0. 0. 0.
460 0.012 0. 0.012 0.011 0. 0.011 0.012 0. 0.012 0.012 0. 0.012 0. 0. 0. 0. 0. 0. 0. 0. 0.
464 0.012 0. 0.012 0.012 0. 0.012 0.011 0. 0.011 0.012 0. 0.012 0. 0. 0. 0. 0. 0. 0. 0. 0.
468 0.012 0. 0.012 0.013 0. 0.013 0.012 0. 0.012 0.012 0. 0.012 0. 0. 0. 0. 0. 0. 0. 0. 0.
472 0.012 0. 0.012 0.012 0. 0.012 0.012 0. 0.012 0.012 0. 0.012 0. 0. 0. 0. 0. 0. 0. 0. 0.
476 0.013 0. 0.013 0.013 0. 0.013 0.013 0. 0.013 0.013 0. 0.013 0. 0. 0. 0. 0. 0. 0. 0. 0.
480 0.012 0. 0.012 0.013 0. 0.013 0.012 0. 0.012 0.013 0. 0.013 0. 0. 0. 0. 0. 0. 0. 0. 0.
484 0.013 0. 0.013 0.013 0. 0.013 0.013 0. 0.013 0.013 0. 0.013 0. 0. 0. 0. 0. 0. 0. 0. 0.
488 0.013 0. 0.013 0.013 0. 0.013 0.013 0. 0.013 0.013 0. 0.013 0. 0. 0. 0. 0. 0. 0. 0. 0.
492 0.012 0. 0.012 0.013 0. 0.013 0.013 0. 0.013 0.012 0. 0.012 0. 0. 0. 0. 0. 0. 0. 0. 0.
496 0.013 0. 0.013 0.013 0. 0.013 0.013 0. 0.013 0.013 0. 0.013 0. 0. 0. 0. 0. 0. 0. 0. 0.
500 0.014 0. 0.014 0.014 0. 0.014 0.013 0. 0.013 0.013 0. 0.013 0. 0. 0. 0. 0. 0. 0. 0. 0.
504 0.013 0. 0.013 0.012 0. 0.012 0.013 0. 0.013 0.013 0. 0.013 0. 0. 0. 0. 0. 0. 0. 0. 0.
508 0.013 0. 0.013 0.013 0. 0.013 0.012 0. 0.012 0.013 0. 0.013 0. 0. 0. 0. 0. 0. 0. 0. 0.
512 0.013 0. 0.013 0.013 0. 0.013 0.013 0. 0.013 0.014 0. 0.014 0. 0. 0. 0. 0. 0. 0. 0. 0.
516 0.013 0. 0.013 0.013 0. 0.013 0.014 0. 0.014 0.015 0. 0.015 0. 0. 0. 0. 0. 0. 0. 0. 0.
520 0.014 0. 0.014 0.014 0. 0.014 0.014 0. 0.014 0.014 0. 0.014 0. 0. 0. 0. 0. 0. 0. 0. 0.
524 0.014 0. 0.014 0.014 0. 0.014 0.014 0. 0.014 0.015 0. 0.015 0. 0. 0. 0. 0. 0. 0. 0. 0.
528 0.015 0. 0.015 0.014 0. 0.014 0.013 0. 0.013 0.014 0. 0.014 0. 0. 0. 0. 0. 0. 0. 0. 0.
532 0.014 0. 0.014 0.014 0. 0.014 0.014 0. 0.014 0.015 0. 0.015 0. 0. 0. 0. 0. 0. 0. 0. 0.
536 0.015 0. 0.015 0.014 0. 0.014 0.013 0. 0.013 0.014 0. 0.014 0. 0. 0. 0. 0. 0. 0. 0. 0.
540 0.014 0. 0.014 0.014 0. 0.014 0.014 0. 0.014 0.016 0. 0.016 0. 0. 0. 0. 0. 0. 0. 0. 0.
544 0.015 0. 0.015 0.014 0. 0.014 0.015 0. 0.015 0.015 0. 0.015 0. 0. 0. 0. 0. 0. 0. 0. 0.
548 0.015 0. 0.015 0.015 0. 0.015 0.015 0. 0.015 0.015 0. 0.015 0. 0. 0. 0. 0. 0. 0. 0. 0.
552 0.015 0. 0.015 0.015 0. 0.015 0.015 0. 0.015 0.016 0. 0.016 0. 0. 0. 0. 0. 0. 0. 0. 0.
556 0.016 0. 0.016 0.015 0. 0.015 0.016 0. 0.016 0.015 0. 0.015 0. 0. 0. 0. 0. 0. 0. 0. 0.
560 0.015 0. 0.015 0.016 0. 0.016 0.016 0. 0.016 0.017 0. 0.017 0. 0. 0. 0. 0. 0. 0. 0. 0.
564 0.016 0. 0.016 0.016 0. 0.016 0.017 0. 0.017 0.015 0. 0.015 0. 0. 0. 0. 0. 0. 0. 0. 0.
568 0.016 0. 0.016 0.018 0. 0.018 0.017 0. 0.017 0.017 0. 0.017 0. 0. 0. 0. 0. 0. 0. 0. 0.
572 0.017 0. 0.017 0.017 0. 0.017 0.017 0. 0.017 0.017 0. 0.017 0. 0. 0. 0. 0. 0. 0. 0. 0.
576 0.016 0. 0.016 0.016 0. 0.016 0.016 0. 0.016 0.016 0. 0.016 0. 0. 0. 0. 0. 0. 0. 0. 0.
580 0.017 0. 0.017 0.018 0. 0.018 0.017 0. 0.017 0.017 0. 0.017 0. 0. 0. 0. 0. 0. 0. 0. 0.
584 0.017 0. 0.017 0.017 0. 0.017 0.017 0. 0.017 0.017 0. 0.017 0. 0. 0. 0. 0. 0. 0. 0. 0.
588 0.017 0. 0.017 0.017 0. 0.017 0.018 0. 0.018 0.017 0. 0.017 0. 0. 0. 0. 0. 0. 0. 0. 0.
592 0.017 0. 0.017 0.017 0. 0.017 0.017 0. 0.017 0.017 0. 0.017 0. 0. 0. 0. 0. 0. 0. 0. 0.
596 0.018 0. 0.018 0.018 0. 0.018 0.017 0. 0.017 0.018 0. 0.018 0. 0. 0. 0. 0. 0. 0. 0. 0.
600 0.017 0. 0.017 0.018 0. 0.018 0.018 0. 0.018 0.017 0. 0.017 0. 0. 0. 0. 0. 0. 0. 0. 0.
604 0.018 0. 0.018 0.018 0. 0.018 0.018 0. 0.018 0.018 0. 0.018 0. 0. 0. 0. 0. 0. 0. 0. 0.
608 0.016 0. 0.016 0.018 0. 0.018 0.019 0. 0.019 0.018 0. 0.018 0. 0. 0. 0. 0. 0. 0. 0. 0.
612 0.018 0. 0.018 0.018 0. 0.018 0.018 0. 0.018 0.019 0. 0.019 0. 0. 0. 0. 0. 0. 0. 0. 0.
616 0.018 0. 0.018 0.018 0. 0.018 0.019 0. 0.019 0.018 0. 0.018 0. 0. 0. 0. 0. 0. 0. 0. 0.
620 0.019 0. 0.019 0.02 0. 0.02 0.02 0. 0.02 0.019 0. 0.019 0. 0. 0. 0. 0. 0. 0. 0. 0.
624 0.019 0. 0.019 0.018 0. 0.018 0.02 0. 0.02 0.019 0. 0.019 0. 0. 0. 0. 0. 0. 0. 0. 0.
628 0.018 0. 0.018 0.018 0. 0.018 0.018 0. 0.018 0.018 0. 0.018 0. 0. 0. 0. 0. 0. 0. 0. 0.
632 0.019 0. 0.019 0.019 0. 0.019 0.02 0. 0.02 0.019 0. 0.019 0. 0. 0. 0. 0. 0. 0. 0. 0.
636 0.019 0. 0.019 0.018 0. 0.018 0.018 0. 0.018 0.02 0. 0.02 0. 0. 0. 0. 0. 0. 0. 0. 0.
640 0.019 0. 0.019 0.019 0. 0.019 0.019 0. 0.019 0.018 0. 0.018 0. 0. 0. 0. 0. 0. 0. 0. 0.
644 0.019 0. 0.019 0.02 0. 0.02 0.019 0. 0.019 0.02 0. 0.02 0. 0. 0. 0. 0. 0. 0. 0. 0.
648 0.019 0. 0.019 0.019 0. 0.019 0.02 0. 0.02 0.019 0. 0.019 0. 0. 0. 0. 0. 0. 0. 0. 0.
652 0.02 0. 0.02 0.019 0. 0.019 0.019 0. 0.019 0.019 0. 0.019 0. 0. 0. 0. 0. 0. 0. 0. 0.
656 0.02 0. 0.02 0.021 0. 0.021 0.021 0. 0.021 0.02 0. 0.02 0. 0. 0. 0. 0. 0. 0. 0. 0.
660 0.021 0. 0.021 0.021 0. 0.021 0.021 0. 0.021 0.021 0. 0.021 0. 0. 0. 0. 0. 0. 0. 0. 0.
664 0.021 0. 0.021 0.021 0. 0.021 0.02 0. 0.02 0.021 0. 0.021 0. 0. 0. 0. 0. 0. 0. 0. 0.
668 0.021 0. 0.021 0.022 0. 0.022 0.022 0. 0.022 0.022 0. 0.022 0. 0. 0. 0. 0. 0. 0. 0. 0.
672 0.022 0. 0.022 0.023 0. 0.023 0.022 0. 0.022 0.021 0. 0.021 0. 0. 0. 0. 0. 0. 0. 0. 0.
676 0.022 0. 0.022 0.021 0. 0.021 0.02 0. 0.02 0.02 0. 0.02 0. 0. 0. 0. 0. 0. 0. 0. 0.
680 0.022 0. 0.022 0.022 0. 0.022 0.021 0. 0.021 0.022 0. 0.022 0. 0. 0. 0. 0. 0. 0. 0. 0.
684 0.022 0. 0.022 0.023 0. 0.023 0.022 0. 0.022 0.023 0. 0.023 0. 0. 0. 0. 0. 0. 0. 0. 0.
688 0.022 0. 0.022 0.023 0. 0.023 0.024 0. 0.024 0.023 0. 0.023 0. 0. 0. 0. 0. 0. 0. 0. 0.
692 0.023 0. 0.023 0.023 0. 0.023 0.024 0. 0.024 0.023 0. 0.023 0. 0. 0. 0. 0. 0. 0. 0. 0.
696 0.023 0. 0.023 0.023 0. 0.023 0.023 0. 0.023 0.023 0. 0.023 0. 0. 0. 0. 0. 0. 0. 0. 0.
700 0.024 0. 0.024 0.023 0. 0.023 0.023 0. 0.023 0.024 0. 0.024 0. 0. 0. 0. 0. 0. 0. 0. 0.
704 0.022 0. 0.022 0.022 0. 0.022 0.023 0. 0.023 0.023 0. 0.023 0. 0. 0. 0. 0. 0. 0. 0. 0.
708 0.022 0. 0.022 0.023 0. 0.023 0.024 0. 0.024 0.023 0. 0.023 0. 0. 0. 0. 0. 0. 0. 0. 0.
712 0.024 0. 0.024 0.022 0. 0.022 0.023 0. 0.023 0.023 0. 0.023 0. 0. 0. 0. 0. 0. 0. 0. 0.
716 0.023 0. 0.023 0.022 0. 0.022 0.023 0. 0.023 0.024 0. 0.024 0. 0. 0. 0. 0. 0. 0. 0. 0.
720 0.024 0. 0.024 0.025 0. 0.025 0.025 0. 0.025 0.025 0. 0.025 0. 0. 0. 0. 0. 0. 0. 0. 0.
724 0.024 0. 0.024 0.024 0. 0.024 0.024 0. 0.024 0.025 0. 0.025 0. 0. 0. 0. 0. 0. 0. 0. 0.
728 0.026 0. 0.026 0.026 0. 0.026 0.025 0. 0.025 0.024 0. 0.024 0. 0. 0. 0. 0. 0. 0. 0. 0.
732 0.024 0. 0.024 0.024 0. 0.024 0.024 0. 0.024 0.024 0. 0.024 0. 0. 0. 0. 0. 0. 0. 0. 0.
736 0.024 0. 0.024 0.024 0. 0.024 0.024 0. 0.024 0.024 0. 0.024 0. 0. 0. 0. 0. 0. 0. 0. 0.
740 0.026 0. 0.026 0.026 0. 0.026 0.025 0. 0.025 0.025 0. 0.025 0. 0. 0. 0. 0. 0. 0. 0. 0.
744 0.025 0. 0.025 0.026 0. 0.026 0.025 0. 0.025 0.025 0. 0.025 0. 0. 0. 0. 0. 0. 0. 0. 0.
748 0.024 0. 0.024 0.026 0. 0.026 0.026 0. 0.026 0.026 0. 0.026 0. 0. 0. 0. 0. 0. 0. 0. 0.
752 0.026 0. 0.026 0.028 0. 0.028 0.027 0. 0.027 0.028 0. 0.028 0. 0. 0. 0. 0. 0. 0. 0. 0.
756 0.027 0. 0.027 0.028 0. 0.028 0.028 0. 0.028 0.027 0. 0.027 0. 0. 0. 0. 0. 0. 0. 0. 0.
760 0.025 0. 0.025 0.027 0. 0.027 0.026 0. 0.026 0.026 0. 0.026 0. 0. 0. 0. 0. 0. 0. 0. 0.
764 0.026 0. 0.026 0.026 0. 0.026 0.025 0. 0.025 0.027 0. 0.027 0. 0. 0. 0. 0. 0. 0. 0. 0.
768 0.026 0. 0.026 0.027 0. 0.027 0.026 0. 0.026 0.026 0. 0.026 0. 0. 0. 0. 0. 0. 0. 0. 0.
772 0.028 0. 0.028 0.027 0. 0.027 0.028 0. 0.028 0.026 0. 0.026 0. 0. 0. 0. 0. 0. 0. 0. 0.
776 0.028 0. 0.028 0.028 0. 0.028 0.029 0. 0.029 0.028 0. 0.028 0. 0. 0. 0. 0. 0. 0. 0. 0.
780 0.027 0. 0.027 0.027 0. 0.027 0.028 0. 0.028 0.027 0. 0.027 0. 0. 0. 0. 0. 0. 0.001 0. 0.
784 0.029 0. 0.029 0.029 0. 0.029 0.028 0. 0.028 0.028 0. 0.028 0. 0. 0. 0. 0. 0. 0. 0. 0.
788 0.029 0. 0.029 0.03 0. 0.03 0.029 0. 0.029 0.03 0. 0.03 0. 0. 0. 0. 0. 0. 0. 0. 0.
792 0.031 0. 0.031 0.029 0. 0.029 0.029 0. 0.029 0.027 0. 0.027 0. 0. 0. 0. 0. 0. 0. 0. 0.
796 0.029 0. 0.029 0.027 0. 0.027 0.03 0. 0.03 0.029 0. 0.029 0. 0. 0. 0. 0. 0. 0. 0. 0.
800 0.029 0. 0.029 0.029 0. 0.029 0.029 0. 0.029 0.029 0. 0.029 0. 0. 0. 0. 0. 0. 0. 0. 0.
804 0.03 0. 0.03 0.031 0. 0.031 0.03 0. 0.03 0.03 0. 0.03 0. 0. 0. 0. 0. 0. 0. 0. 0.
808 0.031 0. 0.031 0.031 0. 0.031 0.03 0. 0.03 0.03 0. 0.03 0. 0. 0. 0. 0. 0. 0. 0. 0.
812 0.031 0. 0.031 0.031 0. 0.031 0.032 0. 0.032 0.032 0.003 0.028 0. 0. 0. 0. 0. 0. 0.001 0. 0.001
816 0.031 0. 0.031 0.032 0. 0.032 0.031 0. 0.031 0.032 0. 0.032 0. 0. 0. 0. 0. 0. 0. 0. 0.
820 0.031 0. 0.031 0.031 0. 0.031 0.031 0. 0.031 0.029 0. 0.029 0. 0. 0. 0. 0. 0. 0. 0. 0.
824 0.032 0. 0.032 0.03 0. 0.03 0.032 0.003 0.028 0.031 0. 0.031 0. 0. 0. 0. 0. 0. 0. 0. 0.
828 0.031 0. 0.031 0.032 0. 0.032 0.031 0. 0.031 0.031 0. 0.031 0. 0. 0. 0. 0. 0. 0. 0. 0.
832 0.032 0. 0.032 0.031 0. 0.031 0.032 0. 0.032 0.032 0. 0.032 0. 0. 0. 0. 0. 0. 0. 0. 0.
836 0.032 0. 0.032 0.033 0. 0.033 0.033 0. 0.033 0.033 0. 0.033 0. 0. 0. 0. 0. 0. 0. 0. 0.
840 0.032 0. 0.032 0.032 0. 0.032 0.032 0. 0.032 0.033 0. 0.033 0. 0. 0. 0. 0. 0. 0. 0. 0.
844 0.032 0. 0.032 0.033 0. 0.033 0.032 0. 0.032 0.033 0. 0.033 0. 0. 0. 0. 0. 0. 0. 0. 0.
848 0.033 0. 0.033 0.033 0. 0.033 0.033 0. 0.033 0.033 0. 0.033 0. 0. 0. 0. 0. 0. 0. 0. 0.
852 0.034 0. 0.034 0.034 0. 0.034 0.034 0. 0.034 0.034 0. 0.034 0. 0. 0. 0. 0. 0. 0. 0. 0.
856 0.034 0. 0.034 0.035 0. 0.035 0.035 0. 0.035 0.033 0. 0.033 0. 0. 0. 0. 0. 0. 0. 0. 0.
860 0.033 0. 0.033 0.033 0. 0.033 0.032 0. 0.032 0.032 0. 0.032 0. 0. 0. 0. 0. 0. 0. 0. 0.
864 0.033 0. 0.033 0.033 0. 0.033 0.034 0. 0.034 0.034 0. 0.034 0. 0. 0. 0. 0. 0. 0. 0. 0.
868 0.035 0. 0.035 0.035 0. 0.035 0.035 0. 0.035 0.035 0. 0.035 0. 0. 0. 0. 0. 0. 0. 0. 0.
872 0.035 0. 0.035 0.035 0. 0.035 0.036 0. 0.036 0.034 0. 0.034 0. 0. 0. 0. 0. 0. 0. 0. 0.
876 0.033 0. 0.033 0.033 0. 0.033 0.035 0. 0.035 0.034 0. 0.034 0. 0. 0. 0. 0. 0. 0. 0. 0.
880 0.035 0. 0.035 0.035 0. 0.035 0.035 0. 0.035 0.035 0. 0.035 0. 0. 0. 0. 0. 0. 0. 0. 0.
884 0.037 0. 0.037 0.036 0. 0.036 0.037 0. 0.037 0.037 0. 0.037 0. 0. 0. 0. 0. 0. 0. 0. 0.
888 0.036 0. 0.036 0.037 0. 0.037 0.037 0. 0.037 0.037 0. 0.037 0. 0. 0. 0. 0. 0. 0. 0. 0.
892 0.037 0. 0.037 0.038 0. 0.038 0.037 0. 0.037 0.038 0. 0.038 0. 0. 0. 0. 0. 0. 0. 0. 0.
896 0.037 0. 0.037 0.037 0. 0.037 0.037 0. 0.037 0.038 0. 0.038 0. 0. 0. 0. 0. 0. 0. 0. 0.
900 0.037 0. 0.037 0.037 0. 0.037 0.038 0. 0.038 0.038 0. 0.038 0. 0. 0. 0. 0. 0. 0. 0. 0.
904 0.037 0. 0.037 0.038 0. 0.038 0.039 0.003 0.035 0.036 0. 0.036 0. 0. 0. 0. 0. 0. 0. 0. 0.
908 0.037 0. 0.037 0.037 0. 0.037 0.036 0. 0.036 0.036 0. 0.036 0. 0. 0. 0. 0. 0. 0. 0. 0.
912 0.036 0. 0.036 0.035 0. 0.035 0.038 0. 0.038 0.036 0. 0.036 0. 0. 0. 0. 0. 0. 0. 0. 0.
916 0.037 0. 0.037 0.035 0. 0.035 0.036 0. 0.036 0.036 0. 0.036 0. 0. 0. 0. 0. 0. 0. 0. 0.
920 0.036 0. 0.036 0.039 0. 0.039 0.037 0. 0.037 0.035 0. 0.035 0. 0. 0. 0.001 0. 0.001 0. 0. 0.
924 0.036 0. 0.036 0.038 0. 0.038 0.04 0. 0.04 0.038 0. 0.038 0. 0. 0. 0. 0. 0. 0. 0. 0.
928 0.038 0. 0.038 0.04 0. 0.04 0.038 0. 0.038 0.037 0. 0.037 0. 0. 0. 0. 0. 0. 0. 0. 0.
932 0.037 0. 0.037 0.037 0. 0.037 0.037 0. 0.037 0.037 0. 0.037 0. 0. 0. 0. 0. 0. 0. 0. 0.
936 0.039 0. 0.039 0.04 0. 0.04 0.038 0. 0.038 0.04 0. 0.04 0. 0. 0. 0. 0. 0. 0. 0. 0.
940 0.039 0. 0.039 0.039 0. 0.039 0.04 0. 0.04 0.04 0. 0.04 0. 0. 0. 0. 0. 0. 0. 0. 0.
944 0.04 0. 0.04 0.04 0. 0.04 0.04 0. 0.04 0.04 0. 0.04 0. 0. 0. 0. 0. 0. 0. 0. 0.
948 0.04 0. 0.04 0.04 0. 0.04 0.04 0. 0.04 0.041 0. 0.041 0. 0. 0. 0. 0. 0. 0. 0. 0.
952 0.041 0. 0.041 0.042 0. 0.042 0.041 0. 0.041 0.042 0. 0.042 0. 0. 0. 0. 0. 0. 0. 0. 0.
956 0.042 0. 0.042 0.041 0. 0.041 0.041 0. 0.041 0.041 0. 0.041 0. 0. 0. 0. 0. 0. 0. 0. 0.
960 0.041 0. 0.041 0.043 0. 0.043 0.042 0. 0.042 0.042 0. 0.042 0. 0. 0. 0. 0. 0. 0. 0. 0.
964 0.042 0. 0.042 0.042 0. 0.042 0.043 0. 0.043 0.043 0. 0.043 0. 0. 0. 0. 0. 0. 0. 0. 0.
968 0.043 0. 0.043 0.044 0. 0.044 0.043 0. 0.043 0.043 0. 0.043 0. 0. 0. 0. 0. 0. 0.001 0. 0.001
972 0.043 0. 0.043 0.042 0. 0.042 0.042 0. 0.042 0.043 0. 0.043 0. 0. 0. 0. 0. 0. 0. 0. 0.
976 0.043 0. 0.043 0.041 0. 0.041 0.043 0. 0.043 0.041 0. 0.041 0. 0. 0. 0. 0. 0. 0. 0. 0.
980 0.043 0. 0.043 0.043 0. 0.043 0.044 0. 0.044 0.043 0. 0.043 0.001 0. 0.001 0. 0. 0. 0. 0. 0.
984 0.043 0. 0.043 0.044 0. 0.044 0.045 0. 0.045 0.044 0. 0.044 0. 0. 0. 0. 0. 0. 0. 0. 0.
988 0.043 0. 0.043 0.044 0. 0.044 0.044 0. 0.044 0.044 0. 0.044 0. 0. 0. 0. 0. 0. 0. 0. 0.
992 0.044 0. 0.044 0.043 0. 0.043 0.045 0. 0.045 0.043 0. 0.043 0. 0. 0. 0. 0. 0. 0. 0. 0.
996 0.042 0. 0.042 0.042 0. 0.042 0.044 0. 0.044 0.044 0. 0.044 0. 0. 0. 0. 0. 0. 0. 0. 0.
1000 0.043 0. 0.043 0.046 0. 0.046 0.045 0. 0.045 0.044 0. 0.044 0. 0. 0. 0. 0. 0. 0. 0. 0.
1100 0.051 0. 0.051 0.049 0. 0.049 0.052 0. 0.052 0.05 0. 0.05 0.001 0. 0.001 0. 0. 0. 0. 0. 0.
1200 0.059 0. 0.059 0.063 0. 0.063 0.062 0. 0.062 0.062 0. 0.062 0.001 0. 0.001 0. 0. 0. 0. 0. 0.
1300 0.07 0. 0.07 0.068 0. 0.068 0.071 0. 0.071 0.065 0. 0.065 0.001 0. 0.001 0.001 0. 0.001 0. 0. 0.
1400 0.081 0. 0.081 0.081 0. 0.081 0.077 0. 0.077 0.08 0. 0.08 0.001 0. 0.001 0.001 0. 0.001 0. 0. 0.
1500 0.089 0. 0.089 0.09 0. 0.09 0.087 0. 0.087 0.088 0. 0.088 0.001 0. 0.001 0.001 0. 0.001 0. 0. 0.
1600 0.102 0. 0.102 0.103 0. 0.102 0.107 0. 0.107 0.102 0. 0.102 0.001 0. 0.001 0.001 0. 0.001 0.001 0. 0.001
1700 0.118 0. 0.118 0.116 0. 0.116 0.111 0. 0.111 0.112 0. 0.112 0.001 0. 0.001 0.001 0.001 0. 0.001 0.001 0.
1800 0.129 0. 0.129 0.129 0. 0.129 0.13 0. 0.13 0.133 0. 0.133 0.001 0. 0.001 0.001 0. 0.001 0.001 0. 0.001
1900 0.149 0. 0.149 0.147 0. 0.147 0.147 0. 0.147 0.145 0. 0.145 0.001 0. 0.001 0.001 0. 0.001 0.001 0. 0.001
2000 0.161 0. 0.161 0.16 0. 0.16 0.162 0. 0.162 0.164 0. 0.164 0.001 0. 0.001 0.001 0. 0.001 0.001 0. 0.001
2100 0.18 0. 0.18 0.178 0. 0.178 0.178 0. 0.178 0.178 0. 0.178 0.001 0. 0.001 0.001 0. 0.001 0.001 0. 0.001
2200 0.196 0. 0.196 0.191 0. 0.191 0.188 0. 0.188 0.183 0. 0.183 0.001 0. 0.001 0.001 0. 0.001 0.001 0. 0.001
2300 0.206 0. 0.206 0.2 0. 0.2 0.194 0. 0.194 0.195 0. 0.195 0.001 0. 0.001 0.001 0. 0.001 0.001 0. 0.001
2400 0.218 0. 0.218 0.218 0. 0.218 0.223 0. 0.223 0.216 0. 0.216 0.001 0. 0.001 0.001 0. 0.001 0.001 0. 0.001
2500 0.241 0. 0.241 0.235 0. 0.235 0.235 0. 0.235 0.239 0. 0.239 0.001 0. 0.001 0.001 0. 0.001 0.001 0. 0.001
2600 0.252 0. 0.252 0.253 0. 0.253 0.249 0. 0.249 0.254 0. 0.254 0.001 0. 0.001 0.001 0. 0.001 0.001 0. 0.001
2700 0.278 0. 0.278 0.272 0. 0.272 0.277 0. 0.277 0.268 0. 0.268 0.001 0. 0.001 0.001 0.001 0. 0.001 0.001 0.
2800 0.302 0. 0.302 0.298 0. 0.298 0.287 0. 0.287 0.286 0. 0.286 0.001 0. 0.001 0.001 0. 0.001 0.001 0. 0.001
2900 0.317 0. 0.317 0.313 0. 0.313 0.31 0. 0.31 0.309 0. 0.309 0.001 0. 0.001 0.001 0. 0.001 0.001 0. 0.001
3000 0.339 0. 0.339 0.332 0. 0.332 0.343 0. 0.343 0.334 0. 0.334 0.002 0. 0.002 0.001 0. 0.001 0.001 0. 0.001
3100 0.356 0. 0.356 0.362 0. 0.362 0.357 0. 0.357 0.355 0. 0.355 0.001 0. 0.001 0.001 0. 0.001 0.001 0. 0.001
3200 0.386 0. 0.386 0.371 0. 0.371 0.382 0. 0.382 0.375 0. 0.375 0.002 0. 0.002 0.001 0. 0.001 0.001 0. 0.001
3300 0.4 0. 0.4 0.413 0. 0.413 0.399 0. 0.399 0.404 0. 0.404 0.002 0. 0.002 0.001 0. 0.001 0.002 0. 0.002
3400 0.426 0. 0.426 0.427 0. 0.427 0.423 0. 0.423 0.42 0. 0.42 0.001 0. 0.001 0.001 0. 0.001 0.001 0. 0.001
3500 0.454 0. 0.454 0.442 0. 0.442 0.45 0. 0.45 0.45 0. 0.45 0.002 0. 0.002 0.002 0. 0.002 0.002 0. 0.002
3600 0.477 0. 0.477 0.469 0. 0.469 0.476 0. 0.476 0.47 0. 0.47 0.002 0. 0.002 0.002 0. 0.002 0.001 0. 0.001
3700 0.507 0. 0.507 0.504 0. 0.504 0.499 0. 0.499 0.497 0. 0.496 0.002 0. 0.002 0.001 0. 0.001 0.001 0. 0.001
3800 0.532 0. 0.532 0.533 0. 0.533 0.524 0. 0.524 0.516 0. 0.516 0.002 0. 0.002 0.002 0. 0.002 0.002 0. 0.002
3900 0.567 0. 0.567 0.541 0. 0.541 0.541 0. 0.541 0.545 0. 0.545 0.002 0. 0.002 0.002 0. 0.002 0.001 0. 0.001
4000 0.582 0. 0.582 0.585 0. 0.585 0.578 0. 0.578 0.57 0. 0.57 0.002 0. 0.002 0.002 0. 0.002 0.002 0. 0.002
4100 0.604 0. 0.604 0.612 0. 0.612 0.614 0. 0.614 0.612 0. 0.611 0.002 0. 0.002 0.002 0. 0.002 0.002 0. 0.002
4200 0.645 0. 0.645 0.639 0. 0.639 0.645 0. 0.645 0.626 0. 0.626 0.002 0. 0.002 0.002 0. 0.002 0.002 0. 0.002
4300 0.651 0. 0.651 0.672 0. 0.672 0.665 0. 0.665 0.661 0. 0.661 0.002 0. 0.002 0.002 0. 0.002 0.002 0. 0.002
4400 0.701 0. 0.701 0.696 0. 0.696 0.694 0. 0.694 0.692 0. 0.692 0.002 0. 0.002 0.002 0. 0.002 0.002 0. 0.002
4500 0.72 0.003 0.716 0.728 0. 0.728 0.727 0. 0.727 0.74 0. 0.74 0.002 0. 0.002 0.002 0. 0.002 0.002 0. 0.002
4600 0.799 0. 0.799 0.784 0. 0.784 0.812 0. 0.811 0.814 0. 0.814 0.002 0. 0.002 0.002 0. 0.002 0.002 0. 0.002
4700 0.847 0. 0.847 0.847 0. 0.845 0.838 0. 0.838 0.841 0.003 0.837 0.002 0. 0.002 0.003 0. 0.003 0.002 0. 0.002
4800 0.883 0. 0.883 0.884 0. 0.884 0.882 0. 0.882 0.877 0. 0.877 0.002 0. 0.002 0.002 0. 0.002 0.002 0. 0.002
4900 0.915 0. 0.915 0.913 0. 0.913 0.914 0. 0.914 0.91 0. 0.91 0.002 0. 0.002 0.002 0. 0.002 0.002 0. 0.002
5000 0.953 0.003 0.949 0.949 0. 0.949 0.95 0. 0.95 0.946 0. 0.946 0.002 0. 0.002 0.002 0. 0.002 0.002 0. 0.002
5500 1.164 0. 1.164 1.164 0.003 1.16 1.16 0. 1.16 1.16 0. 1.16 0.003 0. 0.003 0.003 0. 0.003 0.002 0. 0.002
6000 1.384 0. 1.383 1.366 0. 1.366 1.36 0. 1.36 1.361 0. 1.361 0.003 0. 0.003 0.003 0. 0.003 0.002 0. 0.002
6500 1.604 0. 1.604 1.597 0. 1.597 1.594 0. 1.594 1.563 0. 1.563 0.003 0. 0.003 0.002 0. 0.002 0.002 0. 0.002
7000 1.85 0. 1.85 1.791 0. 1.791 1.809 0. 1.809 1.839 0. 1.839 0.003 0. 0.003 0.003 0. 0.003 0.003 0. 0.003
7500 2.098 0. 2.097 2.063 0. 2.063 2.097 0. 2.097 2.116 0. 2.116 0.003 0. 0.003 0.003 0. 0.003 0.003 0. 0.003
8000 2.397 0. 2.397 2.392 0. 2.392 2.393 0. 2.393 2.407 0. 2.407 0.004 0. 0.004 0.004 0. 0.004 0.003 0. 0.003
8500 2.709 0. 2.709 2.657 0. 2.655 2.731 0. 2.731 2.713 0. 2.713 0.004 0. 0.004 0.004 0. 0.004 0.004 0. 0.004
9000 3.115 0. 3.115 3.106 0. 3.106 3.107 0. 3.107 3.108 0. 3.108 0.004 0. 0.004 0.004 0. 0.004 0.004 0. 0.004
9500 3.448 0. 3.448 3.446 0.003 3.442 3.454 0. 3.454 3.45 0. 3.45 0.005 0. 0.005 0.004 0. 0.004 0.004 0. 0.004
10000 3.816 0. 3.816 3.778 0. 3.778 3.756 0. 3.756 3.735 0. 3.735 0.005 0. 0.005 0.004 0. 0.004 0.004 0. 0.004