param-n abstract+autorewrite-regression-quadratic-real abstract+autorewrite-regression-quadratic-sys abstract+autorewrite-regression-quadratic-user abstract+rewrite!-regression-quadratic-real abstract+rewrite!-regression-quadratic-sys abstract+rewrite!-regression-quadratic-user autorewrite-noop-regression-linear-real autorewrite-noop-regression-linear-sys autorewrite-noop-regression-linear-user autorewrite-regression-quadratic-real autorewrite-regression-quadratic-sys autorewrite-regression-quadratic-user close-abstract+autorewrite-regression-quadratic-real close-abstract+autorewrite-regression-quadratic-sys close-abstract+autorewrite-regression-quadratic-user close-abstract+rewrite!-regression-quadratic-real close-abstract+rewrite!-regression-quadratic-sys close-abstract+rewrite!-regression-quadratic-user rewrite!-regression-quadratic-real rewrite!-regression-quadratic-sys rewrite!-regression-quadratic-user rewrite?-noop-regression-linear-real rewrite?-noop-regression-linear-sys rewrite?-noop-regression-linear-user
1 0.001 0. 0.001 0.001 0. 0. 0. 0. 0. 0.001 0. 0. 0. 0. 0. 0. 0. 0. 0. 0. 0. 0. 0. 0.
2 0.002 0. 0.002 0.001 0. 0.001 0. 0. 0. 0.001 0. 0.001 0. 0. 0. 0. 0. 0. 0.001 0. 0.001 0. 0. 0.
3 0.001 0. 0.001 0.002 0. 0.002 0. 0. 0. 0.001 0. 0.001 0. 0. 0. 0. 0. 0. 0. 0. 0. 0. 0. 0.
4 0.003 0.001 0.002 0.002 0. 0.001 0. 0. 0. 0.001 0. 0.001 0. 0. 0. 0. 0. 0. 0.001 0. 0.001 0. 0. 0.
5 0.003 0. 0.003 0.002 0. 0.002 0. 0. 0. 0.002 0. 0.002 0. 0. 0. 0. 0. 0. 0.001 0. 0.001 0. 0. 0.
6 0.003 0. 0.003 0.003 0.001 0.002 0. 0. 0. 0.001 0. 0.001 0. 0. 0. 0.001 0.001 0. 0.001 0. 0.001 0. 0. 0.
7 0.004 0. 0.004 0.004 0.001 0.003 0. 0. 0. 0.002 0. 0.002 0. 0. 0. 0.001 0. 0. 0.002 0.001 0.001 0. 0. 0.
8 0.005 0.003 0.001 0.005 0. 0.005 0. 0. 0. 0.003 0.003 0. 0. 0. 0. 0.001 0. 0. 0.003 0. 0.003 0. 0. 0.
9 0.006 0.003 0.002 0.006 0.002 0.003 0. 0. 0. 0.004 0.002 0.001 0.001 0. 0.001 0.001 0. 0.001 0.003 0.001 0.001 0. 0. 0.
10 0.007 0. 0.007 0.006 0.004 0.002 0. 0. 0. 0.004 0. 0.004 0.001 0. 0.001 0.001 0. 0.001 0.004 0.004 0. 0. 0. 0.
11 0.06 0.012 0.048 0.061 0.019 0.041 0. 0. 0. 0.058 0.011 0.047 0.001 0. 0.001 0.001 0. 0.001 0.004 0.004 0. 0.054 0.015 0.039
12 0.007 0. 0.007 0.007 0. 0.007 0. 0. 0. 0.004 0. 0.004 0.002 0. 0.002 0.002 0. 0.002 0.004 0. 0.004 0. 0. 0.
13 0.007 0. 0.007 0.006 0. 0.006 0. 0. 0. 0.004 0. 0.004 0.002 0. 0.002 0.001 0. 0.001 0.004 0. 0.004 0. 0. 0.
14 0.008 0. 0.008 0.009 0. 0.009 0. 0. 0. 0.004 0. 0.004 0.002 0. 0.002 0.003 0. 0.003 0.005 0. 0.005 0. 0. 0.
15 0.009 0. 0.009 0.009 0. 0.009 0. 0. 0. 0.005 0. 0.005 0.002 0. 0.002 0.002 0. 0.002 0.005 0. 0.005 0. 0. 0.
16 0.01 0. 0.01 0.01 0. 0.01 0. 0. 0. 0.006 0. 0.006 0.003 0. 0.003 0.003 0. 0.003 0.006 0. 0.006 0. 0. 0.
17 0.01 0. 0.01 0.011 0. 0.011 0. 0. 0. 0.006 0. 0.006 0.003 0. 0.003 0.003 0. 0.003 0.007 0. 0.007 0. 0. 0.
18 0.013 0. 0.013 0.012 0. 0.012 0.001 0. 0.001 0.007 0. 0.007 0.003 0. 0.003 0.004 0. 0.004 0.007 0. 0.007 0. 0. 0.
19 0.013 0. 0.013 0.015 0. 0.014 0. 0. 0. 0.007 0. 0.007 0.004 0. 0.004 0.004 0. 0.003 0.01 0. 0.01 0. 0. 0.
20 0.013 0. 0.013 0.015 0. 0.016 0. 0. 0. 0.008 0. 0.008 0.004 0. 0.004 0.005 0. 0.005 0.009 0. 0.01 0. 0. 0.
21 0.017 0. 0.017 0.015 0. 0.015 0. 0. 0. 0.01 0. 0.01 0.005 0. 0.005 0.005 0. 0.005 0.009 0. 0.009 0. 0. 0.
22 0.016 0. 0.016 0.016 0. 0.016 0. 0. 0. 0.009 0. 0.009 0.006 0. 0.006 0.005 0. 0.005 0.009 0. 0.009 0. 0. 0.
23 0.022 0. 0.022 0.019 0. 0.019 0. 0. 0. 0.015 0. 0.015 0.006 0. 0.006 0.006 0. 0.006 0.011 0. 0.011 0. 0. 0.
24 0.019 0. 0.019 0.019 0. 0.019 0. 0. 0. 0.011 0. 0.011 0.007 0. 0.007 0.007 0. 0.007 0.011 0. 0.011 0. 0. 0.
25 0.02 0. 0.02 0.018 0. 0.018 0. 0. 0. 0.012 0. 0.012 0.007 0. 0.007 0.006 0. 0.006 0.011 0. 0.011 0. 0. 0.
26 0.023 0.003 0.019 0.023 0. 0.023 0. 0. 0. 0.014 0.003 0.011 0.007 0. 0.007 0.008 0. 0.008 0.013 0. 0.013 0. 0. 0.
27 0.024 0. 0.023 0.022 0. 0.022 0. 0. 0. 0.014 0. 0.014 0.008 0. 0.008 0.008 0. 0.008 0.013 0. 0.013 0. 0. 0.
28 0.023 0. 0.023 0.024 0. 0.024 0. 0. 0. 0.014 0. 0.014 0.009 0. 0.009 0.009 0. 0.009 0.014 0. 0.014 0. 0. 0.
29 0.028 0. 0.028 0.029 0. 0.029 0. 0. 0. 0.017 0. 0.017 0.01 0. 0.01 0.011 0. 0.011 0.017 0. 0.017 0. 0. 0.
30 0.026 0. 0.026 0.027 0. 0.027 0. 0. 0. 0.014 0. 0.014 0.01 0. 0.01 0.01 0. 0.01 0.015 0. 0.015 0. 0. 0.
31 0.03 0. 0.03 0.028 0. 0.028 0. 0. 0. 0.018 0. 0.018 0.011 0. 0.011 0.011 0. 0.011 0.016 0. 0.016 0. 0. 0.
32 0.034 0. 0.034 0.03 0. 0.03 0. 0. 0. 0.02 0. 0.02 0.013 0. 0.013 0.011 0. 0.011 0.017 0. 0.017 0. 0. 0.
33 0.035 0. 0.035 0.033 0. 0.033 0. 0. 0. 0.021 0. 0.021 0.013 0. 0.013 0.013 0. 0.013 0.019 0. 0.019 0. 0. 0.
34 0.034 0. 0.034 0.035 0. 0.035 0. 0. 0. 0.018 0. 0.018 0.014 0. 0.014 0.013 0. 0.013 0.02 0. 0.02 0. 0. 0.
35 0.036 0. 0.036 0.038 0. 0.038 0. 0. 0. 0.021 0. 0.021 0.014 0. 0.014 0.016 0. 0.016 0.02 0. 0.02 0. 0. 0.
36 0.037 0. 0.037 0.037 0. 0.037 0. 0. 0. 0.021 0. 0.021 0.015 0. 0.015 0.014 0. 0.014 0.021 0. 0.021 0. 0. 0.
37 0.041 0. 0.041 0.045 0. 0.045 0. 0. 0. 0.025 0. 0.025 0.015 0. 0.015 0.017 0. 0.017 0.026 0. 0.026 0. 0. 0.
38 0.046 0. 0.046 0.043 0. 0.043 0. 0. 0. 0.023 0. 0.023 0.022 0. 0.022 0.016 0. 0.016 0.025 0. 0.025 0. 0. 0.
39 0.046 0. 0.046 0.047 0. 0.047 0. 0. 0. 0.026 0. 0.026 0.018 0. 0.018 0.018 0. 0.018 0.027 0. 0.027 0. 0. 0.
40 0.048 0. 0.047 0.048 0. 0.048 0. 0. 0. 0.027 0. 0.027 0.019 0. 0.019 0.018 0. 0.018 0.028 0. 0.028 0. 0. 0.
41 0.047 0. 0.047 0.05 0. 0.05 0. 0. 0. 0.028 0. 0.028 0.018 0. 0.018 0.021 0. 0.021 0.027 0. 0.027 0. 0. 0.
42 0.05 0. 0.05 0.053 0. 0.053 0. 0. 0. 0.026 0. 0.026 0.022 0. 0.022 0.024 0. 0.024 0.027 0. 0.027 0. 0. 0.
43 0.051 0. 0.051 0.057 0. 0.057 0. 0. 0. 0.029 0. 0.029 0.02 0. 0.02 0.022 0. 0.022 0.033 0. 0.033 0. 0. 0.
44 0.056 0. 0.056 0.057 0.003 0.048 0. 0. 0. 0.032 0. 0.032 0.022 0. 0.022 0.022 0. 0.016 0.033 0.002 0.03 0. 0. 0.
45 0.057 0. 0.057 0.058 0. 0.065 0. 0. 0. 0.032 0. 0.032 0.023 0. 0.023 0.022 0. 0.022 0.035 0. 0.042 0. 0. 0.
46 0.059 0. 0.059 0.059 0. 0.059 0. 0. 0. 0.034 0. 0.034 0.023 0. 0.023 0.025 0. 0.025 0.033 0. 0.033 0. 0. 0.
47 0.062 0.002 0.059 0.063 0. 0.063 0. 0. 0. 0.036 0.002 0.034 0.025 0. 0.024 0.028 0. 0.027 0.034 0. 0.034 0. 0. 0.
48 0.069 0. 0.069 0.065 0. 0.065 0. 0. 0. 0.04 0. 0.04 0.027 0. 0.027 0.028 0. 0.028 0.035 0. 0.035 0. 0. 0.
49 0.068 0. 0.068 0.065 0. 0.065 0. 0. 0. 0.039 0. 0.039 0.027 0. 0.027 0.028 0. 0.028 0.035 0. 0.035 0. 0. 0.
50 0.14 0.024 0.116 0.133 0.009 0.122 0. 0. 0. 0.111 0.023 0.087 0.028 0. 0.028 0.029 0. 0.029 0.101 0.009 0.091 0. 0. 0.
51 0.073 0. 0.073 0.073 0. 0.073 0. 0. 0. 0.041 0. 0.041 0.03 0. 0.03 0.032 0. 0.032 0.039 0. 0.039 0. 0. 0.
52 0.075 0. 0.075 0.075 0. 0.075 0. 0. 0. 0.043 0. 0.043 0.03 0. 0.03 0.03 0. 0.03 0.043 0. 0.043 0. 0. 0.
53 0.078 0. 0.077 0.08 0. 0.08 0. 0. 0. 0.042 0. 0.042 0.033 0. 0.033 0.034 0. 0.034 0.044 0. 0.044 0. 0. 0.
54 0.078 0. 0.078 0.081 0. 0.081 0. 0. 0. 0.041 0. 0.041 0.035 0. 0.035 0.033 0. 0.033 0.045 0. 0.045 0. 0. 0.
55 0.085 0. 0.085 0.084 0. 0.084 0. 0. 0. 0.047 0. 0.047 0.036 0. 0.036 0.036 0. 0.036 0.046 0. 0.046 0. 0. 0.
56 0.085 0.004 0.081 0.084 0. 0.084 0. 0. 0. 0.048 0.003 0.045 0.035 0. 0.034 0.034 0. 0.034 0.047 0. 0.047 0.001 0. 0.001
57 0.088 0. 0.088 0.091 0.002 0.088 0. 0. 0. 0.049 0. 0.049 0.037 0. 0.037 0.038 0. 0.038 0.051 0.002 0.049 0. 0. 0.
58 0.09 0. 0.09 0.088 0. 0.088 0. 0. 0. 0.05 0. 0.05 0.038 0. 0.038 0.037 0. 0.037 0.048 0. 0.048 0. 0. 0.
59 0.095 0. 0.095 0.092 0. 0.092 0.001 0. 0.001 0.051 0. 0.051 0.041 0. 0.041 0.036 0. 0.036 0.053 0. 0.053 0. 0. 0.
60 0.098 0.002 0.096 0.101 0. 0.101 0. 0. 0. 0.055 0.001 0.053 0.041 0. 0.041 0.041 0. 0.041 0.057 0. 0.057 0. 0. 0.
61 0.111 0. 0.111 0.099 0. 0.099 0. 0. 0. 0.065 0. 0.065 0.044 0. 0.044 0.041 0. 0.041 0.056 0. 0.056 0. 0. 0.
62 0.107 0. 0.106 0.102 0. 0.102 0. 0. 0. 0.061 0. 0.061 0.043 0. 0.043 0.044 0. 0.044 0.056 0. 0.056 0. 0. 0.
63 0.109 0. 0.109 0.115 0. 0.115 0. 0. 0. 0.06 0. 0.06 0.047 0. 0.047 0.052 0. 0.052 0.061 0. 0.061 0. 0. 0.
64 0.111 0.003 0.107 0.109 0. 0.109 0. 0. 0. 0.062 0.003 0.058 0.047 0. 0.047 0.045 0. 0.045 0.062 0. 0.062 0. 0. 0.
65 0.111 0. 0.111 0.119 0. 0.119 0. 0. 0. 0.063 0. 0.063 0.046 0. 0.046 0.049 0. 0.049 0.067 0. 0.067 0. 0. 0.
66 0.123 0. 0.122 0.114 0. 0.114 0. 0. 0. 0.071 0. 0.071 0.049 0. 0.049 0.048 0. 0.048 0.064 0. 0.064 0. 0. 0.
67 0.121 0. 0.121 0.121 0. 0.121 0.001 0. 0.001 0.068 0. 0.068 0.051 0. 0.051 0.051 0. 0.051 0.068 0. 0.068 0. 0. 0.
68 0.125 0. 0.125 0.123 0. 0.123 0. 0. 0. 0.069 0. 0.069 0.053 0. 0.053 0.051 0. 0.051 0.069 0. 0.069 0.001 0. 0.001
69 0.128 0. 0.128 0.127 0. 0.126 0. 0. 0. 0.069 0. 0.069 0.057 0. 0.057 0.053 0. 0.053 0.071 0. 0.071 0.001 0. 0.001
70 0.134 0. 0.134 0.13 0. 0.13 0. 0. 0. 0.076 0. 0.076 0.055 0. 0.055 0.059 0. 0.059 0.069 0. 0.069 0.001 0. 0.001
71 0.134 0. 0.134 0.133 0. 0.133 0.001 0. 0.001 0.074 0. 0.074 0.057 0. 0.057 0.058 0. 0.058 0.073 0. 0.073 0. 0. 0.
72 0.136 0.003 0.132 0.136 0. 0.136 0. 0. 0. 0.076 0. 0.076 0.058 0.003 0.054 0.058 0. 0.058 0.076 0. 0.076 0.001 0. 0.001
73 0.145 0. 0.145 0.144 0. 0.144 0.001 0. 0.001 0.081 0. 0.081 0.061 0. 0.061 0.059 0. 0.059 0.082 0. 0.082 0.001 0. 0.001
74 0.15 0. 0.15 0.147 0. 0.147 0.001 0. 0.001 0.084 0. 0.084 0.064 0. 0.064 0.064 0. 0.064 0.081 0. 0.081 0. 0. 0.
75 0.147 0. 0.147 0.166 0. 0.166 0. 0. 0. 0.08 0. 0.08 0.065 0. 0.065 0.063 0. 0.063 0.1 0. 0.1 0.001 0. 0.001
76 0.153 0. 0.153 0.162 0. 0.162 0.001 0. 0.001 0.081 0. 0.081 0.07 0. 0.07 0.067 0. 0.067 0.087 0. 0.087 0. 0. 0.
77 0.162 0. 0.162 0.164 0. 0.164 0.001 0. 0.001 0.091 0. 0.091 0.068 0. 0.068 0.069 0. 0.069 0.092 0. 0.092 0.001 0. 0.001
78 0.163 0. 0.163 0.159 0. 0.159 0.001 0. 0.001 0.092 0. 0.092 0.068 0. 0.068 0.069 0. 0.069 0.087 0. 0.087 0.001 0. 0.001
79 0.172 0. 0.172 0.169 0. 0.169 0.001 0. 0.001 0.094 0. 0.094 0.074 0. 0.074 0.073 0. 0.073 0.093 0. 0.093 0.001 0. 0.001
80 0.17 0. 0.17 0.179 0. 0.179 0.001 0. 0.001 0.092 0. 0.092 0.075 0. 0.075 0.078 0. 0.078 0.098 0. 0.098 0.001 0. 0.001
81 0.185 0. 0.185 0.167 0. 0.167 0.001 0. 0.001 0.102 0. 0.102 0.079 0. 0.079 0.07 0. 0.07 0.095 0. 0.095 0.001 0. 0.001
82 0.194 0.003 0.19 0.188 0.003 0.184 0.001 0. 0.001 0.109 0.003 0.105 0.081 0. 0.081 0.082 0.003 0.079 0.103 0. 0.103 0.001 0. 0.001
83 0.177 0. 0.177 0.19 0. 0.19 0.001 0. 0.001 0.101 0. 0.101 0.073 0. 0.073 0.083 0. 0.083 0.105 0. 0.105 0.001 0. 0.001
84 0.181 0. 0.18 0.184 0. 0.184 0.001 0. 0.001 0.099 0. 0.099 0.079 0. 0.079 0.08 0. 0.08 0.101 0. 0.101 0.001 0. 0.001
85 0.186 0. 0.186 0.201 0. 0.201 0.001 0. 0.001 0.102 0. 0.102 0.08 0. 0.08 0.085 0. 0.085 0.113 0. 0.113 0.001 0. 0.001
86 0.186 0. 0.186 0.194 0. 0.194 0.001 0. 0.001 0.102 0. 0.102 0.081 0. 0.081 0.086 0. 0.086 0.106 0. 0.106 0.001 0. 0.001
87 0.193 0. 0.193 0.201 0. 0.2 0.001 0. 0.001 0.109 0. 0.109 0.08 0. 0.08 0.087 0. 0.087 0.111 0. 0.111 0.001 0. 0.001
88 0.21 0. 0.21 0.199 0.003 0.195 0.001 0. 0.001 0.113 0. 0.113 0.094 0. 0.094 0.086 0.003 0.082 0.11 0. 0.11 0.001 0. 0.001
89 0.208 0.007 0.2 0.203 0. 0.203 0.001 0. 0.001 0.116 0.003 0.112 0.089 0.003 0.085 0.085 0. 0.085 0.116 0. 0.116 0.001 0. 0.001
90 0.213 0. 0.213 0.21 0. 0.21 0.001 0. 0.001 0.118 0. 0.118 0.092 0. 0.092 0.087 0. 0.087 0.12 0. 0.12 0.001 0. 0.001
91 0.211 0. 0.211 0.212 0.004 0.208 0.001 0. 0.001 0.118 0. 0.118 0.09 0. 0.09 0.089 0. 0.089 0.119 0.003 0.115 0.001 0. 0.001
92 0.218 0. 0.218 0.223 0. 0.222 0.001 0. 0.001 0.123 0. 0.123 0.092 0. 0.092 0.092 0. 0.091 0.128 0. 0.128 0.001 0. 0.001
93 0.232 0. 0.232 0.222 0. 0.222 0.001 0. 0.001 0.126 0. 0.126 0.104 0. 0.104 0.093 0. 0.093 0.126 0. 0.126 0.001 0. 0.001
94 0.232 0.004 0.228 0.231 0. 0.231 0.001 0. 0. 0.131 0.004 0.122 0.098 0. 0.105 0.102 0. 0.102 0.125 0. 0.125 0.001 0. 0.001
95 0.229 0.003 0.225 0.239 0. 0.239 0.001 0. 0.001 0.128 0. 0.128 0.098 0.003 0.094 0.1 0. 0.1 0.136 0. 0.136 0.001 0. 0.001
96 0.23 0. 0.23 0.238 0. 0.238 0.001 0. 0.001 0.127 0. 0.127 0.1 0. 0.1 0.1 0. 0.1 0.135 0. 0.135 0.001 0. 0.001
97 0.247 0. 0.247 0.252 0. 0.252 0.001 0. 0.001 0.141 0. 0.141 0.103 0. 0.103 0.106 0. 0.106 0.143 0. 0.143 0.001 0. 0.001
98 0.243 0. 0.243 0.259 0.003 0.256 0.001 0. 0.001 0.135 0. 0.135 0.104 0. 0.104 0.115 0.003 0.111 0.141 0. 0.141 0.001 0. 0.001
99 0.248 0. 0.248 0.253 0. 0.253 0.001 0. 0.001 0.139 0. 0.139 0.105 0. 0.105 0.108 0. 0.108 0.142 0. 0.142 0.001 0. 0.001
100 0.264 0. 0.264 0.271 0.003 0.268 0.001 0. 0.001 0.147 0. 0.147 0.115 0. 0.115 0.111 0. 0.111 0.157 0.003 0.154 0.001 0. 0.001
110 0.315 0. 0.315 0.313 0. 0.313 0.001 0. 0.001 0.17 0. 0.17 0.141 0. 0.141 0.136 0. 0.136 0.173 0. 0.173 0.002 0. 0.002
120 0.382 0. 0.382 0.383 0. 0.383 0.003 0. 0.003 0.219 0. 0.219 0.158 0. 0.158 0.173 0. 0.173 0.207 0. 0.207 0.002 0. 0.002
130 0.452 0.003 0.448 0.449 0. 0.449 0.006 0. 0.006 0.255 0.003 0.251 0.19 0. 0.19 0.189 0. 0.189 0.256 0. 0.256 0.002 0. 0.002
140 0.528 0. 0.528 0.527 0. 0.527 0.002 0. 0.002 0.307 0. 0.307 0.217 0. 0.217 0.219 0. 0.219 0.304 0. 0.304 0.002 0. 0.002
150 0.584 0.007 0.577 0.605 0.003 0.601 0.002 0. 0.002 0.335 0.002 0.332 0.246 0.004 0.242 0.258 0. 0.258 0.344 0.003 0.34 0.002 0. 0.002
160 0.676 0. 0.676 0.683 0. 0.683 0.002 0. 0. 0.387 0. 0.384 0.284 0. 0.291 0.289 0. 0.289 0.389 0. 0.389 0.002 0. 0.002
170 0.755 0.003 0.751 0.786 0.003 0.782 0.002 0. 0.002 0.425 0.003 0.421 0.325 0. 0.325 0.343 0.003 0.339 0.438 0. 0.438 0.003 0. 0.003
180 0.815 0.007 0.807 0.836 0.003 0.832 0.003 0. 0.003 0.471 0.003 0.467 0.339 0.003 0.335 0.353 0.003 0.349 0.477 0. 0.477 0.004 0. 0.004
190 0.917 0. 0.916 0.941 0.003 0.937 0.003 0. 0.003 0.537 0. 0.537 0.374 0. 0.374 0.39 0. 0.39 0.546 0.003 0.542 0.003 0. 0.003
200 1.028 0. 1.028 1.044 0. 1.044 0.003 0. 0.003 0.601 0. 0.601 0.422 0. 0.422 0.435 0. 0.435 0.605 0. 0.604 0.003 0. 0.003
210 1.1 0. 1.1 1.109 0. 1.109 0.005 0. 0.005 0.645 0. 0.645 0.447 0. 0.447 0.454 0. 0.454 0.65 0. 0.65 0.003 0. 0.003
220 1.24 0. 1.239 1.24 0. 1.24 0.004 0. 0.004 0.713 0. 0.713 0.52 0. 0.52 0.501 0. 0.501 0.733 0. 0.733 0.004 0. 0.004
230 1.417 0. 1.417 1.407 0.003 1.402 0.004 0. 0.004 0.819 0. 0.819 0.591 0. 0.591 0.572 0.003 0.568 0.828 0. 0.828 0.004 0. 0.004
240 1.497 0.004 1.493 1.521 0. 1.52 0.004 0. 0.004 0.877 0. 0.877 0.613 0.003 0.609 0.607 0. 0.607 0.907 0. 0.907 0.004 0. 0.004
250 1.586 0.008 1.577 1.614 0.011 1.601 0.004 0. 0.004 0.952 0.008 0.943 0.628 0. 0.628 0.622 0.003 0.618 0.984 0.007 0.976 0.005 0. 0.005
260 1.757 0.016 1.74 1.747 0.008 1.738 0.005 0. 0.005 1.036 0.008 1.028 0.712 0.008 0.704 0.693 0.003 0.688 1.047 0.004 1.042 0.005 0. 0.005
270 1.878 0. 1.877 1.855 0. 1.855 0.005 0. 0.005 1.108 0. 1.108 0.761 0. 0.761 0.725 0. 0.725 1.123 0. 1.123 0.005 0. 0.005
280 2.156 0. 2.156 2.117 0. 2.117 0.005 0. 0.005 1.269 0. 1.269 0.879 0. 0.879 0.846 0. 0.85 1.263 0. 1.263 0.005 0. 0.002
290 2.237 0. 2.237 2.222 0. 2.221 0.007 0. 0.007 1.362 0. 1.362 0.866 0. 0.866 0.846 0. 0.846 1.366 0. 1.366 0.006 0. 0.006
300 2.347 0.004 2.337 2.379 0.008 2.37 0.005 0. 0.005 1.397 0.004 1.393 0.942 0. 0.938 0.95 0.004 0.945 1.42 0.004 1.416 0.007 0. 0.007
310 2.558 0. 2.557 2.538 0. 2.538 0.007 0. 0.007 1.56 0. 1.559 0.988 0. 0.988 0.975 0. 0.975 1.552 0. 1.552 0.009 0. 0.009
320 2.762 0.012 2.747 2.767 0. 2.766 0.006 0. 0.006 1.662 0.012 1.648 1.09 0. 1.09 1.09 0. 1.089 1.666 0. 1.666 0.008 0. 0.008
330 2.885 0.003 2.881 2.939 0.003 2.935 0.009 0. 0.009 1.781 0. 1.781 1.092 0.003 1.088 1.117 0. 1.117 1.812 0.003 1.808 0.007 0. 0.007
340 3.127 0.016 3.11 3.12 0.012 3.105 0.008 0. 0.008 1.877 0.008 1.869 1.238 0.008 1.23 1.166 0. 1.166 1.943 0.012 1.929 0.008 0. 0.008
350 3.303 0.015 3.286 3.304 0.008 3.295 0.008 0. 0.008 2.055 0.011 2.042 1.237 0.004 1.233 1.211 0.003 1.207 2.084 0.004 2.079 0.007 0. 0.007
360 3.666 0. 3.665 3.561 0. 3.56 0.008 0. 0.008 2.276 0. 2.276 1.379 0. 1.379 1.32 0. 1.32 2.23 0. 2.23 0.008 0. 0.008
370 3.704 0.004 3.699 3.941 0.024 3.917 0.008 0. 0.008 2.317 0.004 2.312 1.376 0. 1.376 1.505 0.004 1.5 2.424 0.02 2.404 0.009 0. 0.009
380 3.986 0. 3.985 4.034 0. 4.033 0.008 0. 0.008 2.455 0. 2.455 1.519 0. 1.519 1.533 0. 1.533 2.488 0. 2.488 0.009 0. 0.009
390 4.175 0. 4.175 4.206 0. 4.205 0.008 0. 0.008 2.643 0. 2.642 1.521 0. 1.521 1.537 0. 1.536 2.657 0. 2.656 0.009 0. 0.009
400 4.43 0.028 4.401 4.472 0.028 4.438 0.009 0. 0.009 2.785 0.027 2.756 1.634 0. 1.634 1.634 0.003 1.63 2.826 0.024 2.797 0.01 0. 0.01