param-0-nm,param-1-n,param-2-m,cps+cbn-regression-quadratic-real,cps+cbv-regression-quadratic-real,cps+lazy-regression-quadratic-real,cps+native-compute-regression-quadratic-real,cps+simpl-regression-quadratic-real,cps+vm-compute-regression-quadratic-real,rewrite-strat(bottomup-bottomup)-regression-exponential-real,rewrite-strat(topdown-bottomup)-regression-exponential-real,setoid-rewrite-regression-cubic-real
1,1,1,0.,0.,0.,0.082,0.,0.,0.,0.001,0.02
2,1,2,0.,0.,0.,0.075,0.,0.,0.004,0.005,0.104
2,2,1,0.001,0.,0.,0.074,0.001,0.,0.003,0.003,0.026
3,1,3,0.002,0.,0.,0.086,0.,0.,0.068,0.062,0.08
3,3,1,0.001,0.,0.,0.078,0.001,0.,0.009,0.007,0.047
4,1,4,0.003,0.,0.,0.08,0.002,0.,0.034,0.035,0.132
4,2,2,0.001,0.,0.,0.082,0.001,0.,0.016,0.014,0.094
4,4,1,0.,0.,0.,0.084,0.001,0.,0.02,0.022,0.085
5,1,5,0.003,0.,0.,0.075,0.002,0.,0.116,0.128,0.267
5,5,1,0.001,0.,0.,0.07,0.001,0.,0.043,0.048,0.123
6,2,3,,,,,,,,,0.21
7,1,7,,,,,,,0.28,0.285,0.644
7,7,1,,,,,,,0.121,0.139,0.315
8,1,8,,,,,,,0.399,0.412,0.929
8,2,4,,,,,,,0.142,0.148,0.259
8,4,2,,,,,,,0.113,0.114,0.263
8,8,1,,,,,,,0.196,0.226,0.437
9,1,9,,,,,,,0.634,0.638,1.375
9,3,3,,,,,,,0.163,0.165,0.425
9,9,1,,,,,,,0.283,0.343,0.592
10,1,10,,,,,,,,,1.917
10,10,1,,,,,,,,,0.858
11,1,11,,,,,,,1.602,1.59,
11,11,1,,,,,,,0.578,0.771,
12,1,12,0.007,,,,,,2.535,2.533,
12,3,4,0.002,,,,,,0.454,0.459,0.396
12,12,1,0.003,,,,,,0.848,1.034,
13,1,13,,,,,,,,,4.69
13,13,1,,,,,,,,,1.979
15,1,15,,,,,,,9.13,9.192,
15,15,1,,,,,,,1.912,2.483,
16,1,16,,,,,0.005,,,,
16,4,4,,,,,0.002,,,,
16,16,1,,,,,0.002,,,,
17,1,17,,,,,,,,,11.999
17,17,1,,,,,,,,,5.04
18,1,18,0.013,,,,,,,,
18,18,1,0.006,,,,,,,,
20,4,5,0.053,,,,,,,,0.966
24,1,24,0.014,,,,,,,,
24,24,1,0.007,,,,,,,,
27,1,27,,,,,0.011,,,,
27,27,1,,,,,0.055,,,,
30,5,6,0.003,,,,0.003,,,,
31,1,31,0.018,,,,,,,,
31,31,1,0.01,,,,,,,,
37,1,37,0.024,,,,0.012,,,,
37,37,1,0.011,,,,0.004,,,,
42,1,42,,,,,,0.,,,
42,6,7,0.005,,,,0.003,0.,,,
42,42,1,,,,,,0.,,,
43,1,43,0.03,,,,,,,,
43,43,1,0.016,,,,,,,,
48,1,48,,,,,0.017,,,,
48,48,1,,,,,0.008,,,,
49,1,49,0.045,,,,,,,,
49,7,7,0.005,,,,,,,,
49,49,1,0.026,,,,,,,,
55,1,55,0.047,,,,,,,,
55,55,1,0.026,,,,,,,,
56,1,56,,,,0.085,,,,,
56,7,8,0.006,,,0.074,0.005,,,,
56,56,1,,,,0.083,,,,,
58,1,58,,,,,0.022,,,,
58,58,1,,,,,0.008,,,,
61,1,61,0.055,,,,,,,,
61,61,1,0.03,,,,,,,,
64,1,64,,0.,0.,,,,,,
64,8,8,,0.,0.,,,,,,
64,64,1,,0.,0.,,,,,,
67,1,67,0.079,,,,,,,,
67,67,1,0.036,,,,,,,,
68,1,68,,,,,0.028,,,,
68,68,1,,,,,0.012,,,,
72,8,9,0.007,,,,0.006,0.,,,
74,1,74,0.073,,,,,,,,
74,74,1,0.04,,,,,,,,
78,1,78,,,,,,0.,,,
78,78,1,,,,,,0.001,,,
79,1,79,,,,,0.034,,,,
79,79,1,,,,,0.012,,,,
80,1,80,0.092,,,,,,,,
80,80,1,0.05,,,,,,,,
86,1,86,0.096,,,,,,,,
86,86,1,0.056,,,,,,,,
89,1,89,,,,,0.044,,,,
89,89,1,,,,,0.016,,,,
90,9,10,0.01,,,,0.007,,,,
92,1,92,0.115,,,,,,,,
92,92,1,0.058,,,,,,,,
98,1,98,0.153,,,,,,,,
98,98,1,0.087,,,,,,,,
99,1,99,,,,,0.048,,,,
99,99,1,,,,,0.02,,,,
104,1,104,0.162,,,,,,,,
104,104,1,0.09,,,,,,,,
106,1,106,,,,0.079,,,,,
106,106,1,,,,0.073,,,,,
110,1,110,0.164,,,,0.057,,,,
110,10,11,0.013,,,0.073,0.009,0.001,,,
110,110,1,0.093,,,,0.019,,,,
114,1,114,,,,,,0.001,,,
114,114,1,,,,,,0.001,,,
117,1,117,0.177,,,,,,,,
117,117,1,0.088,,,,,,,,
120,1,120,,,,,0.071,,,,
120,120,1,,,,,0.032,,,,
122,1,122,,0.,0.001,,,,,,
122,122,1,,0.,0.001,,,,,,
123,1,123,0.184,,,,,,,,
123,123,1,0.098,,,,,,,,
129,1,129,0.233,,,,,,,,
129,129,1,0.136,,,,,,,,
131,1,131,,,,,0.083,,,,
131,131,1,,,,,0.034,,,,
132,11,12,0.015,0.,0.,,0.012,,,,
135,1,135,0.248,,,,,,,,
135,135,1,0.133,,,,,,,,
141,1,141,,,,,0.088,,,,
141,141,1,,,,,0.036,,,,
150,1,150,,,,,,0.001,,,
150,150,1,,,,,,0.,,,
151,1,151,,,,,0.102,,,,
151,151,1,,,,,0.037,,,,
156,12,13,0.021,,,0.08,0.014,0.,,,
157,1,157,0.286,,,0.077,,,,,
157,157,1,0.151,,,0.084,,,,,
162,1,162,,,,,0.1,,,,
162,162,1,,,,,0.042,,,,
172,1,172,,,,,0.133,,,,
172,172,1,,,,,0.044,,,,
180,1,180,0.387,,,,,,,,
180,180,1,0.223,,,,,,,,
181,1,181,,0.001,0.001,,,,,,
181,181,1,,0.,0.001,,,,,,
182,1,182,,,,,0.122,,,,
182,13,14,0.019,0.05,0.,,0.019,0.,,,
182,182,1,,,,,0.049,,,,
185,1,185,,,,,,0.001,,,
185,185,1,,,,,,0.001,,,
193,1,193,,,,,0.161,,,,
193,193,1,,,,,0.062,,,,
202,1,202,0.554,,,,,,,,
202,202,1,0.35,,,,,,,,
203,1,203,,,,,0.138,,,,
203,203,1,,,,,0.06,,,,
207,1,207,,,,0.092,,,,,
207,207,1,,,,0.078,,,,,
210,1,210,0.598,,,,,,,,
210,14,15,0.022,,,0.083,0.019,0.001,,,
210,210,1,0.323,,,,,,,,
214,1,214,,,,,0.177,,,,
214,214,1,,,,,0.07,,,,
221,1,221,,,,,,0.001,,,
221,221,1,,,,,,0.001,,,
224,1,224,0.599,,,,0.187,,,,
224,224,1,0.37,,,,0.077,,,,
234,1,234,,,,,0.19,,,,
234,234,1,,,,,0.076,,,,
239,1,239,,0.,0.001,,,,,,
239,239,1,,0.,0.,,,,,,
240,15,16,0.024,0.,0.,,0.02,,,,
245,1,245,,,,,0.217,,,,
245,245,1,,,,,0.087,,,,
247,1,247,0.641,,,,,,,,
247,247,1,0.376,,,,,,,,
255,1,255,,,,,0.233,,,,
255,255,1,,,,,0.1,,,,
257,1,257,,,,0.086,,0.001,,,
257,257,1,,,,0.077,,0.001,,,
269,1,269,0.912,,,,,,,,
269,269,1,0.552,,,,,,,,
272,16,17,0.035,,,0.078,,0.001,,,
291,1,291,,,,,0.255,,,,
291,291,1,,,,,0.118,,,,
293,1,293,,,,,,0.001,,,
293,293,1,,,,,,0.001,,,
297,1,297,,0.,0.001,,,,,,
297,297,1,,0.001,0.001,,,,,,
306,17,18,,0.,0.,0.079,0.041,0.001,,,
307,1,307,,,,0.075,,,,,
307,307,1,,,,0.08,,,,,
328,1,328,,,,,0.287,,,,
328,328,1,,,,,0.151,,,,
329,1,329,,,,,,0.001,,,
329,329,1,,,,,,0.002,,,
336,1,336,1.211,,,,,,,,
336,336,1,0.729,,,,,,,,
342,18,19,0.039,0.,0.,0.082,0.032,0.001,,,
355,1,355,,0.001,0.001,,,,,,
355,355,1,,0.001,0.002,,,,,,
357,1,357,,,,0.076,,,,,
357,357,1,,,,0.074,,,,,
364,1,364,,,,,0.363,,,,
364,364,1,,,,,0.167,,,,
365,1,365,,,,,,0.002,,,
365,365,1,,,,,,0.002,,,
380,19,20,,,,,0.035,0.001,,,
400,1,400,,,,,0.516,,,,
400,20,20,,,,,0.04,,,,
400,400,1,,,,,0.24,,,,
401,1,401,,,,,,0.002,,,
401,401,1,,,,,,0.002,,,
402,1,402,,,,,0.555,,,,
402,402,1,,,,,0.23,,,,
404,1,404,1.992,,,,,,,,
404,404,1,1.209,,,,,,,,
407,1,407,,,,0.079,,,,,
407,407,1,,,,0.077,,,,,
413,1,413,,0.001,0.001,,,,,,
413,413,1,,0.001,0.001,,,,,,
414,1,414,1.953,,,,,,,,
414,414,1,1.236,,,,,,,,
420,20,21,0.051,0.,0.001,0.074,0.05,0.002,,,
427,1,427,,,,0.075,,,,,
427,427,1,,,,0.085,,,,,
436,1,436,,,,,0.634,,,,
436,436,1,,,,,0.252,,,,
437,1,437,,,,,,0.002,,,
437,437,1,,,,,,0.002,,,
458,1,458,,,,0.079,,,,,
458,458,1,,,,0.086,,,,,
462,21,22,0.06,0.,0.001,0.096,0.042,0.002,,,
471,1,471,2.292,,,,,,,,
471,471,1,1.436,,,,,,,,
472,1,472,,0.001,0.001,,,0.002,,,
472,472,1,,0.001,0.002,,,0.004,,,
473,1,473,,,,,0.603,,,,
473,473,1,,,,,0.262,,,,
506,22,23,,,,0.093,0.052,0.002,,,
508,1,508,,,,0.087,,0.002,,,
508,508,1,,,,0.08,,0.005,,,
509,1,509,,,,,0.767,,,,
509,509,1,,,,,0.283,,,,
530,1,530,,0.001,0.002,,,,,,
530,530,1,,0.001,0.001,,,,,,
538,1,538,3.393,,,,,,,,
538,538,1,2.13,,,,,,,,
544,1,544,,,,,,0.002,,,
544,544,1,,,,,,0.003,,,
552,23,24,0.065,0.,0.001,0.085,,0.002,,,
558,1,558,,,,0.085,,,,,
558,558,1,,,,0.079,,,,,
580,1,580,,,,,,0.002,,,
580,580,1,,,,,,0.003,,,
588,1,588,,0.002,0.002,,,,,,
588,588,1,,0.002,0.002,,,,,,
600,24,25,,0.001,0.001,0.073,,0.002,,,
608,1,608,,,,0.074,,,,,
608,608,1,,,,0.074,,,,,
616,1,616,,,,,,0.002,,,
616,616,1,,,,,,0.003,,,
636,1,636,,,,,1.043,,,,
636,636,1,,,,,0.454,,,,
646,1,646,,0.002,0.005,,,,,,
646,646,1,,0.001,0.002,,,,,,
650,25,26,,0.001,0.001,0.077,0.065,0.003,,,
652,1,652,,,,,,0.003,,,
652,652,1,,,,,,0.004,,,
658,1,658,,,,0.081,,,,,
658,658,1,,,,0.084,,,,,
688,1,688,,,,,,0.002,,,
688,688,1,,,,,,0.005,,,
702,26,27,,0.001,0.001,0.074,,0.003,,,
704,1,704,,0.003,0.003,,,,,,
704,704,1,,0.004,0.002,,,,,,
708,1,708,,,,0.079,,,,,
708,708,1,,,,0.078,,,,,
724,1,724,,,,,,0.003,,,
724,724,1,,,,,,0.004,,,
756,27,28,,0.001,0.001,0.077,0.08,0.003,,,
759,1,759,,,,0.075,,,,,
759,759,1,,,,0.081,,,,,
760,1,760,,,,,,0.004,,,
760,760,1,,,,,,0.01,,,
762,1,762,,0.002,0.003,,,,,,
762,762,1,,0.002,0.002,,,,,,
763,1,763,,,,,1.429,,,,
763,763,1,,,,,0.631,,,,
795,1,795,,,,,,0.003,,,
795,795,1,,,,,,0.006,,,
798,1,798,,,,,1.71,,,,
798,798,1,,,,,0.879,,,,
807,1,807,7.707,,,,,,,,
807,807,1,4.912,,,,,,,,
809,1,809,,,,0.089,,,,,
809,809,1,,,,0.075,,,,,
812,28,29,0.109,0.002,0.001,0.076,0.147,0.004,,,
821,1,821,,0.003,0.003,,,,,,
821,821,1,,0.003,0.002,,,,,,
831,1,831,,,,,,0.004,,,
831,831,1,,,,,,0.004,,,
849,1,849,,,,0.078,,,,,
849,849,1,,,,0.127,,,,,
859,1,859,,,,0.075,,,,,
859,859,1,,,,0.079,,,,,
867,1,867,,,,,,0.004,,,
867,867,1,,,,,,0.004,,,
870,29,30,,0.001,0.002,0.078,0.092,0.004,,,
879,1,879,,0.003,0.003,,,,,,
879,879,1,,0.002,0.008,,,,,,
890,1,890,,,,,1.834,,,,
890,890,1,,,,,0.989,,,,
903,1,903,,,,,,0.005,,,
903,903,1,,,,,,0.005,,,
909,1,909,,,,0.083,,,,,
909,909,1,,,,0.081,,,,,
930,30,31,,0.002,0.003,0.086,,0.004,,,
937,1,937,,0.003,0.006,,,,,,
937,937,1,,0.003,0.003,,,,,,
939,1,939,,,,,,0.003,,,
939,939,1,,,,,,0.005,,,
959,1,959,,,,0.078,,,,,
959,959,1,,,,0.084,,,,,
975,1,975,,,,,,0.007,,,
975,975,1,,,,,,0.005,,,
992,31,32,,0.002,0.002,0.079,0.209,0.004,,,
995,1,995,,0.003,0.004,,,,,,
995,995,1,,0.003,0.003,,,,,,
1009,1,1009,,,,0.091,,,,,
1009,1009,1,,,,0.084,,,,,
1011,1,1011,,,,,,0.004,,,
1011,1011,1,,,,,,0.005,,,
1017,1,1017,,,,,2.46,,,,
1017,1017,1,,,,,1.111,,,,
1047,1,1047,,,,,,0.005,,,
1047,1047,1,,,,,,0.006,,,
1053,1,1053,,0.003,0.004,,,,,,
1053,1053,1,,0.003,0.003,,,,,,
1056,32,33,0.148,0.002,0.002,0.077,,0.005,,,
1060,1,1060,,,,0.083,,,,,
1060,1060,1,,,,0.086,,,,,
1075,1,1075,13.504,,,,,,,,
1075,1075,1,8.555,,,,,,,,
1082,1,1082,,,,,,0.005,,,
1082,1082,1,,,,,,0.005,,,
1110,1,1110,,,,0.081,,,,,
1110,1110,1,,,,0.089,,,,,
1112,1,1112,,0.004,0.009,,,,,,
1112,1112,1,,0.003,0.003,,,,,,
1118,1,1118,,,,,,0.005,,,
1118,1118,1,,,,,,0.006,,,
1122,33,34,,0.002,0.002,0.089,,0.013,,,
1154,1,1154,,,,,,0.006,,,
1154,1154,1,,,,,,0.007,,,
1160,1,1160,,,,0.087,,,,,
1160,1160,1,,,,0.08,,,,,
1170,1,1170,,0.004,0.005,,,,,,
1170,1170,1,,0.004,0.004,,,,,,
1190,1,1190,,,,,,0.006,,,
1190,34,35,,0.002,0.003,0.08,,0.006,,,
1190,1190,1,,,,,,0.007,,,
1210,1,1210,,,,0.079,,,,,
1210,1210,1,,,,0.088,,,,,
1226,1,1226,,,,,,0.005,,,
1226,1226,1,,,,,,0.008,,,
1228,1,1228,,0.003,0.005,,,,,,
1228,1228,1,,0.003,0.004,,,,,,
1260,1,1260,,,,0.08,,,,,
1260,35,36,,0.003,0.003,0.076,,0.005,,,
1260,1260,1,,,,0.079,,,,,
1262,1,1262,,,,,,0.005,,,
1262,1262,1,,,,,,0.01,,,
1270,1,1270,,,,0.079,,,,,
1270,1270,1,,,,0.078,,,,,
1286,1,1286,,0.007,0.016,,,,,,
1286,1286,1,,0.003,0.008,,,,,,
1298,1,1298,,,,,,0.005,,,
1298,1298,1,,,,,,0.007,,,
1310,1,1310,,,,0.077,,,,,
1310,1310,1,,,,0.08,,,,,
1332,36,37,,0.002,0.003,0.081,,0.006,,,
1334,1,1334,,,,,,0.005,,,
1334,1334,1,,,,,,0.006,,,
1344,1,1344,,0.004,0.006,,,,,,
1344,1344,1,,0.003,0.005,,,,,,
1361,1,1361,,,,0.089,,,,,
1361,1361,1,,,,0.084,,,,,
1369,1,1369,,,,,,0.005,,,
1369,37,37,,,,,,0.006,,,
1369,1369,1,,,,,,0.007,,,
1403,1,1403,,0.004,0.006,,,,,,
1403,1403,1,,0.003,0.005,,,,,,
1405,1,1405,,,,,,0.006,,,
1405,1405,1,,,,,,0.018,,,
1406,37,38,,0.002,0.003,0.083,,0.006,,,
1411,1,1411,,,,0.079,,,,,
1411,1411,1,,,,0.085,,,,,
1441,1,1441,,,,,,0.006,,,
1441,1441,1,,,,,,0.007,,,
1461,1,1461,,0.005,0.01,0.084,,,,,
1461,1461,1,,0.004,0.005,0.089,,,,,
1477,1,1477,,,,,,0.006,,,
1477,1477,1,,,,,,0.009,,,
1482,38,39,,0.008,0.003,0.082,,0.006,,,
1511,1,1511,,,,0.077,,,,,
1511,1511,1,,,,0.079,,,,,
1513,1,1513,,,,,,0.006,,,
1513,1513,1,,,,,,0.01,,,
1519,1,1519,,0.004,0.006,,,,,,
1519,1519,1,,0.004,0.005,,,,,,
1526,1,1526,,,,,5.241,,,,
1526,1526,1,,,,,2.503,,,,
1549,1,1549,,,,,,0.008,,,
1549,1549,1,,,,,,0.009,,,
1560,39,40,,0.002,0.003,0.086,0.213,0.008,,,
1561,1,1561,,,,0.082,,,,,
1561,1561,1,,,,0.085,,,,,
1577,1,1577,,0.006,0.006,,,,,,
1577,1577,1,,0.004,0.013,,,,,,
1579,1,1579,,,,,,0.007,,,
1579,1579,1,,,,,,0.007,,,
1585,1,1585,,,,,,0.007,,,
1585,1585,1,,,,,,0.009,,,
1611,1,1611,,,,0.085,,,,,
1611,1611,1,,,,0.083,,,,,
1621,1,1621,,,,,,0.007,,,
1621,1621,1,,,,,,0.013,,,
1635,1,1635,,0.005,0.006,,,,,,
1635,1635,1,,0.004,0.005,,,,,,
1640,40,41,,0.003,0.003,0.081,,0.007,,,
1644,1,1644,,,,,,0.006,,,
1644,1644,1,,,,,,0.009,,,
1657,1,1657,,,,,,0.008,,,
1657,1657,1,,,,,,0.009,,,
1662,1,1662,,,,0.093,,,,,
1662,1662,1,,,,0.087,,,,,
1692,1,1692,,,,0.08,,,,,
1692,1692,1,,,,0.078,,,,,
1693,1,1693,,,,,,0.008,,,
1693,1693,1,,,,,,0.009,,,
1694,1,1694,,0.007,0.006,,,,,,
1694,1694,1,,0.004,0.006,,,,,,
1710,1,1710,,,,,,0.007,,,
1710,1710,1,,,,,,0.009,,,
1712,1,1712,,,,0.085,,,,,
1712,1712,1,,,,0.086,,,,,
1722,41,42,,0.003,0.003,0.079,,0.014,,,
1729,1,1729,,,,,,0.009,,,
1729,1729,1,,,,,,0.01,,,
1752,1,1752,,0.006,0.01,,,,,,
1752,1752,1,,0.004,0.005,,,,,,
1762,1,1762,,,,0.08,,,,,
1762,1762,1,,,,0.085,,,,,
1765,1,1765,,,,,,0.014,,,
1765,1765,1,,,,,,0.008,,,
1776,1,1776,,,,,,0.008,,,
1776,1776,1,,,,,,0.009,,,
1801,1,1801,,,,,,0.007,,,
1801,1801,1,,,,,,0.009,,,
1806,42,43,,0.003,0.004,0.084,,0.008,,,
1810,1,1810,,0.006,0.007,,,,,,
1810,1810,1,,0.004,0.006,,,,,,
1812,1,1812,,,,0.083,,,,,
1812,1812,1,,,,0.091,,,,,
1837,1,1837,,,,,,0.009,,,
1837,1837,1,,,,,,0.009,,,
1842,1,1842,,,,,,0.007,,,
1842,1842,1,,,,,,0.01,,,
1862,1,1862,,,,0.08,,,,,
1862,1862,1,,,,0.088,,,,,
1868,1,1868,,0.012,0.01,,,,,,
1868,1868,1,,0.005,0.007,,,,,,
1873,1,1873,,,,,,0.009,,,
1873,1873,1,,,,,,0.015,,,
1892,43,44,,0.004,0.004,0.082,,0.008,,,
1907,1,1907,,,,,,0.014,,,
1907,1907,1,,,,,,0.024,,,
1909,1,1909,,,,,,0.008,,,
1909,1909,1,,,,,,0.01,,,
1912,1,1912,,,,0.085,,,,,
1912,1912,1,,,,0.089,,,,,
1926,1,1926,,0.005,0.007,,,,,,
1926,1926,1,,0.005,0.006,,,,,,
1945,1,1945,,,,,,0.009,,,
1945,1945,1,,,,,,0.012,,,
1963,1,1963,,,,0.087,,,,,
1963,1963,1,,,,0.087,,,,,
1973,1,1973,,,,,,0.008,,,
1973,1973,1,,,,,,0.012,,,
1980,44,45,,0.003,0.004,0.101,,0.008,,,
1981,1,1981,,,,,,0.008,,,
1981,1981,1,,,,,,0.009,,,
1984,1,1984,,0.006,0.015,,,,,,
1984,1984,1,,0.005,0.007,,,,,,
2013,1,2013,,,,0.082,,,,,
2013,2013,1,,,,0.084,,,,,
2017,1,2017,,,,,,0.021,,,
2017,2017,1,,,,,,0.01,,,
2034,1,2034,,,,,9.009,,,,
2034,2034,1,,,,,4.506,,,,
2039,1,2039,,,,,,0.008,,,
2039,2039,1,,,,,,0.011,,,
2043,1,2043,,0.007,0.008,,,,,,
2043,2043,1,,0.006,0.007,,,,,,
2053,1,2053,,,,,,0.009,,,
2053,2053,1,,,,,,0.01,,,
2063,1,2063,,,,0.084,,,,,
2063,2063,1,,,,0.088,,,,,
2070,45,46,,0.004,0.005,0.078,0.283,0.02,,,
2089,1,2089,,,,,,0.009,,,
2089,2089,1,,,,,,0.011,,,
2101,1,2101,,0.007,0.02,,,,,,
2101,2101,1,,0.006,0.006,,,,,,
2105,1,2105,,,,,,0.009,,,
2105,2105,1,,,,,,0.01,,,
2113,1,2113,,,,0.079,,,,,
2113,2113,1,,,,0.09,,,,,
2125,1,2125,,,,,,0.012,,,
2125,2125,1,,,,,,0.011,,,
2159,1,2159,,0.007,0.008,,,,,,
2159,2159,1,,0.009,0.007,,,,,,
2161,1,2161,,,,,,0.009,,,
2161,2161,1,,,,,,0.011,,,
2162,46,47,,0.004,0.004,0.084,,0.008,,,
2163,1,2163,,,,0.085,,,,,
2163,2163,1,,,,0.096,,,,,
2170,1,2170,,,,,,0.008,,,
2170,2170,1,,,,,,0.011,,,
2197,1,2197,,,,,,0.009,,,
2197,2197,1,,,,,,0.011,,,
2214,1,2214,,,,0.088,,,,,
2214,2214,1,,,,0.097,,,,,
2217,1,2217,,0.007,0.012,,,,,,
2217,2217,1,,0.006,0.007,,,,,,
2233,1,2233,,,,,,0.019,,,
2233,2233,1,,,,,,0.012,,,
2236,1,2236,,,,,,0.012,,,
2236,2236,1,,,,,,0.011,,,
2256,47,48,,0.004,0.006,0.091,,0.009,,,
2264,1,2264,,,,0.084,,,,,
2264,2264,1,,,,0.085,,,,,
2269,1,2269,,,,,,0.012,,,
2269,2269,1,,,,,,0.011,,,
2275,1,2275,,0.008,0.008,,,,,,
2275,2275,1,,0.006,0.007,,,,,,
2302,1,2302,,,,,,0.009,,,
2302,2302,1,,,,,,0.011,,,
2305,1,2305,,,,,,0.01,,,
2305,2305,1,,,,,,0.013,,,
2314,1,2314,,,,0.085,,,,,
2314,2314,1,,,,0.106,,,,,
2334,1,2334,,0.01,0.032,,,,,,
2334,2334,1,,0.008,0.007,,,,,,
2341,1,2341,,,,,,0.015,,,
2341,2341,1,,,,,,0.013,,,
2352,48,49,,0.005,0.006,0.085,,0.012,,,
2364,1,2364,,,,0.086,,,,,
2364,2364,1,,,,0.091,,,,,
2368,1,2368,,,,,,0.021,,,
2368,2368,1,,,,,,0.011,,,
2377,1,2377,,,,,,0.011,,,
2377,2377,1,,,,,,0.014,,,
2392,1,2392,,0.01,0.01,,,,,,
2392,2392,1,,0.007,0.016,,,,,,
2413,1,2413,,,,,,0.01,,,
2413,2413,1,,,,,,0.039,,,
2415,1,2415,,,,0.087,,,,,
2415,2415,1,,,,0.088,,,,,
2433,1,2433,,,,,,0.01,,,
2433,2433,1,,,,,,0.013,,,
2449,1,2449,,,,,,0.01,,,
2449,2449,1,,,,,,0.013,,,
2450,1,2450,,0.008,0.01,,,,,,
2450,49,50,,0.004,0.006,0.09,,0.01,,,
2450,2450,1,,0.008,0.008,,,,,,
2465,1,2465,,,,0.093,,,,,
2465,2465,1,,,,0.085,,,,,
2485,1,2485,,,,,,0.01,,,
2485,2485,1,,,,,,0.013,,,
2499,1,2499,,,,,,0.012,,,
2499,2499,1,,,,,,0.016,,,
2508,1,2508,,0.01,0.011,,,,,,
2508,2508,1,,0.008,0.008,,,,,,
2515,1,2515,,,,0.082,,,,,
2515,2515,1,,,,0.091,,,,,
2521,1,2521,,,,,,0.011,,,
2521,2521,1,,,,,,0.014,,,
2548,1,2548,,0.008,,,,,,,
2548,2548,1,,0.008,,,,,,,
2550,50,51,,0.005,0.005,0.087,,0.011,,,
2557,1,2557,,,,,,0.013,,,
2557,2557,1,,,,,,0.012,,,
2565,1,2565,,,,,,0.013,,,
2565,2565,1,,,,,,0.015,,,
2566,1,2566,,,,0.086,,,,,
2566,2566,1,,,,0.101,,,,,
2567,1,2567,,0.008,0.018,,,,,,
2567,2567,1,,0.012,0.008,,,,,,
2586,1,2586,,,0.02,,,,,,
2586,2586,1,,,0.009,,,,,,
2593,1,2593,,,,,,0.01,,,
2593,2593,1,,,,,,0.024,,,
2616,1,2616,,,,0.091,,,,,
2616,2616,1,,,,0.096,,,,,
2625,1,2625,,0.009,0.01,,,,,,
2625,2625,1,,0.008,0.009,,,,,,
2629,1,2629,,,,,,0.011,,,
2629,2629,1,,,,,,0.014,,,
2631,1,2631,,,,,,0.014,,,
2631,2631,1,,,,,,0.036,,,
2646,1,2646,,0.017,,,,,,,
2646,2646,1,,0.008,,,,,,,
2652,51,52,,0.005,0.016,0.093,,0.011,,,
2665,1,2665,,,,,,0.013,,,
2665,2665,1,,,,,,0.015,,,
2666,1,2666,,,,0.085,,,,,
2666,2666,1,,,,0.087,,,,,
2683,1,2683,,0.008,0.01,,,,,,
2683,2683,1,,0.007,0.009,,,,,,
2696,1,2696,,,,,,0.014,,,
2696,2696,1,,,,,,0.015,,,
2701,1,2701,,,,,,0.026,,,
2701,2701,1,,,,,,0.014,,,
2716,1,2716,,,,0.094,,,,,
2716,2716,1,,,,0.085,,,,,
2722,1,2722,,,0.011,,,,,,
2722,2722,1,,,0.009,,,,,,
2737,1,2737,,,,,,0.014,,,
2737,2737,1,,,,,,0.014,,,
2742,1,2742,,0.017,0.02,,,,,,
2742,2742,1,,0.007,0.011,,,,,,
2744,1,2744,,0.009,,,,,,,
2744,2744,1,,0.008,,,,,,,
2756,52,53,,0.006,0.008,0.086,,0.015,,,
2762,1,2762,,,,,,0.012,,,
2762,2762,1,,,,,,0.014,,,
2767,1,2767,,,,0.09,,,,,
2767,2767,1,,,,0.092,,,,,
2773,1,2773,,,,,,0.011,,,
2773,2773,1,,,,,,0.019,,,
2800,1,2800,,0.01,0.013,,,,,,
2800,2800,1,,0.008,0.009,,,,,,
2809,1,2809,,,,,,0.013,,,
2809,53,53,,,,,,0.012,,,
2809,2809,1,,,,,,0.016,,,
2817,1,2817,,,,0.089,,,,,
2817,2817,1,,,,0.084,,,,,
2828,1,2828,,,,,,0.011,,,
2828,2828,1,,,,,,0.016,,,
2842,1,2842,,0.027,,,,,,,
2842,2842,1,,0.008,,,,,,,
2845,1,2845,,,,,,0.014,,,
2845,2845,1,,,,,,0.027,,,
2858,1,2858,,0.018,0.012,,,,,,
2858,2858,1,,0.008,0.01,,,,,,
2862,53,54,,0.006,0.006,0.086,,0.012,,,
2867,1,2867,,,,0.099,,,,,
2867,2867,1,,,,0.089,,,,,
2881,1,2881,,,,,,0.014,,,
2881,2881,1,,,,,,0.02,,,
2894,1,2894,,,,,,0.018,,,
2894,2894,1,,,,,,0.016,,,
2917,1,2917,,0.009,0.029,,,0.011,,,
2917,2917,1,,0.008,0.011,,,0.029,,,
2918,1,2918,,,,0.085,,,,,
2918,2918,1,,,,0.094,,,,,
2940,1,2940,,0.011,,,,,,,
2940,2940,1,,0.009,,,,,,,
2953,1,2953,,,,,,0.012,,,
2953,2953,1,,,,,,0.019,,,
2959,1,2959,,,,,,0.014,,,
2959,2959,1,,,,,,0.017,,,
2968,1,2968,,,,0.085,,,,,
2968,2968,1,,,,0.092,,,,,
2970,54,55,,0.007,0.011,0.085,,0.02,,,
2975,1,2975,,0.009,0.011,,,,,,
2975,2975,1,,0.026,0.014,,,,,,
2989,1,2989,,,,,,0.014,,,
2989,2989,1,,,,,,0.018,,,
2994,1,2994,,,0.012,,,,,,
2994,2994,1,,,0.01,,,,,,
3018,1,3018,,,,0.083,,,,,
3018,3018,1,,,,0.093,,,,,
3025,1,3025,,,,,,0.015,,,
3025,55,55,,,,,,0.013,,,
3025,3025,1,,,,,,0.016,,,
3033,1,3033,,0.009,0.012,,,,,,
3033,3033,1,,0.008,0.01,,,,,,
3038,1,3038,,0.012,,,,,,,
3038,3038,1,,0.01,,,,,,,
3061,1,3061,,,,,,0.031,,,
3061,3061,1,,,,,,0.019,,,
3068,1,3068,,,,0.084,,,,,
3068,3068,1,,,,0.09,,,,,
3080,55,56,,0.006,0.007,0.102,,0.013,,,
3092,1,3092,,0.01,0.024,,,,,,
3092,3092,1,,0.011,0.011,,,,,,
3097,1,3097,,,,,,0.013,,,
3097,3097,1,,,,,,0.015,,,
3119,1,3119,,,,0.087,,,,,
3119,3119,1,,,,0.09,,,,,
3131,1,3131,,,0.019,,,,,,
3131,3131,1,,,0.011,,,,,,
3133,1,3133,,,,,,0.023,,,
3133,3133,1,,,,,,0.017,,,
3136,1,3136,,0.011,,,,,,,
3136,56,56,,0.007,,,,,,,
3136,3136,1,,0.011,,,,,,,
3150,1,3150,,0.011,0.012,,,,,,
3150,3150,1,,0.008,0.01,,,,,,
3169,1,3169,,,,0.093,,0.016,,,
3169,3169,1,,,,0.092,,0.016,,,
3192,56,57,,0.007,0.006,0.098,,0.015,,,
3205,1,3205,,,,,,0.013,,,
3205,3205,1,,,,,,0.015,,,
3208,1,3208,,0.011,0.012,,,,,,
3208,3208,1,,0.014,0.01,,,,,,
3219,1,3219,,,,0.084,,,,,
3219,3219,1,,,,0.089,,,,,
3234,1,3234,,0.012,,,,,,,
3234,3234,1,,0.01,,,,,,,
3241,1,3241,,,,,,0.013,,,
3241,3241,1,,,,,,0.029,,,
3267,1,3267,,0.012,0.013,,,,,,
3267,3267,1,,0.009,0.021,,,,,,
3270,1,3270,,,,0.085,,,,,
3270,3270,1,,,,0.089,,,,,
3277,1,3277,,,,,,0.037,,,
3277,3277,1,,,,,,0.017,,,
3306,57,58,,0.007,0.008,0.096,,0.013,,,
3313,1,3313,,,,,,0.014,,,
3313,3313,1,,,,,,0.016,,,
3320,1,3320,,,,0.086,,,,,
3320,3320,1,,,,0.101,,,,,
3325,1,3325,,0.01,0.017,,,,,,
3325,3325,1,,0.017,0.012,,,,,,
3332,1,3332,,0.016,,,,,,,
3332,3332,1,,0.01,,,,,,,
3349,1,3349,,,,,,0.015,,,
3349,3349,1,,,,,,0.02,,,
3370,1,3370,,,,0.09,,,,,
3370,3370,1,,,,0.105,,,,,
3383,1,3383,,0.01,0.013,,,,,,
3383,3383,1,,0.01,0.012,,,,,,
3385,1,3385,,,,,,0.014,,,
3385,3385,1,,,,,,0.019,,,
3403,1,3403,,,0.014,,,,,,
3403,3403,1,,,0.019,,,,,,
3420,1,3420,,,,0.095,,,,,
3420,3420,1,,,,0.097,,,,,
3421,1,3421,,,,,,0.014,,,
3421,3421,1,,,,,,0.021,,,
3422,58,59,,0.007,0.008,0.095,,0.015,,,
3430,1,3430,,0.014,,,,,,,
3430,3430,1,,0.018,,,,,,,
3442,1,3442,,0.011,0.014,,,,,,
3442,3442,1,,0.023,0.011,,,,,,
3457,1,3457,,,,,,0.016,,,
3457,3457,1,,,,,,0.019,,,
3471,1,3471,,,,0.087,,,,,
3471,3471,1,,,,0.1,,,,,
3493,1,3493,,,,,,0.021,,,
3493,3493,1,,,,,,0.018,,,
3500,1,3500,,0.012,0.019,,,,,,
3500,3500,1,,0.01,0.013,,,,,,
3521,1,3521,,,,0.084,,,,,
3521,3521,1,,,,0.103,,,,,
3528,1,3528,,0.013,,,,,,,
3528,3528,1,,0.01,,,,,,,
3529,1,3529,,,,,,0.015,,,
3529,3529,1,,,,,,0.019,,,
3539,1,3539,,,0.015,,,,,,
3539,3539,1,,,0.025,,,,,,
3540,59,60,,0.007,0.007,0.086,,0.016,,,
3558,1,3558,,0.013,0.029,,,,,,
3558,3558,1,,0.011,0.012,,,,,,
3565,1,3565,,,,,,0.016,,,
3565,3565,1,,,,,,0.024,,,
3571,1,3571,,,,0.088,,,,,
3571,3571,1,,,,0.093,,,,,
3601,1,3601,,,,,,0.019,,,
3601,3601,1,,,,,,0.02,,,
3617,1,3617,,0.013,0.016,,,,,,
3617,3617,1,,0.01,0.036,,,,,,
3622,1,3622,,,,0.088,,,,,
3622,3622,1,,,,0.106,,,,,
3626,1,3626,,0.02,,,,,,,
3626,3626,1,,0.01,,,,,,,
3637,1,3637,,,,,,0.015,,,
3637,3637,1,,,,,,0.033,,,
3660,60,61,,0.007,0.007,0.095,,0.014,,,
3672,1,3672,,,,0.093,,,,,
3672,3672,1,,,,0.102,,,,,
3673,1,3673,,,,,,0.015,,,
3673,3673,1,,,,,,0.019,,,
3675,1,3675,,0.016,0.015,,,,,,
3675,3675,1,,0.011,0.017,,,,,,
3709,1,3709,,,,,,0.015,,,
3709,3709,1,,,,,,0.017,,,
3722,1,3722,,,,0.09,,,,,
3722,3722,1,,,,0.097,,,,,
3724,1,3724,,0.012,,,,,,,
3724,3724,1,,0.022,,,,,,,
3733,1,3733,,0.012,0.018,,,,,,
3733,3733,1,,0.01,0.013,,,,,,
3745,1,3745,,,,,,0.016,,,
3745,3745,1,,,,,,0.024,,,
3772,1,3772,,,,0.088,,,,,
3772,3772,1,,,,0.091,,,,,
3781,1,3781,,,,,,0.017,,,
3781,3781,1,,,,,,0.02,,,
3782,61,62,,0.007,0.008,0.088,,0.017,,,
3792,1,3792,,0.018,0.018,,,,,,
3792,3792,1,,0.01,0.013,,,,,,
3811,1,3811,,,0.016,,,,,,
3811,3811,1,,,0.024,,,,,,
3817,1,3817,,,,,,0.016,,,
3817,3817,1,,,,,,0.019,,,
3822,1,3822,,0.015,,,,,,,
3822,3822,1,,0.01,,,,,,,
3823,1,3823,,,,0.095,,,,,
3823,3823,1,,,,0.095,,,,,
3850,1,3850,,0.012,0.022,,,,,,
3850,3850,1,,0.01,0.014,,,,,,
3853,1,3853,,,,,,0.016,,,
3853,3853,1,,,,,,0.023,,,
3873,1,3873,,,,0.086,,,,,
3873,3873,1,,,,0.1,,,,,
3889,1,3889,,,,,,0.02,,,
3889,3889,1,,,,,,0.02,,,
3906,62,63,,0.014,0.008,0.096,,0.016,,,
3908,1,3908,,0.025,0.019,,,,,,
3908,3908,1,,0.011,0.02,,,,,,
3920,1,3920,,0.015,,,,,,,
3920,3920,1,,0.011,,,,,,,
3923,1,3923,,,,0.092,,,,,
3923,3923,1,,,,0.105,,,,,
3925,1,3925,,,,,,0.018,,,
3925,3925,1,,,,,,0.023,,,
3947,1,3947,,,0.017,,,,,,
3947,3947,1,,,0.023,,,,,,
3961,1,3961,,,,,,0.023,,,
3961,3961,1,,,,,,0.024,,,
3967,1,3967,,0.012,0.017,,,,,,
3967,3967,1,,0.014,0.022,,,,,,
3974,1,3974,,,,0.096,,,,,
3974,3974,1,,,,0.112,,,,,
3997,1,3997,,,,,,0.016,,,
3997,3997,1,,,,,,0.035,,,
4018,1,4018,,0.014,,,,,,,
4018,4018,1,,0.025,,,,,,,
4024,1,4024,,,,0.094,,,,,
4024,4024,1,,,,0.095,,,,,
4025,1,4025,,0.013,0.017,,,,,,
4025,4025,1,,0.011,0.014,,,,,,
4032,63,64,,0.007,0.009,0.089,,0.016,,,
4033,1,4033,,,,,,0.017,,,
4033,4033,1,,,,,,0.026,,,
4069,1,4069,,,,,,0.02,,,
4069,4069,1,,,,,,0.025,,,
4074,1,4074,,,,0.099,,,,,
4074,4074,1,,,,0.101,,,,,
4083,1,4083,,0.017,0.017,,,,,,
4083,4083,1,,0.012,0.025,,,,,,
4105,1,4105,,,,,,0.017,,,
4105,4105,1,,,,,,0.025,,,
4116,1,4116,,0.014,,,,,,,
4116,4116,1,,0.018,,,,,,,
4124,1,4124,,,,0.094,,,,,
4124,4124,1,,,,0.102,,,,,
4141,1,4141,,,,,,0.034,,,
4141,4141,1,,,,,,0.022,,,
4142,1,4142,,0.015,0.027,,,,,,
4142,4142,1,,0.024,0.014,,,,,,
4160,64,65,,0.008,0.009,0.106,,0.019,,,
4175,1,4175,,,,0.092,,,,,
4175,4175,1,,,,0.09,,,,,
4177,1,4177,,,,,,0.017,,,
4177,4177,1,,,,,,0.022,,,
4200,1,4200,,0.014,0.027,,,,,,
4200,4200,1,,0.012,0.014,,,,,,
4213,1,4213,,,,,,0.018,,,
4213,4213,1,,,,,,0.029,,,
4214,1,4214,,0.014,,,,,,,
4214,4214,1,,0.011,,,,,,,
4219,1,4219,,,0.051,,,,,,
4219,4219,1,,,0.015,,,,,,
4225,1,4225,,,,0.086,,,,,
4225,65,65,,,,0.086,,,,,
4225,4225,1,,,,0.098,,,,,
4249,1,4249,,,,,,0.025,,,
4249,4249,1,,,,,,0.021,,,
4258,1,4258,,0.015,0.035,,,,,,
4258,4258,1,,0.013,0.016,,,,,,
4285,1,4285,,,,0.089,,0.019,,,
4285,4285,1,,,,0.112,,0.024,,,
4290,65,66,,0.022,0.01,0.091,,0.02,,,
4312,1,4312,,0.014,,,,,,,
4312,4312,1,,0.011,,,,,,,
4317,1,4317,,0.014,0.039,,,,,,
4317,4317,1,,0.012,0.018,,,,,,
4321,1,4321,,,,,,0.02,,,
4321,4321,1,,,,,,0.039,,,
4346,1,4346,,,,0.091,,,,,
4346,4346,1,,,,0.097,,,,,
4356,1,4356,,,0.017,,,,,,
4356,66,66,,,0.016,,,,,,
4356,4356,1,,,0.015,,,,,,
4357,1,4357,,,,,,0.018,,,
4357,4357,1,,,,,,0.024,,,
4375,1,4375,,0.017,0.029,,,,,,
4375,4375,1,,0.012,0.016,,,,,,
4393,1,4393,,,,,,0.019,,,
4393,4393,1,,,,,,0.023,,,
4406,1,4406,,,,0.094,,,,,
4406,4406,1,,,,0.097,,,,,
4410,1,4410,,0.022,,,,,,,
4410,4410,1,,0.012,,,,,,,
4422,66,67,,0.008,0.01,0.092,,0.02,,,
4429,1,4429,,,,,,0.021,,,
4429,4429,1,,,,,,0.027,,,
4433,1,4433,,0.014,0.02,,,,,,
4433,4433,1,,0.016,0.016,,,,,,
4465,1,4465,,,,,,0.018,,,
4465,4465,1,,,,,,0.025,,,
4466,1,4466,,,,0.089,,,,,
4466,4466,1,,,,0.109,,,,,
4492,1,4492,,0.014,0.034,,,,,,
4492,4492,1,,0.013,0.016,,,,,,
4501,1,4501,,,,,,0.019,,,
4501,4501,1,,,,,,0.023,,,
4508,1,4508,,0.015,,,,,,,
4508,4508,1,,0.029,,,,,,,
4527,1,4527,,,,0.09,,,,,
4527,4527,1,,,,0.094,,,,,
4537,1,4537,,,,,,0.025,,,
4537,4537,1,,,,,,0.024,,,
4550,1,4550,,0.019,0.025,,,,,,
4550,4550,1,,0.013,0.015,,,,,,
4556,67,68,,0.008,0.009,0.103,,0.018,,,
4573,1,4573,,,,,,0.027,,,
4573,4573,1,,,,,,0.027,,,
4587,1,4587,,,,0.092,,,,,
4587,4587,1,,,,0.097,,,,,
4606,1,4606,,0.016,,,,,,,
4606,4606,1,,0.018,,,,,,,
4608,1,4608,,0.017,0.022,,,,,,
4608,4608,1,,0.014,0.016,,,,,,
4609,1,4609,,,,,,0.022,,,
4609,4609,1,,,,,,0.031,,,
4628,1,4628,,,0.017,,,,,,
4628,4628,1,,,0.014,,,,,,
4645,1,4645,,,,,,0.022,,,
4645,4645,1,,,,,,0.053,,,
4647,1,4647,,,,0.095,,,,,
4647,4647,1,,,,0.114,,,,,
4667,1,4667,,0.016,0.031,,,,,,
4667,4667,1,,0.023,0.016,,,,,,
4681,1,4681,,,,,,0.022,,,
4681,4681,1,,,,,,0.03,,,
4688,1,4688,,,,,,0.021,,,
4688,4688,1,,,,,,0.026,,,
4692,68,69,,0.009,0.009,0.102,,0.022,,,
4704,1,4704,,0.015,,,,,,,
4704,4704,1,,0.012,,,,,,,
4708,1,4708,,,,0.095,,,,,
4708,4708,1,,,,0.115,,,,,
4717,1,4717,,,,,,0.036,,,
4717,4717,1,,,,,,0.029,,,
4725,1,4725,,0.015,0.027,,,,,,
4725,4725,1,,0.013,0.018,,,,,,
4753,1,4753,,,,,,0.022,,,
4753,4753,1,,,,,,0.035,,,
4764,1,4764,,,0.023,,,,,,
4764,4764,1,,,0.015,,,,,,
4768,1,4768,,,,0.099,,,,,
4768,4768,1,,,,0.098,,,,,
4783,1,4783,,0.038,0.04,,,,,,
4783,4783,1,,0.013,0.017,,,,,,
4789,1,4789,,,,,,0.02,,,
4789,4789,1,,,,,,0.024,,,
4802,1,4802,,0.026,,,,,,,
4802,4802,1,,0.013,,,,,,,
4825,1,4825,,,,,,0.041,,,
4825,4825,1,,,,,,0.027,,,
4828,1,4828,,,,0.105,,,,,
4828,4828,1,,,,0.098,,,,,
4830,69,70,,0.009,0.012,0.097,,0.032,,,
4840,1,4840,,,,,,0.022,,,
4840,4840,1,,,,,,0.027,,,
4842,1,4842,,0.019,0.029,,,,,,
4842,4842,1,,0.016,0.017,,,,,,
4861,1,4861,,,,,,0.023,,,
4861,4861,1,,,,,,0.026,,,
4889,1,4889,,,,0.099,,,,,
4889,4889,1,,,,0.119,,,,,
4897,1,4897,,,,,,0.021,,,
4897,4897,1,,,,,,0.045,,,
4900,1,4900,,0.02,0.019,,,,,,
4900,70,70,,0.01,0.036,,,,,,
4900,4900,1,,0.014,0.017,,,,,,
4929,1,4929,,,,0.092,,,,,
4929,4929,1,,,,0.096,,,,,
4933,1,4933,,,,,,0.024,,,
4933,4933,1,,,,,,0.028,,,
4949,1,4949,,,,0.096,,,,,
4949,4949,1,,,,0.101,,,,,
4958,1,4958,,0.018,0.035,,,,,,
4958,4958,1,,0.014,0.017,,,,,,
4969,1,4969,,,,,,0.034,,,
4969,4969,1,,,,,,0.025,,,
4970,70,71,,0.014,0.009,0.091,,0.03,,,
4991,1,4991,,,,,,0.021,,,
4991,4991,1,,,,,,0.029,,,
5005,1,5005,,,,,,0.023,,,
5005,5005,1,,,,,,0.03,,,
5009,1,5009,,,,0.099,,,,,
5009,5009,1,,,,0.101,,,,,
5017,1,5017,,0.016,0.028,,,,,,
5017,5017,1,,0.014,0.017,,,,,,
5041,1,5041,,,,,,0.022,,,
5041,71,71,,,,,,0.023,,,
5041,5041,1,,,,,,0.035,,,
5063,1,5063,,0.018,,,,,,,
5063,5063,1,,0.014,,,,,,,
5070,1,5070,,,,0.091,,,,,
5070,5070,1,,,,0.104,,,,,
5075,1,5075,,0.025,0.025,,,,,,
5075,5075,1,,0.016,0.018,,,,,,
5077,1,5077,,,,,,0.026,,,
5077,5077,1,,,,,,0.063,,,
5112,71,72,,0.009,0.012,0.096,,0.022,,,
5113,1,5113,,,,,,0.023,,,
5113,5113,1,,,,,,0.027,,,
5130,1,5130,,,,0.095,,,,,
5130,5130,1,,,,0.099,,,,,
5133,1,5133,,0.019,0.024,,,,,,
5133,5133,1,,0.017,0.044,,,,,,
5142,1,5142,,,,,,0.023,,,
5142,5142,1,,,,,,0.05,,,
5145,1,5145,,,0.027,,,,,,
5145,5145,1,,,0.021,,,,,,
5149,1,5149,,,,,,0.023,,,
5149,5149,1,,,,,,0.031,,,
5185,1,5185,,,,,,0.041,,,
5185,5185,1,,,,,,0.033,,,
5190,1,5190,,,,0.098,,,,,
5190,5190,1,,,,0.11,,,,,
5192,1,5192,,0.019,0.021,,,,,,
5192,5192,1,,0.021,0.033,,,,,,
5221,1,5221,,,,,,0.025,,,
5221,5221,1,,,,,,0.056,,,
5227,1,5227,,0.03,,,,,,,
5227,5227,1,,0.015,,,,,,,
5250,1,5250,,0.019,0.022,,,,,,
5250,5250,1,,0.017,0.022,,,,,,
5251,1,5251,,,,0.114,,,,,
5251,5251,1,,,,0.105,,,,,
5256,72,73,,0.009,0.012,0.098,,0.023,,,
5257,1,5257,,,,,,0.025,,,
5257,5257,1,,,,,,0.048,,,
5294,1,5294,,,,,,0.024,,,
5294,5294,1,,,,,,0.046,,,
5308,1,5308,,0.018,0.024,,,,,,
5308,5308,1,,0.016,0.018,,,,,,
5311,1,5311,,,,0.097,,,,,
5311,5311,1,,,,0.108,,,,,
5330,1,5330,,,,,,0.022,,,
5330,5330,1,,,,,,0.027,,,
5366,1,5366,,,,,,0.051,,,
5366,5366,1,,,,,,0.029,,,
5367,1,5367,,0.028,0.05,,,,,,
5367,5367,1,,0.015,0.019,,,,,,
5372,1,5372,,,,0.099,,,,,
5372,5372,1,,,,0.102,,,,,
5390,1,5390,,0.022,0.028,,,,,,
5390,5390,1,,0.016,0.02,,,,,,
5402,1,5402,,,,,,0.035,,,
5402,73,74,,0.01,0.016,0.127,,0.025,,,
5402,5402,1,,,,,,0.031,,,
5425,1,5425,,0.022,0.036,,,,,,
5425,5425,1,,0.015,0.02,,,,,,
5432,1,5432,,,,0.105,,,,,
5432,5432,1,,,,0.103,,,,,
5438,1,5438,,,,,,0.023,,,
5438,5438,1,,,,,,0.061,,,
5445,1,5445,,,,,,0.024,,,
5445,5445,1,,,,,,0.034,,,
5474,1,5474,,,,,,0.023,,,
5474,5474,1,,,,,,0.032,,,
5483,1,5483,,0.018,0.044,,,,,,
5483,5483,1,,0.02,0.019,,,,,,
5492,1,5492,,,,0.112,,,,,
5492,5492,1,,,,0.103,,,,,
5510,1,5510,,,,,,0.029,,,
5510,5510,1,,,,,,0.035,,,
5542,1,5542,,0.019,0.023,,,,,,
5542,5542,1,,0.018,0.035,,,,,,
5546,1,5546,,,,,,0.039,,,
5546,5546,1,,,,,,0.033,,,
5550,74,75,,0.02,0.02,0.1,,0.023,,,
5553,1,5553,,0.021,,0.118,,,,,
5553,5553,1,,0.014,,0.111,,,,,
5582,1,5582,,,,,,0.053,,,
5582,5582,1,,,,,,0.034,,,
5596,1,5596,,,,,,0.054,,,
5596,5596,1,,,,,,0.029,,,
5600,1,5600,,0.017,0.022,,,,,,
5600,5600,1,,0.015,0.023,,,,,,
5613,1,5613,,,,0.111,,,,,
5613,5613,1,,,,0.125,,,,,
5618,1,5618,,,,,,0.027,,,
5618,5618,1,,,,,,0.032,,,
5633,1,5633,,,,0.119,,,,,
5633,5633,1,,,,0.103,,,,,
5635,1,5635,,,0.023,,,,,,
5635,5635,1,,,0.036,,,,,,
5654,1,5654,,,,,,0.024,,,
5654,5654,1,,,,,,0.04,,,
5658,1,5658,,0.026,0.031,,,,,,
5658,5658,1,,0.017,0.019,,,,,,
5673,1,5673,,,,0.107,,,,,
5673,5673,1,,,,0.12,,,,,
5690,1,5690,,,,,,0.024,,,
5690,5690,1,,,,,,0.031,,,
5700,75,76,,0.016,0.012,0.096,,0.023,,,
5717,1,5717,,0.018,0.051,,,,,,
5717,5717,1,,0.025,0.019,,,,,,
5726,1,5726,,,,,,0.025,,,
5726,5726,1,,,,,,0.03,,,
5734,1,5734,,,,0.135,,,,,
5734,5734,1,,,,0.113,,,,,
5747,1,5747,,,,,,0.024,,,
5747,5747,1,,,,,,0.035,,,
5762,1,5762,,,,,,0.035,,,
5762,5762,1,,,,,,0.035,,,
5775,1,5775,,0.025,0.05,,,,,,
5775,5775,1,,0.016,0.02,,,,,,
5794,1,5794,,,,0.106,,,,,
5794,5794,1,,,,0.112,,,,,
5798,1,5798,,,,,,0.047,,,
5798,5798,1,,,,,,0.037,,,
5833,1,5833,,0.037,0.024,,,,,,
5833,5833,1,,0.016,0.025,,,,,,
5834,1,5834,,,,,,0.025,,,
5834,5834,1,,,,,,0.033,,,
5852,76,77,,0.012,0.013,0.101,,0.045,,,
5854,1,5854,,,,0.098,,,,,
5854,5854,1,,,,0.116,,,,,
5870,1,5870,,,,,,0.025,,,
5870,5870,1,,,,,,0.042,,,
5880,1,5880,,0.023,0.028,,,,,,
5880,5880,1,,0.023,0.039,,,,,,
5892,1,5892,,0.022,0.023,,,,,,
5892,5892,1,,0.025,0.023,,,,,,
5899,1,5899,,,,,,0.03,,,
5899,5899,1,,,,,,0.041,,,
5906,1,5906,,,,,,0.028,,,
5906,5906,1,,,,,,0.036,,,
5915,1,5915,,,,0.102,,,,,
5915,5915,1,,,,0.135,,,,,
5942,1,5942,,,,,,0.028,,,
5942,5942,1,,,,,,0.041,,,
5950,1,5950,,0.021,0.028,,,,,,
5950,5950,1,,0.022,0.021,,,,,,
5975,1,5975,,,,0.1,,,,,
5975,5975,1,,,,0.102,,,,,
5978,1,5978,,,,,,0.025,,,
5978,5978,1,,,,,,0.041,,,
6006,77,78,,0.013,0.014,0.113,,0.028,,,
6008,1,6008,,0.021,0.042,,,,,,
6008,6008,1,,0.019,0.031,,,,,,
6014,1,6014,,,,,,0.027,,,
6014,6014,1,,,,,,0.042,,,
6035,1,6035,,,,0.103,,,,,
6035,6035,1,,,,0.111,,,,,
6043,1,6043,,0.02,,,,,,,
6043,6043,1,,0.017,,,,,,,
6050,1,6050,,,,,,0.025,,,
6050,6050,1,,,,,,0.044,,,
6067,1,6067,,0.023,0.025,,,,,,
6067,6067,1,,0.034,0.035,,,,,,
6086,1,6086,,,,,,0.026,,,
6086,6086,1,,,,,,0.034,,,
6096,1,6096,,,,0.106,,,,,
6096,6096,1,,,,0.105,,,,,
6122,1,6122,,,,,,0.026,,,
6122,6122,1,,,,,,0.035,,,
6125,1,6125,,0.02,0.025,,,,,,
6125,6125,1,,0.019,0.033,,,,,,
6156,1,6156,,,,0.101,,,,,
6156,6156,1,,,,0.117,,,,,
6158,1,6158,,,,,,0.031,,,
6158,6158,1,,,,,,0.066,,,
6162,78,79,,0.011,0.012,0.101,,0.034,,,
6183,1,6183,,0.031,0.04,,,,,,
6183,6183,1,,0.017,0.023,,,,,,
6194,1,6194,,,,,,0.029,,,
6194,6194,1,,,,,,0.05,,,
6207,1,6207,,0.022,,,,,,,
6207,6207,1,,0.017,,,,,,,
6216,1,6216,,,,0.101,,,,,
6216,6216,1,,,,0.117,,,,,
6230,1,6230,,,,,,0.026,,,
6230,6230,1,,,,,,0.034,,,
6242,1,6242,,0.027,0.049,,,,,,
6242,6242,1,,0.019,0.024,,,,,,
6266,1,6266,,,,,,0.029,,,
6266,6266,1,,,,,,0.04,,,
6277,1,6277,,,,0.106,,,,,
6277,6277,1,,,,0.121,,,,,
6300,1,6300,,0.025,0.034,,,,,,
6300,6300,1,,0.017,0.039,,,,,,
6302,1,6302,,,,,,0.031,,,
6302,6302,1,,,,,,0.04,,,
6320,79,80,,0.011,0.029,0.104,,0.028,,,
6337,1,6337,,,,0.105,,,,,
6337,6337,1,,,,0.132,,,,,
6338,1,6338,,,,,,0.032,,,
6338,6338,1,,,,,,0.037,,,
6358,1,6358,,0.032,0.027,,,,,,
6358,6358,1,,0.018,0.022,,,,,,
6370,1,6370,,0.035,0.026,,,,,,
6370,6370,1,,0.019,0.031,,,,,,
6374,1,6374,,,,,,0.033,,,
6374,6374,1,,,,,,0.039,,,
6410,1,6410,,,,0.104,,0.031,,,
6410,6410,1,,,,0.105,,0.036,,,
6417,1,6417,,0.045,0.048,,,,,,
6417,6417,1,,0.025,0.022,,,,,,
6446,1,6446,,,,,,0.047,,,
6446,6446,1,,,,,,0.036,,,
6475,1,6475,,0.046,0.028,,,,,,
6475,6475,1,,0.018,0.025,,,,,,
6480,80,81,,0.012,0.023,0.116,,0.053,,,
6482,1,6482,,,,,,0.029,,,
6482,6482,1,,,,,,0.074,,,
6483,1,6483,,,,0.099,,,,,
6483,6483,1,,,,0.121,,,,,
6518,1,6518,,,,,,0.038,,,
6518,6518,1,,,,,,0.04,,,
6533,1,6533,,0.026,0.029,,,,,,
6533,6533,1,,0.021,0.024,,,,,,
6554,1,6554,,,,,,0.047,,,
6554,6554,1,,,,,,0.04,,,
6556,1,6556,,,,0.107,,,,,
6556,6556,1,,,,0.11,,,,,
6590,1,6590,,,,,,0.04,,,
6590,6590,1,,,,,,0.039,,,
6592,1,6592,,0.036,0.028,,,,,,
6592,6592,1,,0.021,0.026,,,,,,
6615,1,6615,,,0.048,,,,,,
6615,6615,1,,,0.023,,,,,,
6626,1,6626,,,,,,0.042,,,
6626,6626,1,,,,,,0.035,,,
6628,1,6628,,,,0.11,,,,,
6628,6628,1,,,,0.109,,,,,
6642,81,82,,0.017,0.04,0.11,,0.027,,,
6650,1,6650,,0.047,0.078,,,,,,
6650,6650,1,,0.02,0.024,,,,,,
6662,1,6662,,,,,,0.036,,,
6662,6662,1,,,,,,0.038,,,
6697,1,6697,,0.025,,,,,,,
6697,6697,1,,0.023,,,,,,,
6698,1,6698,,,,,,0.03,,,
6698,6698,1,,,,,,0.09,,,
6701,1,6701,,,,0.1,,,,,
6701,6701,1,,,,0.112,,,,,
6708,1,6708,,0.039,0.046,,,,,,
6708,6708,1,,0.019,0.054,,,,,,
6734,1,6734,,,,,,0.043,,,
6734,6734,1,,,,,,0.039,,,
6767,1,6767,,0.044,0.031,,,,,,
6767,6767,1,,0.02,0.04,,,,,,
6770,1,6770,,,,,,0.034,,,
6770,6770,1,,,,,,0.079,,,
6774,1,6774,,,,0.109,,,,,
6774,6774,1,,,,0.112,,,,,
6806,1,6806,,,,,,0.033,,,
6806,82,83,,0.015,0.015,0.111,,0.067,,,
6806,6806,1,,,,,,0.065,,,
6825,1,6825,,0.036,0.051,,,,,,
6825,6825,1,,0.022,0.027,,,,,,
6842,1,6842,,,,,,0.034,,,
6842,6842,1,,,,,,0.081,,,
6847,1,6847,,,,0.098,,,,,
6847,6847,1,,,,0.114,,,,,
6860,1,6860,,0.045,0.052,,,,,,
6860,6860,1,,0.021,0.03,,,,,,
6878,1,6878,,,,,,0.033,,,
6878,6878,1,,,,,,0.055,,,
6883,1,6883,,0.044,0.044,,,,,,
6883,6883,1,,0.02,0.037,,,,,,
6914,1,6914,,,,,,0.03,,,
6914,6914,1,,,,,,0.037,,,
6920,1,6920,,,,0.104,,,,,
6920,6920,1,,,,0.113,,,,,
6942,1,6942,,0.035,0.064,,,,,,
6942,6942,1,,0.021,0.027,,,,,,
6950,1,6950,,,,,,0.031,,,
6950,6950,1,,,,,,0.067,,,
6972,83,84,,0.014,0.053,0.108,,0.032,,,
6986,1,6986,,,,,,0.031,,,
6986,6986,1,,,,,,0.059,,,
6993,1,6993,,,,0.1,,,,,
6993,6993,1,,,,0.122,,,,,
7000,1,7000,,0.04,0.03,,,,,,
7000,7000,1,,0.021,0.027,,,,,,
7022,1,7022,,,,,,0.033,,,
7022,7022,1,,,,,,0.085,,,
7023,1,7023,,0.034,,,,,,,
7023,7023,1,,0.021,,,,,,,
7058,1,7058,,0.032,0.038,,,0.032,,,
7058,7058,1,,0.021,0.025,,,0.04,,,
7066,1,7066,,,,0.101,,,,,
7066,7066,1,,,,0.114,,,,,
7094,1,7094,,,,,,0.035,,,
7094,7094,1,,,,,,0.05,,,
7105,1,7105,,,0.038,,,,,,
7105,7105,1,,,0.033,,,,,,
7117,1,7117,,0.034,0.043,,,,,,
7117,7117,1,,0.022,0.038,,,,,,
7130,1,7130,,,,,,0.044,,,
7130,7130,1,,,,,,0.043,,,
7138,1,7138,,,,0.105,,,,,
7138,7138,1,,,,0.13,,,,,
7140,84,85,,0.018,0.015,0.108,,0.05,,,
7166,1,7166,,,,,,0.032,,,
7166,7166,1,,,,,,0.041,,,
7175,1,7175,,0.035,0.063,,,,,,
7175,7175,1,,0.02,0.026,,,,,,
7187,1,7187,,0.029,,,,,,,
7187,7187,1,,0.026,,,,,,,
7202,1,7202,,,,,,0.033,,,
7202,7202,1,,,,,,0.052,,,
7211,1,7211,,,,0.105,,,,,
7211,7211,1,,,,0.11,,,,,
7233,1,7233,,0.025,0.069,,,,,,
7233,7233,1,,0.02,0.036,,,,,,
7238,1,7238,,,,,,0.038,,,
7238,7238,1,,,,,,0.052,,,
7274,1,7274,,,,,,0.051,,,
7274,7274,1,,,,,,0.047,,,
7284,1,7284,,,,0.112,,,,,
7284,7284,1,,,,0.116,,,,,
7292,1,7292,,0.029,0.046,,,,,,
7292,7292,1,,0.023,0.03,,,,,,
7310,1,7310,,,,,,0.046,,,
7310,85,86,,0.015,0.04,0.099,,0.036,,,
7310,7310,1,,,,,,0.047,,,
7346,1,7346,,,,,,0.046,,,
7346,7346,1,,,,,,0.044,,,
7350,1,7350,,0.043,0.066,,,,,,
7350,7350,1,,0.022,0.026,,,,,,
7357,1,7357,,,,0.111,,,,,
7357,7357,1,,,,0.118,,,,,
7382,1,7382,,,,,,0.047,,,
7382,7382,1,,,,,,0.045,,,
7394,1,7394,,,,0.099,,,,,
7394,7394,1,,,,0.124,,,,,
7408,1,7408,,0.027,0.043,,,,,,
7408,7408,1,,0.034,0.025,,,,,,
7418,1,7418,,,,,,0.04,,,
7418,7418,1,,,,,,0.041,,,
7430,1,7430,,,,0.111,,,,,
7430,7430,1,,,,0.124,,,,,
7454,1,7454,,,,,,0.042,,,
7454,7454,1,,,,,,0.049,,,
7467,1,7467,,0.029,0.047,,,,,,
7467,7467,1,,0.02,0.035,,,,,,
7482,86,87,,0.017,0.016,0.123,,0.05,,,
7490,1,7490,,,,,,0.039,,,
7490,7490,1,,,,,,0.064,,,
7503,1,7503,,,,0.107,,,,,
7503,7503,1,,,,0.116,,,,,
7525,1,7525,,0.046,0.065,,,,,,
7525,7525,1,,0.022,0.028,,,,,,
7526,1,7526,,,,,,0.039,,,
7526,7526,1,,,,,,0.063,,,
7562,1,7562,,,,,,0.036,,,
7562,7562,1,,,,,,0.057,,,
7576,1,7576,,,,0.123,,,,,
7576,7576,1,,,,0.11,,,,,
7583,1,7583,,0.034,0.055,,,,,,
7583,7583,1,,0.024,0.035,,,,,,
7595,1,7595,,0.037,,,,,,,
7595,7595,1,,0.024,,,,,,,
7598,1,7598,,,,,,0.037,,,
7598,7598,1,,,,,,0.058,,,
7634,1,7634,,,,,,0.058,,,
7634,7634,1,,,,,,0.043,,,
7642,1,7642,,0.029,0.042,,,,,,
7642,7642,1,,0.022,0.029,,,,,,
7649,1,7649,,,,0.102,,,,,
7649,7649,1,,,,0.136,,,,,
7656,1,7656,,,0.049,,,,,,
7656,87,88,,0.041,0.017,0.111,,0.036,,,
7656,7656,1,,,0.041,,,,,,
7670,1,7670,,,,,,0.034,,,
7670,7670,1,,,,,,0.076,,,
7700,1,7700,,0.032,0.048,,,,,,
7700,7700,1,,0.039,0.038,,,,,,
7706,1,7706,,,,,,0.038,,,
7706,7706,1,,,,,,0.059,,,
7721,1,7721,,,,0.107,,,,,
7721,7721,1,,,,0.148,,,,,
7742,1,7742,,,,,,0.039,,,
7742,7742,1,,,,,,0.059,,,
7758,1,7758,,0.029,0.069,,,,,,
7758,7758,1,,0.033,0.043,,,,,,
7778,1,7778,,,,,,0.047,,,
7778,7778,1,,,,,,0.048,,,
7794,1,7794,,,,0.103,,,,,
7794,7794,1,,,,0.134,,,,,
7814,1,7814,,,,,,0.119,,,
7814,7814,1,,,,,,0.045,,,
7817,1,7817,,0.027,0.053,,,,,,
7817,7817,1,,0.025,0.041,,,,,,
7832,88,89,,0.015,0.019,0.111,,0.036,,,
7840,1,7840,,0.049,,,,,,,
7840,7840,1,,0.024,,,,,,,
7850,1,7850,,,,,,0.059,,,
7850,7850,1,,,,,,0.045,,,
7867,1,7867,,,,0.105,,,,,
7867,7867,1,,,,0.171,,,,,
7875,1,7875,,0.028,0.034,,,,,,
7875,7875,1,,0.025,0.036,,,,,,
7886,1,7886,,,,,,0.051,,,
7886,7886,1,,,,,,0.048,,,
7922,1,7922,,,,,,0.035,,,
7922,7922,1,,,,,,0.066,,,
7933,1,7933,,0.051,0.038,,,,,,
7933,7933,1,,0.027,0.06,,,,,,
7940,1,7940,,,,0.117,,,,,
7940,7940,1,,,,0.136,,,,,
7958,1,7958,,,,,,0.036,,,
7958,7958,1,,,,,,0.082,,,
7963,1,7963,,,0.047,,,,,,
7963,7963,1,,,0.056,,,,,,
7992,1,7992,,0.043,0.083,,,,,,
7992,7992,1,,0.023,0.03,,,,,,
7994,1,7994,,,,,,0.037,,,
7994,7994,1,,,,,,0.052,,,
8010,89,90,,0.016,0.018,0.117,,0.037,,,
8013,1,8013,,,,0.127,,,,,
8013,8013,1,,,,0.126,,,,,
8030,1,8030,,,,,,0.068,,,
8030,8030,1,,,,,,0.052,,,
8050,1,8050,,0.03,0.077,,,,,,
8050,8050,1,,0.027,0.038,,,,,,
8066,1,8066,,,,,,0.051,,,
8066,8066,1,,,,,,0.052,,,
8085,1,8085,,0.058,,,,,,,
8085,8085,1,,0.031,,,,,,,
8086,1,8086,,,,0.125,,,,,
8086,8086,1,,,,0.122,,,,,
8102,1,8102,,,,,,0.102,,,
8102,8102,1,,,,,,0.051,,,
8108,1,8108,,0.028,0.046,,,,,,
8108,8108,1,,0.037,0.054,,,,,,
8138,1,8138,,,,,,0.063,,,
8138,8138,1,,,,,,0.047,,,
8159,1,8159,,,,0.125,,,,,
8159,8159,1,,,,0.119,,,,,
8167,1,8167,,0.038,0.069,,,,,,
8167,8167,1,,0.024,0.029,,,,,,
8174,1,8174,,,,,,0.098,,,
8174,8174,1,,,,,,0.054,,,
8190,90,91,,0.017,0.043,0.123,,0.039,,,
8210,1,8210,,,,,,0.042,,,
8210,8210,1,,,,,,0.087,,,
8225,1,8225,,0.037,0.042,,,,,,
8225,8225,1,,0.031,0.037,,,,,,
8231,1,8231,,,,0.108,,,,,
8231,8231,1,,,,0.134,,,,,
8246,1,8246,,,,,,0.04,,,
8246,8246,1,,,,,,0.053,,,
8269,1,8269,,,0.055,,,,,,
8269,8269,1,,,0.032,,,,,,
8282,1,8282,,,,,,0.038,,,
8282,8282,1,,,,,,0.052,,,
8283,1,8283,,0.034,0.065,,,,,,
8283,8283,1,,0.033,0.047,,,,,,
8304,1,8304,,,,0.107,,,,,
8304,8304,1,,,,0.133,,,,,
8319,1,8319,,,,,,0.046,,,
8319,8319,1,,,,,,0.05,,,
8330,1,8330,,0.03,,,,,,,
8330,8330,1,,0.043,,,,,,,
8342,1,8342,,0.061,0.046,,,,,,
8342,8342,1,,0.027,0.03,,,,,,
8355,1,8355,,,,,,0.045,,,
8355,8355,1,,,,,,0.049,,,
8372,91,92,,0.017,0.019,0.099,,0.037,,,
8377,1,8377,,,,0.106,,,,,
8377,8377,1,,,,0.135,,,,,
8391,1,8391,,,,,,0.055,,,
8391,8391,1,,,,,,0.062,,,
8400,1,8400,,0.078,0.064,,,,,,
8400,8400,1,,0.027,0.048,,,,,,
8427,1,8427,,,,,,0.043,,,
8427,8427,1,,,,,,0.08,,,
8450,1,8450,,,,0.118,,,,,
8450,8450,1,,,,0.119,,,,,
8458,1,8458,,0.033,0.073,,,,,,
8458,8458,1,,0.035,0.031,,,,,,
8463,1,8463,,,,,,0.038,,,
8463,8463,1,,,,,,0.062,,,
8499,1,8499,,,,,,0.062,,,
8499,8499,1,,,,,,0.052,,,
8517,1,8517,,0.032,0.057,,,,,,
8517,8517,1,,0.035,0.036,,,,,,
8534,1,8534,,,,0.11,,,,,
8534,8534,1,,,,0.131,,,,,
8535,1,8535,,,,,,0.067,,,
8535,8535,1,,,,,,0.055,,,
8556,92,93,,0.041,0.026,0.113,,0.073,,,
8571,1,8571,,,,,,0.042,,,
8571,8571,1,,,,,,0.059,,,
8575,1,8575,,0.038,0.037,,,,,,
8575,8575,1,,0.056,0.066,,,,,,
8607,1,8607,,,,,,0.038,,,
8607,8607,1,,,,,,0.075,,,
8619,1,8619,,,,0.125,,,,,
8619,8619,1,,,,0.126,,,,,
8633,1,8633,,0.046,0.045,,,,,,
8633,8633,1,,0.025,0.056,,,,,,
8643,1,8643,,,,,,0.04,,,
8643,8643,1,,,,,,0.076,,,
8679,1,8679,,,,,,0.039,,,
8679,8679,1,,,,,,0.047,,,
8692,1,8692,,0.044,0.054,,,,,,
8692,8692,1,,0.024,0.06,,,,,,
8703,1,8703,,,,0.118,,,,,
8703,8703,1,,,,0.125,,,,,
8715,1,8715,,,,,,0.039,,,
8715,8715,1,,,,,,0.049,,,
8742,93,94,,0.017,0.018,0.127,,0.038,,,
8750,1,8750,,0.053,0.051,,,,,,
8750,8750,1,,0.032,0.045,,,,,,
8751,1,8751,,,,,,0.04,,,
8751,8751,1,,,,,,0.068,,,
8787,1,8787,,,,,,0.093,,,
8787,8787,1,,,,,,0.05,,,
8788,1,8788,,,,0.108,,,,,
8788,8788,1,,,,0.134,,,,,
8808,1,8808,,0.034,0.047,,,,,,
8808,8808,1,,0.034,0.062,,,,,,
8820,1,8820,,0.042,,,,,,,
8820,8820,1,,0.041,,,,,,,
8823,1,8823,,,,,,0.044,,,
8823,8823,1,,,,,,0.054,,,
8859,1,8859,,,,,,0.061,,,
8859,8859,1,,,,,,0.055,,,
8867,1,8867,,0.042,0.084,,,,,,
8867,8867,1,,0.026,0.084,,,,,,
8872,1,8872,,,,0.109,,,,,
8872,8872,1,,,,0.126,,,,,
8881,1,8881,,,0.045,,,,,,
8881,8881,1,,,0.032,,,,,,
8895,1,8895,,,,,,0.061,,,
8895,8895,1,,,,,,0.079,,,
8925,1,8925,,0.036,0.079,,,,,,
8925,8925,1,,0.031,0.033,,,,,,
8930,94,95,,0.03,0.028,0.115,,0.043,,,
8931,1,8931,,,,,,0.044,,,
8931,8931,1,,,,,,0.082,,,
8957,1,8957,,,,0.122,,,,,
8957,8957,1,,,,0.125,,,,,
8967,1,8967,,,,,,0.04,,,
8967,8967,1,,,,,,0.103,,,
8983,1,8983,,0.033,0.086,,,,,,
8983,8983,1,,0.027,0.035,,,,,,
9003,1,9003,,,,,,0.041,,,
9003,9003,1,,,,,,0.063,,,
9039,1,9039,,,,,,0.042,,,
9039,9039,1,,,,,,0.075,,,
9041,1,9041,,,,0.113,,,,,
9041,9041,1,,,,0.16,,,,,
9042,1,9042,,0.041,0.041,,,,,,
9042,9042,1,,0.029,0.06,,,,,,
9065,1,9065,,0.037,,,,,,,
9065,9065,1,,0.034,,,,,,,
9075,1,9075,,,,,,0.038,,,
9075,9075,1,,,,,,0.058,,,
9100,1,9100,,0.034,0.049,,,,,,
9100,9100,1,,0.039,0.06,,,,,,
9111,1,9111,,,,,,0.042,,,
9111,9111,1,,,,,,0.062,,,
9120,95,96,,0.018,0.018,0.127,,0.044,,,
9126,1,9126,,,,0.14,,,,,
9126,9126,1,,,,0.124,,,,,
9147,1,9147,,,,,,0.047,,,
9147,9147,1,,,,,,0.078,,,
9158,1,9158,,0.04,0.043,,,,,,
9158,9158,1,,0.026,0.065,,,,,,
9183,1,9183,,,,,,0.047,,,
9183,9183,1,,,,,,0.073,,,
9188,1,9188,,,0.045,,,,,,
9188,9188,1,,,0.044,,,,,,
9210,1,9210,,,,0.13,,,,,
9210,9210,1,,,,0.139,,,,,
9217,1,9217,,0.054,0.044,,,,,,
9217,9217,1,,0.034,0.063,,,,,,
9219,1,9219,,,,,,0.066,,,
9219,9219,1,,,,,,0.055,,,
9255,1,9255,,,,,,0.065,,,
9255,9255,1,,,,,,0.058,,,
9275,1,9275,,0.063,0.057,,,,,,
9275,9275,1,,0.026,0.045,,,,,,
9291,1,9291,,,,,,0.044,,,
9291,9291,1,,,,,,0.088,,,
9295,1,9295,,,,0.128,,,,,
9295,9295,1,,,,0.128,,,,,
9310,1,9310,,0.043,,,,,,,
9310,9310,1,,0.049,,,,,,,
9312,96,97,,0.019,0.019,0.121,,0.044,,,
9327,1,9327,,,,,,0.043,,,
9327,9327,1,,,,,,0.069,,,
9333,1,9333,,0.051,0.046,,,,,,
9333,9333,1,,0.042,0.059,,,,,,
9363,1,9363,,,,,,0.064,,,
9363,9363,1,,,,,,0.053,,,
9379,1,9379,,,,0.118,,,,,
9379,9379,1,,,,0.132,,,,,
9392,1,9392,,0.032,0.059,,,,,,
9392,9392,1,,0.036,0.059,,,,,,
9399,1,9399,,,,,,0.062,,,
9399,9399,1,,,,,,0.056,,,
9435,1,9435,,,,,,0.046,,,
9435,9435,1,,,,,,0.075,,,
9450,1,9450,,0.048,0.053,,,,,,
9450,9450,1,,0.029,0.056,,,,,,
9453,1,9453,,,,,,0.049,,,
9453,9453,1,,,,,,0.083,,,
9464,1,9464,,,,0.131,,,,,
9464,9464,1,,,,0.142,,,,,
9471,1,9471,,,,,,0.051,,,
9471,9471,1,,,,,,0.105,,,
9494,1,9494,,,0.046,,,,,,
9494,9494,1,,,0.062,,,,,,
9506,1,9506,,,,0.118,,,,,
9506,97,98,,0.018,0.032,0.11,,0.057,,,
9506,9506,1,,,,0.14,,,,,
9507,1,9507,,,,,,0.043,,,
9507,9507,1,,,,,,0.076,,,
9508,1,9508,,0.043,0.053,,,,,,
9508,9508,1,,0.034,0.058,,,,,,
9543,1,9543,,,,,,0.065,,,
9543,9543,1,,,,,,0.06,,,
9548,1,9548,,,,0.132,,,,,
9548,9548,1,,,,0.124,,,,,
9555,1,9555,,0.034,,,,,,,
9555,9555,1,,0.034,,,,,,,
9567,1,9567,,0.039,0.081,,,,,,
9567,9567,1,,0.028,0.087,,,,,,
9579,1,9579,,,,,,0.053,,,
9579,9579,1,,,,,,0.077,,,
9615,1,9615,,,,,,0.042,,,
9615,9615,1,,,,,,0.057,,,
9625,1,9625,,0.041,0.074,,,,,,
9625,9625,1,,0.039,0.079,,,,,,
9633,1,9633,,,,0.122,,,,,
9633,9633,1,,,,0.131,,,,,
9651,1,9651,,,,,,0.063,,,
9651,9651,1,,,,,,0.056,,,
9683,1,9683,,0.033,0.087,,,,,,
9683,9683,1,,0.033,0.065,,,,,,
9687,1,9687,,,,,,0.076,,,
9687,9687,1,,,,,,0.078,,,
9702,98,99,,0.02,0.021,0.131,,0.056,,,
9717,1,9717,,,,0.128,,,,,
9717,9717,1,,,,0.127,,,,,
9723,1,9723,,,,,,0.041,,,
9723,9723,1,,,,,,0.095,,,
9742,1,9742,,0.056,0.084,,,,,,
9742,9742,1,,0.032,0.038,,,,,,
9759,1,9759,,,,,,0.058,,,
9759,9759,1,,,,,,0.085,,,
9795,1,9795,,,,,,0.048,,,
9795,9795,1,,,,,,0.08,,,
9800,1,9800,,0.035,0.066,,,,,,
9800,9800,1,,0.046,0.046,,,,,,
9802,1,9802,,,,0.124,,,,,
9802,9802,1,,,,0.137,,,,,
9831,1,9831,,,,,,0.043,,,
9831,9831,1,,,,,,0.08,,,
9858,1,9858,,0.071,0.078,,,,,,
9858,9858,1,,0.035,0.061,,,,,,
9867,1,9867,,,,,,0.061,,,
9867,9867,1,,,,,,0.108,,,
9886,1,9886,,,,0.12,,,,,
9886,9886,1,,,,0.141,,,,,
9900,99,100,,0.02,0.021,0.122,,0.056,,,
9903,1,9903,,,,,,0.042,,,
9903,9903,1,,,,,,0.059,,,
9917,1,9917,,0.052,0.051,,,,,,
9917,9917,1,,0.048,0.042,,,,,,
9939,1,9939,,,,,,0.064,,,
9939,9939,1,,,,,,0.062,,,
9971,1,9971,,,,0.129,,,,,
9971,9971,1,,,,0.136,,,,,
9975,1,9975,,0.057,0.061,,,0.069,,,
9975,9975,1,,0.03,0.046,,,0.063,,,
10011,1,10011,,,,,,0.066,,,
10011,10011,1,,,,,,0.06,,,
10033,1,10033,,0.046,0.059,,,,,,
10033,10033,1,,0.053,0.043,,,,,,
10047,1,10047,,,,,,0.044,,,
10047,10047,1,,,,,,0.108,,,
10055,1,10055,,,,0.133,,,,,
10055,10055,1,,,,0.132,,,,,
10083,1,10083,,,,,,0.042,,,
10083,10083,1,,,,,,0.085,,,
10092,1,10092,,0.061,0.062,,,,,,
10092,10092,1,,0.033,0.058,,,,,,
10100,100,101,,0.021,0.046,0.122,,0.069,,,
10106,1,10106,,0.048,,,,,,,
10106,10106,1,,0.05,,,,,,,
10119,1,10119,,,,,,0.06,,,
10119,10119,1,,,,,,0.074,,,
10140,1,10140,,,,0.124,,,,,
10140,10140,1,,,,0.142,,,,,
10150,1,10150,,0.06,0.056,,,,,,
10150,10150,1,,0.035,0.065,,,,,,
10155,1,10155,,,,,,0.043,,,
10155,10155,1,,,,,,0.069,,,
10191,1,10191,,,,,,0.056,,,
10191,10191,1,,,,,,0.113,,,
10208,1,10208,,0.04,0.057,,,,,,
10208,10208,1,,0.03,0.057,,,,,,
10209,1,10209,,,,,,0.046,,,
10209,10209,1,,,,,,0.079,,,
10224,1,10224,,,,0.128,,,,,
10224,10224,1,,,,0.144,,,,,
10227,1,10227,,,,,,0.045,,,
10227,10227,1,,,,,,0.091,,,
10263,1,10263,,,,,,0.066,,,
10263,10263,1,,,,,,0.108,,,
10267,1,10267,,0.044,0.056,,,,,,
10267,10267,1,,0.029,0.062,,,,,,
10290,1,10290,,,0.061,,,,,,
10290,10290,1,,,0.046,,,,,,
10299,1,10299,,,,,,0.047,,,
10299,10299,1,,,,,,0.122,,,
10302,101,102,,0.038,0.044,0.127,,0.053,,,
10309,1,10309,,,,0.133,,,,,
10309,10309,1,,,,0.138,,,,,
10325,1,10325,,0.042,0.07,,,,,,
10325,10325,1,,0.034,0.073,,,,,,
10335,1,10335,,,,,,0.071,,,
10335,10335,1,,,,,,0.087,,,
10371,1,10371,,,,,,0.046,,,
10371,10371,1,,,,,,0.076,,,
10383,1,10383,,0.062,0.06,,,,,,
10383,10383,1,,0.032,0.056,,,,,,
10393,1,10393,,,,0.139,,,,,
10393,10393,1,,,,0.137,,,,,
10407,1,10407,,,,,,0.058,,,
10407,10407,1,,,,,,0.098,,,
10413,1,10413,,0.034,,,,,,,
10413,10413,1,,0.044,,,,,,,
10442,1,10442,,0.053,0.078,,,,,,
10442,10442,1,,0.034,0.085,,,,,,
10443,1,10443,,,,,,0.046,,,
10443,10443,1,,,,,,0.061,,,
10478,1,10478,,,,0.157,,,,,
10478,10478,1,,,,0.157,,,,,
10479,1,10479,,,,,,0.059,,,
10479,10479,1,,,,,,0.072,,,
10500,1,10500,,0.042,0.092,,,,,,
10500,10500,1,,0.029,0.047,,,,,,
10506,102,103,,0.037,0.025,0.139,,0.078,,,
10515,1,10515,,,,,,0.086,,,
10515,10515,1,,,,,,0.065,,,
10551,1,10551,,,,,,0.072,,,
10551,10551,1,,,,,,0.085,,,
10558,1,10558,,0.051,0.049,,,,,,
10558,10558,1,,0.041,0.062,,,,,,
10562,1,10562,,,,0.119,,,,,
10562,10562,1,,,,0.187,,,,,
10563,1,10563,,,,0.114,,,,,
10563,10563,1,,,,0.168,,,,,
10587,1,10587,,,,,,0.051,,,
10587,10587,1,,,,,,0.092,,,
10617,1,10617,,0.059,0.124,,,,,,
10617,10617,1,,0.047,0.075,,,,,,
10623,1,10623,,,,,,0.059,,,
10623,10623,1,,,,,,0.079,,,
10659,1,10659,,,,,,0.069,,,
10659,10659,1,,,,,,0.062,,,
10663,1,10663,,,,0.149,,,,,
10663,10663,1,,,,0.132,,,,,
10675,1,10675,,0.04,0.084,,,,,,
10675,10675,1,,0.037,0.061,,,,,,
10695,1,10695,,,,,,0.047,,,
10695,10695,1,,,,,,0.073,,,
10712,103,104,,0.025,0.024,0.159,,0.048,,,
10719,1,10719,,0.051,,,,,,,
10719,10719,1,,0.046,,,,,,,
10731,1,10731,,,,,,0.05,,,
10731,10731,1,,,,,,0.081,,,
10733,1,10733,,0.043,0.078,,,,,,
10733,10733,1,,0.055,0.054,,,,,,
10763,1,10763,,,,0.117,,,,,
10763,10763,1,,,,0.149,,,,,
10767,1,10767,,,,,,0.056,,,
10767,10767,1,,,,,,0.067,,,
10780,1,10780,,,0.102,,,,,,
10780,10780,1,,,0.078,,,,,,
10792,1,10792,,0.051,0.071,,,,,,
10792,10792,1,,0.032,0.054,,,,,,
10803,1,10803,,,,,,0.048,,,
10803,10803,1,,,,,,0.071,,,
10839,1,10839,,,,,,0.058,,,
10839,10839,1,,,,,,0.072,,,
10850,1,10850,,0.051,0.067,,,,,,
10850,10850,1,,0.044,0.053,,,,,,
10864,1,10864,,,,0.139,,,,,
10864,10864,1,,,,0.147,,,,,
10875,1,10875,,,,,,0.054,,,
10875,10875,1,,,,,,0.08,,,
10908,1,10908,,0.05,0.083,,,,,,
10908,10908,1,,0.057,0.087,,,,,,
10911,1,10911,,,,,,0.053,,,
10911,10911,1,,,,,,0.074,,,
10920,104,105,,0.026,0.045,0.125,,0.052,,,
10947,1,10947,,,,,,0.062,,,
10947,10947,1,,,,,,0.107,,,
10964,1,10964,,,,0.122,,,,,
10964,10964,1,,,,0.137,,,,,
10965,1,10965,,,,,,0.096,,,
10965,10965,1,,,,,,0.071,,,
10967,1,10967,,0.071,0.069,,,,,,
10967,10967,1,,0.064,0.068,,,,,,
10983,1,10983,,,,,,0.049,,,
10983,10983,1,,,,,,0.078,,,
11019,1,11019,,,,,,0.073,,,
11019,11019,1,,,,,,0.107,,,
11025,1,11025,,0.051,0.084,,,,,,
11025,105,105,,0.024,0.026,,,,,,
11025,11025,1,,0.043,0.064,,,,,,
11055,1,11055,,,,,,0.178,,,
11055,11055,1,,,,,,0.066,,,
11065,1,11065,,,,0.126,,,,,
11065,11065,1,,,,0.145,,,,,
11083,1,11083,,0.083,0.057,,,,,,
11083,11083,1,,0.031,0.066,,,,,,
11091,1,11091,,,,,,0.063,,,
11091,11091,1,,,,,,0.081,,,
11127,1,11127,,,,,,0.087,,,
11127,11127,1,,,,,,0.071,,,
11130,105,106,,0.032,0.027,0.124,,0.053,,,
11142,1,11142,,0.062,0.084,,,,,,
11142,11142,1,,0.037,0.061,,,,,,
11163,1,11163,,,,,,0.049,,,
11163,11163,1,,,,,,0.071,,,
11166,1,11166,,,,0.126,,,,,
11166,11166,1,,,,0.154,,,,,
11199,1,11199,,,,,,0.058,,,
11199,11199,1,,,,,,0.109,,,
11200,1,11200,,0.049,0.066,,,,,,
11200,11200,1,,0.042,0.084,,,,,,
11235,1,11235,,,,,,0.077,,,
11235,11235,1,,,,,,0.067,,,
11258,1,11258,,0.061,0.072,,,,,,
11258,11258,1,,0.047,0.069,,,,,,
11266,1,11266,,,,0.124,,,,,
11266,11266,1,,,,0.15,,,,,
11270,1,11270,,,0.096,,,,,,
11270,11270,1,,,0.062,,,,,,
11271,1,11271,,,,,,0.055,,,
11271,11271,1,,,,,,0.112,,,
11307,1,11307,,,,,,0.053,,,
11307,11307,1,,,,,,0.114,,,
11317,1,11317,,0.064,0.07,,,,,,
11317,11317,1,,0.033,0.057,,,,,,
11331,1,11331,,0.05,,,,,,,
11331,11331,1,,0.037,,,,,,,
11342,106,107,,0.031,0.059,0.128,,0.064,,,
11344,1,11344,,,,,,0.063,,,
11344,11344,1,,,,,,0.112,,,
11367,1,11367,,,,0.124,,,,,
11367,11367,1,,,,0.165,,,,,
11375,1,11375,,0.038,0.129,,,,,,
11375,11375,1,,0.036,0.095,,,,,,
11380,1,11380,,,,,,0.079,,,
11380,11380,1,,,,,,0.075,,,
11416,1,11416,,,,,,0.062,,,
11416,11416,1,,,,,,0.072,,,
11433,1,11433,,0.043,0.11,,,,,,
11433,11433,1,,0.056,0.07,,,,,,
11452,1,11452,,,,,,0.085,,,
11452,11452,1,,,,,,0.122,,,
11468,1,11468,,,,0.127,,,,,
11468,11468,1,,,,0.157,,,,,
11488,1,11488,,,,,,0.058,,,
11488,11488,1,,,,,,0.084,,,
11492,1,11492,,0.057,0.089,,,,,,
11492,11492,1,,0.032,0.057,,,,,,
11524,1,11524,,,,,,0.144,,,
11524,11524,1,,,,,,0.079,,,
11550,1,11550,,0.046,0.083,,,,,,
11550,11550,1,,0.038,0.052,,,,,,
11556,107,108,,0.025,0.041,0.118,,0.057,,,
11560,1,11560,,,,,,0.088,,,
11560,11560,1,,,,,,0.112,,,
11568,1,11568,,,,0.137,,,,,
11568,11568,1,,,,0.139,,,,,
11596,1,11596,,,,,,0.051,,,
11596,11596,1,,,,,,0.081,,,
11608,1,11608,,0.054,0.063,,,,,,
11608,11608,1,,0.051,0.1,,,,,,
11619,1,11619,,,,0.127,,,,,
11619,11619,1,,,,0.135,,,,,
11632,1,11632,,,,,,0.062,,,
11632,11632,1,,,,,,0.105,,,
11638,1,11638,,0.047,,,,,,,
11638,11638,1,,0.044,,,,,,,
11667,1,11667,,0.066,0.083,,,,,,
11667,11667,1,,0.05,0.066,,,,,,
11668,1,11668,,,,,,0.069,,,
11668,11668,1,,,,,,0.113,,,
11669,1,11669,,,,0.127,,,,,
11669,11669,1,,,,0.15,,,,,
11704,1,11704,,,,,,0.053,,,
11704,11704,1,,,,,,0.105,,,
11722,1,11722,,,,,,0.118,,,
11722,11722,1,,,,,,0.134,,,
11725,1,11725,,0.053,0.068,,,,,,
11725,11725,1,,0.046,0.072,,,,,,
11740,1,11740,,,,,,0.055,,,
11740,11740,1,,,,,,0.071,,,
11760,1,11760,,,0.095,,,,,,
11760,11760,1,,,0.079,,,,,,
11769,1,11769,,,,0.124,,,,,
11769,11769,1,,,,0.146,,,,,
11772,108,109,,0.025,0.064,0.128,,0.059,,,
11776,1,11776,,,,,,0.059,,,
11776,11776,1,,,,,,0.083,,,
11783,1,11783,,0.064,0.121,,,,,,
11783,11783,1,,0.049,0.073,,,,,,
11812,1,11812,,,,,,0.091,,,
11812,11812,1,,,,,,0.144,,,
11842,1,11842,,0.072,0.084,,,,,,
11842,11842,1,,0.035,0.066,,,,,,
11848,1,11848,,,,,,0.052,,,
11848,11848,1,,,,,,0.07,,,
11870,1,11870,,,,0.128,,,,,
11870,11870,1,,,,0.156,,,,,
11884,1,11884,,,,,,0.062,,,
11884,11884,1,,,,,,0.077,,,
11900,1,11900,,0.058,0.127,,,,,,
11900,11900,1,,0.049,0.092,,,,,,
11920,1,11920,,,,,,0.06,,,
11920,11920,1,,,,,,0.111,,,
11944,1,11944,,0.049,,,,,,,
11944,11944,1,,0.053,,,,,,,
11956,1,11956,,,,,,0.085,,,
11956,11956,1,,,,,,0.109,,,
11958,1,11958,,0.059,0.061,,,,,,
11958,11958,1,,0.068,0.09,,,,,,
11971,1,11971,,,,0.128,,,,,
11971,11971,1,,,,0.155,,,,,
11990,109,110,,0.024,0.025,0.137,,0.061,,,
11992,1,11992,,,,,,0.066,,,
11992,11992,1,,,,,,0.089,,,
12017,1,12017,,0.065,0.08,,,,,,
12017,12017,1,,0.075,0.066,,,,,,
12028,1,12028,,,,,,0.061,,,
12028,12028,1,,,,,,0.099,,,
12064,1,12064,,,,,,0.093,,,
12064,12064,1,,,,,,0.112,,,
12071,1,12071,,,,0.125,,,,,
12071,12071,1,,,,0.161,,,,,
12075,1,12075,,0.07,0.054,,,,,,
12075,12075,1,,0.037,0.071,,,,,,
12100,1,12100,,,,,,0.12,,,
12100,110,110,,,,,,0.073,,,
12100,12100,1,,,,,,0.077,,,
12133,1,12133,,0.08,0.108,,,,,,
12133,12133,1,,0.043,0.072,,,,,,
12172,1,12172,,,,0.154,,,,,
12172,12172,1,,,,0.147,,,,,
12192,1,12192,,0.045,0.075,,,,,,
12192,12192,1,,0.05,0.101,,,,,,
12210,110,111,,0.036,0.027,0.146,,,,,
12250,1,12250,,0.069,0.103,,,,,,
12250,12250,1,,0.058,0.066,,,,,,
12273,1,12273,,,,0.147,,,,,
12273,12273,1,,,,0.153,,,,,
12308,1,12308,,0.05,0.078,,,,,,
12308,12308,1,,0.058,0.067,,,,,,
12367,1,12367,,0.057,0.069,,,,,,
12367,12367,1,,0.07,0.073,,,,,,
12373,1,12373,,,,0.129,,,,,
12373,12373,1,,,,0.154,,,,,
12425,1,12425,,0.065,0.13,,,,,,
12425,12425,1,,0.045,0.106,,,,,,
12432,111,112,,0.029,0.025,0.154,,,,,
12474,1,12474,,,,0.125,,,,,
12474,12474,1,,,,0.159,,,,,
12483,1,12483,,0.051,0.08,,,,,,
12483,12483,1,,0.053,0.079,,,,,,
12542,1,12542,,0.053,0.073,,,,,,
12542,12542,1,,0.062,0.095,,,,,,
12574,1,12574,,,,0.136,,,,,
12574,12574,1,,,,0.167,,,,,
12600,1,12600,,0.062,0.075,,,,,,
12600,12600,1,,0.065,0.061,,,,,,
12656,112,113,,0.033,0.026,0.123,,,,,
12658,1,12658,,0.082,0.1,,,,,,
12658,12658,1,,0.043,0.091,,,,,,
12675,1,12675,,,,0.122,,,,,
12675,12675,1,,,,0.146,,,,,
12717,1,12717,,0.092,0.085,,,,,,
12717,12717,1,,0.042,0.067,,,,,,
12775,1,12775,,0.099,0.131,,,,,,
12775,12775,1,,0.037,0.085,,,,,,
12786,1,12786,,,,0.127,,,,,
12786,12786,1,,,,0.177,,,,,
12833,1,12833,,0.064,0.077,,,,,,
12833,12833,1,,0.064,0.07,,,,,,
12863,1,12863,,,0.085,,,,,,
12863,12863,1,,,0.071,,,,,,
12882,113,114,,0.027,0.051,0.146,,,,,
12892,1,12892,,0.071,0.139,,,,,,
12892,12892,1,,0.068,0.119,,,,,,
12897,1,12897,,,,0.126,,,,,
12897,12897,1,,,,0.149,,,,,
12950,1,12950,,0.074,0.078,,,,,,
12950,12950,1,,0.05,0.09,,,,,,
13008,1,13008,,0.073,0.059,0.131,,,,,
13008,13008,1,,0.043,0.065,0.164,,,,,
13067,1,13067,,0.064,0.104,,,,,,
13067,13067,1,,0.06,0.093,,,,,,
13110,114,115,,0.028,0.027,0.176,,,,,
13120,1,13120,,,,0.132,,,,,
13120,13120,1,,,,0.155,,,,,
13125,1,13125,,0.083,0.094,,,,,,
13125,13125,1,,0.039,0.066,,,,,,
13183,1,13183,,0.091,0.123,,,,,,
13183,13183,1,,0.038,0.082,,,,,,
13231,1,13231,,,,0.167,,,,,
13231,13231,1,,,,0.178,,,,,
13242,1,13242,,0.066,0.08,,,,,,
13242,13242,1,,0.043,0.096,,,,,,
13300,1,13300,,0.082,0.104,,,,,,
13300,13300,1,,0.064,0.063,,,,,,
13340,115,116,,0.027,0.074,0.135,,,,,
13342,1,13342,,,,0.173,,,,,
13342,13342,1,,,,0.173,,,,,
13358,1,13358,,0.069,0.148,,,,,,
13358,13358,1,,0.053,0.09,,,,,,
13417,1,13417,,0.072,0.071,,,,,,
13417,13417,1,,0.054,0.1,,,,,,
13453,1,13453,,,,0.148,,,,,
13453,13453,1,,,,0.201,,,,,
13475,1,13475,,0.09,0.146,,,,,,
13475,13475,1,,0.039,0.08,,,,,,
13533,1,13533,,0.072,0.07,,,,,,
13533,13533,1,,0.058,0.063,,,,,,
13564,1,13564,,,,0.139,,,,,
13564,13564,1,,,,0.185,,,,,
13572,116,117,,0.038,0.07,0.15,,,,,
13592,1,13592,,0.071,0.141,,,,,,
13592,13592,1,,0.056,0.088,,,,,,
13650,1,13650,,0.079,0.085,,,,,,
13650,13650,1,,0.053,0.092,,,,,,
13675,1,13675,,,,0.148,,,,,
13675,13675,1,,,,0.208,,,,,
13708,1,13708,,0.072,0.16,,,,,,
13708,13708,1,,0.068,0.096,,,,,,
13767,1,13767,,0.072,0.104,,,,,,
13767,13767,1,,0.06,0.103,,,,,,
13787,1,13787,,,,0.142,,,,,
13787,13787,1,,,,0.202,,,,,
13806,117,118,,0.056,0.033,0.155,,,,,
13825,1,13825,,0.066,0.081,,,,,,
13825,13825,1,,0.06,0.095,,,,,,
13883,1,13883,,0.051,0.131,,,,,,
13883,13883,1,,0.066,0.054,,,,,,
13898,1,13898,,,,0.134,,,,,
13898,13898,1,,,,0.208,,,,,
13942,1,13942,,0.051,0.087,,,,,,
13942,13942,1,,0.054,0.1,,,,,,
14000,1,14000,,0.087,0.095,,,,,,
14000,14000,1,,0.066,0.07,,,,,,
14009,1,14009,,,,0.141,,,,,
14009,14009,1,,,,0.179,,,,,
14042,118,119,,0.029,0.035,0.195,,,,,
14058,1,14058,,0.076,0.12,,,,,,
14058,14058,1,,0.066,0.079,,,,,,
14083,1,14083,,,,0.132,,,,,
14083,14083,1,,,,0.186,,,,,
14088,1,14088,,,0.082,,,,,,
14088,14088,1,,,0.096,,,,,,
14117,1,14117,,0.077,0.079,,,,,,
14117,14117,1,,0.056,0.091,,,,,,
14120,1,14120,,,,0.148,,,,,
14120,14120,1,,,,0.159,,,,,
14175,1,14175,,0.072,0.145,,,,,,
14175,14175,1,,0.057,0.084,,,,,,
14231,1,14231,,,,0.154,,,,,
14231,14231,1,,,,0.178,,,,,
14233,1,14233,,0.07,0.122,,,,,,
14233,14233,1,,0.058,0.101,,,,,,
14280,119,120,,0.027,0.067,0.145,,,,,
14292,1,14292,,0.053,0.183,,,,,,
14292,14292,1,,0.049,0.052,,,,,,
14342,1,14342,,,,0.143,,,,,
14342,14342,1,,,,0.161,,,,,
14350,1,14350,,0.069,0.077,,,,,,
14350,14350,1,,0.073,0.106,,,,,,
14408,1,14408,,0.079,0.091,,,,,,
14408,14408,1,,0.065,0.076,,,,,,
14454,1,14454,,,,0.16,,,,,
14454,14454,1,,,,0.166,,,,,
14467,1,14467,,0.091,0.112,,,,,,
14467,14467,1,,0.085,0.097,,,,,,
14520,120,121,,0.058,0.032,0.168,,,,,
14525,1,14525,,0.065,0.141,,,,,,
14525,14525,1,,0.06,0.111,,,,,,
14565,1,14565,,,,0.139,,,,,
14565,14565,1,,,,0.189,,,,,
14583,1,14583,,0.065,0.16,,,,,,
14583,14583,1,,0.043,0.125,,,,,,
14642,1,14642,,0.067,0.083,,,,,,
14642,14642,1,,0.052,0.098,,,,,,
14676,1,14676,,,,0.144,,,,,
14676,14676,1,,,,0.176,,,,,
14700,1,14700,,0.109,0.181,,,,,,
14700,14700,1,,0.077,0.094,,,,,,
14758,1,14758,,0.074,0.128,,,,,,
14758,14758,1,,0.082,0.091,,,,,,
14762,121,122,,0.042,0.051,0.159,,,,,
14787,1,14787,,,,0.153,,,,,
14787,14787,1,,,,0.195,,,,,
14817,1,14817,,0.081,0.093,,,,,,
14817,14817,1,,0.059,0.097,,,,,,
14875,1,14875,,0.063,0.155,,,,,,
14875,14875,1,,0.058,0.088,,,,,,
14919,1,14919,,,,0.135,,,,,
14919,14919,1,,,,0.19,,,,,
14933,1,14933,,0.059,0.078,,,,,,
14933,14933,1,,0.061,0.091,,,,,,
14992,1,14992,,0.089,0.17,,,,,,
14992,14992,1,,0.076,0.123,,,,,,
15006,122,123,,0.04,0.07,0.149,,,,,
15050,1,15050,,0.078,0.076,,,,,,
15050,15050,1,,0.063,0.091,,,,,,
15051,1,15051,,,,0.145,,,,,
15051,15051,1,,,,0.194,,,,,
15108,1,15108,,0.078,0.128,,,,,,
15108,15108,1,,0.058,0.093,,,,,,
15167,1,15167,,0.116,0.081,,,,,,
15167,15167,1,,0.095,0.098,,,,,,
15183,1,15183,,,,0.186,,,,,
15183,15183,1,,,,0.224,,,,,
15190,1,15190,,0.064,,,,,,,
15190,15190,1,,0.051,,,,,,,
15225,1,15225,,0.076,0.143,,,,,,
15225,15225,1,,0.045,0.155,,,,,,
15252,123,124,,0.044,0.032,0.138,,,,,
15283,1,15283,,0.07,0.115,,,,,,
15283,15283,1,,0.058,0.154,,,,,,
15313,1,15313,,,0.108,,,,,,
15313,15313,1,,,0.105,,,,,,
15315,1,15315,,,,0.147,,,,,
15315,15315,1,,,,0.176,,,,,
15342,1,15342,,0.075,0.139,,,,,,
15342,15342,1,,0.055,0.078,,,,,,
15400,1,15400,,0.071,0.126,,,,,,
15400,15400,1,,0.078,0.104,,,,,,
15447,1,15447,,,,0.142,,,,,
15447,15447,1,,,,0.188,,,,,
15458,1,15458,,0.113,0.12,,,,,,
15458,15458,1,,0.07,0.106,,,,,,
15492,1,15492,,,,0.151,,,,,
15492,15492,1,,,,0.174,,,,,
15500,124,125,,0.033,0.06,0.154,,,,,
15517,1,15517,,0.076,0.171,,,,,,
15517,15517,1,,0.064,0.121,,,,,,
15575,1,15575,,0.074,0.182,,,,,,
15575,15575,1,,0.069,0.125,,,,,,
15579,1,15579,,,,0.153,,,,,
15579,15579,1,,,,0.195,,,,,
15633,1,15633,,0.131,0.078,,,,,,
15633,15633,1,,0.123,0.099,,,,,,
15680,1,15680,,0.064,,,,,,,
15680,15680,1,,0.059,,,,,,,
15692,1,15692,,0.081,0.109,,,,,,
15692,15692,1,,0.063,0.097,,,,,,
15711,1,15711,,,,0.161,,,,,
15711,15711,1,,,,0.188,,,,,
15750,1,15750,,0.071,0.144,,,,,,
15750,125,126,,0.038,0.053,0.17,,,,,
15750,15750,1,,0.049,0.146,,,,,,
15808,1,15808,,0.078,0.128,,,,,,
15808,15808,1,,0.089,0.156,,,,,,
15844,1,15844,,,,0.141,,,,,
15844,15844,1,,,,0.207,,,,,
15867,1,15867,,0.079,0.202,,,,,,
15867,15867,1,,0.057,0.065,,,,,,
15925,1,15925,,0.068,0.169,,,,,,
15925,15925,1,,0.063,0.107,,,,,,
15976,1,15976,,,,0.14,,,,,
15976,15976,1,,,,0.213,,,,,
15983,1,15983,,0.084,0.08,,,,,,
15983,15983,1,,0.066,0.1,,,,,,
16002,126,127,,0.04,0.06,0.143,,,,,
16042,1,16042,,0.074,0.154,,,,,,
16042,16042,1,,0.093,0.154,,,,,,
16100,1,16100,,0.1,0.109,,,,,,
16100,16100,1,,0.096,0.074,,,,,,
16108,1,16108,,,,0.151,,,,,
16108,16108,1,,,,0.199,,,,,
16158,1,16158,,0.075,0.171,,,,,,
16158,16158,1,,0.073,0.127,,,,,,
16170,1,16170,,0.083,,,,,,,
16170,16170,1,,0.067,,,,,,,
16217,1,16217,,0.073,0.162,,,,,,
16217,16217,1,,0.077,0.085,,,,,,
16240,1,16240,,,,0.157,,,,,
16240,16240,1,,,,0.185,,,,,
16256,127,128,,0.046,0.057,0.187,,,,,
16275,1,16275,,0.092,0.074,,,,,,
16275,16275,1,,0.059,0.112,,,,,,
16333,1,16333,,0.059,0.125,,,,,,
16333,16333,1,,0.06,0.135,,,,,,
16372,1,16372,,,,0.155,,,,,
16372,16372,1,,,,0.162,,,,,
16392,1,16392,,0.091,0.179,,,,,,
16392,16392,1,,0.085,0.128,,,,,,
16450,1,16450,,0.092,0.173,,,,,,
16450,16450,1,,0.064,0.191,,,,,,
16504,1,16504,,,,0.169,,,,,
16504,16504,1,,,,0.181,,,,,
16508,1,16508,,0.071,0.124,,,,,,
16508,16508,1,,0.079,0.07,,,,,,
16512,128,129,,0.072,0.088,0.173,,,,,
16538,1,16538,,,0.196,,,,,,
16538,16538,1,,,0.108,,,,,,
16567,1,16567,,0.108,0.084,,,,,,
16567,16567,1,,0.085,0.103,,,,,,
16625,1,16625,,0.079,0.155,,,,,,
16625,16625,1,,0.075,0.142,,,,,,
16636,1,16636,,,,0.169,,,,,
16636,16636,1,,,,0.215,,,,,
16660,1,16660,,0.068,,,,,,,
16660,16660,1,,0.06,,,,,,,
16683,1,16683,,0.13,0.178,,,,,,
16683,16683,1,,0.125,0.109,,,,,,
16742,1,16742,,0.077,0.139,,,,,,
16742,16742,1,,0.074,0.099,,,,,,
16768,1,16768,,,,0.2,,,,,
16768,16768,1,,,,0.226,,,,,
16770,129,130,,0.049,0.082,0.188,,,,,
16800,1,16800,,0.072,0.172,,,,,,
16800,16800,1,,0.081,0.114,,,,,,
16858,1,16858,,0.082,0.158,,,,,,
16858,16858,1,,0.069,0.097,,,,,,
16900,1,16900,,,,0.176,,,,,
16900,130,130,,,,0.179,,,,,
16900,16900,1,,,,0.202,,,,,
16917,1,16917,,0.127,0.084,,,,,,
16917,16917,1,,0.081,0.117,,,,,,
16975,1,16975,,0.08,0.156,,,,,,
16975,16975,1,,0.064,0.11,,,,,,
17030,130,131,,0.062,0.051,,,,,,
17033,1,17033,,0.075,0.161,,,,,,
17033,17033,1,,0.087,0.129,,,,,,
17092,1,17092,,0.098,0.196,,,,,,
17092,17092,1,,0.094,0.11,,,,,,
17150,1,17150,,0.089,0.14,,,,,,
17150,17150,1,,0.089,0.172,,,,,,
17208,1,17208,,0.085,,,,,,,
17208,17208,1,,0.081,,,,,,,
17220,1,17220,,,0.163,,,,,,
17220,17220,1,,,0.137,,,,,,
17267,1,17267,,0.095,,,,,,,
17267,17267,1,,0.071,,,,,,,
17290,1,17290,,,0.11,,,,,,
17290,17290,1,,,0.137,,,,,,
17292,131,132,,0.082,0.076,,,,,,
17325,1,17325,,0.073,,,,,,,
17325,17325,1,,0.095,,,,,,,
17360,1,17360,,,0.17,,,,,,
17360,17360,1,,,0.173,,,,,,
17383,1,17383,,0.089,,,,,,,
17383,17383,1,,0.063,,,,,,,
17430,1,17430,,,0.165,,,,,,
17430,17430,1,,,0.113,,,,,,
17442,1,17442,,0.129,,,,,,,
17442,17442,1,,0.083,,,,,,,
17500,1,17500,,0.086,0.118,,,,,,
17500,17500,1,,0.059,0.103,,,,,,
17556,132,133,,0.074,0.101,,,,,,
17558,1,17558,,0.121,,,,,,,
17558,17558,1,,0.104,,,,,,,
17570,1,17570,,,0.164,,,,,,
17570,17570,1,,,0.118,,,,,,
17617,1,17617,,0.129,,,,,,,
17617,17617,1,,0.067,,,,,,,
17640,1,17640,,,0.17,,,,,,
17640,17640,1,,,0.154,,,,,,
17675,1,17675,,0.134,,,,,,,
17675,17675,1,,0.065,,,,,,,
17710,1,17710,,,0.195,,,,,,
17710,17710,1,,,0.104,,,,,,
17733,1,17733,,0.078,,,,,,,
17733,17733,1,,0.061,,,,,,,
17763,1,17763,,0.088,,,,,,,
17763,17763,1,,0.077,,,,,,,
17780,1,17780,,,0.155,,,,,,
17780,17780,1,,,0.151,,,,,,
17792,1,17792,,0.071,,,,,,,
17792,17792,1,,0.058,,,,,,,
17822,133,134,,0.066,0.089,,,,,,
17850,1,17850,,0.123,0.149,,,,,,
17850,17850,1,,0.094,0.109,,,,,,
17908,1,17908,,0.083,,,,,,,
17908,17908,1,,0.067,,,,,,,
17920,1,17920,,,0.174,,,,,,
17920,17920,1,,,0.118,,,,,,
17967,1,17967,,0.076,0.191,,,,,,
17967,17967,1,,0.079,0.116,,,,,,
17990,1,17990,,,0.171,,,,,,
17990,17990,1,,,0.16,,,,,,
18025,1,18025,,0.096,,,,,,,
18025,18025,1,,0.079,,,,,,,
18060,1,18060,,,0.185,,,,,,
18060,18060,1,,,0.142,,,,,,
18083,1,18083,,0.143,,,,,,,
18083,18083,1,,0.134,,,,,,,
18090,134,135,,0.052,0.086,,,,,,
18130,1,18130,,,0.209,,,,,,
18130,18130,1,,,0.115,,,,,,
18142,1,18142,,0.088,,,,,,,
18142,18142,1,,0.09,,,,,,,
18200,1,18200,,0.075,0.162,,,,,,
18200,18200,1,,0.064,0.121,,,,,,
18258,1,18258,,0.111,,,,,,,
18258,18258,1,,0.07,,,,,,,
18270,1,18270,,,0.184,,,,,,
18270,18270,1,,,0.188,,,,,,
18317,1,18317,,0.09,,,,,,,
18317,18317,1,,0.093,,,,,,,
18340,1,18340,,,0.182,,,,,,
18340,18340,1,,,0.136,,,,,,
18360,135,136,,0.037,0.079,,,,,,
18375,1,18375,,0.082,,,,,,,
18375,18375,1,,0.076,,,,,,,
18410,1,18410,,,0.099,,,,,,
18410,18410,1,,,0.137,,,,,,
18433,1,18433,,0.089,,,,,,,
18433,18433,1,,0.079,,,,,,,
18480,1,18480,,,0.149,,,,,,
18480,18480,1,,,0.102,,,,,,
18492,1,18492,,0.118,,,,,,,
18492,18492,1,,0.079,,,,,,,
18550,1,18550,,0.076,0.148,,,,,,
18550,18550,1,,0.077,0.125,,,,,,
18608,1,18608,,0.068,,,,,,,
18608,18608,1,,0.083,,,,,,,
18620,1,18620,,,0.198,,,,,,
18620,18620,1,,,0.132,,,,,,
18632,136,137,,0.265,0.12,,,,,,
18667,1,18667,,0.114,,,,,,,
18667,18667,1,,0.126,,,,,,,
18690,1,18690,,,0.184,,,,,,
18690,18690,1,,,0.185,,,,,,
18725,1,18725,,0.083,,,,,,,
18725,18725,1,,0.078,,,,,,,
18760,1,18760,,,0.156,,,,,,
18760,18760,1,,,0.128,,,,,,
18783,1,18783,,0.156,0.145,,,,,,
18783,18783,1,,0.059,0.125,,,,,,
18830,1,18830,,,0.176,,,,,,
18830,18830,1,,,0.159,,,,,,
18842,1,18842,,0.085,,,,,,,
18842,18842,1,,0.106,,,,,,,
18900,1,18900,,0.084,0.201,,,,,,
18900,18900,1,,0.072,0.156,,,,,,
18906,137,138,,0.039,0.108,,,,,,
18958,1,18958,,0.129,,,,,,,
18958,18958,1,,0.079,,,,,,,
18970,1,18970,,,0.192,,,,,,
18970,18970,1,,,0.114,,,,,,
18988,1,18988,,0.115,,,,,,,
18988,18988,1,,0.093,,,,,,,
19017,1,19017,,0.093,,,,,,,
19017,19017,1,,0.088,,,,,,,
19040,1,19040,,,0.153,,,,,,
19040,19040,1,,,0.11,,,,,,
19075,1,19075,,0.144,,,,,,,
19075,19075,1,,0.096,,,,,,,
19110,1,19110,,,0.195,,,,,,
19110,19110,1,,,0.116,,,,,,
19133,1,19133,,0.111,,,,,,,
19133,19133,1,,0.088,,,,,,,
19180,1,19180,,,0.119,,,,,,
19180,19180,1,,,0.125,,,,,,
19182,138,139,,0.091,0.064,,,,,,
19192,1,19192,,0.079,,,,,,,
19192,19192,1,,0.085,,,,,,,
19250,1,19250,,0.13,0.188,,,,,,
19250,19250,1,,0.091,0.17,,,,,,
19308,1,19308,,0.083,,,,,,,
19308,19308,1,,0.082,,,,,,,
19320,1,19320,,,0.202,,,,,,
19320,19320,1,,,0.14,,,,,,
19367,1,19367,,0.088,,,,,,,
19367,19367,1,,0.081,,,,,,,
19390,1,19390,,,0.155,,,,,,
19390,19390,1,,,0.169,,,,,,
19425,1,19425,,0.122,,,,,,,
19425,19425,1,,0.114,,,,,,,
19460,1,19460,,,0.121,,,,,,
19460,139,140,,0.098,0.079,,,,,,
19460,19460,1,,,0.127,,,,,,
19483,1,19483,,0.09,,,,,,,
19483,19483,1,,0.083,,,,,,,
19530,1,19530,,,0.151,,,,,,
19530,19530,1,,,0.152,,,,,,
19542,1,19542,,0.187,,,,,,,
19542,19542,1,,0.09,,,,,,,
19600,1,19600,,0.092,0.169,,,,,,
19600,140,140,,0.048,0.043,,,,,,
19600,19600,1,,0.071,0.091,,,,,,