param-n,abstract-regression-quadratic-real,abstract-regression-quadratic-sys,abstract-regression-quadratic-user,build-I-regression-linear-real,build-I-regression-linear-sys,build-I-regression-linear-user,build-admit-cast-regression-linear-real,build-admit-cast-regression-linear-sys,build-admit-cast-regression-linear-user,build-admit-regression-linear-real,build-admit-regression-linear-sys,build-admit-regression-linear-user,build-eval-thunk-regression-linear-real,build-eval-thunk-regression-linear-sys,build-eval-thunk-regression-linear-user,build-pf-cast-regression-linear-real,build-pf-cast-regression-linear-sys,build-pf-cast-regression-linear-user,build-thunk-regression-linear-real,build-thunk-regression-linear-sys,build-thunk-regression-linear-user,check-I-regression-linear-real,check-I-regression-linear-sys,check-I-regression-linear-user,check-admit-cast-regression-quadratic-real,check-admit-cast-regression-quadratic-sys,check-admit-cast-regression-quadratic-user,check-admit-regression-quadratic-real,check-admit-regression-quadratic-sys,check-admit-regression-quadratic-user,check-pf-cast-regression-quadratic-real,check-pf-cast-regression-quadratic-sys,check-pf-cast-regression-quadratic-user,close-abstract-regression-quadratic-real,close-abstract-regression-quadratic-sys,close-abstract-regression-quadratic-user,eval-thunk-regression-linear-real,eval-thunk-regression-linear-sys,eval-thunk-regression-linear-user,fast-rewrite-regression-quadratic-real,fast-rewrite-regression-quadratic-sys,fast-rewrite-regression-quadratic-user,refine-regression-quadratic-regression-linear-real,refine-regression-quadratic-regression-linear-sys,refine-regression-quadratic-regression-linear-user,type-I-regression-linear-real,type-I-regression-linear-sys,type-I-regression-linear-user,type-admit-cast-regression-quadratic-real,type-admit-cast-regression-quadratic-sys,type-admit-cast-regression-quadratic-user,type-admit-regression-quadratic-real,type-admit-regression-quadratic-sys,type-admit-regression-quadratic-user,type-pf-cast-regression-quadratic-real,type-pf-cast-regression-quadratic-sys,type-pf-cast-regression-quadratic-user
1,0.001,0.,0.001,0.,0.,0.,0.,0.,0.,0.,0.,0.,0.,0.,0.,0.,0.,0.,0.,0.,0.,0.,0.,0.,0.,0.,0.,0.,0.,0.,0.,0.,0.,0.,0.,0.,0.,0.,0.,0.001,0.,0.001,0.,0.,0.,0.,0.,0.,0.,0.,0.,0.,0.,0.,0.,0.,0.
2,0.001,0.,0.001,0.,0.,0.,0.,0.,0.,0.,0.,0.,0.,0.,0.,0.,0.,0.,0.,0.,0.,0.,0.,0.,0.,0.,0.,0.,0.,0.,0.,0.,0.,0.,0.,0.,0.,0.,0.,0.001,0.,0.001,0.,0.,0.,0.,0.,0.,0.,0.,0.,0.,0.,0.,0.,0.,0.
3,0.002,0.002,0.,0.,0.,0.,0.,0.,0.,0.,0.,0.,0.,0.,0.,0.,0.,0.,0.,0.,0.,0.,0.,0.,0.,0.,0.,0.,0.,0.,0.,0.,0.,0.,0.,0.,0.,0.,0.,0.002,0.002,0.,0.,0.,0.,0.,0.,0.,0.,0.,0.,0.,0.,0.,0.,0.,0.
4,0.002,0.,0.002,0.,0.,0.,0.,0.,0.,0.,0.,0.,0.,0.,0.,0.,0.,0.,0.,0.,0.,0.,0.,0.,0.,0.,0.,0.,0.,0.,0.,0.,0.,0.,0.,0.,0.,0.,0.,0.002,0.,0.002,0.,0.,0.,0.,0.,0.,0.,0.,0.,0.,0.,0.,0.,0.,0.
5,0.003,0.,0.003,0.,0.,0.,0.,0.,0.,0.,0.,0.,0.,0.,0.,0.,0.,0.,0.,0.,0.,0.,0.,0.,0.,0.,0.,0.,0.,0.,0.,0.,0.,0.,0.,0.,0.,0.,0.,0.003,0.,0.003,0.,0.,0.,0.,0.,0.,0.,0.,0.,0.,0.,0.,0.,0.,0.
6,0.003,0.,0.003,0.,0.,0.,0.,0.,0.,0.,0.,0.,0.,0.,0.,0.,0.,0.,0.,0.,0.,0.,0.,0.,0.,0.,0.,0.,0.,0.,0.,0.,0.,0.,0.,0.,0.,0.,0.,0.003,0.,0.003,0.,0.,0.,0.,0.,0.,0.,0.,0.,0.,0.,0.,0.,0.,0.
7,0.003,0.003,0.,0.,0.,0.,0.,0.,0.,0.,0.,0.,0.001,0.001,0.,0.,0.,0.,0.001,0.001,0.,0.,0.,0.,0.,0.,0.,0.,0.,0.,0.,0.,0.,0.,0.,0.,0.,0.,0.,0.003,0.003,0.,0.,0.,0.,0.,0.,0.,0.,0.,0.,0.,0.,0.,0.,0.,0.
8,0.004,0.004,0.,0.,0.,0.,0.,0.,0.,0.,0.,0.,0.001,0.001,0.,0.,0.,0.,0.001,0.001,0.,0.,0.,0.,0.,0.,0.,0.,0.,0.,0.,0.,0.,0.,0.,0.,0.,0.,0.,0.003,0.003,0.,0.,0.,0.,0.,0.,0.,0.,0.,0.,0.,0.,0.,0.,0.,0.
9,0.004,0.,0.004,0.,0.,0.,0.,0.,0.,0.,0.,0.,0.001,0.,0.001,0.,0.,0.,0.001,0.,0.001,0.,0.,0.,0.,0.,0.,0.,0.,0.,0.,0.,0.,0.,0.,0.,0.,0.,0.,0.004,0.,0.004,0.,0.,0.,0.,0.,0.,0.,0.,0.,0.,0.,0.,0.,0.,0.
10,0.005,0.003,0.001,0.,0.,0.,0.,0.,0.,0.,0.,0.,0.001,0.001,0.,0.,0.,0.,0.001,0.001,0.,0.,0.,0.,0.,0.,0.,0.,0.,0.,0.,0.,0.,0.,0.,0.,0.,0.,0.,0.005,0.003,0.001,0.,0.,0.,0.,0.,0.,0.,0.,0.,0.,0.,0.,0.,0.,0.
11,0.006,0.,0.005,0.,0.,0.,0.,0.,0.,0.,0.,0.,0.001,0.,0.001,0.,0.,0.,0.001,0.,0.001,0.,0.,0.,0.,0.,0.,0.,0.,0.,0.,0.,0.,0.,0.,0.,0.,0.,0.,0.005,0.,0.004,0.,0.,0.,0.,0.,0.,0.,0.,0.,0.,0.,0.,0.,0.,0.
12,0.058,0.007,0.05,0.053,0.007,0.045,0.,0.,0.,0.,0.,0.,0.001,0.,0.001,0.,0.,0.,0.001,0.,0.001,0.,0.,0.,0.,0.,0.,0.,0.,0.,0.,0.,0.,0.,0.,0.,0.,0.,0.,0.057,0.007,0.049,0.,0.,0.,0.,0.,0.,0.,0.,0.,0.,0.,0.,0.,0.,0.
13,0.004,0.,0.004,0.,0.,0.,0.,0.,0.,0.,0.,0.,0.001,0.,0.,0.,0.,0.,0.,0.,0.,0.,0.,0.,0.,0.,0.,0.,0.,0.,0.,0.,0.,0.,0.,0.,0.,0.,0.,0.003,0.,0.003,0.,0.,0.,0.,0.,0.,0.,0.,0.,0.,0.,0.,0.,0.,0.
14,0.004,0.,0.004,0.,0.,0.,0.,0.,0.,0.,0.,0.,0.001,0.,0.001,0.,0.,0.,0.001,0.,0.001,0.,0.,0.,0.,0.,0.,0.,0.,0.,0.,0.,0.,0.,0.,0.,0.,0.,0.,0.004,0.,0.004,0.,0.,0.,0.,0.,0.,0.,0.,0.,0.,0.,0.,0.,0.,0.
15,0.005,0.,0.005,0.,0.,0.,0.,0.,0.,0.,0.,0.,0.001,0.,0.001,0.,0.,0.,0.001,0.,0.001,0.,0.,0.,0.,0.,0.,0.,0.,0.,0.,0.,0.,0.,0.,0.,0.,0.,0.,0.004,0.,0.004,0.,0.,0.,0.,0.,0.,0.,0.,0.,0.,0.,0.,0.,0.,0.
16,0.005,0.,0.005,0.,0.,0.,0.,0.,0.,0.,0.,0.,0.001,0.,0.001,0.,0.,0.,0.001,0.,0.001,0.,0.,0.,0.,0.,0.,0.,0.,0.,0.,0.,0.,0.,0.,0.,0.,0.,0.,0.004,0.,0.004,0.,0.,0.,0.,0.,0.,0.,0.,0.,0.,0.,0.,0.,0.,0.
17,0.005,0.,0.005,0.,0.,0.,0.,0.,0.,0.,0.,0.,0.001,0.,0.001,0.,0.,0.,0.001,0.,0.001,0.,0.,0.,0.,0.,0.,0.,0.,0.,0.,0.,0.,0.,0.,0.,0.,0.,0.,0.005,0.,0.005,0.,0.,0.,0.,0.,0.,0.,0.,0.,0.,0.,0.,0.,0.,0.
18,0.005,0.,0.005,0.,0.,0.,0.,0.,0.,0.,0.,0.,0.001,0.,0.001,0.,0.,0.,0.001,0.,0.001,0.,0.,0.,0.,0.,0.,0.,0.,0.,0.,0.,0.,0.,0.,0.,0.,0.,0.,0.005,0.,0.005,0.,0.,0.,0.,0.,0.,0.,0.,0.,0.,0.,0.,0.,0.,0.
19,0.006,0.,0.006,0.,0.,0.,0.,0.,0.,0.,0.,0.,0.001,0.,0.001,0.,0.,0.,0.001,0.,0.001,0.,0.,0.,0.,0.,0.,0.,0.,0.,0.,0.,0.,0.,0.,0.,0.,0.,0.,0.005,0.,0.005,0.,0.,0.,0.,0.,0.,0.,0.,0.,0.,0.,0.,0.,0.,0.
20,0.007,0.,0.007,0.,0.,0.,0.,0.,0.,0.,0.,0.,0.001,0.,0.001,0.,0.,0.,0.001,0.,0.001,0.,0.,0.,0.,0.,0.,0.,0.,0.,0.,0.,0.,0.,0.,0.,0.,0.,0.,0.007,0.,0.007,0.,0.,0.,0.,0.,0.,0.,0.,0.,0.,0.,0.,0.001,0.,0.001
21,0.006,0.,0.006,0.,0.,0.,0.,0.,0.,0.,0.,0.,0.001,0.,0.001,0.,0.,0.,0.001,0.,0.001,0.,0.,0.,0.,0.,0.,0.,0.,0.,0.,0.,0.,0.,0.,0.,0.,0.,0.,0.006,0.,0.006,0.,0.,0.,0.,0.,0.,0.,0.,0.,0.,0.,0.,0.,0.,0.
22,0.007,0.,0.007,0.,0.,0.,0.,0.,0.,0.,0.,0.,0.001,0.,0.001,0.,0.,0.,0.001,0.,0.001,0.,0.,0.,0.,0.,0.,0.,0.,0.,0.,0.,0.,0.,0.,0.,0.,0.,0.,0.006,0.,0.006,0.,0.,0.,0.,0.,0.,0.,0.,0.,0.,0.,0.,0.,0.,0.
23,0.007,0.,0.007,0.,0.,0.,0.,0.,0.,0.,0.,0.,0.001,0.,0.001,0.,0.,0.,0.001,0.,0.001,0.,0.,0.,0.,0.,0.,0.,0.,0.,0.,0.,0.,0.,0.,0.,0.,0.,0.,0.006,0.,0.006,0.,0.,0.,0.,0.,0.,0.,0.,0.,0.,0.,0.,0.,0.,0.
24,0.007,0.,0.007,0.,0.,0.,0.,0.,0.,0.,0.,0.,0.001,0.,0.001,0.,0.,0.,0.001,0.,0.001,0.,0.,0.,0.,0.,0.,0.,0.,0.,0.,0.,0.,0.,0.,0.,0.,0.,0.,0.007,0.,0.007,0.,0.,0.,0.,0.,0.,0.,0.,0.,0.,0.,0.,0.,0.,0.
25,0.008,0.,0.008,0.,0.,0.,0.,0.,0.,0.,0.,0.,0.001,0.,0.001,0.,0.,0.,0.001,0.,0.001,0.,0.,0.,0.,0.,0.,0.,0.,0.,0.,0.,0.,0.,0.,0.,0.,0.,0.,0.007,0.,0.007,0.,0.,0.,0.,0.,0.,0.,0.,0.,0.,0.,0.,0.,0.,0.
26,0.01,0.,0.01,0.,0.,0.,0.,0.,0.,0.,0.,0.,0.001,0.,0.001,0.,0.,0.,0.001,0.,0.001,0.,0.,0.,0.,0.,0.,0.,0.,0.,0.,0.,0.,0.,0.,0.,0.,0.,0.,0.009,0.,0.009,0.,0.,0.,0.,0.,0.,0.,0.,0.,0.,0.,0.,0.002,0.,0.002
27,0.009,0.,0.009,0.,0.,0.,0.,0.,0.,0.,0.,0.,0.001,0.,0.001,0.,0.,0.,0.001,0.,0.001,0.,0.,0.,0.,0.,0.,0.,0.,0.,0.,0.,0.,0.,0.,0.,0.,0.,0.,0.007,0.,0.007,0.,0.,0.,0.,0.,0.,0.,0.,0.,0.,0.,0.,0.,0.,0.
28,0.009,0.,0.009,0.,0.,0.,0.,0.,0.,0.,0.,0.,0.002,0.,0.002,0.,0.,0.,0.001,0.,0.001,0.,0.,0.,0.,0.,0.,0.,0.,0.,0.,0.,0.,0.,0.,0.,0.,0.,0.,0.008,0.,0.008,0.,0.,0.,0.,0.,0.,0.,0.,0.,0.,0.,0.,0.,0.,0.
29,0.009,0.,0.009,0.,0.,0.,0.,0.,0.,0.,0.,0.,0.002,0.,0.002,0.,0.,0.,0.002,0.,0.002,0.,0.,0.,0.,0.,0.,0.,0.,0.,0.,0.,0.,0.,0.,0.,0.,0.,0.,0.008,0.,0.008,0.,0.,0.,0.,0.,0.,0.,0.,0.,0.,0.,0.,0.,0.,0.
30,0.01,0.,0.01,0.,0.,0.,0.,0.,0.,0.,0.,0.,0.002,0.,0.002,0.,0.,0.,0.002,0.,0.002,0.,0.,0.,0.,0.,0.,0.,0.,0.,0.,0.,0.,0.,0.,0.,0.,0.,0.,0.008,0.,0.008,0.,0.,0.,0.,0.,0.,0.,0.,0.,0.,0.,0.,0.,0.,0.
31,0.011,0.,0.011,0.,0.,0.,0.,0.,0.,0.,0.,0.,0.002,0.,0.002,0.,0.,0.,0.002,0.,0.002,0.,0.,0.,0.,0.,0.,0.,0.,0.,0.,0.,0.,0.001,0.,0.001,0.,0.,0.,0.01,0.,0.01,0.,0.,0.,0.,0.,0.,0.,0.,0.,0.,0.,0.,0.001,0.,0.001
32,0.01,0.,0.01,0.,0.,0.,0.,0.,0.,0.,0.,0.,0.002,0.,0.002,0.,0.,0.,0.002,0.,0.002,0.,0.,0.,0.,0.,0.,0.,0.,0.,0.,0.,0.,0.001,0.,0.001,0.,0.,0.,0.009,0.,0.009,0.,0.,0.,0.,0.,0.,0.,0.,0.,0.,0.,0.,0.,0.,0.
33,0.011,0.,0.011,0.,0.,0.,0.,0.,0.,0.,0.,0.,0.002,0.,0.002,0.,0.,0.,0.002,0.,0.002,0.,0.,0.,0.,0.,0.,0.,0.,0.,0.,0.,0.,0.001,0.,0.001,0.,0.,0.,0.009,0.,0.009,0.,0.,0.,0.,0.,0.,0.,0.,0.,0.,0.,0.,0.,0.,0.
34,0.011,0.,0.011,0.,0.,0.,0.,0.,0.,0.,0.,0.,0.002,0.,0.002,0.,0.,0.,0.002,0.,0.002,0.,0.,0.,0.,0.,0.,0.,0.,0.,0.,0.,0.,0.001,0.,0.001,0.,0.,0.,0.01,0.,0.01,0.,0.,0.,0.,0.,0.,0.,0.,0.,0.,0.,0.,0.,0.,0.
35,0.012,0.,0.012,0.,0.,0.,0.,0.,0.,0.,0.,0.,0.002,0.,0.002,0.,0.,0.,0.002,0.,0.002,0.,0.,0.,0.,0.,0.,0.,0.,0.,0.,0.,0.,0.001,0.,0.001,0.,0.,0.,0.01,0.,0.01,0.,0.,0.,0.,0.,0.,0.,0.,0.,0.,0.,0.,0.,0.,0.
36,0.015,0.,0.015,0.,0.,0.,0.,0.,0.,0.,0.,0.,0.005,0.,0.005,0.,0.,0.,0.005,0.,0.005,0.,0.,0.,0.,0.,0.,0.,0.,0.,0.,0.,0.,0.001,0.,0.001,0.,0.,0.,0.013,0.,0.013,0.,0.,0.,0.,0.,0.,0.,0.,0.,0.,0.,0.,0.,0.,0.
37,0.012,0.,0.012,0.,0.,0.,0.,0.,0.,0.,0.,0.,0.002,0.,0.002,0.,0.,0.,0.002,0.,0.002,0.,0.,0.,0.,0.,0.,0.,0.,0.,0.,0.,0.,0.001,0.,0.001,0.,0.,0.,0.011,0.,0.011,0.,0.,0.,0.,0.,0.,0.,0.,0.,0.,0.,0.,0.,0.,0.
38,0.012,0.,0.012,0.,0.,0.,0.,0.,0.,0.,0.,0.,0.002,0.,0.002,0.,0.,0.,0.002,0.,0.002,0.,0.,0.,0.,0.,0.,0.,0.,0.,0.,0.,0.,0.001,0.,0.001,0.,0.,0.,0.011,0.,0.011,0.,0.,0.,0.,0.,0.,0.,0.,0.,0.,0.,0.,0.,0.,0.
39,0.013,0.,0.013,0.,0.,0.,0.,0.,0.,0.,0.,0.,0.002,0.,0.002,0.,0.,0.,0.002,0.,0.002,0.,0.,0.,0.,0.,0.,0.,0.,0.,0.,0.,0.,0.001,0.,0.001,0.,0.,0.,0.011,0.,0.011,0.,0.,0.,0.,0.,0.,0.,0.,0.,0.,0.,0.,0.,0.,0.
40,0.014,0.,0.014,0.,0.,0.,0.,0.,0.,0.,0.,0.,0.002,0.,0.002,0.,0.,0.,0.002,0.,0.002,0.,0.,0.,0.001,0.,0.001,0.,0.,0.,0.,0.,0.,0.001,0.,0.001,0.,0.,0.,0.012,0.,0.012,0.001,0.,0.001,0.,0.,0.,0.,0.,0.,0.,0.,0.,0.,0.,0.
41,0.014,0.,0.014,0.,0.,0.,0.,0.,0.,0.,0.,0.,0.002,0.,0.002,0.,0.,0.,0.002,0.,0.002,0.,0.,0.,0.001,0.,0.001,0.,0.,0.,0.001,0.,0.001,0.001,0.,0.001,0.,0.,0.,0.012,0.,0.012,0.001,0.,0.001,0.,0.,0.,0.001,0.,0.001,0.,0.,0.,0.001,0.,0.001
42,0.014,0.,0.014,0.,0.,0.,0.,0.,0.,0.,0.,0.,0.003,0.,0.003,0.,0.,0.,0.002,0.,0.002,0.,0.,0.,0.001,0.,0.001,0.,0.,0.,0.001,0.,0.001,0.001,0.,0.001,0.,0.,0.,0.012,0.,0.012,0.001,0.,0.001,0.,0.,0.,0.001,0.,0.001,0.,0.,0.,0.001,0.,0.001
43,0.016,0.,0.016,0.,0.,0.,0.,0.,0.,0.,0.,0.,0.003,0.,0.003,0.,0.,0.,0.002,0.,0.002,0.,0.,0.,0.001,0.,0.001,0.001,0.,0.001,0.001,0.,0.001,0.001,0.,0.001,0.,0.,0.,0.014,0.,0.014,0.001,0.,0.001,0.,0.,0.,0.001,0.,0.001,0.002,0.,0.002,0.001,0.,0.001
44,0.015,0.,0.015,0.,0.,0.,0.,0.,0.,0.,0.,0.,0.003,0.,0.003,0.,0.,0.,0.003,0.,0.003,0.,0.,0.,0.001,0.,0.001,0.001,0.,0.001,0.001,0.,0.001,0.001,0.,0.001,0.,0.,0.,0.013,0.,0.013,0.001,0.,0.001,0.,0.,0.,0.001,0.,0.001,0.001,0.,0.001,0.001,0.,0.001
45,0.015,0.,0.015,0.,0.,0.,0.,0.,0.,0.,0.,0.,0.003,0.,0.003,0.,0.,0.,0.003,0.,0.003,0.,0.,0.,0.001,0.,0.001,0.001,0.,0.001,0.001,0.,0.001,0.001,0.,0.001,0.,0.,0.,0.013,0.,0.013,0.001,0.,0.001,0.,0.,0.,0.001,0.,0.001,0.001,0.,0.001,0.001,0.,0.001
46,0.016,0.,0.016,0.,0.,0.,0.,0.,0.,0.,0.,0.,0.003,0.,0.003,0.,0.,0.,0.003,0.,0.003,0.,0.,0.,0.001,0.,0.001,0.001,0.,0.001,0.001,0.,0.001,0.001,0.,0.001,0.,0.,0.,0.014,0.,0.014,0.001,0.,0.001,0.,0.,0.,0.001,0.,0.001,0.001,0.,0.001,0.001,0.,0.001
47,0.016,0.,0.016,0.,0.,0.,0.,0.,0.,0.,0.,0.,0.003,0.,0.003,0.,0.,0.,0.003,0.,0.003,0.,0.,0.,0.001,0.,0.001,0.001,0.,0.001,0.001,0.,0.001,0.001,0.,0.001,0.,0.,0.,0.014,0.,0.014,0.001,0.,0.001,0.,0.,0.,0.001,0.,0.001,0.001,0.,0.001,0.001,0.,0.001
48,0.016,0.,0.016,0.,0.,0.,0.,0.,0.,0.,0.,0.,0.003,0.,0.003,0.,0.,0.,0.003,0.,0.003,0.,0.,0.,0.001,0.,0.001,0.001,0.,0.001,0.001,0.,0.001,0.001,0.,0.001,0.,0.,0.,0.014,0.,0.014,0.001,0.,0.001,0.,0.,0.,0.001,0.,0.001,0.001,0.,0.001,0.001,0.,0.001
49,0.019,0.,0.019,0.,0.,0.,0.,0.,0.,0.,0.,0.,0.003,0.,0.003,0.,0.,0.,0.003,0.,0.003,0.,0.,0.,0.001,0.,0.001,0.001,0.,0.001,0.001,0.,0.001,0.001,0.,0.001,0.,0.,0.,0.017,0.,0.017,0.003,0.,0.003,0.,0.,0.,0.001,0.,0.001,0.001,0.,0.001,0.001,0.,0.001
50,0.026,0.015,0.01,0.,0.,0.,0.,0.,0.,0.,0.,0.,0.006,0.006,0.,0.,0.,0.,0.006,0.006,0.,0.001,0.001,0.,0.001,0.001,0.,0.001,0.,0.001,0.001,0.001,0.,0.002,0.,0.002,0.,0.,0.,0.023,0.015,0.007,0.001,0.,0.001,0.001,0.,0.001,0.002,0.002,0.,0.002,0.002,0.,0.002,0.,0.002
51,0.017,0.,0.017,0.,0.,0.,0.,0.,0.,0.,0.,0.,0.003,0.,0.003,0.,0.,0.,0.003,0.,0.003,0.,0.,0.,0.001,0.,0.001,0.001,0.,0.001,0.001,0.,0.001,0.001,0.,0.001,0.,0.,0.,0.015,0.,0.015,0.001,0.,0.001,0.,0.,0.,0.001,0.,0.001,0.001,0.,0.001,0.001,0.,0.001
52,0.018,0.,0.018,0.,0.,0.,0.,0.,0.,0.,0.,0.,0.003,0.,0.003,0.,0.,0.,0.003,0.,0.003,0.,0.,0.,0.001,0.,0.001,0.001,0.,0.001,0.001,0.,0.001,0.001,0.,0.001,0.,0.,0.,0.016,0.,0.016,0.001,0.,0.001,0.,0.,0.,0.001,0.,0.001,0.001,0.,0.001,0.001,0.,0.001
53,0.02,0.,0.02,0.,0.,0.,0.,0.,0.,0.,0.,0.,0.003,0.,0.003,0.,0.,0.,0.003,0.,0.003,0.,0.,0.,0.001,0.,0.001,0.001,0.,0.001,0.002,0.,0.002,0.002,0.,0.002,0.,0.,0.,0.017,0.,0.017,0.001,0.,0.001,0.,0.,0.,0.001,0.,0.001,0.001,0.,0.001,0.001,0.,0.001
54,0.019,0.,0.019,0.,0.,0.,0.,0.,0.,0.,0.,0.,0.003,0.,0.003,0.,0.,0.,0.003,0.,0.003,0.,0.,0.,0.001,0.,0.001,0.001,0.,0.001,0.001,0.,0.001,0.002,0.,0.002,0.,0.,0.,0.016,0.,0.016,0.001,0.,0.001,0.,0.,0.,0.001,0.,0.001,0.001,0.,0.001,0.001,0.,0.001
55,0.019,0.,0.019,0.,0.,0.,0.,0.,0.,0.,0.,0.,0.003,0.,0.003,0.,0.,0.,0.003,0.,0.003,0.,0.,0.,0.001,0.,0.001,0.001,0.,0.001,0.001,0.,0.001,0.002,0.,0.002,0.,0.,0.,0.017,0.,0.017,0.001,0.,0.001,0.,0.,0.,0.001,0.,0.001,0.001,0.,0.001,0.001,0.,0.001
56,0.022,0.,0.022,0.,0.,0.,0.,0.,0.,0.002,0.,0.002,0.003,0.,0.003,0.,0.,0.,0.003,0.,0.003,0.,0.,0.,0.001,0.,0.001,0.001,0.,0.001,0.001,0.,0.001,0.002,0.,0.002,0.,0.,0.,0.019,0.,0.019,0.001,0.,0.001,0.,0.,0.,0.001,0.,0.001,0.001,0.,0.001,0.001,0.,0.001
57,0.02,0.,0.02,0.,0.,0.,0.,0.,0.,0.,0.,0.,0.004,0.,0.004,0.,0.,0.,0.003,0.,0.003,0.,0.,0.,0.001,0.,0.001,0.001,0.,0.001,0.001,0.,0.001,0.002,0.,0.002,0.,0.,0.,0.018,0.,0.017,0.001,0.,0.001,0.,0.,0.,0.001,0.,0.001,0.001,0.,0.001,0.001,0.,0.001
58,0.021,0.,0.021,0.,0.,0.,0.,0.,0.,0.,0.,0.,0.004,0.,0.004,0.,0.,0.,0.003,0.,0.003,0.,0.,0.,0.001,0.,0.001,0.001,0.,0.001,0.001,0.,0.001,0.002,0.,0.002,0.,0.,0.,0.018,0.,0.018,0.001,0.,0.001,0.,0.,0.,0.001,0.,0.001,0.001,0.,0.001,0.001,0.,0.001
59,0.023,0.,0.023,0.,0.,0.,0.,0.,0.,0.,0.,0.,0.005,0.,0.005,0.,0.,0.,0.005,0.,0.005,0.,0.,0.,0.001,0.,0.001,0.001,0.,0.001,0.001,0.,0.001,0.002,0.,0.002,0.,0.,0.,0.02,0.,0.02,0.001,0.,0.001,0.,0.,0.,0.001,0.,0.001,0.001,0.,0.001,0.001,0.,0.001
60,0.022,0.,0.021,0.,0.,0.,0.,0.,0.,0.,0.,0.,0.004,0.,0.004,0.,0.,0.,0.004,0.,0.004,0.,0.,0.,0.001,0.,0.001,0.001,0.,0.001,0.001,0.,0.001,0.002,0.,0.002,0.,0.,0.,0.019,0.,0.019,0.001,0.,0.001,0.,0.,0.,0.001,0.,0.001,0.001,0.,0.001,0.001,0.,0.001
61,0.023,0.,0.023,0.,0.,0.,0.,0.,0.,0.,0.,0.,0.004,0.,0.004,0.,0.,0.,0.004,0.,0.004,0.,0.,0.,0.001,0.,0.001,0.002,0.,0.002,0.001,0.,0.001,0.002,0.,0.002,0.,0.,0.,0.02,0.,0.02,0.001,0.,0.001,0.,0.,0.,0.001,0.,0.001,0.001,0.,0.001,0.001,0.,0.001
62,0.022,0.,0.022,0.,0.,0.,0.,0.,0.,0.,0.,0.,0.004,0.,0.004,0.,0.,0.,0.004,0.,0.004,0.,0.,0.,0.001,0.,0.001,0.001,0.,0.001,0.001,0.,0.001,0.002,0.,0.002,0.,0.,0.,0.019,0.,0.019,0.001,0.,0.001,0.,0.,0.,0.001,0.,0.001,0.001,0.,0.001,0.001,0.,0.001
63,0.024,0.,0.024,0.,0.,0.,0.,0.,0.,0.,0.,0.,0.004,0.,0.004,0.,0.,0.,0.004,0.,0.004,0.,0.,0.,0.001,0.,0.001,0.001,0.,0.001,0.001,0.,0.001,0.002,0.,0.002,0.,0.,0.,0.021,0.,0.021,0.002,0.,0.002,0.,0.,0.,0.001,0.,0.001,0.001,0.,0.001,0.001,0.,0.001
64,0.023,0.,0.023,0.,0.,0.,0.,0.,0.,0.,0.,0.,0.004,0.,0.004,0.,0.,0.,0.004,0.,0.004,0.,0.,0.,0.001,0.,0.001,0.001,0.,0.001,0.001,0.,0.001,0.002,0.,0.002,0.,0.,0.,0.02,0.,0.02,0.001,0.,0.001,0.,0.,0.,0.001,0.,0.001,0.001,0.,0.001,0.001,0.,0.001
65,0.024,0.,0.024,0.,0.,0.,0.,0.,0.,0.,0.,0.,0.004,0.,0.004,0.,0.,0.,0.004,0.,0.004,0.,0.,0.,0.001,0.,0.001,0.001,0.,0.001,0.001,0.,0.001,0.002,0.,0.002,0.,0.,0.,0.021,0.,0.021,0.001,0.,0.001,0.,0.,0.,0.001,0.,0.001,0.001,0.,0.001,0.001,0.,0.001
66,0.027,0.,0.027,0.,0.,0.,0.,0.,0.,0.,0.,0.,0.006,0.,0.006,0.,0.,0.,0.006,0.,0.006,0.,0.,0.,0.001,0.,0.001,0.001,0.,0.001,0.001,0.,0.001,0.002,0.,0.002,0.,0.,0.,0.023,0.,0.023,0.001,0.,0.001,0.,0.,0.,0.001,0.,0.001,0.001,0.,0.001,0.001,0.,0.001
67,0.025,0.,0.025,0.,0.,0.,0.,0.,0.,0.,0.,0.,0.004,0.,0.004,0.,0.,0.,0.004,0.,0.004,0.,0.,0.,0.001,0.,0.001,0.001,0.,0.001,0.001,0.,0.001,0.002,0.,0.002,0.,0.,0.,0.021,0.,0.021,0.002,0.,0.002,0.,0.,0.,0.001,0.,0.001,0.001,0.,0.001,0.001,0.,0.001
68,0.026,0.,0.026,0.,0.,0.,0.,0.,0.,0.,0.,0.,0.004,0.,0.004,0.,0.,0.,0.004,0.,0.004,0.001,0.,0.001,0.002,0.,0.002,0.001,0.,0.001,0.001,0.,0.001,0.002,0.,0.002,0.,0.,0.,0.022,0.,0.022,0.002,0.,0.002,0.,0.,0.,0.001,0.,0.001,0.001,0.,0.001,0.001,0.,0.001
69,0.025,0.,0.025,0.,0.,0.,0.,0.,0.,0.,0.,0.,0.004,0.,0.004,0.,0.,0.,0.004,0.,0.004,0.001,0.,0.001,0.002,0.,0.002,0.001,0.,0.001,0.002,0.,0.002,0.003,0.,0.003,0.,0.,0.,0.022,0.,0.022,0.002,0.,0.002,0.,0.,0.,0.002,0.,0.002,0.001,0.,0.001,0.002,0.,0.002
70,0.028,0.,0.028,0.,0.,0.,0.,0.,0.,0.,0.,0.,0.004,0.,0.004,0.,0.,0.,0.004,0.,0.004,0.001,0.,0.001,0.002,0.,0.002,0.001,0.,0.001,0.002,0.,0.002,0.003,0.,0.003,0.,0.,0.,0.024,0.,0.024,0.002,0.,0.002,0.,0.,0.,0.002,0.,0.002,0.003,0.,0.003,0.002,0.,0.002
71,0.026,0.,0.026,0.,0.,0.,0.,0.,0.,0.,0.,0.,0.004,0.,0.004,0.,0.,0.,0.004,0.,0.004,0.001,0.,0.001,0.002,0.,0.002,0.001,0.,0.001,0.002,0.,0.002,0.003,0.,0.003,0.,0.,0.,0.023,0.,0.023,0.002,0.,0.002,0.,0.,0.,0.002,0.,0.002,0.001,0.,0.001,0.002,0.,0.002
72,0.028,0.,0.028,0.,0.,0.,0.,0.,0.,0.,0.,0.,0.005,0.,0.005,0.,0.,0.,0.004,0.,0.004,0.001,0.,0.001,0.003,0.,0.003,0.002,0.,0.002,0.002,0.,0.002,0.003,0.,0.003,0.,0.,0.,0.024,0.,0.024,0.002,0.,0.002,0.001,0.,0.001,0.002,0.,0.002,0.001,0.,0.001,0.002,0.,0.002
73,0.027,0.,0.027,0.,0.,0.,0.,0.,0.,0.,0.,0.,0.005,0.,0.005,0.,0.,0.,0.005,0.,0.005,0.001,0.,0.001,0.002,0.,0.002,0.002,0.,0.002,0.002,0.,0.002,0.003,0.,0.003,0.,0.,0.,0.024,0.,0.024,0.002,0.,0.002,0.001,0.,0.001,0.002,0.,0.002,0.002,0.,0.002,0.002,0.,0.002
74,0.03,0.,0.03,0.,0.,0.,0.,0.,0.,0.,0.,0.,0.005,0.,0.005,0.,0.,0.,0.005,0.,0.005,0.001,0.,0.001,0.003,0.,0.003,0.002,0.,0.002,0.002,0.,0.002,0.003,0.,0.003,0.,0.,0.,0.026,0.,0.026,0.002,0.,0.002,0.001,0.,0.001,0.002,0.,0.002,0.002,0.,0.002,0.002,0.,0.002
75,0.028,0.,0.028,0.,0.,0.,0.,0.,0.,0.,0.,0.,0.005,0.,0.005,0.,0.,0.,0.005,0.,0.005,0.001,0.,0.001,0.002,0.,0.002,0.002,0.,0.002,0.002,0.,0.002,0.003,0.,0.003,0.,0.,0.,0.024,0.,0.024,0.002,0.,0.002,0.001,0.,0.001,0.002,0.,0.002,0.002,0.,0.002,0.002,0.,0.002
76,0.03,0.,0.03,0.,0.,0.,0.001,0.,0.001,0.,0.,0.,0.005,0.,0.005,0.,0.,0.,0.005,0.,0.005,0.001,0.,0.001,0.002,0.,0.002,0.002,0.,0.002,0.002,0.,0.002,0.003,0.,0.003,0.,0.,0.,0.026,0.,0.026,0.002,0.,0.002,0.001,0.,0.001,0.002,0.,0.002,0.002,0.,0.002,0.002,0.,0.002
77,0.029,0.,0.029,0.,0.,0.,0.,0.,0.,0.,0.,0.,0.005,0.,0.005,0.,0.,0.,0.005,0.,0.005,0.001,0.,0.001,0.002,0.,0.002,0.002,0.,0.002,0.002,0.,0.002,0.003,0.,0.003,0.,0.,0.,0.025,0.,0.025,0.002,0.,0.002,0.001,0.,0.001,0.002,0.,0.002,0.002,0.,0.002,0.002,0.,0.002
78,0.032,0.,0.032,0.,0.,0.,0.,0.,0.,0.,0.,0.,0.005,0.,0.005,0.,0.,0.,0.005,0.,0.005,0.001,0.,0.001,0.002,0.,0.002,0.004,0.,0.004,0.002,0.,0.002,0.003,0.,0.003,0.,0.,0.,0.028,0.,0.028,0.002,0.,0.002,0.001,0.,0.001,0.002,0.,0.002,0.002,0.,0.002,0.002,0.,0.002
79,0.031,0.,0.031,0.,0.,0.,0.,0.,0.,0.,0.,0.,0.005,0.,0.005,0.,0.,0.,0.005,0.,0.005,0.001,0.,0.001,0.002,0.,0.002,0.002,0.,0.002,0.002,0.,0.002,0.003,0.,0.003,0.,0.,0.,0.026,0.,0.026,0.002,0.,0.002,0.001,0.,0.001,0.002,0.,0.002,0.002,0.,0.002,0.002,0.,0.002
80,0.032,0.,0.032,0.,0.,0.,0.,0.,0.,0.,0.,0.,0.005,0.,0.005,0.,0.,0.,0.005,0.,0.005,0.002,0.,0.002,0.002,0.,0.002,0.002,0.,0.002,0.002,0.,0.002,0.003,0.,0.003,0.,0.,0.,0.028,0.,0.028,0.002,0.,0.002,0.001,0.,0.001,0.002,0.,0.002,0.002,0.,0.002,0.002,0.,0.002
81,0.032,0.,0.032,0.,0.,0.,0.,0.,0.,0.,0.,0.,0.005,0.,0.005,0.,0.,0.,0.005,0.,0.005,0.001,0.,0.001,0.002,0.,0.002,0.002,0.,0.002,0.002,0.,0.002,0.003,0.,0.003,0.,0.,0.,0.027,0.,0.027,0.002,0.,0.002,0.001,0.,0.001,0.002,0.,0.002,0.002,0.,0.002,0.002,0.,0.002
82,0.034,0.,0.034,0.,0.,0.,0.,0.,0.,0.,0.,0.,0.007,0.,0.007,0.,0.,0.,0.007,0.,0.007,0.001,0.,0.001,0.002,0.,0.002,0.002,0.,0.002,0.002,0.,0.002,0.003,0.,0.003,0.,0.,0.,0.029,0.,0.029,0.002,0.,0.002,0.001,0.,0.001,0.002,0.,0.002,0.002,0.,0.002,0.002,0.,0.002
83,0.033,0.,0.033,0.,0.,0.,0.,0.,0.,0.,0.,0.,0.005,0.,0.005,0.,0.,0.,0.005,0.,0.005,0.001,0.,0.001,0.002,0.,0.002,0.002,0.,0.002,0.002,0.,0.002,0.004,0.,0.004,0.,0.,0.,0.028,0.,0.028,0.002,0.,0.002,0.001,0.,0.001,0.002,0.,0.002,0.002,0.,0.002,0.002,0.,0.002
84,0.033,0.,0.033,0.,0.,0.,0.,0.,0.,0.,0.,0.,0.005,0.,0.005,0.,0.,0.,0.005,0.,0.005,0.001,0.,0.001,0.002,0.,0.002,0.002,0.,0.002,0.002,0.,0.002,0.004,0.,0.004,0.,0.,0.,0.029,0.,0.029,0.002,0.,0.002,0.001,0.,0.001,0.002,0.,0.002,0.002,0.,0.002,0.002,0.,0.002
85,0.034,0.,0.034,0.,0.,0.,0.,0.,0.,0.,0.,0.,0.005,0.,0.005,0.,0.,0.,0.005,0.,0.005,0.001,0.,0.001,0.002,0.,0.002,0.002,0.,0.002,0.003,0.,0.003,0.004,0.,0.004,0.,0.,0.,0.029,0.,0.029,0.002,0.,0.002,0.001,0.,0.001,0.002,0.,0.002,0.002,0.,0.002,0.002,0.,0.002
86,0.034,0.,0.034,0.,0.,0.,0.,0.,0.,0.,0.,0.,0.005,0.,0.005,0.,0.,0.,0.005,0.,0.005,0.001,0.,0.001,0.002,0.,0.002,0.002,0.,0.002,0.002,0.,0.002,0.004,0.,0.004,0.,0.,0.,0.029,0.,0.029,0.002,0.,0.002,0.001,0.,0.001,0.002,0.,0.002,0.002,0.,0.002,0.002,0.,0.002
87,0.036,0.,0.036,0.,0.,0.,0.,0.,0.,0.,0.,0.,0.006,0.,0.006,0.,0.,0.,0.005,0.,0.005,0.001,0.,0.001,0.002,0.,0.002,0.003,0.,0.003,0.002,0.,0.002,0.004,0.,0.004,0.,0.,0.,0.031,0.,0.031,0.002,0.,0.002,0.001,0.,0.001,0.002,0.,0.002,0.002,0.,0.002,0.002,0.,0.002
88,0.035,0.,0.035,0.,0.,0.,0.,0.,0.,0.,0.,0.,0.006,0.,0.006,0.,0.,0.,0.005,0.,0.005,0.001,0.,0.001,0.002,0.,0.002,0.002,0.,0.002,0.002,0.,0.002,0.004,0.,0.004,0.,0.,0.,0.03,0.,0.03,0.002,0.,0.002,0.001,0.,0.001,0.002,0.,0.002,0.002,0.,0.002,0.002,0.,0.002
89,0.038,0.,0.038,0.,0.,0.,0.,0.,0.,0.,0.,0.,0.007,0.,0.007,0.,0.,0.,0.007,0.,0.007,0.001,0.,0.001,0.002,0.,0.002,0.002,0.,0.002,0.002,0.,0.002,0.004,0.,0.004,0.,0.,0.,0.033,0.,0.033,0.003,0.,0.003,0.001,0.,0.001,0.002,0.,0.002,0.002,0.,0.002,0.002,0.,0.002
90,0.038,0.,0.038,0.,0.,0.,0.,0.,0.,0.,0.,0.,0.006,0.,0.006,0.,0.,0.,0.006,0.,0.006,0.001,0.,0.001,0.003,0.,0.003,0.002,0.,0.002,0.003,0.,0.003,0.004,0.,0.004,0.,0.,0.,0.033,0.,0.033,0.003,0.,0.003,0.001,0.,0.001,0.003,0.,0.003,0.002,0.,0.002,0.004,0.,0.004
91,0.037,0.,0.037,0.,0.,0.,0.,0.,0.,0.,0.,0.,0.006,0.,0.006,0.,0.,0.,0.006,0.,0.006,0.001,0.,0.001,0.003,0.,0.003,0.002,0.,0.002,0.003,0.,0.003,0.004,0.,0.004,0.,0.,0.,0.032,0.,0.032,0.003,0.,0.003,0.001,0.,0.001,0.003,0.,0.003,0.002,0.,0.002,0.003,0.,0.003
92,0.04,0.,0.04,0.,0.,0.,0.,0.,0.,0.,0.,0.,0.006,0.,0.006,0.,0.,0.,0.006,0.,0.006,0.001,0.,0.001,0.003,0.,0.003,0.002,0.,0.002,0.003,0.,0.003,0.004,0.,0.004,0.,0.,0.,0.035,0.,0.034,0.003,0.,0.003,0.003,0.,0.003,0.003,0.,0.003,0.002,0.,0.002,0.003,0.,0.003
93,0.038,0.,0.038,0.,0.,0.,0.,0.,0.,0.,0.,0.,0.006,0.,0.006,0.,0.,0.,0.006,0.,0.006,0.001,0.,0.001,0.003,0.,0.003,0.003,0.,0.003,0.003,0.,0.003,0.004,0.,0.004,0.,0.,0.,0.033,0.,0.033,0.003,0.,0.003,0.001,0.,0.001,0.003,0.,0.003,0.002,0.,0.002,0.003,0.,0.003
94,0.039,0.,0.039,0.,0.,0.,0.,0.,0.,0.,0.,0.,0.006,0.,0.006,0.,0.,0.,0.006,0.,0.006,0.001,0.,0.001,0.003,0.,0.003,0.003,0.,0.003,0.003,0.,0.003,0.004,0.,0.004,0.,0.,0.,0.033,0.,0.033,0.003,0.,0.003,0.001,0.,0.001,0.003,0.,0.003,0.003,0.,0.003,0.003,0.,0.003
95,0.04,0.,0.04,0.,0.,0.,0.,0.,0.,0.,0.,0.,0.006,0.,0.006,0.,0.,0.,0.006,0.,0.006,0.001,0.,0.001,0.003,0.,0.003,0.003,0.,0.003,0.003,0.,0.003,0.004,0.,0.004,0.,0.,0.,0.034,0.,0.034,0.003,0.,0.003,0.001,0.,0.001,0.003,0.,0.003,0.003,0.,0.003,0.003,0.,0.003
96,0.04,0.,0.04,0.,0.,0.,0.,0.,0.,0.,0.,0.,0.006,0.,0.006,0.,0.,0.,0.006,0.,0.006,0.001,0.,0.001,0.003,0.,0.003,0.003,0.,0.003,0.003,0.,0.003,0.004,0.,0.004,0.,0.,0.,0.034,0.,0.034,0.003,0.,0.003,0.001,0.,0.001,0.003,0.,0.003,0.003,0.,0.003,0.003,0.,0.003
97,0.041,0.,0.041,0.,0.,0.,0.,0.,0.,0.,0.,0.,0.007,0.,0.007,0.,0.,0.,0.007,0.,0.007,0.001,0.,0.001,0.003,0.,0.003,0.003,0.,0.003,0.003,0.,0.003,0.005,0.,0.005,0.,0.,0.,0.035,0.,0.035,0.003,0.,0.003,0.001,0.,0.001,0.003,0.,0.003,0.003,0.,0.003,0.003,0.,0.003
98,0.042,0.,0.042,0.,0.,0.,0.,0.,0.,0.,0.,0.,0.006,0.,0.006,0.,0.,0.,0.006,0.,0.006,0.001,0.,0.001,0.004,0.,0.004,0.003,0.,0.003,0.003,0.,0.003,0.005,0.,0.005,0.,0.,0.,0.036,0.,0.036,0.003,0.,0.003,0.001,0.,0.001,0.003,0.,0.003,0.003,0.,0.003,0.003,0.,0.003
99,0.041,0.,0.041,0.,0.,0.,0.,0.,0.,0.,0.,0.,0.006,0.,0.006,0.,0.,0.,0.006,0.,0.006,0.001,0.,0.001,0.003,0.,0.003,0.003,0.,0.003,0.003,0.,0.003,0.005,0.,0.005,0.,0.,0.,0.036,0.,0.036,0.003,0.,0.003,0.001,0.,0.001,0.003,0.,0.003,0.003,0.,0.003,0.003,0.,0.003
100,0.102,0.035,0.066,0.,0.,0.,0.,0.,0.,0.,0.,0.,0.012,0.012,0.,0.,0.,0.,0.012,0.012,0.,0.002,0.,0.002,0.004,0.,0.004,0.004,0.003,0.,0.004,0.003,0.,0.005,0.,0.004,0.,0.,0.,0.097,0.035,0.061,0.003,0.,0.003,0.002,0.,0.002,0.004,0.,0.004,0.004,0.004,0.,0.049,0.011,0.038
110,0.049,0.,0.049,0.,0.,0.,0.,0.,0.,0.,0.,0.,0.008,0.,0.008,0.,0.,0.,0.008,0.,0.008,0.001,0.,0.001,0.004,0.,0.004,0.003,0.,0.003,0.004,0.,0.004,0.006,0.,0.006,0.,0.,0.,0.042,0.,0.042,0.004,0.,0.004,0.001,0.,0.001,0.004,0.,0.004,0.003,0.,0.003,0.004,0.,0.004
120,0.056,0.,0.056,0.,0.,0.,0.,0.,0.,0.,0.,0.,0.008,0.,0.008,0.,0.,0.,0.008,0.,0.008,0.001,0.,0.001,0.004,0.,0.004,0.004,0.,0.004,0.004,0.,0.004,0.007,0.,0.007,0.,0.,0.,0.048,0.,0.048,0.004,0.,0.004,0.003,0.,0.003,0.004,0.,0.004,0.004,0.,0.004,0.004,0.,0.004
130,0.062,0.,0.062,0.,0.,0.,0.,0.,0.,0.,0.,0.,0.008,0.,0.008,0.,0.,0.,0.008,0.,0.008,0.001,0.,0.001,0.006,0.,0.006,0.005,0.,0.005,0.005,0.,0.005,0.008,0.,0.008,0.,0.,0.,0.054,0.,0.054,0.005,0.,0.005,0.001,0.,0.001,0.005,0.,0.005,0.005,0.,0.005,0.005,0.,0.005
140,0.07,0.,0.07,0.,0.,0.,0.,0.,0.,0.,0.,0.,0.009,0.,0.009,0.,0.,0.,0.009,0.,0.009,0.002,0.,0.002,0.005,0.,0.005,0.005,0.,0.005,0.005,0.,0.005,0.009,0.,0.009,0.,0.,0.,0.06,0.,0.06,0.006,0.,0.006,0.001,0.,0.001,0.008,0.,0.008,0.005,0.,0.005,0.005,0.,0.005
150,0.078,0.003,0.074,0.,0.,0.,0.,0.,0.,0.,0.,0.,0.01,0.,0.01,0.,0.,0.,0.01,0.,0.01,0.002,0.,0.002,0.006,0.,0.006,0.006,0.,0.006,0.006,0.,0.006,0.01,0.,0.01,0.,0.,0.,0.067,0.003,0.063,0.009,0.003,0.005,0.002,0.,0.002,0.006,0.,0.006,0.006,0.,0.006,0.006,0.,0.006
160,0.085,0.003,0.082,0.,0.,0.,0.,0.,0.,0.,0.,0.,0.01,0.,0.01,0.,0.,0.,0.01,0.,0.01,0.002,0.,0.002,0.009,0.003,0.006,0.007,0.,0.007,0.007,0.,0.007,0.011,0.,0.011,0.,0.,0.,0.073,0.003,0.069,0.007,0.,0.007,0.002,0.,0.002,0.007,0.,0.007,0.007,0.,0.007,0.007,0.,0.007
170,0.094,0.,0.093,0.,0.,0.,0.,0.,0.,0.,0.,0.,0.011,0.,0.011,0.,0.,0.,0.011,0.,0.011,0.002,0.,0.002,0.008,0.,0.008,0.007,0.,0.007,0.008,0.,0.008,0.012,0.,0.012,0.,0.,0.,0.08,0.,0.08,0.008,0.,0.008,0.002,0.,0.002,0.008,0.,0.008,0.011,0.,0.011,0.008,0.,0.008
180,0.1,0.,0.1,0.,0.,0.,0.,0.,0.,0.,0.,0.,0.012,0.,0.012,0.,0.,0.,0.012,0.,0.012,0.005,0.,0.005,0.008,0.,0.008,0.008,0.,0.008,0.008,0.,0.008,0.014,0.,0.014,0.,0.,0.,0.085,0.,0.085,0.009,0.,0.009,0.002,0.,0.002,0.008,0.,0.008,0.008,0.,0.008,0.008,0.,0.008
190,0.111,0.003,0.107,0.,0.,0.,0.001,0.,0.001,0.001,0.,0.001,0.016,0.,0.016,0.,0.,0.,0.015,0.,0.015,0.002,0.,0.002,0.009,0.,0.009,0.009,0.003,0.005,0.009,0.,0.009,0.016,0.,0.016,0.,0.,0.,0.094,0.003,0.09,0.01,0.,0.01,0.002,0.,0.002,0.009,0.,0.009,0.009,0.,0.009,0.009,0.,0.009
200,0.12,0.,0.12,0.001,0.,0.001,0.001,0.,0.001,0.001,0.,0.001,0.013,0.,0.013,0.001,0.,0.001,0.013,0.,0.013,0.002,0.,0.002,0.015,0.,0.015,0.01,0.,0.01,0.01,0.,0.01,0.017,0.,0.017,0.,0.,0.,0.103,0.,0.102,0.01,0.,0.01,0.002,0.,0.002,0.01,0.,0.01,0.01,0.,0.01,0.01,0.,0.01
210,0.125,0.,0.125,0.001,0.,0.001,0.001,0.,0.001,0.001,0.,0.001,0.014,0.,0.014,0.001,0.,0.001,0.014,0.,0.014,0.003,0.,0.003,0.012,0.,0.012,0.011,0.,0.011,0.011,0.,0.011,0.018,0.,0.018,0.,0.,0.,0.106,0.,0.106,0.011,0.,0.011,0.002,0.,0.002,0.011,0.,0.011,0.011,0.,0.011,0.011,0.,0.011
220,0.137,0.,0.137,0.001,0.,0.001,0.001,0.,0.001,0.001,0.,0.001,0.016,0.,0.016,0.001,0.,0.001,0.016,0.,0.016,0.003,0.,0.003,0.012,0.,0.012,0.012,0.,0.012,0.012,0.,0.012,0.023,0.,0.023,0.,0.,0.,0.114,0.,0.113,0.012,0.,0.012,0.002,0.,0.002,0.012,0.,0.012,0.012,0.,0.012,0.012,0.,0.012
230,0.146,0.003,0.142,0.001,0.001,0.,0.003,0.,0.003,0.001,0.,0.001,0.015,0.,0.015,0.001,0.,0.001,0.015,0.,0.015,0.003,0.002,0.,0.013,0.,0.013,0.012,0.,0.012,0.013,0.,0.013,0.021,0.,0.021,0.,0.,0.,0.123,0.003,0.119,0.013,0.,0.013,0.003,0.,0.003,0.013,0.,0.013,0.012,0.,0.012,0.013,0.,0.013
240,0.16,0.,0.16,0.001,0.,0.001,0.001,0.,0.001,0.001,0.,0.001,0.021,0.,0.021,0.001,0.,0.001,0.021,0.,0.021,0.003,0.,0.003,0.014,0.,0.014,0.013,0.,0.013,0.014,0.,0.014,0.023,0.,0.023,0.,0.,0.,0.135,0.,0.135,0.014,0.,0.014,0.003,0.,0.003,0.014,0.,0.014,0.013,0.,0.013,0.016,0.,0.016
250,0.171,0.,0.171,0.001,0.,0.001,0.001,0.,0.001,0.001,0.,0.001,0.018,0.,0.018,0.001,0.,0.001,0.018,0.,0.018,0.003,0.,0.003,0.015,0.,0.015,0.015,0.,0.015,0.015,0.,0.015,0.025,0.,0.025,0.,0.,0.,0.145,0.,0.145,0.02,0.,0.02,0.003,0.,0.003,0.015,0.,0.015,0.015,0.,0.015,0.015,0.,0.015
260,0.181,0.,0.181,0.001,0.,0.001,0.001,0.,0.001,0.001,0.,0.001,0.017,0.,0.017,0.001,0.,0.001,0.017,0.,0.017,0.008,0.,0.008,0.016,0.,0.016,0.016,0.,0.016,0.016,0.,0.016,0.029,0.,0.029,0.,0.,0.,0.151,0.,0.151,0.016,0.,0.016,0.003,0.,0.003,0.016,0.,0.016,0.016,0.,0.016,0.016,0.,0.016
270,0.192,0.,0.192,0.001,0.,0.001,0.001,0.,0.001,0.001,0.,0.001,0.018,0.,0.018,0.001,0.,0.001,0.018,0.,0.018,0.003,0.,0.003,0.017,0.,0.017,0.017,0.,0.017,0.017,0.,0.017,0.032,0.,0.032,0.,0.,0.,0.159,0.,0.159,0.017,0.,0.017,0.007,0.,0.007,0.017,0.,0.017,0.017,0.,0.017,0.017,0.,0.017
280,0.203,0.,0.203,0.001,0.,0.001,0.001,0.,0.001,0.001,0.,0.001,0.018,0.,0.018,0.001,0.,0.001,0.018,0.,0.018,0.003,0.,0.003,0.018,0.,0.018,0.022,0.,0.022,0.018,0.,0.018,0.033,0.,0.033,0.,0.,0.,0.169,0.,0.169,0.019,0.,0.019,0.003,0.,0.003,0.019,0.,0.019,0.018,0.,0.018,0.018,0.,0.018
290,0.217,0.,0.217,0.001,0.,0.001,0.001,0.,0.001,0.005,0.,0.005,0.019,0.,0.019,0.001,0.,0.001,0.019,0.,0.019,0.004,0.,0.004,0.02,0.,0.02,0.019,0.,0.019,0.02,0.,0.02,0.036,0.,0.036,0.,0.,0.,0.18,0.,0.18,0.02,0.,0.02,0.004,0.,0.004,0.02,0.,0.02,0.019,0.,0.019,0.02,0.,0.02
300,0.229,0.,0.229,0.001,0.,0.001,0.001,0.,0.001,0.001,0.,0.001,0.02,0.,0.02,0.001,0.,0.001,0.02,0.,0.02,0.007,0.,0.007,0.021,0.,0.021,0.02,0.,0.02,0.021,0.,0.021,0.035,0.,0.035,0.,0.,0.,0.193,0.,0.193,0.027,0.,0.027,0.004,0.,0.004,0.021,0.,0.021,0.02,0.,0.02,0.021,0.,0.021
310,0.242,0.,0.242,0.001,0.,0.001,0.001,0.,0.001,0.001,0.,0.001,0.021,0.,0.021,0.001,0.,0.001,0.02,0.,0.02,0.004,0.,0.004,0.022,0.,0.022,0.022,0.,0.022,0.022,0.,0.022,0.037,0.,0.037,0.,0.,0.,0.204,0.,0.204,0.027,0.,0.027,0.008,0.,0.008,0.022,0.,0.022,0.022,0.,0.022,0.022,0.,0.022
320,0.26,0.,0.26,0.001,0.,0.001,0.001,0.,0.001,0.001,0.,0.001,0.03,0.,0.03,0.001,0.,0.001,0.029,0.,0.029,0.004,0.,0.004,0.024,0.,0.024,0.023,0.,0.023,0.028,0.,0.028,0.039,0.,0.039,0.,0.,0.,0.219,0.,0.219,0.024,0.,0.024,0.004,0.,0.004,0.024,0.,0.024,0.023,0.,0.023,0.024,0.,0.024
330,0.279,0.,0.279,0.001,0.,0.001,0.001,0.,0.001,0.001,0.,0.001,0.03,0.,0.03,0.001,0.,0.001,0.03,0.,0.03,0.004,0.,0.004,0.029,0.,0.029,0.024,0.,0.024,0.025,0.,0.025,0.05,0.,0.05,0.,0.,0.,0.228,0.,0.227,0.025,0.,0.025,0.004,0.,0.004,0.025,0.,0.025,0.024,0.,0.024,0.025,0.,0.025
340,0.286,0.003,0.282,0.001,0.,0.001,0.001,0.,0.001,0.001,0.,0.001,0.023,0.,0.023,0.001,0.,0.001,0.022,0.,0.022,0.004,0.,0.004,0.026,0.,0.026,0.025,0.,0.025,0.026,0.,0.026,0.044,0.,0.044,0.,0.,0.,0.24,0.003,0.236,0.036,0.,0.036,0.01,0.003,0.006,0.026,0.,0.026,0.025,0.,0.025,0.026,0.,0.026
350,0.295,0.,0.295,0.001,0.,0.001,0.001,0.,0.001,0.001,0.,0.001,0.027,0.,0.027,0.001,0.,0.001,0.027,0.,0.027,0.004,0.,0.004,0.028,0.,0.028,0.027,0.,0.027,0.028,0.,0.028,0.047,0.,0.047,0.,0.,0.,0.248,0.,0.248,0.028,0.,0.028,0.004,0.,0.004,0.034,0.,0.034,0.027,0.,0.027,0.028,0.,0.028
360,0.314,0.003,0.31,0.001,0.,0.001,0.001,0.,0.001,0.001,0.,0.001,0.028,0.,0.028,0.001,0.,0.001,0.028,0.,0.028,0.005,0.,0.005,0.037,0.,0.037,0.028,0.,0.028,0.029,0.,0.029,0.052,0.003,0.049,0.,0.,0.,0.26,0.,0.26,0.029,0.,0.029,0.005,0.,0.005,0.029,0.,0.029,0.028,0.,0.028,0.029,0.,0.029
370,0.324,0.,0.323,0.001,0.,0.001,0.002,0.,0.002,0.002,0.,0.002,0.025,0.,0.025,0.002,0.,0.002,0.024,0.,0.024,0.01,0.,0.01,0.031,0.,0.031,0.03,0.,0.03,0.035,0.,0.035,0.052,0.,0.052,0.,0.,0.,0.27,0.,0.27,0.031,0.,0.031,0.005,0.,0.005,0.031,0.,0.031,0.03,0.,0.03,0.031,0.,0.031
380,0.343,0.,0.343,0.001,0.,0.001,0.001,0.,0.001,0.001,0.,0.001,0.033,0.,0.033,0.001,0.,0.001,0.033,0.,0.033,0.005,0.,0.005,0.032,0.,0.032,0.035,0.,0.035,0.032,0.,0.032,0.055,0.,0.055,0.,0.,0.,0.287,0.,0.287,0.036,0.,0.036,0.005,0.,0.005,0.032,0.,0.032,0.031,0.,0.031,0.032,0.,0.032
390,0.35,0.,0.35,0.001,0.,0.001,0.002,0.,0.002,0.002,0.,0.002,0.03,0.,0.03,0.002,0.,0.002,0.03,0.,0.03,0.005,0.,0.005,0.034,0.,0.034,0.033,0.,0.033,0.034,0.,0.034,0.06,0.,0.06,0.,0.,0.,0.288,0.,0.288,0.034,0.,0.034,0.005,0.,0.005,0.034,0.,0.034,0.033,0.,0.033,0.034,0.,0.034
400,0.369,0.007,0.362,0.002,0.,0.002,0.002,0.,0.002,0.002,0.,0.002,0.03,0.003,0.026,0.002,0.,0.002,0.029,0.003,0.026,0.005,0.,0.005,0.035,0.,0.035,0.034,0.,0.034,0.039,0.003,0.035,0.06,0.,0.06,0.,0.,0.,0.309,0.007,0.301,0.035,0.,0.035,0.01,0.,0.01,0.035,0.,0.035,0.035,0.,0.035,0.035,0.,0.035
500,0.537,0.,0.537,0.002,0.,0.002,0.002,0.,0.002,0.002,0.,0.002,0.035,0.,0.035,0.002,0.,0.002,0.034,0.,0.034,0.007,0.,0.007,0.053,0.,0.053,0.056,0.,0.056,0.054,0.,0.054,0.095,0.,0.095,0.,0.,0.,0.441,0.,0.441,0.054,0.,0.054,0.007,0.,0.007,0.053,0.,0.053,0.052,0.,0.052,0.053,0.,0.053
600,0.745,0.,0.745,0.003,0.,0.003,0.003,0.,0.003,0.002,0.,0.002,0.042,0.,0.042,0.003,0.,0.003,0.041,0.,0.041,0.008,0.,0.008,0.074,0.,0.074,0.076,0.,0.076,0.075,0.,0.075,0.134,0.,0.133,0.,0.,0.,0.61,0.,0.61,0.075,0.,0.075,0.015,0.,0.015,0.078,0.,0.078,0.074,0.,0.074,0.075,0.,0.075
700,0.973,0.003,0.968,0.003,0.,0.003,0.003,0.,0.003,0.003,0.,0.003,0.053,0.003,0.049,0.003,0.,0.003,0.052,0.003,0.048,0.009,0.,0.009,0.1,0.,0.1,0.098,0.,0.098,0.1,0.,0.1,0.178,0.,0.178,0.,0.,0.,0.793,0.003,0.789,0.103,0.,0.103,0.011,0.,0.011,0.1,0.,0.1,0.098,0.,0.098,0.1,0.,0.1
800,1.242,0.,1.241,0.003,0.,0.003,0.004,0.,0.004,0.006,0.,0.006,0.059,0.,0.059,0.004,0.,0.004,0.059,0.,0.059,0.011,0.,0.011,0.132,0.,0.132,0.126,0.,0.126,0.128,0.,0.128,0.233,0.,0.233,0.,0.,0.,1.007,0.,1.007,0.13,0.,0.13,0.011,0.,0.011,0.128,0.,0.128,0.127,0.,0.127,0.131,0.,0.131
900,1.531,0.,1.531,0.004,0.,0.004,0.004,0.,0.004,0.008,0.,0.008,0.066,0.,0.066,0.004,0.,0.004,0.066,0.,0.066,0.012,0.,0.012,0.163,0.,0.163,0.158,0.,0.158,0.156,0.,0.156,0.291,0.,0.291,0.,0.,0.,1.238,0.,1.238,0.161,0.,0.161,0.012,0.,0.012,0.161,0.,0.161,0.159,0.,0.159,0.16,0.,0.16
1000,1.877,0.,1.877,0.004,0.,0.004,0.005,0.,0.005,0.008,0.,0.008,0.075,0.,0.075,0.005,0.,0.005,0.074,0.,0.074,0.013,0.,0.013,0.198,0.,0.198,0.193,0.,0.193,0.201,0.,0.201,0.361,0.,0.361,0.,0.,0.,1.514,0.,1.514,0.204,0.,0.204,0.014,0.,0.014,0.196,0.,0.196,0.194,0.,0.194,0.196,0.,0.196
1100,2.255,0.,2.255,0.005,0.,0.005,0.005,0.,0.005,0.005,0.,0.005,0.09,0.,0.09,0.005,0.,0.005,0.089,0.,0.089,0.015,0.,0.015,0.235,0.,0.235,0.232,0.,0.232,0.236,0.,0.236,0.435,0.,0.435,0.,0.,0.,1.813,0.,1.813,0.237,0.,0.237,0.021,0.,0.021,0.23,0.,0.23,0.243,0.,0.243,0.244,0.,0.244
1200,2.648,0.,2.648,0.006,0.,0.006,0.006,0.,0.006,0.005,0.,0.005,0.096,0.,0.096,0.006,0.,0.006,0.095,0.,0.095,0.017,0.,0.017,0.27,0.,0.27,0.276,0.,0.276,0.288,0.,0.288,0.517,0.,0.517,0.,0.,0.,2.129,0.,2.129,0.289,0.,0.289,0.02,0.,0.02,0.279,0.,0.279,0.284,0.,0.284,0.279,0.,0.279
1300,3.063,0.,3.062,0.006,0.,0.006,0.011,0.,0.011,0.007,0.,0.007,0.095,0.,0.095,0.006,0.,0.006,0.094,0.,0.094,0.03,0.,0.03,0.327,0.,0.327,0.327,0.,0.327,0.326,0.,0.326,0.59,0.,0.59,0.,0.,0.,2.471,0.,2.471,0.329,0.,0.328,0.019,0.,0.019,0.331,0.,0.331,0.323,0.,0.323,0.327,0.,0.327
1400,3.533,0.,3.533,0.007,0.,0.007,0.007,0.,0.007,0.007,0.,0.007,0.105,0.,0.105,0.007,0.,0.007,0.103,0.,0.103,0.028,0.,0.028,0.381,0.,0.381,0.379,0.,0.379,0.38,0.,0.38,0.682,0.,0.682,0.001,0.,0.001,2.849,0.,2.849,0.381,0.,0.381,0.019,0.,0.019,0.381,0.,0.381,0.376,0.,0.376,0.386,0.,0.386
1500,4.053,0.,4.052,0.007,0.,0.007,0.009,0.,0.009,0.007,0.,0.007,0.114,0.,0.114,0.007,0.,0.007,0.112,0.,0.112,0.028,0.,0.028,0.439,0.,0.439,0.443,0.,0.443,0.427,0.,0.427,0.778,0.,0.778,0.001,0.,0.001,3.273,0.,3.272,0.445,0.,0.445,0.021,0.,0.021,0.442,0.,0.442,0.436,0.,0.435,0.439,0.,0.439
1600,4.634,0.,4.634,0.008,0.,0.008,0.008,0.,0.008,0.011,0.,0.011,0.118,0.,0.118,0.01,0.,0.01,0.117,0.,0.117,0.024,0.,0.024,0.512,0.,0.512,0.505,0.,0.505,0.509,0.,0.509,0.893,0.,0.893,0.001,0.,0.001,3.74,0.,3.739,0.471,0.,0.471,0.022,0.,0.022,0.51,0.,0.51,0.509,0.,0.509,0.515,0.,0.515
1700,5.377,0.,5.377,0.008,0.,0.008,0.008,0.,0.008,0.008,0.,0.008,0.138,0.,0.138,0.017,0.,0.017,0.137,0.,0.137,0.03,0.,0.03,0.592,0.,0.592,0.585,0.,0.585,0.588,0.,0.588,0.999,0.,0.999,0.001,0.,0.001,4.376,0.,4.376,0.6,0.,0.6,0.023,0.,0.023,0.587,0.,0.587,0.589,0.,0.589,0.595,0.,0.595
1800,6.168,0.007,6.16,0.009,0.,0.009,0.009,0.,0.009,0.009,0.,0.009,0.145,0.,0.145,0.009,0.,0.009,0.144,0.,0.144,0.032,0.,0.032,0.683,0.,0.683,0.677,0.,0.677,0.693,0.003,0.689,1.111,0.003,1.107,0.001,0.,0.001,5.055,0.003,5.051,0.695,0.,0.695,0.032,0.,0.032,0.684,0.,0.684,0.691,0.,0.69,0.681,0.,0.681
1900,7.024,0.,7.024,0.009,0.,0.009,0.009,0.,0.009,0.012,0.,0.012,0.141,0.,0.141,0.009,0.,0.009,0.14,0.,0.14,0.028,0.,0.028,0.793,0.,0.793,0.785,0.,0.785,0.8,0.,0.8,1.237,0.,1.237,0.,0.,0.,5.784,0.,5.784,0.796,0.,0.796,0.026,0.,0.026,0.79,0.,0.79,0.788,0.,0.788,0.789,0.,0.789
2000,8.025,0.003,8.013,0.01,0.,0.01,0.013,0.,0.013,0.01,0.,0.01,0.151,0.003,0.147,0.01,0.,0.01,0.149,0.003,0.145,0.034,0.,0.034,0.911,0.,0.911,0.909,0.,0.909,0.912,0.,0.912,1.365,0.,1.365,0.001,0.,0.001,6.657,0.003,6.646,0.916,0.,0.916,0.031,0.,0.031,0.915,0.,0.915,0.905,0.,0.905,0.923,0.,0.916
2500,13.196,0.,13.195,0.013,0.,0.013,0.013,0.,0.013,0.013,0.,0.013,0.191,0.,0.191,0.013,0.,0.013,0.189,0.,0.189,0.043,0.,0.043,1.69,0.,1.69,1.692,0.,1.691,1.117,0.,1.117,2.17,0.,2.169,0.001,0.,0.001,11.023,0.,11.022,1.108,0.,1.108,0.039,0.,0.039,1.689,0.,1.689,1.686,0.,1.686,1.711,0.,1.711
3000,20.871,0.,20.869,0.023,0.,0.023,0.017,0.,0.017,0.015,0.,0.015,0.247,0.,0.247,0.015,0.,0.015,0.245,0.,0.245,0.053,0.,0.053,2.622,0.,2.621,2.618,0.,2.617,1.585,0.,1.585,3.1,0.,3.099,0.001,0.,0.001,17.769,0.,17.767,2.635,0.,2.635,0.059,0.,0.059,2.628,0.,2.628,2.614,0.,2.614,2.629,0.,2.628