param-n,autorewrite-noop-regression-quadratic-real,autorewrite-noop-regression-quadratic-sys,autorewrite-noop-regression-quadratic-user,try-rewrite!-evar-noop-regression-quadratic-real,try-rewrite!-evar-noop-regression-quadratic-sys,try-rewrite!-evar-noop-regression-quadratic-user,try-rewrite!-noop-regression-quadratic-real,try-rewrite!-noop-regression-quadratic-sys,try-rewrite!-noop-regression-quadratic-user,try-rewrite-evar-noop-regression-quadratic-real,try-rewrite-evar-noop-regression-quadratic-sys,try-rewrite-evar-noop-regression-quadratic-user,try-rewrite-noop-regression-quadratic-real,try-rewrite-noop-regression-quadratic-sys,try-rewrite-noop-regression-quadratic-user,try-rewrite?-evar-noop-regression-quadratic-real,try-rewrite?-evar-noop-regression-quadratic-sys,try-rewrite?-evar-noop-regression-quadratic-user,try-rewrite?-noop-regression-quadratic-real,try-rewrite?-noop-regression-quadratic-sys,try-rewrite?-noop-regression-quadratic-user,try-ssr-rewrite!-evar-noop-regression-linear-real,try-ssr-rewrite!-evar-noop-regression-linear-sys,try-ssr-rewrite!-evar-noop-regression-linear-user,try-ssr-rewrite!-noop-regression-linear-real,try-ssr-rewrite!-noop-regression-linear-sys,try-ssr-rewrite!-noop-regression-linear-user,try-ssr-rewrite-evar-noop-regression-linear-real,try-ssr-rewrite-evar-noop-regression-linear-sys,try-ssr-rewrite-evar-noop-regression-linear-user,try-ssr-rewrite-noop-regression-linear-real,try-ssr-rewrite-noop-regression-linear-sys,try-ssr-rewrite-noop-regression-linear-user,try-ssr-rewrite?-evar-noop-regression-linear-real,try-ssr-rewrite?-evar-noop-regression-linear-sys,try-ssr-rewrite?-evar-noop-regression-linear-user,try-ssr-rewrite?-noop-regression-linear-real,try-ssr-rewrite?-noop-regression-linear-sys,try-ssr-rewrite?-noop-regression-linear-user
1,0.,0.,0.,0.,0.,0.,0.,0.,0.,0.,0.,0.,0.,0.,0.,0.,0.,0.,0.,0.,0.,0.,0.,0.,0.,0.,0.,0.,0.,0.,0.,0.,0.,0.,0.,0.,0.,0.,0.
2,0.,0.,0.,0.,0.,0.,0.,0.,0.,0.,0.,0.,0.,0.,0.,0.,0.,0.,0.,0.,0.,0.,0.,0.,0.,0.,0.,0.,0.,0.,0.,0.,0.,0.,0.,0.,0.,0.,0.
3,0.,0.,0.,0.,0.,0.,0.,0.,0.,0.,0.,0.,0.,0.,0.,0.,0.,0.,0.,0.,0.,0.,0.,0.,0.,0.,0.,0.,0.,0.,0.,0.,0.,0.,0.,0.,0.,0.,0.
4,0.,0.,0.,0.,0.,0.,0.,0.,0.,0.,0.,0.,0.,0.,0.,0.,0.,0.,0.,0.,0.,0.,0.,0.,0.,0.,0.,0.,0.,0.,0.,0.,0.,0.,0.,0.,0.,0.,0.
8,0.,0.,0.,0.,0.,0.,0.,0.,0.,0.,0.,0.,0.,0.,0.,0.,0.,0.,0.,0.,0.,0.,0.,0.,0.,0.,0.,0.,0.,0.,0.,0.,0.,0.,0.,0.,0.,0.,0.
12,0.,0.,0.,0.,0.,0.,0.,0.,0.,0.,0.,0.,0.,0.,0.,0.,0.,0.,0.,0.,0.,0.,0.,0.,0.,0.,0.,0.,0.,0.,0.,0.,0.,0.,0.,0.,0.,0.,0.
16,0.,0.,0.,0.,0.,0.,0.,0.,0.,0.,0.,0.,0.,0.,0.,0.,0.,0.,0.,0.,0.,0.,0.,0.,0.,0.,0.,0.,0.,0.,0.,0.,0.,0.,0.,0.,0.,0.,0.
20,0.,0.,0.,0.,0.,0.,0.,0.,0.,0.,0.,0.,0.,0.,0.,0.,0.,0.,0.,0.,0.,0.,0.,0.,0.,0.,0.,0.,0.,0.,0.,0.,0.,0.,0.,0.,0.,0.,0.
24,0.,0.,0.,0.,0.,0.,0.,0.,0.,0.,0.,0.,0.,0.,0.,0.,0.,0.,0.,0.,0.,0.,0.,0.,0.,0.,0.,0.,0.,0.,0.,0.,0.,0.,0.,0.,0.,0.,0.
28,0.,0.,0.,0.,0.,0.,0.,0.,0.,0.,0.,0.,0.,0.,0.,0.,0.,0.,0.,0.,0.,0.,0.,0.,0.,0.,0.,0.,0.,0.,0.,0.,0.,0.,0.,0.,0.,0.,0.
32,0.,0.,0.,0.,0.,0.,0.,0.,0.,0.,0.,0.,0.,0.,0.,0.,0.,0.,0.,0.,0.,0.,0.,0.,0.,0.,0.,0.,0.,0.,0.,0.,0.,0.,0.,0.,0.,0.,0.
36,0.,0.,0.,0.,0.,0.,0.,0.,0.,0.,0.,0.,0.,0.,0.,0.,0.,0.,0.,0.,0.,0.,0.,0.,0.,0.,0.,0.,0.,0.,0.,0.,0.,0.,0.,0.,0.,0.,0.
40,0.,0.,0.,0.,0.,0.,0.,0.,0.,0.,0.,0.,0.,0.,0.,0.,0.,0.,0.,0.,0.,0.,0.,0.,0.,0.,0.,0.,0.,0.,0.,0.,0.,0.,0.,0.,0.,0.,0.
44,0.,0.,0.,0.,0.,0.,0.,0.,0.,0.,0.,0.,0.,0.,0.,0.,0.,0.,0.,0.,0.,0.,0.,0.,0.,0.,0.,0.,0.,0.,0.,0.,0.,0.,0.,0.,0.,0.,0.
48,0.,0.,0.,0.,0.,0.,0.,0.,0.,0.,0.,0.,0.,0.,0.,0.,0.,0.,0.,0.,0.,0.,0.,0.,0.,0.,0.,0.,0.,0.,0.,0.,0.,0.,0.,0.,0.,0.,0.
50,0.,0.,0.,0.001,0.001,0.,0.,0.,0.,0.001,0.001,0.,0.,0.,0.,0.001,0.001,0.,0.,0.,0.,0.,0.,0.,0.,0.,0.,0.,0.,0.,0.,0.,0.,0.,0.,0.,0.,0.,0.
52,0.,0.,0.,0.,0.,0.,0.,0.,0.,0.,0.,0.,0.,0.,0.,0.,0.,0.,0.,0.,0.,0.,0.,0.,0.,0.,0.,0.,0.,0.,0.,0.,0.,0.,0.,0.,0.,0.,0.
56,0.,0.,0.,0.,0.,0.,0.,0.,0.,0.039,0.,0.039,0.,0.,0.,0.,0.,0.,0.,0.,0.,0.,0.,0.,0.,0.,0.,0.,0.,0.,0.,0.,0.,0.,0.,0.,0.,0.,0.
60,0.,0.,0.,0.,0.,0.,0.,0.,0.,0.,0.,0.,0.,0.,0.,0.,0.,0.,0.,0.,0.,0.,0.,0.,0.,0.,0.,0.,0.,0.,0.,0.,0.,0.,0.,0.,0.,0.,0.
64,0.,0.,0.,0.,0.,0.,0.,0.,0.,0.,0.,0.,0.,0.,0.,0.,0.,0.,0.,0.,0.,0.,0.,0.,0.,0.,0.,0.,0.,0.,0.,0.,0.,0.,0.,0.,0.,0.,0.
68,0.,0.,0.,0.,0.,0.,0.,0.,0.,0.001,0.,0.001,0.,0.,0.,0.001,0.,0.001,0.,0.,0.,0.,0.,0.,0.,0.,0.,0.,0.,0.,0.,0.,0.,0.,0.,0.,0.,0.,0.
72,0.,0.,0.,0.001,0.,0.001,0.,0.,0.,0.001,0.,0.001,0.,0.,0.,0.001,0.,0.001,0.,0.,0.,0.,0.,0.,0.,0.,0.,0.,0.,0.,0.,0.,0.,0.,0.,0.,0.,0.,0.
76,0.,0.,0.,0.001,0.,0.001,0.,0.,0.,0.001,0.,0.001,0.,0.,0.,0.001,0.,0.001,0.,0.,0.,0.,0.,0.,0.,0.,0.,0.,0.,0.,0.,0.,0.,0.,0.,0.,0.,0.,0.
80,0.,0.,0.,0.001,0.,0.001,0.,0.,0.,0.001,0.,0.001,0.,0.,0.,0.001,0.,0.001,0.,0.,0.,0.,0.,0.,0.,0.,0.,0.,0.,0.,0.,0.,0.,0.,0.,0.,0.,0.,0.
84,0.,0.,0.,0.001,0.,0.001,0.,0.,0.,0.001,0.,0.001,0.,0.,0.,0.001,0.,0.001,0.,0.,0.,0.,0.,0.,0.,0.,0.,0.,0.,0.,0.,0.,0.,0.,0.,0.,0.,0.,0.
88,0.,0.,0.,0.001,0.,0.001,0.,0.,0.,0.001,0.,0.001,0.,0.,0.,0.047,0.003,0.043,0.,0.,0.,0.,0.,0.,0.,0.,0.,0.,0.,0.,0.,0.,0.,0.,0.,0.,0.,0.,0.
92,0.,0.,0.,0.001,0.,0.001,0.,0.,0.,0.001,0.,0.001,0.,0.,0.,0.001,0.,0.001,0.,0.,0.,0.,0.,0.,0.,0.,0.,0.,0.,0.,0.,0.,0.,0.,0.,0.,0.,0.,0.
96,0.,0.,0.,0.001,0.,0.001,0.,0.,0.,0.001,0.,0.001,0.,0.,0.,0.001,0.,0.001,0.,0.,0.,0.,0.,0.,0.,0.,0.,0.,0.,0.,0.,0.,0.,0.,0.,0.,0.,0.,0.
100,0.001,0.001,0.,0.002,0.002,0.,0.001,0.001,0.,0.001,0.001,0.,0.001,0.001,0.,0.002,0.,0.002,0.001,0.001,0.,0.,0.,0.,0.,0.,0.,0.,0.,0.,0.,0.,0.,0.,0.,0.,0.,0.,0.
104,0.,0.,0.,0.001,0.,0.001,0.,0.,0.,0.001,0.,0.001,0.,0.,0.,0.001,0.,0.001,0.,0.,0.,0.,0.,0.,0.,0.,0.,0.,0.,0.,0.,0.,0.,0.,0.,0.,0.,0.,0.
108,0.,0.,0.,0.001,0.,0.001,0.,0.,0.,0.001,0.,0.001,0.,0.,0.,0.001,0.,0.001,0.,0.,0.,0.,0.,0.,0.,0.,0.,0.,0.,0.,0.,0.,0.,0.,0.,0.,0.,0.,0.
112,0.,0.,0.,0.001,0.,0.001,0.,0.,0.,0.001,0.,0.001,0.,0.,0.,0.001,0.,0.001,0.,0.,0.,0.,0.,0.,0.,0.,0.,0.,0.,0.,0.,0.,0.,0.,0.,0.,0.,0.,0.
116,0.001,0.,0.001,0.001,0.,0.001,0.,0.,0.,0.001,0.,0.001,0.,0.,0.,0.003,0.,0.003,0.,0.,0.,0.,0.,0.,0.,0.,0.,0.,0.,0.,0.,0.,0.,0.,0.,0.,0.,0.,0.
120,0.001,0.,0.001,0.001,0.,0.001,0.,0.,0.,0.001,0.,0.001,0.,0.,0.,0.001,0.,0.001,0.001,0.,0.001,0.,0.,0.,0.,0.,0.,0.,0.,0.,0.,0.,0.,0.,0.,0.,0.,0.,0.
124,0.001,0.,0.001,0.001,0.,0.001,0.001,0.,0.001,0.001,0.,0.001,0.001,0.,0.001,0.001,0.,0.001,0.001,0.,0.001,0.,0.,0.,0.,0.,0.,0.,0.,0.,0.,0.,0.,0.,0.,0.,0.,0.,0.
128,0.001,0.,0.001,0.002,0.,0.002,0.001,0.,0.001,0.002,0.,0.002,0.001,0.,0.001,0.002,0.,0.001,0.001,0.,0.001,0.,0.,0.,0.,0.,0.,0.,0.,0.,0.,0.,0.,0.,0.,0.,0.,0.,0.
132,0.001,0.,0.001,0.002,0.,0.002,0.001,0.,0.001,0.002,0.,0.002,0.001,0.,0.001,0.002,0.,0.002,0.001,0.,0.001,0.,0.,0.,0.,0.,0.,0.,0.,0.,0.,0.,0.,0.,0.,0.,0.,0.,0.
136,0.001,0.,0.001,0.002,0.,0.002,0.001,0.,0.001,0.002,0.,0.002,0.001,0.,0.001,0.003,0.,0.003,0.001,0.,0.001,0.,0.,0.,0.,0.,0.,0.,0.,0.,0.,0.,0.,0.,0.,0.,0.,0.,0.
140,0.001,0.,0.001,0.002,0.,0.002,0.001,0.,0.001,0.002,0.,0.002,0.001,0.,0.001,0.002,0.,0.002,0.001,0.,0.001,0.,0.,0.,0.,0.,0.,0.,0.,0.,0.,0.,0.,0.,0.,0.,0.,0.,0.
144,0.001,0.,0.001,0.002,0.,0.002,0.001,0.,0.001,0.002,0.,0.002,0.001,0.,0.001,0.002,0.,0.002,0.001,0.,0.001,0.,0.,0.,0.,0.,0.,0.,0.,0.,0.,0.,0.,0.,0.,0.,0.,0.,0.
148,0.001,0.,0.001,0.002,0.,0.002,0.001,0.,0.001,0.002,0.,0.002,0.001,0.,0.001,0.002,0.,0.002,0.001,0.,0.001,0.,0.,0.,0.,0.,0.,0.,0.,0.,0.,0.,0.,0.,0.,0.,0.,0.,0.
150,0.002,0.,0.002,0.003,0.,0.003,0.002,0.,0.002,0.003,0.,0.003,0.001,0.001,0.,0.003,0.003,0.,0.002,0.002,0.,0.,0.,0.,0.,0.,0.,0.,0.,0.,0.,0.,0.,0.,0.,0.,0.,0.,0.
152,0.001,0.,0.001,0.002,0.,0.002,0.001,0.,0.001,0.002,0.,0.002,0.001,0.,0.001,0.002,0.,0.002,0.001,0.,0.001,0.,0.,0.,0.,0.,0.,0.,0.,0.,0.,0.,0.,0.,0.,0.,0.,0.,0.
156,0.001,0.,0.001,0.002,0.,0.002,0.001,0.,0.001,0.002,0.,0.002,0.001,0.,0.001,0.002,0.,0.002,0.001,0.,0.001,0.,0.,0.,0.,0.,0.,0.,0.,0.,0.,0.,0.,0.,0.,0.,0.,0.,0.
160,0.001,0.,0.001,0.002,0.,0.002,0.001,0.,0.001,0.002,0.,0.002,0.001,0.,0.001,0.002,0.,0.002,0.001,0.,0.001,0.,0.,0.,0.,0.,0.,0.,0.,0.,0.,0.,0.,0.,0.,0.,0.,0.,0.
164,0.001,0.,0.001,0.002,0.,0.002,0.001,0.,0.001,0.002,0.,0.002,0.001,0.,0.001,0.002,0.,0.002,0.001,0.,0.001,0.,0.,0.,0.,0.,0.,0.,0.,0.,0.,0.,0.,0.,0.,0.,0.,0.,0.
168,0.001,0.,0.001,0.002,0.,0.002,0.001,0.,0.001,0.002,0.,0.002,0.001,0.,0.001,0.002,0.,0.002,0.001,0.,0.001,0.,0.,0.,0.,0.,0.,0.,0.,0.,0.,0.,0.,0.,0.,0.,0.,0.,0.
172,0.001,0.,0.001,0.002,0.,0.002,0.002,0.,0.002,0.002,0.,0.002,0.001,0.,0.001,0.002,0.,0.002,0.001,0.,0.001,0.,0.,0.,0.,0.,0.,0.,0.,0.,0.,0.,0.,0.,0.,0.,0.,0.,0.
176,0.001,0.,0.001,0.002,0.,0.002,0.001,0.,0.001,0.002,0.,0.002,0.001,0.,0.001,0.002,0.,0.002,0.001,0.,0.001,0.,0.,0.,0.,0.,0.,0.,0.,0.,0.,0.,0.,0.,0.,0.,0.,0.,0.
180,0.001,0.,0.001,0.003,0.,0.002,0.001,0.,0.001,0.003,0.,0.003,0.001,0.,0.001,0.002,0.,0.002,0.001,0.,0.001,0.,0.,0.,0.,0.,0.,0.,0.,0.,0.,0.,0.,0.,0.,0.,0.,0.,0.
184,0.001,0.,0.001,0.003,0.003,0.,0.001,0.,0.001,0.003,0.,0.002,0.001,0.,0.001,0.003,0.,0.003,0.001,0.,0.001,0.,0.,0.,0.,0.,0.,0.,0.,0.,0.,0.,0.,0.,0.,0.,0.,0.,0.
188,0.001,0.,0.001,0.003,0.,0.003,0.001,0.,0.001,0.003,0.,0.003,0.001,0.,0.001,0.003,0.,0.003,0.001,0.,0.001,0.,0.,0.,0.,0.,0.,0.,0.,0.,0.,0.,0.,0.,0.,0.,0.,0.,0.
192,0.001,0.,0.001,0.003,0.,0.003,0.001,0.,0.001,0.003,0.,0.003,0.001,0.,0.001,0.003,0.,0.003,0.001,0.,0.001,0.,0.,0.,0.,0.,0.,0.,0.,0.,0.,0.,0.,0.,0.,0.,0.,0.,0.
196,0.001,0.,0.001,0.003,0.,0.003,0.001,0.,0.001,0.003,0.,0.003,0.001,0.,0.001,0.003,0.,0.003,0.001,0.,0.001,0.,0.,0.,0.,0.,0.,0.,0.,0.,0.,0.,0.,0.,0.,0.,0.,0.,0.
200,0.002,0.,0.002,0.004,0.002,0.001,0.002,0.002,0.,0.004,0.004,0.,0.002,0.002,0.,0.004,0.,0.004,0.002,0.002,0.,0.,0.,0.,0.,0.,0.,0.,0.,0.,0.,0.,0.,0.,0.,0.,0.,0.,0.
204,0.001,0.,0.001,0.003,0.,0.003,0.002,0.,0.002,0.003,0.,0.003,0.001,0.,0.001,0.003,0.,0.003,0.001,0.,0.001,0.,0.,0.,0.,0.,0.,0.,0.,0.,0.,0.,0.,0.,0.,0.,0.,0.,0.
208,0.001,0.,0.001,0.003,0.,0.003,0.001,0.,0.001,0.003,0.,0.003,0.001,0.,0.001,0.003,0.,0.003,0.001,0.,0.001,0.,0.,0.,0.,0.,0.,0.,0.,0.,0.,0.,0.,0.,0.,0.,0.,0.,0.
212,0.001,0.,0.001,0.003,0.,0.003,0.001,0.,0.001,0.003,0.,0.003,0.001,0.,0.001,0.003,0.,0.003,0.001,0.,0.001,0.,0.,0.,0.,0.,0.,0.,0.,0.,0.,0.,0.,0.,0.,0.,0.,0.,0.
216,0.001,0.,0.001,0.003,0.,0.003,0.001,0.,0.001,0.003,0.,0.003,0.002,0.,0.002,0.003,0.,0.003,0.001,0.,0.001,0.,0.,0.,0.,0.,0.,0.,0.,0.,0.,0.,0.,0.,0.,0.,0.,0.,0.
220,0.001,0.,0.001,0.003,0.,0.003,0.001,0.,0.001,0.003,0.,0.003,0.001,0.,0.001,0.003,0.,0.003,0.001,0.,0.001,0.,0.,0.,0.,0.,0.,0.,0.,0.,0.,0.,0.,0.,0.,0.,0.,0.,0.
224,0.001,0.,0.001,0.003,0.,0.003,0.001,0.,0.001,0.003,0.,0.003,0.001,0.,0.001,0.003,0.,0.003,0.001,0.,0.001,0.,0.,0.,0.,0.,0.,0.,0.,0.,0.,0.,0.,0.,0.,0.,0.,0.,0.
228,0.001,0.,0.001,0.004,0.,0.004,0.001,0.,0.001,0.004,0.,0.004,0.002,0.,0.002,0.004,0.,0.004,0.001,0.,0.001,0.,0.,0.,0.,0.,0.,0.,0.,0.,0.,0.,0.,0.,0.,0.,0.,0.,0.
232,0.001,0.,0.001,0.004,0.,0.004,0.001,0.,0.001,0.004,0.,0.004,0.001,0.,0.001,0.004,0.,0.004,0.001,0.,0.001,0.,0.,0.,0.,0.,0.,0.,0.,0.,0.,0.,0.,0.,0.,0.,0.,0.,0.
236,0.001,0.,0.001,0.004,0.,0.004,0.001,0.,0.001,0.004,0.,0.004,0.001,0.,0.001,0.004,0.,0.004,0.001,0.,0.001,0.,0.,0.,0.,0.,0.,0.,0.,0.,0.,0.,0.,0.,0.,0.,0.,0.,0.
240,0.002,0.,0.002,0.004,0.,0.004,0.001,0.,0.001,0.004,0.,0.004,0.001,0.,0.001,0.004,0.,0.004,0.001,0.,0.001,0.,0.,0.,0.,0.,0.,0.,0.,0.,0.,0.,0.,0.,0.,0.,0.,0.,0.
244,0.001,0.,0.001,0.004,0.,0.004,0.001,0.,0.001,0.004,0.,0.004,0.001,0.,0.001,0.004,0.,0.004,0.001,0.,0.001,0.,0.,0.,0.,0.,0.,0.,0.,0.,0.,0.,0.,0.,0.,0.,0.,0.,0.
248,0.001,0.,0.001,0.004,0.,0.004,0.001,0.,0.001,0.004,0.,0.004,0.002,0.,0.002,0.005,0.,0.005,0.001,0.,0.001,0.,0.,0.,0.,0.,0.,0.,0.,0.,0.,0.,0.,0.,0.,0.,0.,0.,0.
250,0.002,0.,0.002,0.004,0.,0.004,0.048,0.012,0.036,0.004,0.,0.004,0.002,0.,0.001,0.004,0.,0.004,0.002,0.,0.002,0.,0.,0.,0.,0.,0.,0.,0.,0.,0.,0.,0.,0.,0.,0.,0.,0.,0.
252,0.001,0.,0.001,0.004,0.,0.004,0.001,0.,0.001,0.004,0.,0.004,0.001,0.,0.001,0.004,0.,0.004,0.002,0.,0.002,0.,0.,0.,0.,0.,0.,0.,0.,0.,0.,0.,0.,0.,0.,0.,0.,0.,0.
256,0.002,0.,0.002,0.004,0.,0.004,0.002,0.,0.002,0.004,0.,0.004,0.002,0.,0.002,0.004,0.,0.004,0.002,0.,0.002,0.,0.,0.,0.,0.,0.,0.,0.,0.,0.,0.,0.,0.,0.,0.,0.,0.,0.
260,0.001,0.,0.001,0.004,0.,0.004,0.002,0.,0.002,0.004,0.,0.004,0.002,0.,0.002,0.004,0.,0.004,0.002,0.,0.002,0.,0.,0.,0.,0.,0.,0.,0.,0.,0.,0.,0.,0.,0.,0.,0.,0.,0.
264,0.002,0.,0.002,0.005,0.,0.005,0.002,0.,0.002,0.005,0.,0.005,0.002,0.,0.002,0.005,0.,0.005,0.002,0.,0.002,0.,0.,0.,0.,0.,0.,0.,0.,0.,0.,0.,0.,0.,0.,0.,0.,0.,0.
268,0.002,0.,0.002,0.005,0.,0.005,0.002,0.,0.002,0.005,0.,0.005,0.002,0.,0.002,0.006,0.,0.006,0.002,0.,0.002,0.,0.,0.,0.,0.,0.,0.,0.,0.,0.,0.,0.,0.,0.,0.,0.,0.,0.
272,0.002,0.,0.002,0.005,0.,0.005,0.002,0.,0.002,0.005,0.,0.005,0.002,0.,0.002,0.005,0.,0.005,0.002,0.,0.002,0.,0.,0.,0.,0.,0.,0.,0.,0.,0.,0.,0.,0.,0.,0.,0.,0.,0.
276,0.002,0.,0.002,0.005,0.,0.005,0.002,0.,0.002,0.005,0.,0.005,0.002,0.,0.002,0.005,0.,0.005,0.002,0.,0.002,0.,0.,0.,0.,0.,0.,0.,0.,0.,0.,0.,0.,0.,0.,0.,0.,0.,0.
280,0.002,0.,0.002,0.005,0.,0.005,0.002,0.,0.002,0.005,0.,0.005,0.002,0.,0.002,0.005,0.,0.005,0.002,0.,0.002,0.,0.,0.,0.,0.,0.,0.,0.,0.,0.,0.,0.,0.,0.,0.,0.,0.,0.
284,0.002,0.,0.002,0.005,0.,0.005,0.002,0.,0.002,0.005,0.,0.005,0.002,0.,0.002,0.005,0.,0.005,0.002,0.,0.002,0.,0.,0.,0.,0.,0.,0.,0.,0.,0.,0.,0.,0.,0.,0.,0.,0.,0.
288,0.002,0.,0.002,0.005,0.,0.005,0.002,0.,0.002,0.006,0.,0.006,0.002,0.,0.002,0.005,0.,0.005,0.002,0.,0.002,0.,0.,0.,0.,0.,0.,0.,0.,0.,0.,0.,0.,0.,0.,0.,0.,0.,0.
292,0.002,0.,0.002,0.005,0.,0.005,0.002,0.,0.002,0.005,0.,0.005,0.002,0.,0.002,0.005,0.,0.005,0.002,0.,0.002,0.,0.,0.,0.,0.,0.,0.,0.,0.,0.,0.,0.,0.,0.,0.,0.,0.,0.
296,0.002,0.,0.002,0.006,0.,0.006,0.002,0.,0.002,0.006,0.,0.006,0.002,0.,0.002,0.006,0.,0.006,0.002,0.,0.002,0.,0.,0.,0.,0.,0.,0.,0.,0.,0.,0.,0.,0.,0.,0.,0.,0.,0.
300,0.002,0.,0.002,0.005,0.,0.005,0.002,0.,0.002,0.005,0.,0.005,0.002,0.,0.002,0.005,0.,0.005,0.002,0.,0.002,0.,0.,0.,0.,0.,0.,0.,0.,0.,0.,0.,0.,0.,0.,0.,0.,0.,0.
304,0.002,0.,0.002,0.006,0.,0.006,0.002,0.,0.002,0.006,0.,0.006,0.002,0.,0.002,0.006,0.,0.006,0.002,0.,0.002,0.,0.,0.,0.,0.,0.,0.,0.,0.,0.,0.,0.,0.,0.,0.,0.,0.,0.
308,0.002,0.,0.002,0.006,0.,0.006,0.002,0.,0.002,0.006,0.,0.006,0.002,0.,0.002,0.006,0.,0.006,0.002,0.,0.002,0.,0.,0.,0.,0.,0.,0.,0.,0.,0.,0.,0.,0.,0.,0.,0.,0.,0.
312,0.003,0.,0.003,0.006,0.,0.006,0.002,0.,0.002,0.006,0.,0.006,0.002,0.,0.002,0.006,0.,0.006,0.002,0.,0.002,0.,0.,0.,0.,0.,0.,0.,0.,0.,0.,0.,0.,0.,0.,0.,0.,0.,0.
316,0.002,0.,0.002,0.006,0.,0.006,0.002,0.,0.002,0.006,0.,0.006,0.002,0.,0.002,0.006,0.,0.006,0.002,0.,0.002,0.,0.,0.,0.,0.,0.,0.,0.,0.,0.,0.,0.,0.,0.,0.,0.,0.,0.
320,0.002,0.,0.002,0.006,0.,0.006,0.003,0.,0.003,0.006,0.,0.006,0.002,0.,0.002,0.006,0.,0.006,0.002,0.,0.002,0.,0.,0.,0.,0.,0.,0.,0.,0.,0.,0.,0.,0.,0.,0.,0.,0.,0.
324,0.002,0.,0.002,0.006,0.,0.006,0.002,0.,0.002,0.006,0.,0.006,0.002,0.,0.002,0.006,0.,0.006,0.002,0.,0.002,0.,0.,0.,0.,0.,0.,0.,0.,0.,0.,0.,0.,0.,0.,0.,0.,0.,0.
328,0.002,0.,0.002,0.006,0.,0.006,0.002,0.,0.002,0.006,0.,0.006,0.003,0.,0.003,0.006,0.,0.006,0.002,0.,0.002,0.,0.,0.,0.,0.,0.,0.,0.,0.,0.,0.,0.,0.,0.,0.,0.,0.,0.
332,0.002,0.,0.002,0.006,0.,0.006,0.002,0.,0.002,0.006,0.,0.006,0.002,0.,0.002,0.006,0.,0.006,0.002,0.,0.002,0.,0.,0.,0.,0.,0.,0.,0.,0.,0.,0.,0.,0.,0.,0.,0.,0.,0.
336,0.002,0.,0.002,0.006,0.,0.006,0.002,0.,0.002,0.006,0.,0.006,0.003,0.,0.003,0.006,0.,0.006,0.002,0.,0.002,0.,0.,0.,0.,0.,0.,0.,0.,0.,0.,0.,0.,0.,0.,0.,0.,0.,0.
340,0.002,0.,0.002,0.007,0.,0.007,0.002,0.,0.002,0.006,0.,0.006,0.002,0.,0.002,0.006,0.,0.006,0.002,0.,0.002,0.,0.,0.,0.,0.,0.,0.,0.,0.,0.,0.,0.,0.,0.,0.,0.,0.,0.
344,0.002,0.,0.002,0.007,0.,0.007,0.003,0.,0.003,0.007,0.,0.007,0.002,0.,0.002,0.007,0.,0.007,0.002,0.,0.002,0.,0.,0.,0.,0.,0.,0.,0.,0.,0.,0.,0.,0.,0.,0.,0.,0.,0.
348,0.002,0.,0.002,0.007,0.,0.007,0.002,0.,0.002,0.007,0.,0.007,0.002,0.,0.002,0.007,0.,0.007,0.002,0.,0.002,0.,0.,0.,0.,0.,0.,0.,0.,0.,0.,0.,0.,0.,0.,0.,0.,0.,0.
350,0.002,0.,0.002,0.008,0.,0.008,0.002,0.,0.002,0.007,0.,0.007,0.002,0.,0.002,0.007,0.,0.007,0.002,0.,0.002,0.,0.,0.,0.,0.,0.,0.,0.,0.,0.,0.,0.,0.,0.,0.,0.,0.,0.
352,0.002,0.,0.002,0.007,0.,0.007,0.003,0.,0.003,0.007,0.,0.007,0.002,0.,0.002,0.007,0.,0.007,0.002,0.,0.002,0.,0.,0.,0.,0.,0.,0.,0.,0.,0.,0.,0.,0.,0.,0.,0.,0.,0.
356,0.002,0.,0.002,0.007,0.003,0.003,0.002,0.,0.002,0.007,0.,0.007,0.002,0.,0.002,0.007,0.,0.007,0.002,0.,0.002,0.,0.,0.,0.,0.,0.,0.,0.,0.,0.,0.,0.,0.,0.,0.,0.,0.,0.
360,0.002,0.,0.002,0.007,0.,0.007,0.002,0.,0.002,0.007,0.,0.007,0.002,0.,0.002,0.007,0.,0.007,0.002,0.,0.002,0.,0.,0.,0.,0.,0.,0.,0.,0.,0.,0.,0.,0.,0.,0.,0.,0.,0.
364,0.002,0.,0.002,0.007,0.,0.007,0.002,0.,0.002,0.008,0.,0.008,0.002,0.,0.002,0.008,0.,0.008,0.002,0.,0.002,0.,0.,0.,0.,0.,0.,0.,0.,0.,0.,0.,0.,0.,0.,0.,0.,0.,0.
368,0.002,0.,0.002,0.007,0.,0.007,0.002,0.,0.002,0.007,0.,0.007,0.002,0.,0.002,0.007,0.,0.007,0.002,0.,0.002,0.,0.,0.,0.,0.,0.,0.,0.,0.,0.,0.,0.,0.,0.,0.,0.,0.,0.
372,0.002,0.,0.002,0.007,0.,0.007,0.002,0.,0.002,0.008,0.,0.008,0.002,0.,0.002,0.008,0.,0.008,0.002,0.,0.002,0.,0.,0.,0.,0.,0.,0.,0.,0.,0.,0.,0.,0.,0.,0.,0.,0.,0.
376,0.002,0.,0.002,0.008,0.,0.008,0.002,0.,0.002,0.008,0.,0.008,0.002,0.,0.002,0.008,0.,0.008,0.002,0.,0.002,0.,0.,0.,0.,0.,0.,0.,0.,0.,0.,0.,0.,0.,0.,0.,0.,0.,0.
380,0.002,0.,0.002,0.008,0.,0.008,0.002,0.,0.002,0.008,0.,0.008,0.003,0.,0.003,0.008,0.,0.008,0.002,0.,0.002,0.,0.,0.,0.,0.,0.,0.,0.,0.,0.,0.,0.,0.,0.,0.,0.,0.,0.
384,0.002,0.,0.002,0.008,0.,0.008,0.002,0.,0.002,0.008,0.,0.008,0.003,0.,0.003,0.008,0.,0.008,0.002,0.,0.002,0.,0.,0.,0.,0.,0.,0.,0.,0.,0.,0.,0.,0.,0.,0.,0.,0.,0.
388,0.003,0.,0.003,0.008,0.,0.008,0.003,0.,0.003,0.008,0.,0.008,0.002,0.,0.002,0.008,0.,0.008,0.002,0.,0.002,0.,0.,0.,0.,0.,0.,0.,0.,0.,0.,0.,0.,0.,0.,0.,0.,0.,0.
392,0.003,0.,0.003,0.008,0.,0.008,0.003,0.,0.003,0.008,0.,0.008,0.003,0.,0.003,0.008,0.,0.008,0.003,0.,0.003,0.,0.,0.,0.,0.,0.,0.,0.,0.,0.,0.,0.,0.,0.,0.,0.,0.,0.
396,0.003,0.,0.003,0.008,0.,0.008,0.003,0.,0.003,0.008,0.,0.008,0.003,0.,0.003,0.008,0.,0.008,0.003,0.,0.003,0.,0.,0.,0.,0.,0.,0.,0.,0.,0.,0.,0.,0.,0.,0.,0.,0.,0.
400,0.003,0.,0.003,0.008,0.,0.008,0.003,0.,0.003,0.008,0.,0.008,0.003,0.,0.003,0.008,0.,0.008,0.003,0.,0.003,0.,0.,0.,0.,0.,0.,0.,0.,0.,0.,0.,0.,0.,0.,0.,0.,0.,0.
404,0.003,0.,0.003,0.009,0.,0.009,0.003,0.,0.003,0.009,0.,0.009,0.003,0.,0.003,0.009,0.,0.009,0.003,0.,0.003,0.,0.,0.,0.,0.,0.,0.,0.,0.,0.,0.,0.,0.,0.,0.,0.,0.,0.
408,0.003,0.,0.003,0.009,0.,0.009,0.003,0.,0.003,0.009,0.,0.009,0.003,0.,0.003,0.009,0.,0.009,0.003,0.,0.003,0.,0.,0.,0.,0.,0.,0.,0.,0.,0.,0.,0.,0.,0.,0.,0.,0.,0.
412,0.003,0.,0.003,0.009,0.,0.009,0.003,0.,0.003,0.009,0.,0.009,0.003,0.,0.003,0.009,0.,0.009,0.003,0.,0.003,0.,0.,0.,0.,0.,0.,0.,0.,0.,0.,0.,0.,0.,0.,0.,0.,0.,0.
416,0.003,0.,0.003,0.009,0.,0.009,0.003,0.,0.003,0.009,0.,0.009,0.003,0.,0.003,0.01,0.,0.01,0.003,0.,0.003,0.,0.,0.,0.,0.,0.,0.,0.,0.,0.,0.,0.,0.,0.,0.,0.,0.,0.
420,0.003,0.,0.003,0.009,0.,0.009,0.003,0.,0.003,0.009,0.,0.009,0.003,0.,0.003,0.009,0.,0.009,0.003,0.,0.003,0.,0.,0.,0.,0.,0.,0.,0.,0.,0.,0.,0.,0.,0.,0.,0.,0.,0.
424,0.003,0.,0.003,0.01,0.,0.01,0.003,0.,0.003,0.009,0.,0.009,0.003,0.,0.003,0.009,0.,0.009,0.003,0.,0.003,0.,0.,0.,0.,0.,0.,0.,0.,0.,0.,0.,0.,0.,0.,0.,0.,0.,0.
428,0.003,0.,0.003,0.009,0.,0.009,0.003,0.,0.003,0.009,0.,0.009,0.003,0.,0.003,0.009,0.,0.009,0.003,0.,0.003,0.,0.,0.,0.,0.,0.,0.,0.,0.,0.,0.,0.,0.,0.,0.,0.,0.,0.
432,0.004,0.,0.004,0.009,0.,0.009,0.003,0.,0.003,0.009,0.,0.009,0.003,0.,0.003,0.009,0.,0.009,0.003,0.,0.003,0.,0.,0.,0.,0.,0.,0.,0.,0.,0.,0.,0.,0.,0.,0.,0.,0.,0.
436,0.003,0.,0.003,0.011,0.,0.011,0.003,0.,0.003,0.009,0.,0.009,0.003,0.,0.003,0.01,0.,0.01,0.003,0.,0.003,0.,0.,0.,0.,0.,0.,0.,0.,0.,0.,0.,0.,0.,0.,0.,0.,0.,0.
440,0.003,0.,0.003,0.01,0.,0.01,0.003,0.,0.003,0.01,0.,0.01,0.003,0.,0.003,0.01,0.,0.01,0.003,0.,0.003,0.,0.,0.,0.,0.,0.,0.,0.,0.,0.,0.,0.,0.,0.,0.,0.,0.,0.
444,0.004,0.,0.004,0.01,0.,0.01,0.003,0.,0.003,0.01,0.,0.01,0.003,0.,0.003,0.01,0.,0.01,0.003,0.,0.003,0.,0.,0.,0.,0.,0.,0.,0.,0.,0.,0.,0.,0.,0.,0.,0.,0.,0.
448,0.003,0.,0.003,0.01,0.,0.01,0.003,0.,0.003,0.011,0.,0.011,0.003,0.,0.003,0.01,0.,0.01,0.003,0.,0.003,0.,0.,0.,0.,0.,0.,0.,0.,0.,0.,0.,0.,0.,0.,0.,0.,0.,0.
452,0.003,0.,0.003,0.01,0.,0.01,0.003,0.,0.003,0.01,0.,0.01,0.003,0.,0.003,0.01,0.,0.01,0.003,0.,0.003,0.,0.,0.,0.,0.,0.,0.,0.,0.,0.,0.,0.,0.,0.,0.,0.,0.,0.
456,0.004,0.,0.004,0.01,0.,0.01,0.003,0.,0.003,0.01,0.,0.01,0.003,0.,0.003,0.01,0.,0.01,0.003,0.,0.003,0.,0.,0.,0.,0.,0.,0.,0.,0.,0.,0.,0.,0.,0.,0.,0.,0.,0.
460,0.003,0.,0.003,0.011,0.,0.011,0.003,0.,0.003,0.01,0.,0.01,0.003,0.,0.003,0.01,0.,0.01,0.003,0.,0.003,0.,0.,0.,0.,0.,0.,0.,0.,0.,0.,0.,0.,0.,0.,0.,0.,0.,0.
464,0.003,0.,0.003,0.01,0.,0.01,0.003,0.,0.003,0.01,0.,0.01,0.003,0.,0.003,0.011,0.,0.011,0.003,0.,0.003,0.,0.,0.,0.,0.,0.,0.,0.,0.,0.,0.,0.,0.,0.,0.,0.,0.,0.
468,0.003,0.,0.003,0.011,0.,0.011,0.003,0.,0.003,0.011,0.,0.011,0.003,0.,0.003,0.011,0.,0.011,0.003,0.,0.003,0.,0.,0.,0.,0.,0.,0.,0.,0.,0.,0.,0.,0.,0.,0.,0.,0.,0.
472,0.003,0.,0.003,0.012,0.,0.012,0.003,0.,0.003,0.011,0.,0.011,0.003,0.,0.003,0.011,0.,0.011,0.003,0.,0.003,0.,0.,0.,0.,0.,0.,0.,0.,0.,0.,0.,0.,0.,0.,0.,0.,0.,0.
476,0.003,0.,0.003,0.011,0.,0.011,0.003,0.,0.003,0.011,0.,0.011,0.003,0.,0.003,0.012,0.,0.012,0.003,0.,0.003,0.,0.,0.,0.,0.,0.,0.,0.,0.,0.,0.,0.,0.,0.,0.,0.,0.,0.
480,0.003,0.,0.003,0.011,0.,0.011,0.003,0.,0.003,0.011,0.,0.011,0.003,0.,0.003,0.011,0.,0.011,0.003,0.,0.003,0.,0.,0.,0.,0.,0.,0.,0.,0.,0.,0.,0.,0.,0.,0.,0.,0.,0.
484,0.003,0.,0.003,0.012,0.,0.012,0.003,0.,0.003,0.012,0.,0.012,0.004,0.,0.004,0.011,0.,0.011,0.004,0.,0.004,0.,0.,0.,0.,0.,0.,0.,0.,0.,0.,0.,0.,0.,0.,0.,0.,0.,0.
488,0.003,0.,0.003,0.011,0.,0.011,0.003,0.,0.003,0.013,0.,0.013,0.003,0.,0.003,0.012,0.,0.012,0.003,0.,0.003,0.,0.,0.,0.,0.,0.,0.,0.,0.,0.,0.,0.,0.,0.,0.,0.,0.,0.
492,0.003,0.,0.003,0.012,0.,0.012,0.003,0.,0.003,0.012,0.,0.012,0.003,0.,0.003,0.012,0.,0.012,0.003,0.,0.003,0.,0.,0.,0.,0.,0.,0.,0.,0.,0.,0.,0.,0.,0.,0.,0.,0.,0.
496,0.004,0.,0.004,0.012,0.,0.012,0.004,0.,0.004,0.012,0.,0.012,0.004,0.,0.004,0.012,0.,0.012,0.004,0.,0.004,0.,0.,0.,0.,0.,0.,0.,0.,0.,0.,0.,0.,0.,0.,0.,0.,0.,0.
500,0.003,0.,0.003,0.012,0.,0.012,0.003,0.,0.003,0.012,0.,0.012,0.003,0.,0.003,0.012,0.,0.012,0.005,0.,0.005,0.,0.,0.,0.,0.,0.,0.,0.,0.,0.,0.,0.,0.,0.,0.,0.,0.,0.
504,0.003,0.,0.003,0.012,0.,0.012,0.003,0.,0.003,0.013,0.,0.013,0.004,0.,0.004,0.012,0.,0.012,0.004,0.,0.004,0.,0.,0.,0.,0.,0.,0.,0.,0.,0.,0.,0.,0.,0.,0.,0.,0.,0.
508,0.003,0.,0.003,0.012,0.,0.012,0.003,0.,0.003,0.012,0.,0.012,0.003,0.,0.003,0.012,0.,0.012,0.003,0.,0.003,0.,0.,0.,0.,0.,0.,0.,0.,0.,0.,0.,0.,0.,0.,0.,0.,0.,0.
512,0.005,0.,0.005,0.012,0.,0.012,0.003,0.,0.003,0.012,0.,0.012,0.003,0.,0.003,0.012,0.,0.012,0.003,0.,0.003,0.,0.,0.,0.,0.,0.,0.,0.,0.,0.,0.,0.,0.,0.,0.,0.,0.,0.
516,0.003,0.,0.003,0.012,0.,0.012,0.004,0.,0.004,0.012,0.,0.012,0.003,0.,0.003,0.012,0.,0.012,0.005,0.,0.005,0.,0.,0.,0.,0.,0.,0.,0.,0.,0.,0.,0.,0.,0.,0.,0.,0.,0.
520,0.003,0.,0.003,0.013,0.,0.013,0.003,0.,0.003,0.014,0.,0.014,0.003,0.,0.003,0.013,0.,0.013,0.004,0.,0.004,0.,0.,0.,0.,0.,0.,0.,0.,0.,0.,0.,0.,0.,0.,0.,0.,0.,0.
524,0.004,0.,0.004,0.013,0.,0.013,0.004,0.,0.004,0.013,0.,0.013,0.004,0.,0.004,0.013,0.,0.013,0.004,0.,0.004,0.,0.,0.,0.,0.,0.,0.,0.,0.,0.,0.,0.,0.,0.,0.,0.,0.,0.
528,0.004,0.,0.004,0.013,0.,0.013,0.004,0.,0.004,0.013,0.,0.013,0.004,0.,0.004,0.013,0.,0.013,0.004,0.,0.004,0.,0.,0.,0.,0.,0.,0.,0.,0.,0.,0.,0.,0.,0.,0.,0.,0.,0.
532,0.004,0.,0.004,0.013,0.,0.013,0.004,0.,0.004,0.013,0.,0.013,0.005,0.,0.005,0.013,0.,0.013,0.004,0.,0.004,0.,0.,0.,0.,0.,0.,0.,0.,0.,0.,0.,0.,0.,0.,0.,0.,0.,0.
536,0.004,0.,0.004,0.014,0.,0.014,0.004,0.,0.004,0.013,0.,0.013,0.004,0.,0.004,0.013,0.,0.013,0.004,0.,0.004,0.,0.,0.,0.,0.,0.,0.,0.,0.,0.,0.,0.,0.,0.,0.,0.,0.,0.
540,0.004,0.,0.004,0.013,0.,0.013,0.004,0.,0.004,0.015,0.,0.015,0.004,0.,0.004,0.013,0.,0.013,0.004,0.,0.004,0.,0.,0.,0.,0.,0.,0.,0.,0.,0.,0.,0.,0.,0.,0.,0.,0.,0.
544,0.004,0.,0.004,0.014,0.,0.014,0.004,0.,0.004,0.014,0.,0.014,0.004,0.,0.004,0.014,0.,0.014,0.004,0.,0.004,0.,0.,0.,0.,0.,0.,0.,0.,0.,0.,0.,0.,0.,0.,0.,0.,0.,0.
548,0.004,0.,0.004,0.014,0.,0.014,0.004,0.,0.004,0.014,0.,0.014,0.004,0.,0.004,0.014,0.,0.014,0.004,0.,0.004,0.,0.,0.,0.,0.,0.,0.,0.,0.,0.,0.,0.,0.,0.,0.,0.,0.,0.
552,0.004,0.,0.004,0.014,0.,0.014,0.004,0.,0.004,0.014,0.,0.014,0.004,0.,0.004,0.014,0.,0.014,0.004,0.,0.004,0.,0.,0.,0.,0.,0.,0.,0.,0.,0.,0.,0.,0.,0.,0.,0.,0.,0.
556,0.004,0.,0.004,0.014,0.,0.014,0.004,0.,0.004,0.014,0.,0.014,0.004,0.,0.004,0.014,0.,0.014,0.004,0.,0.004,0.,0.,0.,0.,0.,0.,0.,0.,0.,0.001,0.,0.001,0.,0.,0.,0.,0.,0.
560,0.004,0.,0.004,0.014,0.,0.014,0.004,0.,0.004,0.015,0.,0.015,0.004,0.,0.004,0.014,0.,0.014,0.004,0.,0.004,0.,0.,0.,0.,0.,0.,0.,0.,0.,0.,0.,0.,0.,0.,0.,0.,0.,0.
564,0.004,0.,0.004,0.014,0.,0.014,0.004,0.,0.004,0.014,0.,0.014,0.004,0.,0.004,0.015,0.,0.015,0.004,0.,0.004,0.,0.,0.,0.,0.,0.,0.,0.,0.,0.,0.,0.,0.,0.,0.,0.,0.,0.
568,0.004,0.,0.004,0.014,0.,0.014,0.004,0.,0.004,0.014,0.,0.014,0.004,0.,0.004,0.015,0.,0.015,0.004,0.,0.004,0.,0.,0.,0.,0.,0.,0.,0.,0.,0.,0.,0.,0.,0.,0.,0.,0.,0.
572,0.005,0.,0.005,0.015,0.,0.015,0.004,0.,0.004,0.015,0.,0.015,0.004,0.,0.004,0.015,0.,0.015,0.004,0.,0.004,0.,0.,0.,0.,0.,0.,0.,0.,0.,0.,0.,0.,0.,0.,0.,0.,0.,0.
576,0.004,0.,0.004,0.015,0.,0.015,0.005,0.,0.005,0.015,0.,0.015,0.004,0.,0.004,0.015,0.,0.015,0.004,0.,0.004,0.,0.,0.,0.,0.,0.,0.,0.,0.,0.,0.,0.,0.,0.,0.,0.,0.,0.
580,0.004,0.,0.004,0.015,0.,0.015,0.004,0.,0.004,0.015,0.,0.015,0.004,0.,0.004,0.015,0.,0.015,0.005,0.,0.005,0.,0.,0.,0.,0.,0.,0.,0.,0.,0.,0.,0.,0.,0.,0.,0.,0.,0.
584,0.004,0.,0.004,0.016,0.,0.016,0.004,0.,0.004,0.015,0.,0.015,0.004,0.,0.004,0.015,0.,0.015,0.004,0.,0.004,0.,0.,0.,0.,0.,0.,0.,0.,0.,0.,0.,0.,0.,0.,0.,0.,0.,0.
588,0.004,0.,0.004,0.015,0.,0.015,0.004,0.,0.004,0.016,0.,0.016,0.004,0.,0.004,0.015,0.,0.015,0.004,0.,0.004,0.,0.,0.,0.,0.,0.,0.,0.,0.,0.,0.,0.,0.,0.,0.,0.,0.,0.
592,0.004,0.,0.004,0.015,0.,0.015,0.004,0.,0.004,0.015,0.,0.015,0.004,0.,0.004,0.016,0.,0.016,0.004,0.,0.004,0.,0.,0.,0.,0.,0.,0.,0.,0.,0.,0.,0.,0.,0.,0.,0.,0.,0.
596,0.004,0.,0.004,0.016,0.,0.016,0.004,0.,0.004,0.016,0.,0.016,0.004,0.,0.004,0.016,0.,0.016,0.004,0.,0.004,0.,0.,0.,0.,0.,0.,0.,0.,0.,0.,0.,0.,0.,0.,0.,0.,0.,0.
600,0.004,0.,0.004,0.016,0.,0.016,0.004,0.,0.004,0.016,0.,0.016,0.004,0.,0.004,0.016,0.,0.016,0.004,0.,0.004,0.,0.,0.,0.,0.,0.,0.,0.,0.,0.,0.,0.,0.,0.,0.,0.,0.,0.
604,0.005,0.,0.005,0.016,0.,0.016,0.004,0.,0.004,0.016,0.,0.016,0.004,0.,0.004,0.016,0.,0.016,0.004,0.,0.004,0.,0.,0.,0.,0.,0.,0.,0.,0.,0.,0.,0.,0.,0.,0.,0.,0.,0.
608,0.004,0.,0.004,0.017,0.,0.017,0.005,0.,0.005,0.017,0.,0.017,0.005,0.,0.005,0.016,0.,0.016,0.004,0.,0.004,0.,0.,0.,0.,0.,0.,0.,0.,0.,0.,0.,0.,0.,0.,0.,0.,0.,0.
612,0.004,0.,0.004,0.016,0.,0.016,0.004,0.,0.004,0.016,0.,0.016,0.004,0.,0.004,0.016,0.,0.016,0.005,0.,0.005,0.,0.,0.,0.,0.,0.,0.,0.,0.,0.,0.,0.,0.,0.,0.,0.,0.,0.
616,0.004,0.,0.004,0.016,0.,0.016,0.004,0.,0.004,0.016,0.,0.016,0.004,0.,0.004,0.017,0.,0.017,0.004,0.,0.004,0.,0.,0.,0.001,0.,0.001,0.,0.,0.,0.,0.,0.,0.,0.,0.,0.,0.,0.
620,0.004,0.,0.004,0.017,0.,0.017,0.004,0.,0.004,0.017,0.,0.017,0.004,0.,0.004,0.017,0.,0.017,0.004,0.,0.004,0.,0.,0.,0.,0.,0.,0.,0.,0.,0.,0.,0.,0.,0.,0.,0.,0.,0.
624,0.004,0.,0.004,0.017,0.,0.017,0.004,0.,0.004,0.018,0.,0.018,0.004,0.,0.004,0.017,0.,0.017,0.004,0.,0.004,0.,0.,0.,0.,0.,0.,0.,0.,0.,0.,0.,0.,0.,0.,0.,0.,0.,0.
628,0.004,0.,0.004,0.017,0.,0.017,0.004,0.,0.004,0.018,0.,0.018,0.004,0.,0.004,0.017,0.,0.017,0.004,0.,0.004,0.,0.,0.,0.,0.,0.,0.,0.,0.,0.,0.,0.,0.,0.,0.,0.,0.,0.
632,0.004,0.,0.004,0.018,0.,0.018,0.004,0.,0.004,0.018,0.,0.018,0.004,0.,0.004,0.018,0.,0.018,0.004,0.,0.004,0.,0.,0.,0.,0.,0.,0.,0.,0.,0.,0.,0.,0.,0.,0.,0.,0.,0.
636,0.004,0.,0.004,0.017,0.,0.017,0.004,0.,0.004,0.017,0.,0.017,0.004,0.,0.004,0.018,0.,0.018,0.004,0.,0.004,0.,0.,0.,0.,0.,0.,0.,0.,0.,0.,0.,0.,0.,0.,0.,0.,0.,0.
640,0.004,0.,0.004,0.017,0.,0.017,0.004,0.,0.004,0.018,0.,0.018,0.004,0.,0.004,0.018,0.,0.018,0.004,0.,0.004,0.,0.,0.,0.,0.,0.,0.,0.,0.,0.,0.,0.,0.,0.,0.,0.,0.,0.
644,0.004,0.,0.004,0.018,0.,0.018,0.004,0.,0.004,0.018,0.,0.018,0.004,0.,0.004,0.018,0.,0.018,0.004,0.,0.004,0.,0.,0.,0.,0.,0.,0.,0.,0.,0.,0.,0.,0.,0.,0.,0.,0.,0.
648,0.004,0.,0.004,0.018,0.,0.018,0.005,0.,0.004,0.018,0.,0.018,0.005,0.,0.005,0.018,0.,0.018,0.004,0.,0.004,0.,0.,0.,0.,0.,0.,0.,0.,0.,0.,0.,0.,0.,0.,0.,0.,0.,0.
652,0.004,0.,0.004,0.018,0.,0.018,0.004,0.,0.004,0.018,0.,0.018,0.004,0.,0.004,0.018,0.,0.018,0.005,0.,0.005,0.,0.,0.,0.,0.,0.,0.,0.,0.,0.,0.,0.,0.,0.,0.,0.,0.,0.
656,0.005,0.,0.005,0.018,0.,0.018,0.005,0.,0.005,0.018,0.,0.018,0.005,0.,0.005,0.019,0.,0.019,0.005,0.,0.005,0.,0.,0.,0.,0.,0.,0.,0.,0.,0.,0.,0.,0.,0.,0.,0.,0.,0.
660,0.005,0.,0.005,0.018,0.,0.018,0.005,0.,0.005,0.019,0.,0.019,0.005,0.,0.005,0.019,0.,0.019,0.005,0.,0.005,0.,0.,0.,0.,0.,0.,0.,0.,0.,0.,0.,0.,0.,0.,0.,0.,0.,0.
664,0.005,0.,0.005,0.019,0.,0.019,0.005,0.,0.005,0.019,0.,0.019,0.005,0.,0.005,0.019,0.,0.019,0.005,0.,0.005,0.,0.,0.,0.,0.,0.,0.,0.,0.,0.,0.,0.,0.,0.,0.,0.,0.,0.
668,0.006,0.,0.006,0.019,0.,0.019,0.005,0.,0.005,0.019,0.,0.019,0.005,0.,0.005,0.019,0.,0.019,0.005,0.,0.005,0.,0.,0.,0.,0.,0.,0.,0.,0.,0.,0.,0.,0.,0.,0.,0.,0.,0.
672,0.005,0.,0.005,0.019,0.,0.019,0.005,0.,0.005,0.019,0.,0.019,0.005,0.,0.005,0.019,0.,0.019,0.005,0.,0.005,0.,0.,0.,0.,0.,0.,0.,0.,0.,0.,0.,0.,0.,0.,0.,0.,0.,0.
676,0.005,0.,0.005,0.019,0.,0.019,0.006,0.,0.006,0.019,0.,0.019,0.005,0.,0.005,0.019,0.,0.019,0.005,0.,0.005,0.,0.,0.,0.,0.,0.,0.,0.,0.,0.,0.,0.,0.,0.,0.,0.,0.,0.
680,0.005,0.,0.005,0.019,0.,0.019,0.005,0.,0.005,0.019,0.,0.019,0.005,0.,0.005,0.019,0.,0.019,0.005,0.,0.005,0.,0.,0.,0.,0.,0.,0.,0.,0.,0.,0.,0.,0.,0.,0.,0.,0.,0.
684,0.005,0.,0.005,0.019,0.,0.019,0.007,0.,0.007,0.019,0.,0.019,0.005,0.,0.005,0.019,0.,0.019,0.005,0.,0.005,0.,0.,0.,0.,0.,0.,0.,0.,0.,0.,0.,0.,0.,0.,0.,0.,0.,0.
688,0.005,0.,0.005,0.02,0.,0.02,0.005,0.,0.005,0.02,0.,0.02,0.005,0.,0.005,0.02,0.,0.02,0.005,0.,0.005,0.,0.,0.,0.,0.,0.,0.,0.,0.,0.,0.,0.,0.,0.,0.,0.,0.,0.
692,0.006,0.,0.006,0.02,0.,0.02,0.005,0.,0.005,0.02,0.,0.02,0.005,0.,0.005,0.02,0.,0.02,0.005,0.,0.005,0.,0.,0.,0.,0.,0.,0.,0.,0.,0.,0.,0.,0.,0.,0.,0.,0.,0.
696,0.006,0.,0.006,0.02,0.,0.02,0.005,0.,0.005,0.02,0.,0.02,0.005,0.,0.005,0.02,0.,0.02,0.005,0.,0.005,0.,0.,0.,0.,0.,0.,0.,0.,0.,0.,0.,0.,0.,0.,0.,0.,0.,0.
700,0.005,0.,0.005,0.02,0.,0.02,0.005,0.,0.005,0.02,0.,0.02,0.005,0.,0.005,0.02,0.,0.02,0.005,0.,0.005,0.,0.,0.,0.,0.,0.,0.,0.,0.,0.,0.,0.,0.,0.,0.,0.,0.,0.
704,0.006,0.,0.006,0.02,0.,0.02,0.005,0.,0.005,0.02,0.,0.02,0.005,0.,0.005,0.021,0.,0.02,0.005,0.,0.005,0.,0.,0.,0.,0.,0.,0.,0.,0.,0.,0.,0.,0.,0.,0.,0.,0.,0.
708,0.005,0.,0.005,0.021,0.,0.021,0.005,0.,0.005,0.021,0.,0.021,0.005,0.,0.005,0.021,0.,0.021,0.005,0.,0.005,0.,0.,0.,0.,0.,0.,0.,0.,0.,0.,0.,0.,0.,0.,0.,0.,0.,0.
712,0.005,0.,0.005,0.021,0.,0.021,0.005,0.,0.005,0.021,0.,0.021,0.005,0.,0.005,0.021,0.,0.021,0.005,0.,0.005,0.,0.,0.,0.,0.,0.,0.,0.,0.,0.,0.,0.,0.,0.,0.,0.,0.,0.
716,0.005,0.,0.005,0.021,0.,0.021,0.005,0.,0.005,0.021,0.,0.021,0.005,0.,0.005,0.022,0.,0.022,0.005,0.,0.005,0.,0.,0.,0.,0.,0.,0.,0.,0.,0.,0.,0.,0.,0.,0.,0.,0.,0.
720,0.005,0.,0.005,0.021,0.,0.021,0.005,0.,0.005,0.021,0.,0.021,0.005,0.,0.005,0.021,0.,0.021,0.005,0.,0.005,0.,0.,0.,0.,0.,0.,0.,0.,0.,0.,0.,0.,0.,0.,0.,0.,0.,0.
724,0.005,0.,0.005,0.021,0.,0.021,0.005,0.,0.005,0.023,0.,0.023,0.005,0.,0.005,0.022,0.,0.022,0.005,0.,0.005,0.,0.,0.,0.,0.,0.,0.,0.,0.,0.,0.,0.,0.,0.,0.,0.,0.,0.
728,0.005,0.,0.005,0.022,0.,0.022,0.005,0.,0.005,0.022,0.,0.022,0.005,0.,0.005,0.022,0.,0.022,0.005,0.,0.005,0.,0.,0.,0.,0.,0.,0.,0.,0.,0.,0.,0.,0.,0.,0.,0.,0.,0.
732,0.005,0.,0.005,0.023,0.,0.023,0.005,0.,0.005,0.022,0.,0.022,0.005,0.,0.005,0.022,0.,0.022,0.005,0.,0.005,0.,0.,0.,0.,0.,0.,0.,0.,0.,0.,0.,0.,0.,0.,0.,0.,0.,0.
736,0.005,0.,0.005,0.022,0.,0.022,0.005,0.,0.005,0.022,0.,0.022,0.005,0.,0.005,0.022,0.,0.022,0.005,0.,0.005,0.,0.,0.,0.,0.,0.,0.,0.,0.,0.,0.,0.,0.,0.,0.,0.,0.,0.
740,0.005,0.,0.005,0.022,0.,0.022,0.005,0.,0.005,0.022,0.,0.022,0.005,0.,0.005,0.022,0.,0.022,0.007,0.,0.007,0.,0.,0.,0.,0.,0.,0.,0.,0.,0.,0.,0.,0.,0.,0.,0.,0.,0.
744,0.005,0.,0.005,0.022,0.,0.022,0.005,0.,0.005,0.022,0.,0.022,0.005,0.,0.005,0.023,0.,0.023,0.006,0.,0.006,0.,0.,0.,0.,0.,0.,0.,0.,0.,0.,0.,0.,0.,0.,0.,0.,0.,0.
748,0.005,0.,0.005,0.023,0.,0.023,0.005,0.,0.005,0.023,0.,0.023,0.006,0.,0.006,0.023,0.,0.023,0.005,0.,0.005,0.,0.,0.,0.,0.,0.,0.,0.,0.,0.,0.,0.,0.,0.,0.,0.,0.,0.
752,0.005,0.,0.005,0.023,0.,0.023,0.006,0.,0.006,0.023,0.,0.023,0.005,0.,0.005,0.023,0.,0.023,0.005,0.,0.005,0.,0.,0.,0.,0.,0.,0.,0.,0.,0.,0.,0.,0.,0.,0.,0.,0.,0.
756,0.006,0.,0.006,0.023,0.,0.023,0.005,0.,0.005,0.023,0.,0.023,0.005,0.,0.005,0.023,0.,0.023,0.005,0.,0.005,0.,0.,0.,0.,0.,0.,0.,0.,0.,0.,0.,0.,0.,0.,0.,0.,0.,0.
760,0.005,0.,0.005,0.023,0.,0.023,0.005,0.,0.005,0.023,0.,0.023,0.005,0.,0.005,0.024,0.,0.024,0.005,0.,0.005,0.,0.,0.,0.,0.,0.,0.,0.,0.,0.,0.,0.,0.,0.,0.,0.,0.,0.
764,0.005,0.,0.005,0.023,0.,0.023,0.005,0.,0.005,0.024,0.,0.024,0.005,0.,0.005,0.024,0.,0.024,0.005,0.,0.005,0.,0.,0.,0.,0.,0.,0.,0.,0.,0.,0.,0.,0.,0.,0.,0.,0.,0.
768,0.005,0.,0.005,0.024,0.,0.024,0.005,0.,0.005,0.025,0.,0.025,0.005,0.,0.005,0.024,0.,0.024,0.005,0.,0.005,0.,0.,0.,0.,0.,0.,0.,0.,0.,0.,0.,0.,0.,0.,0.,0.,0.,0.
772,0.005,0.,0.005,0.024,0.,0.024,0.005,0.,0.005,0.024,0.,0.024,0.005,0.,0.005,0.024,0.,0.024,0.005,0.,0.005,0.,0.,0.,0.,0.,0.,0.,0.,0.,0.,0.,0.,0.,0.,0.,0.,0.,0.
776,0.005,0.,0.005,0.024,0.,0.024,0.005,0.,0.005,0.024,0.,0.024,0.005,0.,0.005,0.024,0.,0.024,0.007,0.,0.007,0.,0.,0.,0.,0.,0.,0.,0.,0.,0.,0.,0.,0.,0.,0.,0.,0.,0.
780,0.005,0.,0.005,0.025,0.,0.025,0.005,0.,0.005,0.025,0.,0.025,0.006,0.,0.006,0.024,0.,0.024,0.005,0.,0.005,0.,0.,0.,0.,0.,0.,0.,0.,0.,0.,0.,0.,0.,0.,0.,0.,0.,0.
784,0.005,0.,0.005,0.024,0.,0.024,0.006,0.,0.006,0.024,0.,0.024,0.005,0.,0.005,0.025,0.,0.025,0.006,0.,0.006,0.,0.,0.,0.,0.,0.,0.,0.,0.,0.,0.,0.,0.,0.,0.,0.,0.,0.
788,0.005,0.,0.005,0.025,0.,0.025,0.006,0.,0.006,0.032,0.,0.025,0.005,0.,0.005,0.026,0.,0.026,0.005,0.,0.005,0.,0.,0.,0.,0.,0.,0.,0.,0.,0.,0.,0.,0.,0.,0.,0.,0.,0.
792,0.005,0.,0.006,0.025,0.,0.025,0.006,0.,0.006,0.025,0.,0.025,0.006,0.,0.006,0.025,0.,0.025,0.006,0.,0.006,0.,0.,0.,0.,0.,0.,0.,0.,0.,0.,0.,0.,0.,0.,0.,0.,0.,0.
796,0.005,0.,0.005,0.026,0.,0.026,0.006,0.,0.006,0.025,0.,0.025,0.006,0.,0.006,0.025,0.,0.025,0.006,0.,0.006,0.,0.,0.,0.,0.,0.,0.,0.,0.,0.,0.,0.,0.,0.,0.,0.,0.,0.
800,0.006,0.,0.006,0.025,0.,0.025,0.006,0.,0.006,0.025,0.,0.025,0.006,0.,0.006,0.025,0.,0.025,0.006,0.,0.006,0.,0.,0.,0.,0.,0.,0.,0.,0.,0.,0.,0.,0.,0.,0.,0.,0.,0.
804,0.005,0.,0.005,0.025,0.,0.025,0.006,0.003,0.002,0.025,0.,0.025,0.006,0.,0.006,0.025,0.,0.025,0.006,0.,0.006,0.,0.,0.,0.,0.,0.,0.,0.,0.,0.,0.,0.,0.,0.,0.,0.,0.,0.
808,0.006,0.,0.006,0.026,0.,0.026,0.006,0.,0.006,0.026,0.,0.026,0.006,0.,0.006,0.026,0.,0.026,0.006,0.,0.006,0.,0.,0.,0.,0.,0.,0.,0.,0.,0.,0.,0.,0.,0.,0.,0.,0.,0.
812,0.006,0.,0.006,0.026,0.,0.026,0.006,0.,0.006,0.026,0.,0.026,0.006,0.,0.006,0.026,0.,0.026,0.006,0.,0.006,0.,0.,0.,0.,0.,0.,0.,0.,0.,0.,0.,0.,0.,0.,0.,0.,0.,0.
816,0.006,0.,0.006,0.026,0.,0.026,0.006,0.,0.006,0.028,0.003,0.024,0.006,0.,0.006,0.026,0.,0.026,0.006,0.,0.006,0.,0.,0.,0.,0.,0.,0.,0.,0.,0.,0.,0.,0.,0.,0.,0.,0.,0.
820,0.006,0.,0.006,0.027,0.,0.027,0.006,0.,0.006,0.026,0.,0.026,0.006,0.,0.006,0.026,0.,0.026,0.006,0.,0.006,0.,0.,0.,0.,0.,0.,0.,0.,0.,0.,0.,0.,0.,0.,0.,0.,0.,0.
824,0.006,0.,0.006,0.027,0.,0.027,0.006,0.,0.006,0.027,0.,0.027,0.007,0.,0.007,0.027,0.,0.027,0.006,0.,0.006,0.,0.,0.,0.,0.,0.,0.,0.,0.,0.,0.,0.,0.,0.,0.,0.,0.,0.
828,0.006,0.,0.006,0.027,0.,0.027,0.006,0.,0.006,0.027,0.,0.027,0.006,0.,0.006,0.027,0.,0.027,0.006,0.,0.006,0.,0.,0.,0.,0.,0.,0.,0.,0.,0.,0.,0.,0.,0.,0.,0.,0.,0.
832,0.006,0.,0.006,0.027,0.,0.027,0.006,0.,0.006,0.028,0.,0.028,0.006,0.,0.006,0.027,0.,0.027,0.006,0.,0.006,0.,0.,0.,0.,0.,0.,0.,0.,0.,0.,0.,0.,0.,0.,0.,0.,0.,0.
836,0.006,0.,0.006,0.028,0.,0.028,0.006,0.,0.006,0.027,0.,0.027,0.006,0.,0.006,0.027,0.,0.027,0.006,0.,0.006,0.,0.,0.,0.,0.,0.,0.,0.,0.,0.,0.,0.,0.,0.,0.,0.,0.,0.
840,0.006,0.,0.006,0.027,0.,0.027,0.006,0.,0.006,0.027,0.,0.027,0.006,0.,0.006,0.028,0.,0.028,0.006,0.,0.006,0.,0.,0.,0.,0.,0.,0.,0.,0.,0.,0.,0.,0.,0.,0.,0.,0.,0.
844,0.006,0.,0.006,0.028,0.,0.028,0.007,0.,0.007,0.028,0.,0.028,0.006,0.,0.006,0.028,0.,0.028,0.006,0.,0.006,0.,0.,0.,0.,0.,0.,0.,0.,0.,0.,0.,0.,0.,0.,0.,0.,0.,0.
848,0.006,0.,0.006,0.028,0.,0.028,0.006,0.,0.006,0.028,0.,0.028,0.006,0.,0.006,0.029,0.,0.029,0.006,0.,0.006,0.,0.,0.,0.,0.,0.,0.,0.,0.,0.,0.,0.,0.,0.,0.,0.,0.,0.
852,0.006,0.,0.006,0.029,0.,0.029,0.006,0.,0.006,0.028,0.,0.028,0.006,0.,0.006,0.028,0.,0.028,0.006,0.,0.006,0.,0.,0.,0.,0.,0.,0.,0.,0.,0.,0.,0.,0.,0.,0.,0.,0.,0.
856,0.006,0.,0.006,0.028,0.,0.028,0.006,0.,0.006,0.028,0.,0.028,0.006,0.,0.006,0.029,0.,0.029,0.007,0.,0.007,0.,0.,0.,0.,0.,0.,0.,0.,0.,0.,0.,0.,0.,0.,0.,0.,0.,0.
860,0.006,0.,0.006,0.029,0.,0.029,0.007,0.,0.007,0.029,0.,0.029,0.006,0.,0.006,0.029,0.,0.029,0.006,0.,0.006,0.,0.,0.,0.,0.,0.,0.,0.,0.,0.,0.,0.,0.,0.,0.,0.,0.,0.
864,0.006,0.,0.006,0.029,0.,0.029,0.006,0.,0.006,0.029,0.,0.029,0.006,0.,0.006,0.029,0.,0.029,0.006,0.,0.006,0.,0.,0.,0.,0.,0.,0.,0.,0.,0.,0.,0.,0.,0.,0.,0.,0.,0.
868,0.006,0.,0.006,0.03,0.,0.03,0.006,0.,0.006,0.029,0.,0.029,0.006,0.,0.006,0.029,0.,0.029,0.006,0.,0.006,0.,0.,0.,0.,0.,0.,0.,0.,0.,0.,0.,0.,0.,0.,0.,0.,0.,0.
872,0.006,0.,0.006,0.029,0.,0.029,0.006,0.,0.006,0.029,0.,0.029,0.007,0.,0.007,0.029,0.,0.029,0.006,0.,0.006,0.,0.,0.,0.,0.,0.,0.,0.,0.,0.,0.,0.,0.,0.,0.,0.,0.,0.
876,0.007,0.,0.007,0.029,0.,0.029,0.006,0.,0.006,0.029,0.,0.029,0.006,0.003,0.002,0.03,0.,0.03,0.006,0.,0.006,0.,0.,0.,0.,0.,0.,0.,0.,0.,0.,0.,0.,0.,0.,0.,0.,0.,0.
880,0.006,0.,0.006,0.03,0.,0.03,0.006,0.,0.006,0.031,0.,0.031,0.006,0.,0.006,0.03,0.,0.03,0.006,0.,0.006,0.,0.,0.,0.,0.,0.,0.,0.,0.,0.,0.,0.,0.,0.,0.,0.,0.,0.
884,0.006,0.,0.006,0.03,0.,0.03,0.006,0.,0.006,0.03,0.,0.03,0.006,0.,0.006,0.03,0.,0.03,0.007,0.,0.007,0.,0.,0.,0.,0.,0.,0.,0.,0.,0.,0.,0.,0.,0.,0.,0.,0.,0.
888,0.006,0.,0.006,0.03,0.,0.03,0.007,0.,0.007,0.03,0.,0.03,0.006,0.,0.006,0.03,0.,0.03,0.006,0.,0.006,0.,0.,0.,0.,0.,0.,0.,0.,0.,0.,0.,0.,0.,0.,0.,0.,0.,0.
892,0.006,0.,0.006,0.03,0.,0.03,0.006,0.,0.006,0.031,0.,0.031,0.006,0.,0.006,0.031,0.,0.031,0.006,0.,0.006,0.,0.,0.,0.,0.,0.,0.,0.,0.,0.,0.,0.,0.,0.,0.,0.,0.,0.
896,0.006,0.,0.006,0.031,0.,0.031,0.006,0.,0.006,0.031,0.,0.031,0.006,0.,0.006,0.031,0.,0.031,0.006,0.,0.006,0.,0.,0.,0.,0.,0.,0.,0.,0.,0.,0.,0.,0.,0.,0.,0.,0.,0.
900,0.006,0.,0.006,0.031,0.,0.031,0.006,0.,0.006,0.031,0.,0.031,0.007,0.,0.007,0.031,0.,0.031,0.006,0.,0.006,0.,0.,0.,0.,0.,0.,0.,0.,0.,0.,0.,0.,0.,0.,0.,0.,0.,0.
904,0.006,0.,0.006,0.031,0.,0.031,0.006,0.,0.006,0.032,0.,0.032,0.006,0.,0.006,0.031,0.,0.031,0.006,0.,0.006,0.,0.,0.,0.,0.,0.,0.,0.,0.,0.,0.,0.,0.,0.,0.,0.,0.,0.
908,0.006,0.003,0.002,0.032,0.,0.032,0.006,0.,0.006,0.031,0.,0.031,0.006,0.,0.006,0.031,0.,0.031,0.006,0.,0.006,0.,0.,0.,0.,0.,0.,0.,0.,0.,0.,0.,0.,0.,0.,0.,0.,0.,0.
912,0.006,0.,0.006,0.032,0.,0.032,0.006,0.,0.006,0.032,0.,0.032,0.008,0.,0.008,0.032,0.,0.032,0.006,0.,0.006,0.,0.,0.,0.,0.,0.,0.,0.,0.,0.,0.,0.,0.,0.,0.,0.,0.,0.
916,0.006,0.,0.006,0.032,0.,0.032,0.007,0.,0.007,0.033,0.,0.033,0.006,0.,0.006,0.032,0.,0.032,0.006,0.,0.006,0.,0.,0.,0.,0.,0.,0.,0.,0.,0.,0.,0.,0.,0.,0.,0.,0.,0.
920,0.007,0.,0.007,0.032,0.,0.032,0.007,0.,0.007,0.032,0.,0.032,0.007,0.,0.007,0.032,0.,0.032,0.007,0.,0.007,0.,0.,0.,0.,0.,0.,0.,0.,0.,0.,0.,0.,0.,0.,0.,0.,0.,0.
924,0.006,0.,0.006,0.032,0.,0.032,0.007,0.,0.007,0.032,0.,0.032,0.007,0.,0.007,0.032,0.,0.032,0.007,0.,0.007,0.,0.,0.,0.,0.,0.,0.,0.,0.,0.,0.,0.,0.,0.,0.,0.,0.,0.
928,0.007,0.,0.007,0.032,0.,0.032,0.007,0.,0.007,0.033,0.,0.033,0.007,0.,0.007,0.032,0.,0.032,0.007,0.,0.007,0.,0.,0.,0.,0.,0.,0.,0.,0.,0.,0.,0.,0.,0.,0.,0.,0.,0.
932,0.006,0.,0.006,0.033,0.,0.033,0.007,0.,0.007,0.033,0.,0.033,0.007,0.,0.007,0.033,0.,0.033,0.007,0.,0.007,0.,0.,0.,0.,0.,0.,0.,0.,0.,0.,0.,0.,0.,0.,0.,0.,0.,0.
936,0.006,0.,0.006,0.033,0.,0.033,0.007,0.,0.007,0.033,0.,0.033,0.007,0.,0.007,0.034,0.,0.034,0.007,0.,0.007,0.,0.,0.,0.,0.,0.,0.,0.,0.,0.,0.,0.,0.,0.,0.,0.,0.,0.
940,0.007,0.,0.007,0.034,0.,0.034,0.007,0.,0.007,0.033,0.,0.033,0.007,0.,0.007,0.033,0.,0.033,0.007,0.,0.007,0.,0.,0.,0.,0.,0.,0.,0.,0.,0.,0.,0.,0.,0.,0.,0.,0.,0.
944,0.007,0.,0.007,0.033,0.,0.033,0.007,0.,0.007,0.033,0.,0.033,0.007,0.,0.007,0.033,0.,0.033,0.007,0.,0.007,0.,0.,0.,0.,0.,0.,0.,0.,0.,0.,0.,0.,0.,0.,0.,0.,0.,0.
948,0.007,0.,0.007,0.034,0.,0.034,0.007,0.,0.007,0.034,0.,0.034,0.007,0.,0.007,0.034,0.,0.034,0.007,0.003,0.003,0.,0.,0.,0.,0.,0.,0.,0.,0.,0.,0.,0.,0.,0.,0.,0.,0.,0.
952,0.007,0.,0.007,0.035,0.,0.035,0.007,0.,0.007,0.034,0.,0.034,0.007,0.,0.007,0.034,0.,0.034,0.007,0.,0.007,0.,0.,0.,0.,0.,0.,0.,0.,0.,0.,0.,0.,0.,0.,0.,0.,0.,0.
956,0.007,0.,0.007,0.034,0.,0.034,0.007,0.,0.007,0.034,0.,0.034,0.007,0.,0.007,0.035,0.,0.035,0.007,0.,0.007,0.,0.,0.,0.,0.,0.,0.,0.,0.,0.,0.,0.,0.,0.,0.,0.,0.,0.
960,0.007,0.,0.007,0.034,0.,0.034,0.007,0.,0.007,0.035,0.,0.035,0.007,0.,0.007,0.034,0.,0.034,0.007,0.,0.007,0.,0.,0.,0.,0.,0.,0.,0.,0.,0.,0.,0.,0.,0.,0.,0.,0.,0.
964,0.007,0.,0.007,0.035,0.,0.035,0.007,0.,0.007,0.035,0.,0.035,0.008,0.,0.008,0.035,0.,0.035,0.007,0.,0.007,0.,0.,0.,0.,0.,0.,0.,0.,0.,0.,0.,0.,0.,0.,0.,0.,0.,0.
968,0.007,0.,0.007,0.035,0.,0.035,0.007,0.,0.007,0.036,0.,0.036,0.007,0.,0.007,0.035,0.,0.035,0.007,0.,0.007,0.,0.,0.,0.,0.,0.,0.,0.,0.,0.,0.,0.,0.,0.,0.,0.,0.,0.
972,0.007,0.,0.007,0.035,0.,0.035,0.007,0.,0.007,0.035,0.,0.035,0.007,0.,0.007,0.035,0.,0.035,0.007,0.,0.007,0.,0.,0.,0.,0.,0.,0.,0.,0.,0.,0.,0.,0.,0.,0.,0.,0.,0.
976,0.007,0.,0.007,0.035,0.,0.035,0.007,0.,0.007,0.035,0.,0.035,0.007,0.,0.007,0.036,0.,0.036,0.007,0.,0.007,0.,0.,0.,0.,0.,0.,0.,0.,0.,0.,0.,0.,0.,0.,0.,0.,0.,0.
980,0.007,0.,0.007,0.036,0.,0.036,0.007,0.,0.007,0.036,0.,0.036,0.007,0.,0.007,0.036,0.,0.036,0.007,0.,0.007,0.,0.,0.,0.,0.,0.,0.,0.,0.,0.,0.,0.,0.,0.,0.,0.,0.,0.
984,0.007,0.,0.007,0.036,0.,0.036,0.007,0.,0.007,0.036,0.,0.036,0.007,0.,0.007,0.037,0.,0.037,0.007,0.,0.007,0.,0.,0.,0.,0.,0.,0.,0.,0.,0.,0.,0.,0.,0.,0.,0.,0.,0.
988,0.007,0.,0.007,0.036,0.,0.036,0.007,0.,0.007,0.036,0.,0.036,0.007,0.,0.007,0.036,0.,0.036,0.007,0.,0.007,0.,0.,0.,0.,0.,0.,0.,0.,0.,0.,0.,0.,0.,0.,0.,0.,0.,0.
992,0.007,0.,0.007,0.036,0.,0.036,0.007,0.,0.007,0.036,0.,0.036,0.008,0.,0.008,0.036,0.,0.036,0.007,0.,0.007,0.,0.,0.,0.,0.,0.,0.,0.,0.,0.,0.,0.,0.,0.,0.,0.,0.,0.
996,0.007,0.,0.007,0.036,0.,0.036,0.007,0.,0.007,0.038,0.,0.038,0.007,0.,0.007,0.037,0.,0.037,0.007,0.,0.007,0.,0.,0.,0.,0.,0.,0.,0.,0.,0.,0.,0.,0.,0.,0.,0.,0.,0.
1000,0.007,0.,0.007,0.037,0.,0.037,0.007,0.,0.007,0.037,0.,0.037,0.007,0.,0.007,0.037,0.,0.037,0.007,0.,0.007,0.,0.,0.,0.,0.,0.,0.,0.,0.,0.,0.,0.,0.,0.,0.,0.,0.,0.
1100,0.008,0.,0.008,0.043,0.,0.043,0.008,0.,0.008,0.044,0.,0.044,0.008,0.,0.008,0.044,0.,0.044,0.008,0.,0.008,0.001,0.,0.001,0.,0.,0.,0.,0.,0.,0.,0.,0.,0.,0.,0.,0.,0.,0.
1200,0.009,0.,0.009,0.05,0.,0.05,0.01,0.,0.01,0.051,0.,0.051,0.009,0.,0.009,0.051,0.,0.051,0.009,0.,0.009,0.001,0.,0.001,0.,0.,0.,0.,0.,0.,0.,0.,0.,0.,0.,0.,0.,0.,0.
1300,0.009,0.,0.009,0.058,0.,0.058,0.009,0.,0.009,0.058,0.,0.058,0.01,0.,0.01,0.059,0.,0.059,0.009,0.,0.009,0.001,0.,0.001,0.001,0.,0.001,0.,0.,0.,0.,0.,0.,0.,0.,0.,0.,0.,0.
1400,0.01,0.,0.01,0.066,0.,0.066,0.01,0.,0.01,0.067,0.,0.066,0.01,0.,0.01,0.067,0.,0.067,0.012,0.,0.012,0.001,0.,0.001,0.001,0.,0.001,0.,0.,0.,0.,0.,0.,0.,0.,0.,0.,0.,0.
1500,0.011,0.,0.011,0.075,0.,0.075,0.011,0.,0.011,0.076,0.,0.076,0.012,0.,0.012,0.075,0.,0.075,0.011,0.,0.011,0.001,0.,0.001,0.001,0.,0.001,0.001,0.,0.,0.,0.,0.,0.,0.,0.,0.,0.,0.
1600,0.012,0.,0.012,0.084,0.,0.084,0.013,0.,0.013,0.085,0.,0.085,0.012,0.,0.012,0.084,0.,0.084,0.012,0.,0.012,0.001,0.,0.001,0.001,0.,0.001,0.001,0.,0.001,0.,0.,0.,0.,0.,0.,0.,0.,0.
1700,0.014,0.,0.014,0.095,0.,0.095,0.012,0.,0.012,0.094,0.,0.094,0.013,0.,0.012,0.094,0.,0.094,0.013,0.,0.012,0.001,0.,0.001,0.001,0.,0.001,0.001,0.,0.001,0.,0.,0.,0.001,0.,0.001,0.,0.,0.
1800,0.013,0.,0.013,0.103,0.,0.103,0.013,0.,0.013,0.104,0.,0.104,0.013,0.,0.013,0.103,0.,0.103,0.013,0.,0.013,0.001,0.,0.001,0.001,0.,0.001,0.001,0.,0.001,0.001,0.,0.001,0.001,0.,0.001,0.,0.,0.
1900,0.014,0.,0.014,0.115,0.,0.115,0.014,0.,0.014,0.116,0.,0.116,0.014,0.,0.014,0.115,0.,0.115,0.015,0.,0.015,0.001,0.,0.001,0.001,0.,0.001,0.001,0.,0.001,0.001,0.,0.001,0.001,0.,0.,0.,0.,0.
2000,0.016,0.,0.016,0.126,0.,0.126,0.015,0.,0.015,0.126,0.,0.126,0.015,0.,0.015,0.127,0.,0.127,0.015,0.,0.015,0.001,0.,0.001,0.001,0.,0.001,0.001,0.,0.001,0.001,0.,0.001,0.001,0.,0.001,0.001,0.,0.001
2100,0.015,0.,0.015,0.137,0.,0.137,0.015,0.,0.015,0.138,0.,0.138,0.015,0.,0.015,0.138,0.,0.138,0.017,0.,0.017,0.001,0.,0.001,0.001,0.,0.001,0.001,0.,0.001,0.001,0.,0.001,0.001,0.,0.001,0.001,0.,0.001
2200,0.017,0.,0.017,0.15,0.,0.149,0.016,0.,0.016,0.15,0.,0.15,0.016,0.,0.016,0.149,0.,0.149,0.017,0.,0.017,0.001,0.,0.001,0.001,0.,0.001,0.001,0.,0.001,0.001,0.,0.001,0.001,0.,0.001,0.001,0.,0.001
2300,0.017,0.,0.017,0.164,0.,0.164,0.017,0.,0.017,0.163,0.,0.163,0.019,0.,0.019,0.163,0.,0.163,0.017,0.,0.017,0.001,0.,0.001,0.001,0.,0.001,0.001,0.,0.001,0.001,0.,0.001,0.001,0.,0.001,0.001,0.,0.001
2400,0.017,0.,0.017,0.178,0.,0.178,0.018,0.,0.018,0.177,0.,0.177,0.018,0.,0.018,0.176,0.,0.176,0.018,0.,0.018,0.001,0.,0.001,0.001,0.,0.001,0.001,0.,0.001,0.001,0.,0.001,0.001,0.,0.001,0.001,0.,0.001
2500,0.019,0.,0.019,0.191,0.,0.191,0.018,0.,0.018,0.19,0.,0.19,0.02,0.,0.02,0.19,0.,0.19,0.018,0.,0.018,0.001,0.,0.001,0.001,0.,0.001,0.001,0.,0.001,0.001,0.,0.001,0.001,0.001,0.,0.001,0.,0.001
2600,0.019,0.,0.019,0.202,0.,0.202,0.021,0.,0.021,0.202,0.,0.202,0.019,0.,0.019,0.202,0.,0.202,0.021,0.,0.021,0.001,0.,0.001,0.001,0.,0.001,0.001,0.,0.001,0.001,0.,0.001,0.001,0.,0.001,0.001,0.,0.001
2700,0.02,0.,0.02,0.22,0.,0.22,0.022,0.,0.022,0.22,0.,0.22,0.02,0.,0.02,0.22,0.,0.22,0.021,0.,0.021,0.001,0.,0.001,0.001,0.,0.001,0.001,0.,0.001,0.001,0.,0.001,0.001,0.,0.001,0.001,0.,0.001
2800,0.02,0.,0.02,0.232,0.,0.231,0.022,0.,0.022,0.233,0.,0.233,0.021,0.,0.021,0.232,0.,0.232,0.022,0.,0.022,0.001,0.,0.001,0.001,0.,0.001,0.001,0.,0.001,0.001,0.,0.001,0.001,0.,0.001,0.001,0.,0.001
2900,0.021,0.,0.021,0.249,0.,0.249,0.023,0.,0.023,0.25,0.,0.25,0.021,0.,0.021,0.25,0.,0.25,0.022,0.,0.022,0.001,0.,0.001,0.001,0.,0.001,0.001,0.,0.001,0.001,0.,0.001,0.001,0.,0.001,0.001,0.,0.001
3000,0.023,0.,0.023,0.267,0.,0.267,0.022,0.,0.022,0.264,0.,0.264,0.022,0.,0.022,0.264,0.,0.264,0.024,0.,0.024,0.001,0.,0.001,0.001,0.,0.001,0.001,0.,0.001,0.001,0.,0.001,0.001,0.,0.001,0.001,0.,0.001
3100,0.023,0.,0.023,0.287,0.,0.287,0.023,0.,0.023,0.281,0.,0.281,0.025,0.003,0.021,0.282,0.,0.282,0.023,0.,0.023,0.001,0.,0.001,0.001,0.,0.001,0.001,0.,0.001,0.001,0.,0.001,0.001,0.,0.001,0.001,0.,0.001
3200,0.025,0.,0.025,0.298,0.,0.298,0.024,0.,0.024,0.298,0.,0.298,0.024,0.,0.024,0.299,0.,0.299,0.027,0.,0.027,0.001,0.,0.001,0.001,0.,0.001,0.001,0.,0.001,0.001,0.,0.001,0.001,0.,0.001,0.001,0.,0.001
3300,0.024,0.,0.024,0.315,0.,0.315,0.028,0.,0.028,0.319,0.,0.319,0.025,0.,0.025,0.316,0.,0.316,0.027,0.,0.027,0.001,0.,0.001,0.001,0.,0.001,0.001,0.,0.001,0.001,0.,0.001,0.001,0.,0.001,0.001,0.,0.001
3400,0.026,0.,0.026,0.334,0.,0.334,0.027,0.,0.027,0.334,0.,0.334,0.025,0.,0.025,0.336,0.,0.336,0.029,0.,0.029,0.001,0.,0.001,0.001,0.,0.001,0.001,0.,0.001,0.001,0.,0.001,0.001,0.,0.001,0.001,0.,0.001
3500,0.027,0.,0.027,0.361,0.,0.361,0.032,0.,0.032,0.361,0.,0.361,0.026,0.,0.026,0.362,0.,0.362,0.027,0.003,0.023,0.001,0.,0.001,0.001,0.,0.001,0.001,0.,0.001,0.001,0.,0.001,0.001,0.,0.001,0.001,0.,0.001
3600,0.026,0.,0.026,0.376,0.,0.376,0.028,0.,0.028,0.376,0.003,0.372,0.026,0.,0.026,0.377,0.,0.377,0.031,0.,0.031,0.001,0.,0.001,0.001,0.,0.001,0.001,0.,0.001,0.001,0.,0.001,0.001,0.,0.001,0.001,0.,0.001
3700,0.027,0.,0.027,0.396,0.,0.396,0.031,0.,0.031,0.39,0.,0.39,0.027,0.,0.027,0.393,0.,0.393,0.03,0.,0.03,0.001,0.,0.001,0.001,0.,0.001,0.001,0.,0.001,0.001,0.,0.001,0.001,0.,0.001,0.001,0.,0.001
3800,0.029,0.,0.029,0.423,0.,0.423,0.028,0.,0.028,0.423,0.,0.423,0.033,0.,0.033,0.424,0.,0.424,0.028,0.,0.028,0.002,0.,0.002,0.002,0.,0.002,0.001,0.,0.001,0.001,0.,0.001,0.001,0.,0.001,0.001,0.,0.001
3900,0.028,0.,0.028,0.44,0.003,0.436,0.032,0.,0.032,0.44,0.,0.44,0.029,0.,0.029,0.439,0.,0.439,0.036,0.,0.036,0.002,0.,0.002,0.001,0.,0.001,0.001,0.,0.001,0.001,0.,0.001,0.001,0.,0.001,0.001,0.,0.001
4000,0.03,0.,0.03,0.456,0.003,0.452,0.031,0.,0.031,0.456,0.,0.456,0.03,0.,0.03,0.455,0.,0.455,0.034,0.,0.034,0.002,0.,0.002,0.002,0.,0.002,0.001,0.,0.001,0.001,0.,0.001,0.001,0.,0.001,0.001,0.,0.001
4100,0.03,0.,0.03,0.491,0.,0.491,0.031,0.,0.031,0.492,0.,0.492,0.033,0.,0.033,0.491,0.,0.491,0.038,0.,0.038,0.002,0.,0.002,0.002,0.,0.002,0.001,0.,0.001,0.001,0.,0.001,0.001,0.,0.001,0.001,0.,0.001
4200,0.031,0.,0.031,0.5,0.,0.5,0.031,0.,0.031,0.505,0.,0.505,0.034,0.,0.034,0.5,0.,0.5,0.04,0.,0.04,0.002,0.,0.002,0.002,0.,0.002,0.001,0.,0.001,0.001,0.,0.001,0.001,0.,0.001,0.001,0.,0.001
4300,0.032,0.,0.032,0.53,0.,0.53,0.034,0.,0.034,0.529,0.,0.529,0.032,0.,0.032,0.528,0.,0.528,0.037,0.,0.037,0.002,0.,0.002,0.002,0.,0.002,0.001,0.,0.001,0.001,0.,0.001,0.001,0.,0.001,0.001,0.,0.001
4400,0.032,0.,0.032,0.55,0.,0.55,0.036,0.,0.036,0.551,0.,0.551,0.039,0.,0.039,0.551,0.,0.551,0.033,0.,0.033,0.002,0.,0.002,0.002,0.,0.002,0.001,0.,0.001,0.001,0.,0.001,0.001,0.,0.001,0.001,0.,0.001
4500,0.035,0.,0.035,0.571,0.,0.57,0.033,0.,0.033,0.572,0.,0.572,0.037,0.,0.037,0.571,0.,0.571,0.036,0.,0.036,0.002,0.,0.002,0.002,0.,0.002,0.001,0.,0.001,0.001,0.,0.001,0.001,0.,0.001,0.001,0.,0.001
4600,0.036,0.003,0.032,0.596,0.,0.596,0.04,0.,0.04,0.597,0.,0.597,0.035,0.,0.035,0.598,0.,0.598,0.034,0.,0.034,0.002,0.,0.002,0.002,0.,0.002,0.002,0.,0.002,0.001,0.,0.001,0.001,0.,0.001,0.001,0.,0.001
4700,0.034,0.,0.034,0.625,0.,0.624,0.038,0.,0.037,0.623,0.,0.623,0.035,0.,0.035,0.621,0.,0.621,0.038,0.003,0.034,0.002,0.,0.002,0.002,0.,0.002,0.002,0.,0.002,0.001,0.,0.001,0.001,0.,0.001,0.001,0.,0.001
4800,0.037,0.,0.037,0.666,0.,0.666,0.036,0.,0.036,0.667,0.,0.667,0.04,0.,0.04,0.668,0.,0.668,0.037,0.,0.037,0.002,0.,0.002,0.002,0.,0.002,0.002,0.,0.002,0.002,0.,0.002,0.002,0.,0.002,0.001,0.,0.001
4900,0.039,0.,0.039,0.698,0.,0.698,0.036,0.,0.036,0.7,0.,0.7,0.039,0.,0.039,0.7,0.,0.7,0.043,0.,0.043,0.002,0.,0.002,0.002,0.,0.002,0.002,0.,0.002,0.002,0.,0.002,0.002,0.,0.002,0.002,0.,0.001
5000,0.039,0.,0.039,0.732,0.,0.732,0.039,0.,0.039,0.734,0.,0.734,0.037,0.,0.037,0.733,0.,0.733,0.039,0.,0.039,0.002,0.,0.002,0.002,0.,0.002,0.002,0.,0.002,0.002,0.,0.002,0.002,0.,0.002,0.002,0.,0.002
5500,0.04,0.,0.04,0.864,0.,0.864,0.044,0.,0.044,0.865,0.,0.865,0.044,0.,0.044,0.866,0.,0.866,0.041,0.,0.041,0.002,0.,0.002,0.002,0.,0.002,0.002,0.,0.002,0.002,0.,0.002,0.002,0.,0.002,0.002,0.,0.002
6000,0.044,0.,0.044,1.042,0.,1.042,0.048,0.,0.048,1.042,0.,1.042,0.048,0.,0.048,1.041,0.,1.04,0.046,0.,0.046,0.002,0.,0.002,0.002,0.,0.002,0.002,0.,0.002,0.002,0.,0.002,0.002,0.,0.002,0.002,0.,0.002
6500,0.051,0.,0.051,1.212,0.,1.212,0.052,0.,0.052,1.21,0.,1.21,0.049,0.,0.049,1.211,0.,1.211,0.05,0.,0.05,0.002,0.,0.002,0.002,0.,0.002,0.002,0.,0.002,0.002,0.,0.002,0.002,0.,0.002,0.002,0.,0.002
7000,0.054,0.,0.054,1.406,0.,1.406,0.057,0.,0.057,1.404,0.,1.404,0.054,0.,0.054,1.409,0.003,1.404,0.054,0.,0.054,0.003,0.,0.003,0.003,0.,0.003,0.002,0.,0.002,0.002,0.,0.002,0.002,0.,0.002,0.002,0.,0.002
7500,0.058,0.,0.058,1.637,0.007,1.629,0.06,0.,0.059,1.641,0.,1.641,0.058,0.,0.058,1.638,0.,1.638,0.057,0.,0.057,0.003,0.,0.003,0.004,0.,0.004,0.003,0.,0.003,0.003,0.,0.003,0.003,0.,0.003,0.002,0.,0.002
8000,0.058,0.,0.058,1.772,0.,1.772,0.067,0.,0.067,1.773,0.,1.772,0.065,0.,0.065,1.773,0.,1.773,0.06,0.,0.06,0.003,0.,0.003,0.003,0.,0.003,0.003,0.,0.003,0.003,0.,0.003,0.003,0.,0.003,0.003,0.,0.003
8500,0.066,0.,0.066,1.999,0.,1.999,0.066,0.,0.066,1.999,0.,1.999,0.066,0.,0.066,1.998,0.,1.998,0.067,0.,0.067,0.003,0.,0.003,0.003,0.,0.003,0.003,0.,0.003,0.003,0.,0.003,0.003,0.,0.003,0.003,0.,0.003
9000,0.066,0.,0.066,2.357,0.,2.357,0.079,0.,0.079,2.353,0.,2.352,0.068,0.,0.068,2.353,0.,2.352,0.068,0.,0.068,0.003,0.,0.003,0.003,0.,0.003,0.003,0.,0.003,0.003,0.,0.003,0.003,0.,0.003,0.003,0.,0.003
9500,0.079,0.,0.079,2.493,0.,2.493,0.092,0.,0.092,2.494,0.,2.494,0.072,0.,0.072,2.496,0.,2.495,0.075,0.,0.075,0.004,0.,0.004,0.003,0.,0.003,0.003,0.,0.003,0.003,0.,0.003,0.003,0.,0.003,0.003,0.,0.003
10000,0.082,0.,0.082,2.92,0.,2.919,0.097,0.,0.097,2.929,0.003,2.923,0.078,0.,0.078,2.923,0.,2.922,0.084,0.,0.084,0.004,0.,0.004,0.004,0.,0.004,0.003,0.,0.003,0.003,0.,0.003,0.003,0.,0.003,0.003,0.,0.003