param-n,abstract+rewrite-strat-bottomup-real,abstract+rewrite-strat-bottomup-sys,abstract+rewrite-strat-bottomup-user,abstract+rewrite-strat-topdown-real,abstract+rewrite-strat-topdown-sys,abstract+rewrite-strat-topdown-user,close-abstract+rewrite-strat-bottomup-real,close-abstract+rewrite-strat-bottomup-sys,close-abstract+rewrite-strat-bottomup-user,close-abstract+rewrite-strat-topdown-real,close-abstract+rewrite-strat-topdown-sys,close-abstract+rewrite-strat-topdown-user,rewrite-strat-bottomup-real,rewrite-strat-bottomup-sys,rewrite-strat-bottomup-user,rewrite-strat-bottomup-noop-real,rewrite-strat-bottomup-noop-sys,rewrite-strat-bottomup-noop-user,rewrite-strat-topdown-real,rewrite-strat-topdown-sys,rewrite-strat-topdown-user,rewrite-strat-topdown-noop-real,rewrite-strat-topdown-noop-sys,rewrite-strat-topdown-noop-user
1,0.001,0.001,0.,0.001,0.,0.001,0.,0.,0.,0.,0.,0.,0.001,0.001,0.,0.,0.,0.,0.001,0.,0.001,0.,0.,0.
2,0.,0.,0.,0.,0.,0.,0.,0.,0.,0.,0.,0.,0.,0.,0.,0.,0.,0.,0.,0.,0.,0.,0.,0.
3,0.001,0.,0.,0.,0.,0.,0.,0.,0.,0.,0.,0.,0.,0.,0.,0.,0.,0.,0.,0.,0.,0.,0.,0.
4,0.002,0.,0.002,0.002,0.,0.002,0.,0.,0.,0.,0.,0.,0.002,0.,0.002,0.,0.,0.,0.001,0.,0.001,0.,0.,0.
5,0.002,0.,0.002,0.001,0.,0.001,0.,0.,0.,0.,0.,0.,0.001,0.,0.001,0.,0.,0.,0.,0.,0.,0.,0.,0.
6,0.002,0.,0.001,0.001,0.,0.,0.,0.,0.,0.,0.,0.,0.001,0.,0.001,0.,0.,0.,0.,0.,0.,0.,0.,0.
7,0.002,0.001,0.001,0.001,0.,0.001,0.,0.,0.,0.,0.,0.,0.002,0.001,0.,0.,0.,0.,0.001,0.,0.,0.,0.,0.
8,0.003,0.,0.003,0.001,0.,0.001,0.,0.,0.,0.,0.,0.,0.002,0.,0.002,0.,0.,0.,0.001,0.,0.001,0.,0.,0.
9,0.003,0.,0.002,0.002,0.,0.001,0.,0.,0.,0.,0.,0.,0.002,0.,0.002,0.,0.,0.,0.001,0.,0.001,0.,0.,0.
10,0.004,0.001,0.002,0.002,0.,0.001,0.,0.,0.,0.,0.,0.,0.003,0.001,0.002,0.,0.,0.,0.001,0.,0.,0.,0.,0.
11,0.004,0.001,0.003,0.002,0.,0.001,0.,0.,0.,0.,0.,0.,0.003,0.,0.003,0.,0.,0.,0.001,0.,0.,0.,0.,0.
12,0.005,0.,0.005,0.002,0.,0.002,0.,0.,0.,0.,0.,0.,0.003,0.,0.003,0.,0.,0.,0.001,0.,0.001,0.,0.,0.
13,0.005,0.001,0.003,0.003,0.,0.003,0.,0.,0.,0.,0.,0.,0.004,0.,0.003,0.,0.,0.,0.002,0.,0.002,0.,0.,0.
14,0.042,0.005,0.037,0.003,0.,0.002,0.,0.,0.,0.,0.,0.,0.041,0.004,0.036,0.,0.,0.,0.002,0.,0.001,0.,0.,0.
15,0.005,0.,0.005,0.003,0.001,0.002,0.,0.,0.,0.,0.,0.,0.004,0.,0.004,0.,0.,0.,0.002,0.001,0.001,0.,0.,0.
16,0.005,0.,0.005,0.004,0.,0.004,0.,0.,0.,0.,0.,0.,0.004,0.,0.004,0.,0.,0.,0.002,0.,0.002,0.,0.,0.
17,0.006,0.,0.005,0.041,0.002,0.038,0.001,0.,0.001,0.,0.,0.,0.005,0.,0.004,0.,0.,0.,0.039,0.002,0.037,0.,0.,0.
18,0.007,0.,0.007,0.004,0.,0.003,0.001,0.,0.001,0.,0.,0.,0.005,0.,0.005,0.,0.,0.,0.002,0.,0.002,0.,0.,0.
19,0.007,0.,0.007,0.004,0.,0.004,0.001,0.,0.001,0.,0.,0.,0.005,0.,0.005,0.,0.,0.,0.003,0.,0.003,0.,0.,0.
20,0.009,0.,0.009,0.004,0.,0.004,0.001,0.,0.001,0.001,0.,0.001,0.007,0.,0.007,0.,0.,0.,0.003,0.,0.003,0.,0.,0.
21,0.008,0.,0.008,0.004,0.,0.004,0.001,0.,0.001,0.001,0.,0.001,0.007,0.,0.007,0.,0.,0.,0.003,0.,0.003,0.,0.,0.
22,0.009,0.,0.009,0.005,0.,0.005,0.001,0.,0.001,0.001,0.,0.001,0.007,0.,0.007,0.,0.,0.,0.003,0.,0.003,0.,0.,0.
23,0.01,0.,0.01,0.005,0.,0.004,0.001,0.,0.001,0.001,0.,0.,0.008,0.,0.008,0.,0.,0.,0.004,0.,0.004,0.,0.,0.
24,0.014,0.,0.014,0.006,0.,0.006,0.001,0.,0.001,0.001,0.,0.001,0.012,0.,0.012,0.,0.,0.,0.004,0.,0.004,0.,0.,0.
25,0.011,0.,0.011,0.006,0.,0.006,0.001,0.,0.001,0.001,0.,0.001,0.009,0.,0.009,0.,0.,0.,0.004,0.,0.004,0.,0.,0.
26,0.012,0.,0.012,0.006,0.,0.006,0.002,0.,0.002,0.001,0.,0.001,0.009,0.,0.009,0.,0.,0.,0.004,0.,0.004,0.,0.,0.
27,0.013,0.,0.013,0.007,0.,0.007,0.002,0.,0.002,0.001,0.,0.001,0.01,0.,0.01,0.,0.,0.,0.005,0.,0.005,0.,0.,0.
28,0.013,0.,0.013,0.007,0.,0.007,0.002,0.,0.002,0.001,0.,0.001,0.01,0.,0.01,0.,0.,0.,0.005,0.,0.005,0.,0.,0.
29,0.014,0.,0.014,0.009,0.,0.009,0.002,0.,0.002,0.001,0.,0.001,0.011,0.,0.011,0.,0.,0.,0.007,0.,0.007,0.,0.,0.
30,0.016,0.,0.016,0.008,0.,0.008,0.002,0.,0.002,0.001,0.,0.001,0.013,0.,0.013,0.,0.,0.,0.006,0.,0.006,0.,0.,0.
31,0.015,0.,0.015,0.008,0.,0.008,0.002,0.,0.002,0.001,0.,0.001,0.012,0.,0.012,0.,0.,0.,0.006,0.,0.006,0.,0.,0.
32,0.017,0.,0.017,0.009,0.,0.009,0.003,0.,0.003,0.002,0.,0.002,0.013,0.,0.013,0.,0.,0.,0.006,0.,0.006,0.,0.,0.
33,0.021,0.,0.021,0.01,0.,0.01,0.003,0.,0.003,0.002,0.,0.002,0.017,0.,0.017,0.,0.,0.,0.008,0.,0.008,0.,0.,0.
34,0.018,0.,0.018,0.01,0.,0.01,0.003,0.,0.003,0.002,0.,0.002,0.014,0.,0.014,0.,0.,0.,0.007,0.,0.007,0.,0.,0.
35,0.021,0.,0.021,0.01,0.,0.01,0.003,0.,0.003,0.002,0.,0.002,0.017,0.,0.017,0.,0.,0.,0.008,0.,0.008,0.,0.,0.
36,0.02,0.,0.02,0.014,0.,0.014,0.003,0.,0.003,0.002,0.,0.002,0.016,0.,0.016,0.,0.,0.,0.011,0.,0.011,0.,0.,0.
37,0.021,0.,0.021,0.012,0.,0.012,0.003,0.,0.003,0.002,0.,0.002,0.017,0.,0.017,0.,0.,0.,0.008,0.,0.008,0.,0.,0.
38,0.023,0.,0.023,0.012,0.,0.012,0.003,0.,0.003,0.002,0.,0.002,0.018,0.,0.018,0.,0.,0.,0.009,0.,0.009,0.,0.,0.
39,0.023,0.,0.023,0.013,0.,0.013,0.004,0.,0.004,0.002,0.,0.002,0.018,0.,0.018,0.,0.,0.,0.01,0.,0.01,0.,0.,0.
40,0.025,0.,0.025,0.013,0.,0.013,0.004,0.,0.004,0.003,0.,0.003,0.02,0.,0.02,0.,0.,0.,0.01,0.,0.01,0.,0.,0.
41,0.029,0.,0.028,0.018,0.,0.018,0.008,0.,0.008,0.007,0.,0.007,0.02,0.,0.019,0.,0.,0.,0.01,0.,0.01,0.,0.,0.
42,0.026,0.,0.026,0.014,0.,0.014,0.004,0.,0.004,0.003,0.,0.003,0.021,0.,0.021,0.,0.,0.,0.011,0.,0.011,0.,0.,0.
43,0.031,0.001,0.03,0.015,0.,0.015,0.004,0.,0.004,0.003,0.,0.003,0.026,0.001,0.025,0.,0.,0.,0.011,0.,0.011,0.,0.,0.
44,0.033,0.,0.033,0.016,0.,0.016,0.004,0.,0.004,0.003,0.,0.003,0.027,0.,0.027,0.,0.,0.,0.012,0.,0.012,0.,0.,0.
45,0.03,0.,0.03,0.016,0.,0.016,0.005,0.,0.005,0.003,0.,0.003,0.024,0.,0.024,0.,0.,0.,0.012,0.,0.012,0.,0.,0.
46,0.031,0.,0.031,0.018,0.,0.017,0.005,0.,0.005,0.003,0.,0.003,0.025,0.,0.025,0.,0.,0.,0.013,0.,0.013,0.,0.,0.
47,0.034,0.,0.034,0.018,0.,0.018,0.005,0.,0.005,0.004,0.,0.004,0.027,0.,0.027,0.,0.,0.,0.013,0.,0.013,0.,0.,0.
48,0.035,0.,0.035,0.019,0.,0.019,0.005,0.,0.005,0.004,0.,0.004,0.028,0.,0.028,0.,0.,0.,0.014,0.,0.014,0.,0.,0.
49,0.036,0.,0.036,0.02,0.,0.02,0.005,0.,0.005,0.004,0.,0.004,0.03,0.,0.03,0.,0.,0.,0.014,0.,0.014,0.,0.,0.
50,0.08,0.014,0.065,0.027,0.005,0.022,0.042,0.006,0.036,0.005,0.002,0.002,0.037,0.008,0.028,0.,0.,0.,0.02,0.001,0.018,0.,0.,0.
51,0.039,0.,0.039,0.021,0.,0.021,0.006,0.,0.006,0.004,0.,0.004,0.032,0.,0.032,0.,0.,0.,0.015,0.,0.015,0.,0.,0.
52,0.042,0.,0.042,0.022,0.,0.022,0.006,0.,0.006,0.004,0.,0.004,0.035,0.,0.035,0.,0.,0.,0.017,0.,0.017,0.,0.,0.
53,0.041,0.,0.041,0.022,0.,0.022,0.006,0.,0.006,0.005,0.,0.005,0.034,0.,0.034,0.,0.,0.,0.016,0.,0.016,0.,0.,0.
54,0.045,0.,0.045,0.026,0.,0.026,0.007,0.,0.007,0.005,0.,0.005,0.037,0.,0.037,0.,0.,0.,0.02,0.,0.02,0.,0.,0.
55,0.045,0.,0.045,0.025,0.,0.025,0.007,0.,0.007,0.005,0.,0.005,0.036,0.,0.036,0.,0.,0.,0.019,0.,0.019,0.,0.,0.
56,0.048,0.,0.048,0.025,0.,0.025,0.008,0.,0.008,0.005,0.,0.005,0.039,0.,0.039,0.,0.,0.,0.018,0.,0.018,0.,0.,0.
57,0.047,0.,0.047,0.028,0.,0.028,0.007,0.,0.007,0.005,0.,0.005,0.039,0.,0.039,0.,0.,0.,0.022,0.,0.022,0.,0.,0.
58,0.053,0.,0.053,0.028,0.,0.028,0.008,0.,0.008,0.005,0.,0.005,0.044,0.,0.044,0.,0.,0.,0.021,0.,0.021,0.,0.,0.
59,0.049,0.,0.049,0.031,0.,0.031,0.008,0.,0.008,0.006,0.,0.006,0.039,0.,0.039,0.,0.,0.,0.024,0.,0.024,0.,0.,0.
60,0.053,0.,0.052,0.03,0.,0.03,0.008,0.,0.008,0.007,0.,0.007,0.043,0.,0.042,0.,0.,0.,0.021,0.,0.021,0.,0.,0.
61,0.055,0.,0.055,0.029,0.,0.029,0.008,0.,0.008,0.006,0.,0.006,0.045,0.,0.045,0.,0.,0.,0.022,0.,0.022,0.,0.,0.
62,0.055,0.,0.055,0.033,0.,0.033,0.01,0.,0.01,0.006,0.,0.006,0.043,0.,0.043,0.,0.,0.,0.025,0.,0.025,0.,0.,0.
63,0.056,0.,0.056,0.032,0.,0.032,0.009,0.,0.009,0.006,0.,0.006,0.046,0.,0.046,0.,0.,0.,0.024,0.,0.024,0.,0.,0.
64,0.06,0.,0.06,0.035,0.,0.035,0.009,0.,0.009,0.007,0.,0.007,0.049,0.,0.049,0.,0.,0.,0.027,0.,0.027,0.,0.,0.
65,0.06,0.,0.059,0.034,0.,0.034,0.01,0.,0.01,0.007,0.,0.007,0.049,0.,0.048,0.,0.,0.,0.025,0.,0.025,0.,0.,0.
66,0.061,0.,0.061,0.037,0.,0.037,0.01,0.,0.01,0.007,0.,0.007,0.05,0.,0.05,0.,0.,0.,0.028,0.,0.028,0.,0.,0.
67,0.069,0.,0.068,0.036,0.,0.036,0.01,0.,0.01,0.007,0.,0.007,0.058,0.,0.057,0.,0.,0.,0.028,0.,0.028,0.,0.,0.
68,0.069,0.,0.069,0.039,0.,0.039,0.012,0.,0.012,0.007,0.,0.007,0.056,0.,0.056,0.,0.,0.,0.031,0.,0.031,0.,0.,0.
69,0.069,0.,0.069,0.039,0.,0.039,0.011,0.,0.011,0.008,0.,0.008,0.057,0.,0.057,0.,0.,0.,0.03,0.,0.03,0.,0.,0.
70,0.068,0.,0.067,0.042,0.,0.042,0.011,0.,0.011,0.008,0.,0.008,0.055,0.,0.054,0.,0.,0.,0.032,0.,0.032,0.,0.,0.
71,0.074,0.,0.074,0.042,0.,0.042,0.016,0.,0.016,0.008,0.,0.008,0.057,0.,0.057,0.,0.,0.,0.032,0.,0.032,0.,0.,0.
72,0.072,0.,0.071,0.045,0.,0.045,0.011,0.,0.011,0.008,0.,0.008,0.059,0.,0.058,0.,0.,0.,0.035,0.,0.035,0.,0.,0.
73,0.082,0.,0.081,0.045,0.,0.045,0.012,0.,0.012,0.008,0.,0.008,0.068,0.,0.067,0.,0.,0.,0.035,0.,0.035,0.,0.,0.
74,0.082,0.,0.082,0.045,0.,0.045,0.012,0.,0.012,0.01,0.,0.01,0.069,0.,0.069,0.,0.,0.,0.034,0.,0.034,0.,0.,0.
75,0.082,0.,0.082,0.047,0.,0.047,0.012,0.,0.012,0.013,0.,0.013,0.068,0.,0.068,0.,0.,0.,0.033,0.,0.033,0.,0.,0.
76,0.083,0.,0.082,0.046,0.,0.046,0.013,0.,0.013,0.009,0.,0.009,0.068,0.,0.068,0.,0.,0.,0.035,0.,0.035,0.,0.,0.
77,0.084,0.,0.084,0.049,0.,0.049,0.013,0.,0.013,0.009,0.,0.009,0.069,0.,0.069,0.,0.,0.,0.038,0.,0.038,0.,0.,0.
78,0.086,0.,0.085,0.049,0.,0.049,0.013,0.,0.013,0.011,0.,0.011,0.071,0.,0.07,0.,0.,0.,0.036,0.,0.036,0.,0.,0.
79,0.089,0.,0.088,0.05,0.,0.05,0.014,0.,0.014,0.01,0.,0.01,0.074,0.,0.073,0.,0.,0.,0.038,0.,0.038,0.,0.,0.
80,0.091,0.001,0.09,0.054,0.,0.054,0.014,0.,0.014,0.01,0.,0.01,0.075,0.,0.074,0.,0.,0.,0.042,0.,0.042,0.,0.,0.
81,0.093,0.,0.092,0.051,0.,0.051,0.015,0.,0.015,0.011,0.,0.011,0.076,0.,0.075,0.,0.,0.,0.038,0.,0.038,0.,0.,0.
82,0.1,0.002,0.098,0.053,0.,0.053,0.018,0.,0.018,0.011,0.,0.011,0.079,0.001,0.077,0.,0.,0.,0.041,0.,0.041,0.,0.,0.
83,0.093,0.,0.093,0.059,0.,0.059,0.016,0.,0.016,0.013,0.,0.013,0.076,0.,0.076,0.,0.,0.,0.044,0.,0.044,0.,0.,0.
84,0.095,0.,0.095,0.059,0.,0.059,0.016,0.,0.016,0.011,0.,0.011,0.077,0.,0.077,0.,0.,0.,0.046,0.,0.046,0.,0.,0.
85,0.098,0.,0.098,0.058,0.,0.058,0.017,0.,0.017,0.014,0.,0.014,0.079,0.,0.079,0.,0.,0.,0.042,0.,0.042,0.,0.,0.
86,0.102,0.,0.102,0.058,0.,0.058,0.016,0.,0.016,0.012,0.,0.012,0.084,0.,0.084,0.,0.,0.,0.044,0.,0.044,0.,0.,0.
87,0.11,0.,0.109,0.064,0.,0.064,0.02,0.,0.02,0.014,0.,0.014,0.088,0.,0.087,0.,0.,0.,0.048,0.,0.048,0.,0.,0.
88,0.106,0.,0.106,0.062,0.,0.062,0.017,0.,0.017,0.012,0.,0.012,0.087,0.,0.087,0.,0.,0.,0.048,0.,0.048,0.,0.,0.
89,0.127,0.,0.127,0.061,0.,0.061,0.018,0.,0.018,0.013,0.,0.013,0.108,0.,0.107,0.,0.,0.,0.046,0.,0.046,0.,0.,0.
90,0.11,0.,0.109,0.063,0.,0.063,0.02,0.,0.019,0.013,0.,0.013,0.088,0.,0.088,0.,0.,0.,0.048,0.,0.048,0.,0.,0.
91,0.125,0.,0.125,0.063,0.,0.063,0.025,0.,0.025,0.013,0.,0.013,0.099,0.,0.099,0.,0.,0.,0.049,0.,0.049,0.,0.,0.
92,0.121,0.,0.121,0.068,0.,0.068,0.02,0.,0.02,0.013,0.,0.013,0.099,0.,0.099,0.,0.,0.,0.053,0.,0.053,0.,0.,0.
93,0.12,0.,0.119,0.07,0.,0.07,0.019,0.,0.019,0.013,0.,0.013,0.099,0.,0.098,0.,0.,0.,0.054,0.,0.054,0.,0.,0.
94,0.143,0.,0.142,0.07,0.,0.07,0.021,0.,0.021,0.014,0.,0.014,0.12,0.,0.119,0.,0.,0.,0.052,0.,0.052,0.002,0.,0.002
95,0.126,0.,0.125,0.071,0.,0.07,0.02,0.,0.02,0.015,0.,0.014,0.104,0.,0.103,0.,0.,0.,0.053,0.,0.053,0.,0.,0.
96,0.148,0.,0.148,0.072,0.,0.072,0.021,0.,0.021,0.016,0.,0.016,0.125,0.,0.125,0.,0.,0.,0.055,0.,0.055,0.,0.,0.
97,0.132,0.001,0.131,0.073,0.,0.073,0.021,0.,0.02,0.016,0.,0.016,0.109,0.,0.109,0.,0.,0.,0.055,0.,0.055,0.,0.,0.
98,0.136,0.001,0.135,0.077,0.,0.076,0.022,0.,0.022,0.017,0.,0.016,0.112,0.001,0.111,0.,0.,0.,0.057,0.,0.057,0.,0.,0.
99,0.136,0.,0.136,0.077,0.,0.077,0.022,0.,0.022,0.017,0.,0.017,0.111,0.,0.111,0.,0.,0.,0.058,0.,0.058,0.,0.,0.
100,0.135,0.,0.135,0.115,0.007,0.108,0.024,0.,0.024,0.015,0.,0.015,0.109,0.,0.109,0.,0.,0.,0.098,0.007,0.091,0.,0.,0.
110,0.168,0.001,0.167,0.098,0.,0.097,0.028,0.,0.028,0.019,0.,0.019,0.138,0.001,0.137,0.,0.,0.,0.077,0.,0.076,0.,0.,0.
120,0.199,0.,0.198,0.114,0.,0.114,0.031,0.,0.031,0.022,0.,0.022,0.163,0.,0.162,0.003,0.,0.003,0.09,0.,0.089,0.,0.,0.
130,0.247,0.,0.247,0.137,0.,0.137,0.042,0.,0.042,0.028,0.,0.028,0.203,0.,0.203,0.001,0.,0.001,0.106,0.,0.106,0.001,0.,0.001
140,0.279,0.,0.279,0.159,0.,0.159,0.045,0.,0.045,0.035,0.,0.035,0.232,0.,0.232,0.001,0.,0.001,0.122,0.,0.122,0.001,0.,0.001
150,0.366,0.002,0.363,0.201,0.,0.201,0.065,0.,0.065,0.048,0.,0.048,0.299,0.002,0.296,0.001,0.,0.001,0.151,0.,0.151,0.001,0.,0.001
160,0.4,0.,0.399,0.24,0.001,0.238,0.077,0.,0.077,0.054,0.,0.054,0.319,0.,0.319,0.001,0.,0.001,0.182,0.001,0.18,0.001,0.,0.001
170,0.428,0.,0.428,0.248,0.002,0.245,0.073,0.,0.073,0.051,0.,0.051,0.352,0.,0.352,0.001,0.,0.001,0.194,0.001,0.192,0.001,0.,0.001
180,0.501,0.004,0.496,0.288,0.002,0.286,0.077,0.,0.077,0.061,0.,0.06,0.421,0.004,0.416,0.001,0.,0.001,0.224,0.,0.223,0.001,0.,0.001
190,0.541,0.001,0.539,0.301,0.,0.301,0.09,0.,0.09,0.066,0.,0.065,0.448,0.001,0.446,0.001,0.,0.001,0.232,0.,0.232,0.001,0.,0.001
200,0.603,0.002,0.6,0.367,0.001,0.365,0.09,0.,0.089,0.087,0.,0.087,0.51,0.001,0.508,0.001,0.,0.001,0.278,0.001,0.276,0.002,0.,0.002
210,0.672,0.,0.672,0.37,0.002,0.367,0.105,0.,0.105,0.074,0.,0.074,0.559,0.,0.559,0.006,0.,0.006,0.292,0.002,0.289,0.002,0.,0.002
220,0.783,0.,0.782,0.405,0.001,0.404,0.113,0.,0.112,0.079,0.,0.079,0.666,0.,0.666,0.002,0.,0.002,0.322,0.,0.321,0.002,0.,0.002
230,0.834,0.005,0.829,0.514,0.,0.514,0.122,0.,0.122,0.087,0.,0.087,0.708,0.004,0.703,0.002,0.,0.002,0.423,0.,0.423,0.002,0.,0.002
240,0.941,0.,0.941,0.488,0.,0.488,0.135,0.,0.135,0.094,0.,0.094,0.801,0.,0.801,0.002,0.,0.002,0.389,0.,0.389,0.002,0.,0.002
250,1.051,0.007,1.044,0.527,0.003,0.524,0.161,0.001,0.16,0.104,0.,0.104,0.887,0.006,0.88,0.002,0.,0.002,0.419,0.002,0.416,0.002,0.,0.002
260,1.079,0.,1.079,0.591,0.,0.591,0.158,0.,0.158,0.114,0.,0.114,0.916,0.,0.916,0.002,0.,0.002,0.472,0.,0.472,0.003,0.,0.003
270,1.248,0.,1.248,0.687,0.,0.687,0.174,0.,0.174,0.118,0.,0.118,1.069,0.,1.069,0.003,0.,0.003,0.564,0.,0.564,0.003,0.,0.003
280,1.328,0.,1.328,0.694,0.,0.694,0.212,0.,0.212,0.133,0.,0.133,1.112,0.,1.112,0.003,0.,0.003,0.556,0.,0.556,0.003,0.,0.003
290,1.385,0.004,1.38,0.805,0.,0.805,0.2,0.,0.199,0.161,0.,0.161,1.18,0.003,1.176,0.003,0.,0.003,0.639,0.,0.639,0.003,0.,0.003
300,1.66,0.006,1.653,0.835,0.003,0.831,0.24,0.,0.24,0.171,0.,0.17,1.416,0.006,1.409,0.003,0.,0.003,0.651,0.002,0.648,0.012,0.,0.012
310,1.653,0.002,1.651,0.871,0.006,0.864,0.252,0.,0.252,0.162,0.001,0.16,1.395,0.002,1.393,0.003,0.,0.003,0.704,0.004,0.699,0.004,0.,0.004
320,1.733,0.,1.733,0.91,0.001,0.909,0.234,0.,0.234,0.166,0.,0.166,1.493,0.,1.493,0.004,0.,0.004,0.739,0.,0.737,0.004,0.,0.004
330,1.949,0.,1.948,1.02,0.,1.02,0.252,0.,0.252,0.173,0.,0.173,1.691,0.,1.69,0.004,0.,0.004,0.84,0.,0.84,0.004,0.,0.004
340,2.072,0.004,2.067,1.092,0.,1.092,0.281,0.001,0.279,0.182,0.,0.182,1.779,0.002,1.776,0.009,0.,0.009,0.903,0.,0.903,0.004,0.,0.004
350,2.135,0.,2.135,1.144,0.005,1.139,0.282,0.,0.282,0.199,0.001,0.197,1.847,0.,1.847,0.004,0.,0.004,0.939,0.003,0.936,0.005,0.,0.005
360,2.404,0.006,2.396,1.271,0.,1.271,0.419,0.,0.419,0.214,0.,0.214,1.974,0.006,1.966,0.009,0.,0.009,1.05,0.,1.05,0.005,0.,0.005
370,2.472,0.,2.472,1.306,0.,1.306,0.304,0.,0.304,0.253,0.,0.253,2.161,0.,2.161,0.005,0.,0.005,1.046,0.,1.046,0.005,0.,0.005
380,2.676,0.,2.676,1.403,0.003,1.399,0.331,0.,0.331,0.243,0.,0.242,2.338,0.,2.337,0.005,0.,0.005,1.153,0.003,1.15,0.005,0.,0.005
390,3.121,0.,3.121,1.489,0.002,1.487,0.37,0.,0.37,0.282,0.,0.282,2.743,0.,2.743,0.005,0.,0.005,1.199,0.002,1.197,0.005,0.,0.005
400,2.961,0.017,2.942,1.557,0.003,1.554,0.365,0.,0.365,0.288,0.002,0.285,2.588,0.017,2.57,0.006,0.,0.006,1.261,0.,1.261,0.006,0.,0.006