param-n,pattern-regression-linear-real,pattern-regression-linear-sys,pattern-regression-linear-user
1,0.,0.,0.
2,0.,0.,0.
3,0.,0.,0.
4,0.,0.,0.
5,0.,0.,0.
6,0.,0.,0.
7,0.,0.,0.
8,0.,0.,0.
9,0.,0.,0.
10,0.,0.,0.
11,0.,0.,0.
12,0.,0.,0.
13,0.,0.,0.
14,0.,0.,0.
15,0.,0.,0.
16,0.,0.,0.
17,0.,0.,0.
18,0.,0.,0.
19,0.,0.,0.
20,0.,0.,0.
21,0.,0.,0.
22,0.,0.,0.
23,0.,0.,0.
24,0.,0.,0.
25,0.,0.,0.
26,0.,0.,0.
27,0.,0.,0.
28,0.,0.,0.
29,0.,0.,0.
30,0.,0.,0.
31,0.,0.,0.
32,0.,0.,0.
33,0.001,0.001,0.
34,0.,0.,0.
35,0.,0.001,0.
36,0.,0.,0.
37,0.001,0.,0.001
38,0.001,0.001,0.
39,0.001,0.001,0.
40,0.001,0.001,0.
41,0.045,0.009,0.035
42,0.,0.,0.
43,0.,0.,0.
44,0.,0.,0.
45,0.,0.,0.
46,0.,0.,0.
47,0.001,0.,0.001
48,0.,0.,0.
49,0.001,0.,0.001
50,0.,0.,0.
51,0.,0.,0.
52,0.,0.,0.
53,0.001,0.,0.001
54,0.001,0.,0.001
55,0.001,0.,0.001
56,0.001,0.,0.001
57,0.001,0.,0.001
58,0.001,0.,0.001
59,0.001,0.,0.001
60,0.001,0.,0.001
61,0.001,0.,0.001
62,0.001,0.,0.001
63,0.001,0.,0.001
64,0.001,0.,0.001
65,0.001,0.,0.001
66,0.001,0.,0.001
67,0.017,0.,0.017
68,0.001,0.,0.001
69,0.001,0.,0.001
70,0.001,0.,0.001
71,0.001,0.,0.001
72,0.001,0.,0.001
73,0.001,0.,0.001
74,0.001,0.,0.001
75,0.001,0.,0.001
76,0.001,0.,0.001
77,0.001,0.,0.001
78,0.001,0.,0.001
79,0.001,0.,0.001
80,0.001,0.,0.001
81,0.001,0.,0.001
82,0.001,0.,0.001
83,0.001,0.,0.001
84,0.001,0.,0.001
85,0.001,0.,0.001
86,0.003,0.,0.003
87,0.001,0.,0.001
88,0.001,0.,0.001
89,0.001,0.,0.001
90,0.001,0.,0.001
91,0.001,0.,0.001
92,0.001,0.,0.001
93,0.001,0.,0.001
94,0.001,0.,0.001
95,0.001,0.,0.001
96,0.001,0.,0.001
97,0.001,0.,0.001
98,0.001,0.,0.001
99,0.001,0.,0.001
100,0.001,0.,0.001
101,0.001,0.,0.001
102,0.001,0.,0.001
103,0.001,0.,0.001
104,0.001,0.,0.001
105,0.001,0.,0.001
106,0.001,0.,0.001
107,0.001,0.,0.001
108,0.001,0.,0.001
109,0.002,0.,0.002
110,0.001,0.,0.001
111,0.002,0.,0.002
112,0.002,0.,0.002
113,0.002,0.,0.002
114,0.002,0.,0.002
115,0.002,0.,0.002
116,0.003,0.,0.003
117,0.002,0.,0.002
118,0.002,0.,0.002
119,0.002,0.,0.002
120,0.002,0.,0.002
121,0.002,0.,0.002
122,0.002,0.,0.002
123,0.002,0.,0.002
124,0.002,0.,0.002
125,0.002,0.,0.002
126,0.002,0.,0.002
127,0.002,0.,0.002
128,0.009,0.,0.009
129,0.002,0.,0.002
130,0.002,0.,0.002
131,0.002,0.,0.002
132,0.002,0.,0.002
133,0.002,0.,0.002
134,0.002,0.,0.002
135,0.002,0.,0.002
136,0.002,0.,0.002
137,0.002,0.,0.002
138,0.002,0.,0.002
139,0.002,0.,0.002
140,0.003,0.,0.003
141,0.002,0.,0.002
142,0.002,0.,0.002
143,0.002,0.,0.002
144,0.002,0.,0.002
145,0.002,0.,0.002
146,0.002,0.,0.002
147,0.002,0.,0.002
148,0.002,0.,0.002
149,0.002,0.,0.002
150,0.002,0.,0.002
151,0.013,0.,0.013
152,0.002,0.,0.002
153,0.002,0.,0.002
154,0.002,0.,0.002
155,0.002,0.,0.002
156,0.002,0.,0.002
157,0.002,0.,0.002
158,0.002,0.,0.002
159,0.002,0.,0.002
160,0.003,0.,0.003
161,0.003,0.,0.003
162,0.003,0.,0.003
163,0.003,0.,0.003
164,0.003,0.,0.003
165,0.003,0.,0.003
166,0.003,0.,0.003
167,0.003,0.,0.003
168,0.003,0.,0.003
169,0.003,0.,0.003
170,0.004,0.,0.004
171,0.003,0.,0.003
172,0.004,0.,0.004
173,0.007,0.,0.007
174,0.007,0.,0.007
175,0.007,0.,0.007
176,0.007,0.,0.007
177,0.007,0.,0.007
178,0.004,0.,0.004
179,0.075,0.,0.075
180,0.003,0.,0.003
181,0.003,0.,0.003
182,0.003,0.,0.003
183,0.003,0.,0.003
184,0.003,0.,0.003
185,0.003,0.,0.003
186,0.003,0.,0.003
187,0.003,0.,0.003
188,0.004,0.,0.004
189,0.003,0.,0.003
190,0.003,0.,0.003
191,0.003,0.,0.003
192,0.003,0.,0.003
193,0.003,0.,0.003
194,0.003,0.,0.003
195,0.003,0.,0.003
196,0.041,0.,0.041
197,0.003,0.,0.003
198,0.003,0.,0.003
199,0.003,0.,0.003
200,0.003,0.,0.003
201,0.003,0.,0.003
202,0.003,0.,0.003
203,0.003,0.,0.003
204,0.004,0.,0.004
205,0.003,0.,0.003
206,0.003,0.,0.003
207,0.004,0.,0.004
208,0.004,0.,0.004
209,0.003,0.,0.003
210,0.004,0.,0.004
211,0.003,0.,0.003
212,0.017,0.,0.017
213,0.004,0.,0.004
214,0.003,0.,0.003
215,0.003,0.,0.003
216,0.004,0.,0.004
217,0.004,0.,0.004
218,0.003,0.,0.003
219,0.003,0.,0.003
220,0.004,0.,0.004
221,0.004,0.,0.004
222,0.004,0.,0.004
223,0.004,0.,0.004
224,0.004,0.,0.004
225,0.004,0.,0.004
226,0.004,0.,0.004
227,0.004,0.,0.004
228,0.004,0.,0.004
229,0.004,0.,0.004
230,0.004,0.,0.004
231,0.004,0.,0.004
232,0.004,0.,0.004
233,0.004,0.003,0.
234,0.005,0.,0.005
235,0.004,0.,0.004
236,0.004,0.,0.004
237,0.004,0.,0.004
238,0.004,0.,0.004
239,0.004,0.,0.004
240,0.004,0.,0.004
241,0.004,0.,0.004
242,0.004,0.,0.004
243,0.004,0.,0.004
244,0.004,0.,0.004
245,0.004,0.,0.004
246,0.004,0.,0.004
247,0.005,0.,0.005
248,0.004,0.,0.004
249,0.004,0.,0.004
250,0.004,0.,0.004
251,0.004,0.,0.004
252,0.004,0.,0.004
253,0.004,0.,0.004
254,0.015,0.,0.015
255,0.004,0.,0.004
256,0.005,0.,0.005
257,0.004,0.,0.004
258,0.004,0.,0.004
259,0.004,0.,0.004
260,0.004,0.,0.004
261,0.004,0.,0.004
262,0.005,0.,0.005
263,0.005,0.,0.005
264,0.004,0.,0.004
265,0.004,0.,0.004
266,0.005,0.,0.005
267,0.004,0.,0.004
268,0.004,0.,0.004
269,0.005,0.,0.005
270,0.005,0.,0.005
271,0.005,0.,0.005
272,0.079,0.,0.079
273,0.005,0.,0.005
274,0.004,0.,0.004
275,0.005,0.,0.005
276,0.005,0.,0.005
277,0.005,0.,0.005
278,0.005,0.,0.005
279,0.005,0.,0.005
280,0.005,0.,0.005
281,0.005,0.,0.005
282,0.005,0.,0.005
283,0.005,0.,0.005
284,0.044,0.,0.044
285,0.005,0.,0.005
286,0.005,0.,0.005
287,0.005,0.,0.005
288,0.005,0.003,0.001
289,0.005,0.,0.005
290,0.006,0.,0.006
291,0.005,0.,0.005
292,0.005,0.,0.005
293,0.005,0.,0.005
294,0.005,0.,0.005
295,0.02,0.,0.02
296,0.005,0.,0.005
297,0.005,0.,0.005
298,0.005,0.,0.005
299,0.005,0.,0.005
300,0.005,0.,0.005
301,0.006,0.,0.006
302,0.005,0.,0.005
303,0.005,0.,0.005
304,0.005,0.,0.005
305,0.005,0.,0.005
306,0.005,0.,0.005
307,0.005,0.,0.005
308,0.005,0.,0.005
309,0.005,0.,0.005
310,0.005,0.,0.005
311,0.007,0.,0.007
312,0.005,0.,0.005
313,0.005,0.,0.005
314,0.005,0.,0.005
315,0.005,0.,0.005
316,0.005,0.,0.005
317,0.006,0.,0.006
318,0.006,0.,0.006
319,0.005,0.,0.005
320,0.005,0.,0.005
321,0.005,0.,0.005
322,0.006,0.,0.006
323,0.006,0.,0.006
324,0.005,0.,0.005
325,0.006,0.,0.006
326,0.006,0.,0.006
327,0.006,0.,0.006
328,0.006,0.,0.006
329,0.006,0.,0.006
330,0.006,0.,0.006
331,0.006,0.,0.006
332,0.006,0.,0.006
333,0.006,0.,0.006
334,0.006,0.,0.006
335,0.006,0.,0.006
336,0.006,0.,0.006
337,0.006,0.,0.006
338,0.006,0.,0.006
339,0.006,0.,0.006
340,0.006,0.,0.006
341,0.006,0.,0.006
342,0.006,0.,0.006
343,0.006,0.,0.006
344,0.006,0.,0.006
345,0.006,0.,0.006
346,0.006,0.,0.006
347,0.006,0.,0.006
348,0.006,0.,0.006
349,0.006,0.,0.006
350,0.006,0.,0.006
351,0.008,0.003,0.004
352,0.006,0.,0.006
353,0.006,0.002,0.003
354,0.006,0.,0.006
355,0.006,0.,0.006
356,0.006,0.,0.006
357,0.006,0.,0.006
358,0.006,0.,0.006
359,0.006,0.,0.006
360,0.007,0.,0.007
361,0.006,0.,0.006
362,0.006,0.,0.006
363,0.006,0.,0.006
364,0.006,0.,0.006
365,0.007,0.,0.007
366,0.006,0.,0.006
367,0.006,0.,0.006
368,0.006,0.,0.006
369,0.007,0.,0.007
370,0.006,0.,0.006
371,0.006,0.,0.006
372,0.006,0.,0.006
373,0.006,0.,0.006
374,0.006,0.,0.006
375,0.006,0.,0.006
376,0.007,0.,0.007
377,0.006,0.,0.006
378,0.007,0.,0.007
379,0.007,0.,0.007
380,0.007,0.,0.007
381,0.007,0.,0.007
382,0.007,0.,0.007
383,0.007,0.,0.007
384,0.007,0.,0.007
385,0.007,0.,0.007
386,0.015,0.,0.015
387,0.018,0.,0.018
388,0.015,0.,0.015
389,0.007,0.,0.007
390,0.007,0.,0.007
391,0.007,0.,0.007
392,0.007,0.,0.007
393,0.007,0.,0.007
394,0.007,0.,0.007
395,0.007,0.,0.007
396,0.007,0.,0.007
397,0.007,0.,0.007
398,0.007,0.,0.007
399,0.007,0.,0.007
400,0.007,0.,0.007
401,0.007,0.,0.007
402,0.007,0.,0.007
403,0.007,0.,0.007
404,0.007,0.,0.007
405,0.007,0.,0.007
406,0.007,0.,0.007
407,0.007,0.,0.007
408,0.007,0.,0.007
409,0.007,0.,0.007
410,0.007,0.,0.007
411,0.007,0.,0.007
412,0.008,0.,0.008
413,0.007,0.,0.007
414,0.007,0.,0.007
415,0.007,0.,0.007
416,0.008,0.,0.008
417,0.007,0.,0.007
418,0.007,0.,0.007
419,0.008,0.,0.008
420,0.007,0.,0.007
421,0.007,0.,0.007
422,0.007,0.,0.007
423,0.007,0.,0.007
424,0.007,0.,0.007
425,0.007,0.,0.007
426,0.007,0.,0.007
427,0.009,0.,0.009
428,0.007,0.,0.007
429,0.008,0.,0.008
430,0.007,0.,0.007
431,0.008,0.,0.008
432,0.007,0.,0.007
433,0.008,0.,0.008
434,0.008,0.,0.008
435,0.01,0.,0.01
436,0.008,0.,0.008
437,0.008,0.,0.008
438,0.008,0.,0.008
439,0.008,0.,0.008
440,0.008,0.,0.008
441,0.008,0.,0.008
442,0.007,0.,0.007
443,0.008,0.,0.008
444,0.008,0.,0.008
445,0.008,0.,0.008
446,0.008,0.,0.008
447,0.008,0.,0.008
448,0.008,0.,0.008
449,0.008,0.,0.008
450,0.008,0.,0.008
451,0.008,0.,0.008
452,0.008,0.,0.008
453,0.008,0.,0.008
454,0.008,0.,0.008
455,0.008,0.,0.008
456,0.008,0.,0.008
457,0.01,0.,0.01
458,0.008,0.,0.008
459,0.008,0.,0.008
460,0.008,0.,0.008
461,0.009,0.,0.009
462,0.008,0.,0.008
463,0.008,0.,0.008
464,0.008,0.,0.008
465,0.009,0.,0.009
466,0.008,0.,0.008
467,0.008,0.,0.008
468,0.009,0.,0.009
469,0.008,0.,0.008
470,0.009,0.,0.009
471,0.008,0.,0.008
472,0.009,0.,0.009
473,0.008,0.,0.008
474,0.008,0.,0.008
475,0.009,0.,0.009
476,0.008,0.,0.008
477,0.008,0.,0.008
478,0.008,0.,0.008
479,0.009,0.,0.009
480,0.008,0.,0.008
481,0.008,0.,0.008
482,0.009,0.,0.009
483,0.008,0.,0.008
484,0.009,0.,0.009
485,0.009,0.,0.009
486,0.008,0.,0.008
487,0.009,0.,0.009
488,0.01,0.,0.009
489,0.009,0.,0.009
490,0.008,0.,0.008
491,0.008,0.,0.008
492,0.011,0.,0.011
493,0.009,0.,0.009
494,0.009,0.,0.009
495,0.009,0.,0.009
496,0.01,0.,0.01
497,0.009,0.,0.009
498,0.01,0.,0.01
499,0.011,0.,0.011
500,0.01,0.,0.01
600,0.015,0.003,0.011
800,0.02,0.012,0.008
1000,0.017,0.,0.017
1200,0.036,0.,0.036
1400,0.027,0.,0.027
1600,0.027,0.,0.027
1800,0.037,0.,0.037
2000,0.043,0.,0.043
2200,0.042,0.,0.042
2400,0.054,0.,0.054
2600,0.049,0.,0.049
2800,0.131,0.,0.131
3000,0.091,0.,0.091
3200,0.068,0.,0.067
3400,0.059,0.,0.059
3600,0.075,0.,0.075
3800,0.081,0.,0.081
4000,0.153,0.,0.153
4200,0.116,0.,0.116
4400,0.086,0.,0.086
4600,0.103,0.,0.103
4800,0.099,0.,0.099
5000,0.104,0.,0.104
5200,0.099,0.,0.099
5400,0.115,0.,0.115
5600,0.128,0.,0.128
5800,0.115,0.,0.115
6000,0.115,0.,0.115
6200,0.117,0.,0.117
6400,0.122,0.,0.122
6600,0.132,0.,0.132
6800,0.138,0.,0.138
7000,0.194,0.,0.194
7200,0.153,0.,0.153
7400,0.154,0.,0.154
7600,0.159,0.,0.159
7800,0.193,0.,0.193
8000,0.177,0.,0.177
8200,0.249,0.,0.249
8400,0.22,0.,0.22
8600,0.366,0.003,0.36
8800,0.205,0.,0.205
9000,0.268,0.003,0.264
9200,0.204,0.,0.204
9400,0.271,0.,0.27
9600,0.212,0.,0.212
9800,0.221,0.,0.221
10000,0.223,0.,0.223
10200,0.234,0.,0.234
10400,0.231,0.,0.231
10600,0.24,0.,0.24
10800,0.239,0.,0.239
11000,0.24,0.,0.24
11200,0.245,0.,0.245
11400,0.249,0.,0.249
11600,0.259,0.,0.259
11800,0.271,0.,0.271
12000,0.276,0.,0.276
12200,0.297,0.,0.297
12400,0.303,0.,0.303
12600,0.3,0.,0.3
12800,0.301,0.,0.301
13000,0.312,0.,0.312
13200,0.315,0.,0.315
13400,0.309,0.,0.308
13600,0.334,0.,0.334
13800,0.31,0.,0.31
14000,0.302,0.,0.302
14200,0.302,0.,0.302
14400,0.308,0.,0.308
14600,0.315,0.,0.315
14800,0.318,0.,0.318
15000,0.326,0.,0.326
15200,0.325,0.,0.325
15400,0.336,0.003,0.331
15600,0.35,0.,0.35
15800,0.362,0.,0.362
16000,0.37,0.,0.37
16200,0.38,0.,0.38
16400,0.393,0.,0.393
16600,0.397,0.,0.397
16800,0.416,0.,0.416
17000,0.437,0.,0.437
17200,0.449,0.,0.449
17400,0.521,0.,0.521
17600,0.51,0.,0.51
17800,0.508,0.,0.507
18000,0.485,0.,0.485
18200,0.479,0.,0.478
18400,0.466,0.,0.466
18600,0.455,0.,0.455
18800,0.443,0.,0.443
19000,0.447,0.,0.447
19200,0.451,0.,0.451
19400,0.53,0.,0.53
19600,0.497,0.,0.497
19800,0.505,0.,0.505
20000,0.573,0.,0.573