param-n,abstract-regression-quadratic-real,abstract-regression-quadratic-sys,abstract-regression-quadratic-user,close-abstract-regression-quadratic-real,close-abstract-regression-quadratic-sys,close-abstract-regression-quadratic-user,ssr-rewrite!-regression-quadratic-real,ssr-rewrite!-regression-quadratic-sys,ssr-rewrite!-regression-quadratic-user,ssr-rewrite?-noop-regression-linear-real,ssr-rewrite?-noop-regression-linear-sys,ssr-rewrite?-noop-regression-linear-user
1,0.,0.,0.,0.,0.,0.,0.,0.,0.,0.,0.,0.
2,0.,0.,0.,0.,0.,0.,0.,0.,0.,0.,0.,0.
3,0.,0.,0.,0.,0.,0.,0.,0.,0.,0.,0.,0.
4,0.,0.,0.,0.,0.,0.,0.,0.,0.,0.,0.,0.
5,0.001,0.001,0.,0.,0.,0.,0.,0.,0.,0.,0.,0.
6,0.001,0.001,0.,0.,0.,0.,0.,0.,0.,0.,0.,0.
7,0.001,0.001,0.,0.,0.,0.,0.,0.,0.,0.,0.,0.
8,0.002,0.001,0.,0.,0.,0.,0.001,0.001,0.,0.,0.,0.
9,0.002,0.,0.002,0.,0.,0.,0.001,0.,0.001,0.,0.,0.
10,0.002,0.,0.002,0.,0.,0.,0.001,0.,0.001,0.,0.,0.
11,0.003,0.003,0.,0.001,0.001,0.,0.001,0.001,0.,0.,0.,0.
12,0.003,0.,0.003,0.001,0.,0.001,0.002,0.,0.002,0.,0.,0.
13,0.003,0.,0.003,0.001,0.,0.001,0.002,0.,0.002,0.,0.,0.
14,0.004,0.004,0.,0.001,0.001,0.,0.002,0.002,0.,0.,0.,0.
15,0.004,0.,0.004,0.001,0.,0.001,0.002,0.,0.002,0.,0.,0.
16,0.005,0.,0.005,0.002,0.,0.002,0.003,0.,0.003,0.,0.,0.
17,0.005,0.003,0.002,0.002,0.,0.002,0.003,0.003,0.,0.,0.,0.
18,0.048,0.008,0.039,0.001,0.,0.001,0.045,0.008,0.037,0.,0.,0.
19,0.005,0.,0.005,0.001,0.,0.001,0.002,0.,0.002,0.,0.,0.
20,0.005,0.,0.005,0.002,0.,0.002,0.003,0.,0.003,0.,0.,0.
21,0.005,0.,0.005,0.002,0.,0.002,0.003,0.,0.003,0.,0.,0.
22,0.006,0.,0.006,0.002,0.,0.002,0.003,0.,0.003,0.,0.,0.
23,0.006,0.,0.006,0.002,0.,0.002,0.003,0.,0.003,0.,0.,0.
24,0.007,0.,0.007,0.002,0.,0.002,0.004,0.,0.004,0.,0.,0.
25,0.007,0.,0.007,0.003,0.,0.003,0.004,0.,0.004,0.,0.,0.
26,0.024,0.,0.024,0.003,0.,0.003,0.021,0.,0.021,0.,0.,0.
27,0.009,0.,0.009,0.003,0.,0.003,0.005,0.,0.005,0.,0.,0.
28,0.009,0.,0.009,0.003,0.,0.003,0.005,0.,0.005,0.,0.,0.
29,0.01,0.,0.01,0.004,0.,0.004,0.005,0.,0.005,0.,0.,0.
30,0.01,0.,0.01,0.004,0.,0.004,0.006,0.,0.006,0.,0.,0.
31,0.012,0.,0.012,0.004,0.,0.004,0.007,0.,0.007,0.,0.,0.
32,0.012,0.,0.012,0.005,0.,0.005,0.006,0.,0.006,0.,0.,0.
33,0.012,0.,0.012,0.005,0.,0.005,0.007,0.,0.007,0.,0.,0.
34,0.013,0.,0.013,0.005,0.,0.005,0.007,0.,0.007,0.,0.,0.
35,0.014,0.,0.014,0.005,0.,0.005,0.008,0.,0.008,0.,0.,0.
36,0.015,0.,0.015,0.006,0.,0.006,0.008,0.,0.008,0.,0.,0.
37,0.016,0.,0.016,0.006,0.,0.006,0.008,0.,0.008,0.,0.,0.
38,0.018,0.,0.018,0.006,0.,0.006,0.011,0.,0.011,0.,0.,0.
39,0.017,0.,0.017,0.007,0.,0.007,0.009,0.,0.009,0.,0.,0.
40,0.018,0.,0.018,0.007,0.,0.007,0.01,0.,0.01,0.,0.,0.
41,0.026,0.,0.026,0.008,0.,0.008,0.018,0.,0.018,0.,0.,0.
42,0.02,0.,0.02,0.008,0.,0.008,0.011,0.,0.011,0.,0.,0.
43,0.022,0.,0.022,0.009,0.,0.009,0.012,0.,0.012,0.,0.,0.
44,0.021,0.,0.021,0.009,0.,0.009,0.012,0.,0.012,0.,0.,0.
45,0.023,0.,0.023,0.009,0.,0.009,0.012,0.,0.012,0.,0.,0.
46,0.034,0.,0.034,0.009,0.,0.009,0.024,0.,0.024,0.,0.,0.
47,0.024,0.,0.024,0.01,0.,0.01,0.013,0.,0.013,0.,0.,0.
48,0.026,0.,0.026,0.01,0.,0.01,0.014,0.,0.014,0.,0.,0.
49,0.027,0.,0.027,0.011,0.,0.011,0.015,0.,0.015,0.,0.,0.
50,0.038,0.019,0.018,0.016,0.008,0.008,0.02,0.01,0.009,0.,0.,0.
51,0.03,0.,0.03,0.012,0.,0.012,0.017,0.,0.017,0.,0.,0.
52,0.102,0.,0.102,0.084,0.,0.084,0.017,0.,0.017,0.,0.,0.
53,0.031,0.,0.031,0.013,0.,0.013,0.017,0.,0.017,0.,0.,0.
54,0.034,0.,0.034,0.015,0.,0.014,0.018,0.,0.018,0.,0.,0.
55,0.034,0.,0.034,0.014,0.,0.014,0.019,0.,0.019,0.,0.,0.
56,0.073,0.,0.073,0.014,0.,0.014,0.057,0.,0.057,0.,0.,0.
57,0.038,0.,0.038,0.017,0.,0.017,0.02,0.,0.02,0.,0.,0.
58,0.037,0.,0.037,0.016,0.,0.016,0.02,0.,0.02,0.,0.,0.
59,0.056,0.,0.056,0.016,0.,0.016,0.038,0.,0.038,0.,0.,0.
60,0.042,0.,0.042,0.016,0.,0.016,0.025,0.,0.025,0.,0.,0.
61,0.041,0.,0.041,0.017,0.,0.017,0.023,0.,0.023,0.,0.,0.
62,0.044,0.,0.044,0.02,0.,0.02,0.023,0.,0.023,0.,0.,0.
63,0.044,0.,0.044,0.019,0.,0.019,0.025,0.,0.025,0.,0.,0.
64,0.054,0.,0.054,0.019,0.,0.019,0.034,0.,0.034,0.,0.,0.
65,0.048,0.,0.048,0.019,0.,0.019,0.028,0.,0.028,0.,0.,0.
66,0.06,0.003,0.057,0.02,0.,0.02,0.039,0.003,0.036,0.,0.,0.
67,0.049,0.,0.049,0.021,0.,0.021,0.027,0.,0.027,0.,0.,0.
68,0.052,0.,0.052,0.023,0.,0.023,0.028,0.,0.028,0.,0.,0.
69,0.124,0.,0.124,0.094,0.,0.094,0.029,0.,0.029,0.,0.,0.
70,0.056,0.003,0.052,0.025,0.003,0.021,0.029,0.,0.029,0.,0.,0.
71,0.093,0.,0.093,0.061,0.,0.061,0.03,0.,0.03,0.,0.,0.
72,0.06,0.,0.06,0.028,0.,0.028,0.031,0.,0.031,0.,0.,0.
73,0.078,0.,0.078,0.026,0.,0.026,0.051,0.,0.051,0.,0.,0.
74,0.062,0.,0.062,0.025,0.,0.025,0.036,0.,0.036,0.,0.,0.
75,0.062,0.,0.062,0.027,0.,0.027,0.033,0.,0.033,0.,0.,0.
76,0.065,0.,0.065,0.028,0.,0.028,0.036,0.,0.036,0.,0.,0.
77,0.068,0.,0.068,0.031,0.,0.031,0.035,0.,0.035,0.,0.,0.
78,0.068,0.,0.068,0.03,0.,0.03,0.037,0.,0.036,0.,0.,0.
79,0.071,0.,0.071,0.029,0.,0.029,0.041,0.,0.041,0.,0.,0.
80,0.075,0.,0.075,0.034,0.,0.034,0.04,0.,0.04,0.,0.,0.
81,0.074,0.,0.074,0.034,0.,0.034,0.039,0.,0.039,0.,0.,0.
82,0.076,0.,0.076,0.031,0.,0.031,0.044,0.,0.044,0.,0.,0.
83,0.08,0.,0.08,0.036,0.,0.036,0.042,0.,0.042,0.,0.,0.
84,0.079,0.,0.079,0.035,0.,0.035,0.042,0.,0.042,0.,0.,0.
85,0.083,0.,0.083,0.036,0.,0.035,0.046,0.,0.046,0.,0.,0.
86,0.083,0.,0.083,0.038,0.,0.038,0.043,0.,0.043,0.,0.,0.
87,0.088,0.,0.088,0.041,0.,0.041,0.046,0.,0.046,0.,0.,0.
88,0.087,0.,0.087,0.04,0.,0.04,0.046,0.,0.046,0.,0.,0.
89,0.09,0.,0.09,0.039,0.,0.039,0.05,0.,0.05,0.,0.,0.
90,0.093,0.,0.093,0.038,0.,0.038,0.054,0.,0.054,0.,0.,0.
91,0.095,0.,0.095,0.043,0.,0.043,0.051,0.,0.05,0.,0.,0.
92,0.098,0.,0.098,0.046,0.,0.046,0.051,0.,0.051,0.,0.,0.
93,0.096,0.,0.096,0.043,0.,0.043,0.052,0.,0.052,0.,0.,0.
94,0.098,0.,0.098,0.044,0.,0.044,0.053,0.,0.053,0.,0.,0.
95,0.102,0.,0.102,0.045,0.,0.045,0.055,0.,0.055,0.,0.,0.
96,0.103,0.,0.103,0.045,0.,0.045,0.057,0.,0.057,0.,0.,0.
97,0.109,0.,0.109,0.049,0.,0.049,0.059,0.,0.059,0.,0.,0.
98,0.11,0.,0.11,0.052,0.,0.052,0.056,0.,0.056,0.,0.,0.
99,0.121,0.,0.121,0.053,0.,0.053,0.067,0.,0.067,0.,0.,0.
100,0.171,0.015,0.155,0.066,0.,0.065,0.105,0.015,0.09,0.,0.,0.
110,0.144,0.,0.144,0.067,0.,0.067,0.076,0.,0.076,0.,0.,0.
120,0.185,0.,0.185,0.084,0.,0.084,0.1,0.,0.1,0.,0.,0.
130,0.2,0.,0.199,0.091,0.,0.091,0.107,0.,0.106,0.,0.,0.
140,0.246,0.,0.246,0.117,0.,0.117,0.127,0.,0.127,0.,0.,0.
150,0.261,0.,0.261,0.134,0.,0.134,0.126,0.,0.126,0.,0.,0.
160,0.326,0.007,0.318,0.151,0.003,0.147,0.174,0.003,0.17,0.,0.,0.
170,0.356,0.003,0.352,0.168,0.,0.168,0.186,0.003,0.182,0.,0.,0.
180,0.387,0.003,0.383,0.175,0.,0.175,0.21,0.003,0.206,0.,0.,0.
190,0.434,0.004,0.43,0.211,0.003,0.207,0.222,0.,0.222,0.,0.,0.
200,0.604,0.007,0.596,0.354,0.007,0.347,0.248,0.,0.248,0.,0.,0.
210,0.543,0.003,0.539,0.259,0.,0.259,0.283,0.003,0.279,0.,0.,0.
220,0.613,0.,0.613,0.317,0.,0.317,0.295,0.,0.295,0.,0.,0.
230,0.688,0.015,0.672,0.345,0.012,0.333,0.34,0.003,0.336,0.,0.,0.
240,0.722,0.008,0.714,0.347,0.,0.347,0.374,0.007,0.366,0.,0.,0.
250,0.911,0.,0.911,0.528,0.,0.528,0.381,0.,0.381,0.,0.,0.
260,0.862,0.003,0.858,0.419,0.,0.419,0.442,0.003,0.438,0.,0.,0.
270,0.935,0.,0.935,0.497,0.,0.497,0.436,0.,0.436,0.,0.,0.
280,1.029,0.,1.028,0.525,0.,0.525,0.501,0.,0.501,0.,0.,0.
290,1.064,0.,1.064,0.549,0.,0.549,0.513,0.,0.513,0.,0.,0.
300,1.248,0.,1.248,0.619,0.,0.619,0.627,0.,0.627,0.,0.,0.
310,1.25,0.,1.25,0.667,0.,0.667,0.582,0.,0.582,0.,0.,0.
320,1.327,0.003,1.322,0.675,0.003,0.671,0.649,0.,0.649,0.,0.,0.
330,1.408,0.,1.408,0.726,0.,0.726,0.68,0.,0.68,0.,0.,0.
340,1.554,0.,1.554,0.812,0.,0.812,0.74,0.,0.74,0.,0.,0.
350,1.603,0.015,1.586,0.859,0.003,0.854,0.743,0.011,0.731,0.,0.,0.
360,1.704,0.003,1.7,0.906,0.,0.906,0.796,0.003,0.792,0.,0.,0.
370,1.851,0.,1.851,1.003,0.,1.003,0.846,0.,0.846,0.,0.,0.
380,1.91,0.003,1.906,1.012,0.,1.012,0.895,0.003,0.891,0.,0.,0.
390,2.091,0.,2.091,1.117,0.,1.117,0.971,0.,0.971,0.,0.,0.
400,2.204,0.011,2.192,1.221,0.012,1.209,0.982,0.,0.981,0.,0.,0.