param-n,abstract-regression-cubic-real,abstract-regression-cubic-sys,abstract-regression-cubic-user,close-abstract-regression-cubic-real,close-abstract-regression-cubic-sys,close-abstract-regression-cubic-user,fast-rewrite-regression-cubic-real,fast-rewrite-regression-cubic-sys,fast-rewrite-regression-cubic-user,pose-build-and-refine-regression-cubic-real,pose-build-and-refine-regression-cubic-sys,pose-build-and-refine-regression-cubic-user,refine-regression-quadratic-regression-linear-real,refine-regression-quadratic-regression-linear-sys,refine-regression-quadratic-regression-linear-user
1,0.,0.,0.,0.,0.,0.,0.,0.,0.,0.,0.,0.,0.,0.,0.
2,0.,0.,0.,0.,0.,0.,0.,0.,0.,0.,0.,0.,0.,0.,0.
3,0.,0.,0.,0.,0.,0.,0.,0.,0.,0.,0.,0.,0.,0.,0.
4,0.,0.,0.,0.,0.,0.,0.,0.,0.,0.,0.,0.,0.,0.,0.
5,0.001,0.,0.001,0.,0.,0.,0.,0.,0.,0.,0.,0.,0.,0.,0.
6,0.001,0.,0.001,0.,0.,0.,0.,0.,0.,0.,0.,0.,0.,0.,0.
7,0.001,0.,0.001,0.,0.,0.,0.,0.,0.,0.,0.,0.,0.,0.,0.
8,0.001,0.,0.001,0.,0.,0.,0.001,0.,0.001,0.001,0.,0.001,0.,0.,0.
9,0.001,0.,0.001,0.,0.,0.,0.001,0.,0.001,0.001,0.,0.001,0.,0.,0.
10,0.001,0.001,0.,0.,0.,0.,0.001,0.001,0.,0.001,0.001,0.,0.,0.,0.
11,0.002,0.,0.001,0.,0.,0.,0.001,0.,0.001,0.001,0.,0.001,0.,0.,0.
12,0.002,0.,0.001,0.,0.,0.,0.001,0.,0.001,0.001,0.,0.001,0.,0.,0.
13,0.002,0.002,0.,0.,0.,0.,0.001,0.001,0.,0.001,0.001,0.,0.,0.,0.
14,0.002,0.,0.002,0.,0.,0.,0.001,0.,0.001,0.001,0.,0.001,0.,0.,0.
15,0.002,0.002,0.,0.,0.,0.,0.001,0.001,0.,0.001,0.001,0.,0.,0.,0.
16,0.002,0.001,0.001,0.,0.,0.,0.002,0.001,0.001,0.002,0.001,0.,0.,0.,0.
17,0.003,0.,0.002,0.,0.,0.,0.002,0.,0.002,0.002,0.,0.002,0.,0.,0.
18,0.003,0.002,0.,0.,0.,0.,0.002,0.002,0.,0.002,0.002,0.,0.,0.,0.
19,0.003,0.,0.003,0.,0.,0.,0.002,0.,0.002,0.002,0.,0.002,0.,0.,0.
20,0.003,0.,0.003,0.,0.,0.,0.002,0.,0.002,0.002,0.,0.002,0.,0.,0.
21,0.002,0.,0.001,0.,0.,0.,0.001,0.,0.001,0.001,0.,0.001,0.,0.,0.
22,0.002,0.,0.002,0.,0.,0.,0.001,0.,0.001,0.001,0.,0.001,0.,0.,0.
23,0.002,0.,0.002,0.,0.,0.,0.001,0.,0.001,0.001,0.,0.001,0.,0.,0.
24,0.002,0.,0.002,0.,0.,0.,0.001,0.,0.001,0.001,0.,0.001,0.,0.,0.
25,0.003,0.,0.003,0.,0.,0.,0.001,0.,0.002,0.001,0.,0.001,0.,0.,0.
26,0.003,0.,0.003,0.,0.,0.,0.002,0.,0.002,0.002,0.,0.002,0.,0.,0.
27,0.003,0.,0.003,0.,0.,0.,0.002,0.,0.002,0.002,0.,0.002,0.,0.,0.
28,0.003,0.,0.003,0.,0.,0.,0.002,0.,0.002,0.002,0.,0.002,0.,0.,0.
29,0.003,0.,0.003,0.001,0.,0.001,0.002,0.,0.002,0.002,0.,0.002,0.,0.,0.
30,0.003,0.,0.003,0.001,0.,0.001,0.002,0.,0.002,0.002,0.,0.002,0.,0.,0.
31,0.003,0.,0.003,0.001,0.,0.001,0.002,0.,0.002,0.002,0.,0.002,0.,0.,0.
32,0.004,0.,0.004,0.001,0.,0.001,0.002,0.,0.002,0.002,0.,0.002,0.,0.,0.
33,0.004,0.,0.004,0.001,0.,0.001,0.002,0.,0.002,0.002,0.,0.002,0.,0.,0.
34,0.02,0.,0.02,0.001,0.,0.001,0.018,0.,0.018,0.018,0.,0.018,0.,0.,0.
35,0.004,0.,0.004,0.001,0.,0.001,0.002,0.,0.002,0.002,0.,0.002,0.,0.,0.
36,0.004,0.,0.004,0.001,0.,0.001,0.002,0.,0.002,0.002,0.,0.002,0.,0.,0.
37,0.004,0.,0.004,0.001,0.,0.001,0.003,0.,0.003,0.003,0.,0.003,0.,0.,0.
38,0.004,0.,0.004,0.001,0.,0.001,0.003,0.,0.003,0.003,0.,0.003,0.,0.,0.
39,0.005,0.,0.005,0.001,0.,0.001,0.003,0.,0.003,0.003,0.,0.003,0.,0.,0.
40,0.005,0.,0.005,0.001,0.,0.001,0.003,0.,0.003,0.003,0.,0.003,0.,0.,0.
41,0.005,0.,0.005,0.001,0.,0.001,0.003,0.,0.003,0.003,0.,0.003,0.,0.,0.
42,0.005,0.,0.005,0.001,0.,0.001,0.003,0.,0.003,0.003,0.,0.003,0.,0.,0.
43,0.006,0.,0.006,0.001,0.,0.001,0.004,0.,0.004,0.004,0.,0.004,0.,0.,0.
44,0.005,0.,0.005,0.002,0.,0.002,0.003,0.,0.003,0.003,0.,0.003,0.,0.,0.
45,0.006,0.002,0.003,0.002,0.,0.001,0.003,0.002,0.001,0.003,0.002,0.001,0.,0.,0.
46,0.006,0.,0.006,0.002,0.,0.002,0.003,0.,0.003,0.003,0.,0.003,0.,0.,0.
47,0.006,0.,0.006,0.002,0.,0.002,0.003,0.,0.003,0.003,0.,0.003,0.,0.,0.
48,0.006,0.,0.006,0.002,0.,0.002,0.003,0.,0.003,0.003,0.,0.003,0.,0.,0.
49,0.006,0.,0.006,0.002,0.,0.002,0.004,0.,0.004,0.004,0.,0.004,0.,0.,0.
50,0.01,0.008,0.002,0.003,0.003,0.,0.006,0.004,0.002,0.006,0.004,0.001,0.,0.,0.
51,0.007,0.,0.007,0.002,0.,0.002,0.004,0.,0.004,0.004,0.,0.004,0.,0.,0.
52,0.007,0.,0.007,0.002,0.,0.002,0.004,0.,0.004,0.004,0.,0.004,0.,0.,0.
53,0.007,0.,0.007,0.002,0.,0.002,0.004,0.,0.004,0.004,0.,0.004,0.,0.,0.
54,0.007,0.,0.007,0.002,0.,0.002,0.004,0.,0.004,0.004,0.,0.004,0.,0.,0.
55,0.008,0.,0.008,0.002,0.,0.002,0.004,0.,0.004,0.004,0.,0.004,0.,0.,0.
56,0.008,0.,0.008,0.003,0.,0.003,0.004,0.,0.004,0.004,0.,0.004,0.,0.,0.
57,0.008,0.,0.008,0.003,0.,0.003,0.004,0.,0.004,0.004,0.,0.004,0.,0.,0.
58,0.009,0.,0.009,0.003,0.,0.003,0.006,0.,0.006,0.006,0.,0.006,0.,0.,0.
59,0.008,0.,0.008,0.003,0.,0.003,0.005,0.,0.005,0.005,0.,0.005,0.,0.,0.
60,0.009,0.,0.009,0.003,0.,0.003,0.005,0.,0.005,0.005,0.,0.005,0.,0.,0.
61,0.009,0.,0.009,0.003,0.,0.003,0.005,0.,0.005,0.005,0.,0.005,0.,0.,0.
62,0.009,0.,0.009,0.003,0.,0.003,0.005,0.,0.005,0.005,0.,0.005,0.,0.,0.
63,0.016,0.,0.016,0.011,0.,0.011,0.005,0.,0.005,0.005,0.,0.005,0.,0.,0.
64,0.01,0.,0.01,0.004,0.,0.004,0.005,0.,0.005,0.005,0.,0.005,0.,0.,0.
65,0.011,0.,0.011,0.004,0.,0.004,0.006,0.,0.006,0.006,0.,0.006,0.,0.,0.
66,0.01,0.,0.01,0.004,0.,0.004,0.005,0.,0.005,0.005,0.,0.005,0.,0.,0.
67,0.01,0.,0.01,0.004,0.,0.004,0.005,0.,0.005,0.005,0.,0.005,0.,0.,0.
68,0.013,0.,0.013,0.006,0.,0.006,0.006,0.,0.006,0.006,0.,0.006,0.,0.,0.
69,0.011,0.,0.011,0.004,0.,0.004,0.006,0.,0.006,0.005,0.,0.005,0.,0.,0.
70,0.011,0.,0.011,0.004,0.,0.004,0.006,0.,0.006,0.006,0.,0.006,0.,0.,0.
71,0.011,0.,0.011,0.004,0.,0.004,0.006,0.,0.006,0.006,0.,0.006,0.,0.,0.
72,0.011,0.,0.011,0.005,0.,0.005,0.006,0.,0.006,0.006,0.,0.006,0.,0.,0.
73,0.023,0.,0.023,0.005,0.,0.005,0.017,0.,0.017,0.017,0.,0.017,0.,0.,0.
74,0.012,0.,0.012,0.005,0.,0.005,0.006,0.,0.006,0.006,0.,0.006,0.,0.,0.
75,0.012,0.,0.012,0.005,0.,0.005,0.006,0.,0.006,0.006,0.,0.006,0.,0.,0.
76,0.012,0.,0.012,0.005,0.,0.005,0.006,0.,0.006,0.006,0.,0.006,0.,0.,0.
77,0.013,0.,0.013,0.005,0.,0.005,0.006,0.,0.006,0.006,0.,0.006,0.,0.,0.
78,0.013,0.,0.013,0.005,0.,0.005,0.007,0.,0.007,0.007,0.,0.007,0.,0.,0.
79,0.013,0.,0.013,0.006,0.,0.006,0.007,0.,0.007,0.007,0.,0.007,0.,0.,0.
80,0.014,0.,0.014,0.006,0.,0.006,0.007,0.,0.007,0.007,0.,0.007,0.,0.,0.
81,0.014,0.,0.014,0.006,0.,0.006,0.007,0.,0.007,0.007,0.,0.007,0.,0.,0.
82,0.014,0.,0.014,0.006,0.,0.006,0.007,0.,0.007,0.007,0.,0.007,0.,0.,0.
83,0.014,0.,0.014,0.006,0.,0.006,0.007,0.,0.007,0.007,0.,0.007,0.,0.,0.
84,0.015,0.,0.015,0.006,0.,0.006,0.007,0.,0.007,0.007,0.,0.007,0.,0.,0.
85,0.084,0.,0.084,0.076,0.,0.076,0.007,0.,0.007,0.007,0.,0.007,0.,0.,0.
86,0.015,0.,0.015,0.007,0.,0.007,0.007,0.,0.007,0.007,0.,0.007,0.,0.,0.
87,0.016,0.,0.016,0.007,0.,0.007,0.008,0.,0.008,0.008,0.,0.008,0.,0.,0.
88,0.017,0.,0.017,0.008,0.,0.008,0.009,0.,0.009,0.009,0.,0.009,0.,0.,0.
89,0.018,0.,0.018,0.007,0.,0.007,0.009,0.,0.009,0.009,0.,0.009,0.,0.,0.
90,0.016,0.,0.016,0.007,0.,0.007,0.008,0.,0.008,0.008,0.,0.008,0.,0.,0.
91,0.017,0.,0.017,0.008,0.,0.008,0.008,0.,0.008,0.008,0.,0.008,0.,0.,0.
92,0.073,0.,0.073,0.064,0.,0.064,0.008,0.,0.008,0.008,0.,0.008,0.,0.,0.
93,0.017,0.,0.017,0.008,0.,0.008,0.008,0.,0.008,0.008,0.,0.008,0.,0.,0.
94,0.018,0.,0.018,0.008,0.,0.008,0.008,0.,0.008,0.008,0.,0.008,0.,0.,0.
95,0.018,0.,0.018,0.009,0.,0.009,0.009,0.,0.009,0.009,0.,0.009,0.,0.,0.
96,0.019,0.,0.019,0.009,0.,0.009,0.009,0.,0.009,0.009,0.,0.009,0.,0.,0.
97,0.019,0.,0.019,0.009,0.,0.009,0.009,0.,0.009,0.009,0.,0.009,0.,0.,0.
98,0.019,0.,0.019,0.009,0.,0.009,0.009,0.,0.009,0.009,0.,0.009,0.,0.,0.
99,0.036,0.,0.036,0.009,0.,0.009,0.026,0.,0.026,0.026,0.,0.026,0.,0.,0.
100,0.027,0.007,0.02,0.013,0.007,0.005,0.014,0.,0.014,0.014,0.,0.014,0.001,0.,0.001
110,0.023,0.,0.023,0.012,0.,0.012,0.01,0.,0.01,0.01,0.,0.01,0.001,0.,0.001
120,0.027,0.,0.027,0.014,0.,0.014,0.011,0.,0.011,0.011,0.,0.011,0.001,0.,0.001
130,0.032,0.,0.032,0.018,0.,0.018,0.013,0.,0.013,0.013,0.,0.013,0.001,0.,0.001
140,0.037,0.,0.037,0.021,0.,0.021,0.014,0.,0.014,0.014,0.,0.014,0.001,0.,0.001
150,0.1,0.016,0.083,0.075,0.003,0.071,0.024,0.012,0.012,0.024,0.012,0.012,0.001,0.,0.001
160,0.048,0.,0.048,0.029,0.,0.029,0.017,0.,0.017,0.017,0.,0.017,0.001,0.,0.001
170,0.056,0.,0.056,0.036,0.,0.036,0.019,0.,0.019,0.019,0.,0.019,0.001,0.,0.001
180,0.061,0.,0.061,0.039,0.,0.039,0.021,0.,0.021,0.02,0.,0.02,0.001,0.,0.001
190,0.077,0.,0.077,0.045,0.,0.045,0.03,0.,0.03,0.03,0.,0.03,0.001,0.,0.001
200,0.081,0.,0.081,0.054,0.,0.054,0.026,0.,0.026,0.026,0.,0.026,0.002,0.,0.002
210,0.09,0.,0.09,0.061,0.,0.061,0.028,0.,0.028,0.028,0.,0.028,0.001,0.,0.001
220,0.112,0.,0.112,0.07,0.,0.07,0.041,0.,0.041,0.041,0.,0.041,0.002,0.,0.002
230,0.112,0.,0.112,0.079,0.,0.079,0.031,0.,0.031,0.031,0.,0.031,0.002,0.,0.002
240,0.128,0.003,0.124,0.09,0.,0.09,0.037,0.003,0.033,0.037,0.003,0.033,0.002,0.,0.002
250,0.158,0.,0.158,0.104,0.,0.104,0.036,0.,0.036,0.036,0.,0.036,0.002,0.,0.002
260,0.224,0.,0.224,0.115,0.,0.115,0.107,0.,0.107,0.107,0.,0.107,0.002,0.,0.002
270,0.207,0.,0.207,0.165,0.,0.165,0.04,0.,0.04,0.04,0.,0.04,0.002,0.,0.002
280,0.193,0.,0.193,0.15,0.,0.15,0.042,0.,0.042,0.042,0.,0.042,0.002,0.,0.002
290,0.23,0.,0.23,0.164,0.,0.164,0.064,0.,0.064,0.064,0.,0.064,0.003,0.,0.003
300,0.224,0.,0.224,0.175,0.,0.175,0.048,0.,0.048,0.048,0.,0.048,0.003,0.,0.003
310,0.254,0.007,0.245,0.201,0.,0.2,0.052,0.007,0.043,0.052,0.007,0.043,0.003,0.,0.003
320,0.281,0.003,0.277,0.225,0.,0.225,0.054,0.003,0.05,0.054,0.003,0.05,0.003,0.,0.003
330,0.307,0.,0.307,0.246,0.,0.246,0.059,0.,0.059,0.059,0.,0.059,0.002,0.,0.003
340,0.329,0.,0.329,0.271,0.,0.271,0.057,0.,0.057,0.057,0.,0.057,0.003,0.,0.003
350,0.356,0.,0.356,0.289,0.,0.289,0.066,0.,0.066,0.066,0.,0.066,0.003,0.,0.003
360,0.39,0.,0.39,0.326,0.,0.326,0.063,0.,0.063,0.063,0.,0.063,0.003,0.,0.003
370,0.419,0.,0.419,0.352,0.,0.352,0.065,0.,0.065,0.065,0.,0.065,0.003,0.,0.003
380,0.458,0.003,0.454,0.382,0.,0.382,0.074,0.003,0.07,0.074,0.003,0.07,0.003,0.,0.003
390,0.494,0.003,0.49,0.415,0.,0.415,0.078,0.003,0.074,0.078,0.003,0.074,0.003,0.,0.003
400,0.545,0.007,0.537,0.463,0.003,0.459,0.082,0.004,0.078,0.082,0.004,0.078,0.004,0.,0.004
500,1.035,0.004,1.031,0.919,0.,0.919,0.115,0.004,0.111,0.115,0.004,0.111,0.006,0.,0.006
600,1.785,0.004,1.781,1.626,0.004,1.622,0.157,0.,0.157,0.157,0.,0.157,0.006,0.,0.006
700,2.816,0.007,2.807,2.583,0.007,2.575,0.231,0.,0.231,0.231,0.,0.231,0.007,0.,0.007
800,4.1,0.008,4.091,3.822,0.007,3.813,0.276,0.,0.276,0.276,0.,0.276,0.008,0.,0.008
900,5.845,0.003,5.839,5.486,0.004,5.48,0.357,0.,0.357,0.357,0.,0.357,0.01,0.,0.01
1000,7.822,0.019,7.8,7.368,0.015,7.35,0.453,0.004,0.449,0.452,0.004,0.448,0.01,0.,0.01