param-n,abstract+rewrite-strat-bottomup-real,abstract+rewrite-strat-bottomup-sys,abstract+rewrite-strat-bottomup-user,abstract+rewrite-strat-topdown-real,abstract+rewrite-strat-topdown-sys,abstract+rewrite-strat-topdown-user,close-abstract+rewrite-strat-bottomup-real,close-abstract+rewrite-strat-bottomup-sys,close-abstract+rewrite-strat-bottomup-user,close-abstract+rewrite-strat-topdown-real,close-abstract+rewrite-strat-topdown-sys,close-abstract+rewrite-strat-topdown-user,rewrite-strat-bottomup-real,rewrite-strat-bottomup-sys,rewrite-strat-bottomup-user,rewrite-strat-bottomup-noop-real,rewrite-strat-bottomup-noop-sys,rewrite-strat-bottomup-noop-user,rewrite-strat-topdown-real,rewrite-strat-topdown-sys,rewrite-strat-topdown-user,rewrite-strat-topdown-noop-real,rewrite-strat-topdown-noop-sys,rewrite-strat-topdown-noop-user
1,0.002,0.002,0.,0.002,0.,0.002,0.,0.,0.,0.,0.,0.,0.001,0.001,0.,0.,0.,0.,0.001,0.,0.001,0.,0.,0.
2,0.001,0.,0.001,0.001,0.,0.001,0.,0.,0.,0.,0.,0.,0.001,0.,0.001,0.,0.,0.,0.,0.,0.,0.,0.,0.
3,0.001,0.,0.001,0.001,0.,0.001,0.,0.,0.,0.,0.,0.,0.001,0.,0.001,0.,0.,0.,0.,0.,0.,0.,0.,0.
4,0.003,0.001,0.002,0.003,0.,0.003,0.,0.,0.,0.,0.,0.,0.003,0.001,0.001,0.,0.,0.,0.002,0.,0.002,0.,0.,0.
5,0.002,0.,0.002,0.001,0.,0.001,0.,0.,0.,0.,0.,0.,0.002,0.,0.002,0.,0.,0.,0.001,0.,0.,0.,0.,0.
6,0.003,0.003,0.,0.002,0.,0.002,0.,0.,0.,0.,0.,0.,0.002,0.002,0.,0.,0.,0.,0.001,0.,0.001,0.,0.,0.
7,0.003,0.,0.003,0.002,0.002,0.,0.,0.,0.,0.,0.,0.,0.002,0.,0.002,0.,0.,0.,0.001,0.001,0.,0.,0.,0.
8,0.004,0.,0.003,0.002,0.,0.002,0.,0.,0.,0.,0.,0.,0.003,0.,0.003,0.,0.,0.,0.001,0.,0.001,0.,0.,0.
9,0.005,0.002,0.003,0.003,0.,0.003,0.,0.,0.,0.,0.,0.,0.004,0.001,0.002,0.,0.,0.,0.002,0.,0.002,0.,0.,0.
10,0.005,0.,0.005,0.003,0.,0.003,0.001,0.,0.001,0.,0.,0.,0.004,0.,0.004,0.,0.,0.,0.002,0.,0.002,0.,0.,0.
11,0.006,0.004,0.002,0.004,0.,0.004,0.001,0.,0.,0.,0.,0.,0.005,0.003,0.001,0.,0.,0.,0.002,0.,0.002,0.,0.,0.
12,0.007,0.003,0.003,0.004,0.,0.004,0.001,0.,0.,0.,0.,0.,0.005,0.002,0.002,0.,0.,0.,0.002,0.,0.002,0.,0.,0.
13,0.047,0.,0.047,0.004,0.,0.004,0.001,0.,0.,0.001,0.,0.001,0.046,0.,0.046,0.,0.,0.,0.003,0.,0.003,0.,0.,0.
14,0.006,0.,0.006,0.005,0.,0.005,0.001,0.,0.001,0.001,0.,0.001,0.004,0.,0.004,0.,0.,0.,0.003,0.,0.003,0.,0.,0.
15,0.006,0.,0.006,0.046,0.004,0.042,0.001,0.,0.001,0.,0.,0.,0.005,0.,0.005,0.,0.,0.,0.045,0.003,0.041,0.,0.,0.
16,0.007,0.,0.007,0.004,0.,0.004,0.001,0.,0.001,0.001,0.,0.001,0.005,0.,0.005,0.,0.,0.,0.003,0.,0.003,0.,0.,0.
17,0.008,0.,0.008,0.005,0.,0.005,0.001,0.,0.001,0.001,0.,0.001,0.006,0.,0.006,0.,0.,0.,0.003,0.,0.003,0.,0.,0.
18,0.009,0.,0.009,0.005,0.,0.005,0.001,0.,0.001,0.001,0.,0.001,0.007,0.,0.007,0.,0.,0.,0.003,0.,0.003,0.,0.,0.
19,0.025,0.,0.025,0.005,0.,0.005,0.001,0.,0.001,0.001,0.,0.001,0.023,0.,0.023,0.,0.,0.,0.004,0.,0.004,0.,0.,0.
20,0.01,0.,0.01,0.006,0.,0.006,0.001,0.,0.001,0.001,0.,0.001,0.008,0.,0.008,0.,0.,0.,0.004,0.,0.004,0.,0.,0.
21,0.011,0.,0.011,0.006,0.,0.006,0.002,0.,0.002,0.001,0.,0.001,0.009,0.,0.009,0.,0.,0.,0.004,0.,0.004,0.,0.,0.
22,0.012,0.,0.012,0.024,0.,0.024,0.002,0.,0.002,0.018,0.,0.018,0.009,0.,0.009,0.,0.,0.,0.005,0.,0.005,0.,0.,0.
23,0.013,0.,0.013,0.007,0.,0.007,0.002,0.,0.002,0.001,0.,0.001,0.01,0.,0.01,0.,0.,0.,0.005,0.,0.005,0.,0.,0.
24,0.013,0.,0.013,0.007,0.,0.007,0.002,0.,0.002,0.001,0.,0.001,0.01,0.,0.01,0.,0.,0.,0.005,0.,0.005,0.,0.,0.
25,0.014,0.,0.014,0.008,0.,0.008,0.002,0.,0.002,0.002,0.,0.002,0.011,0.,0.011,0.,0.,0.,0.006,0.,0.006,0.,0.,0.
26,0.015,0.,0.015,0.009,0.,0.009,0.002,0.,0.002,0.002,0.,0.002,0.012,0.,0.012,0.,0.,0.,0.006,0.,0.006,0.,0.,0.
27,0.016,0.,0.016,0.01,0.,0.01,0.003,0.,0.003,0.002,0.,0.002,0.013,0.,0.013,0.,0.,0.,0.007,0.,0.007,0.,0.,0.
28,0.018,0.,0.018,0.01,0.,0.01,0.003,0.,0.003,0.002,0.,0.002,0.014,0.,0.014,0.,0.,0.,0.007,0.,0.007,0.,0.,0.
29,0.018,0.,0.018,0.01,0.,0.01,0.003,0.,0.003,0.002,0.,0.002,0.014,0.,0.014,0.,0.,0.,0.007,0.,0.007,0.,0.,0.
30,0.019,0.,0.019,0.011,0.,0.011,0.003,0.,0.003,0.002,0.,0.002,0.015,0.,0.015,0.,0.,0.,0.007,0.,0.007,0.,0.,0.
31,0.028,0.,0.028,0.012,0.,0.012,0.003,0.,0.003,0.002,0.,0.002,0.016,0.,0.016,0.,0.,0.,0.008,0.,0.008,0.,0.,0.
32,0.021,0.,0.021,0.012,0.,0.012,0.004,0.,0.004,0.003,0.,0.003,0.017,0.,0.017,0.,0.,0.,0.009,0.,0.009,0.,0.,0.
33,0.023,0.,0.023,0.013,0.,0.013,0.004,0.,0.004,0.003,0.,0.003,0.018,0.,0.018,0.,0.,0.,0.009,0.,0.009,0.,0.,0.
34,0.034,0.,0.034,0.015,0.,0.015,0.015,0.,0.015,0.003,0.,0.003,0.019,0.,0.019,0.,0.,0.,0.011,0.,0.011,0.,0.,0.
35,0.025,0.,0.025,0.014,0.,0.014,0.004,0.,0.004,0.003,0.,0.003,0.02,0.,0.02,0.,0.,0.,0.01,0.,0.01,0.,0.,0.
36,0.026,0.,0.026,0.015,0.,0.015,0.005,0.,0.005,0.003,0.,0.003,0.021,0.,0.021,0.,0.,0.,0.01,0.,0.01,0.,0.,0.
37,0.028,0.,0.028,0.023,0.,0.023,0.005,0.,0.005,0.003,0.,0.003,0.022,0.,0.022,0.,0.,0.,0.018,0.,0.018,0.,0.,0.
38,0.029,0.,0.029,0.016,0.,0.016,0.005,0.,0.005,0.004,0.,0.004,0.023,0.,0.023,0.,0.,0.,0.011,0.,0.011,0.,0.,0.
39,0.101,0.003,0.097,0.018,0.,0.018,0.005,0.,0.005,0.004,0.,0.004,0.094,0.003,0.09,0.,0.,0.,0.013,0.,0.013,0.,0.,0.
40,0.032,0.,0.032,0.018,0.,0.018,0.006,0.,0.006,0.004,0.,0.004,0.025,0.,0.025,0.,0.,0.,0.012,0.,0.012,0.,0.,0.
41,0.033,0.,0.033,0.03,0.,0.03,0.006,0.,0.006,0.004,0.,0.004,0.026,0.,0.026,0.,0.,0.,0.013,0.,0.013,0.011,0.,0.011
42,0.07,0.,0.07,0.019,0.,0.019,0.006,0.,0.006,0.004,0.,0.004,0.063,0.,0.063,0.,0.,0.,0.014,0.,0.014,0.,0.,0.
43,0.037,0.,0.037,0.02,0.,0.02,0.006,0.,0.006,0.005,0.,0.005,0.03,0.,0.03,0.,0.,0.,0.014,0.,0.014,0.,0.,0.
44,0.053,0.,0.053,0.021,0.,0.021,0.007,0.,0.007,0.005,0.,0.005,0.045,0.,0.045,0.,0.,0.,0.015,0.,0.015,0.,0.,0.
45,0.04,0.,0.04,0.023,0.,0.023,0.008,0.,0.008,0.005,0.,0.005,0.031,0.,0.03,0.,0.,0.,0.016,0.,0.016,0.,0.,0.
46,0.041,0.,0.041,0.023,0.,0.023,0.007,0.,0.007,0.005,0.,0.005,0.032,0.,0.032,0.,0.,0.,0.016,0.,0.016,0.,0.,0.
47,0.043,0.,0.043,0.095,0.,0.095,0.008,0.,0.008,0.006,0.,0.006,0.033,0.,0.033,0.,0.,0.,0.088,0.,0.088,0.,0.,0.
48,0.051,0.,0.051,0.025,0.,0.025,0.016,0.,0.016,0.006,0.,0.006,0.034,0.,0.034,0.,0.,0.,0.017,0.,0.017,0.,0.,0.
49,0.046,0.,0.046,0.026,0.,0.026,0.009,0.,0.009,0.006,0.,0.006,0.035,0.,0.035,0.,0.,0.,0.018,0.,0.018,0.,0.,0.
50,0.116,0.043,0.072,0.041,0.012,0.028,0.054,0.004,0.049,0.01,0.,0.01,0.061,0.039,0.022,0.,0.,0.,0.03,0.012,0.017,0.,0.,0.
51,0.06,0.,0.06,0.065,0.,0.065,0.02,0.,0.02,0.007,0.,0.007,0.038,0.,0.038,0.,0.,0.,0.057,0.,0.057,0.,0.,0.
52,0.051,0.,0.051,0.029,0.,0.029,0.009,0.,0.009,0.008,0.,0.008,0.04,0.,0.04,0.,0.,0.,0.02,0.,0.02,0.,0.,0.
53,0.053,0.,0.053,0.029,0.,0.029,0.009,0.,0.009,0.007,0.,0.007,0.042,0.,0.042,0.,0.,0.,0.02,0.,0.02,0.,0.,0.
54,0.123,0.,0.123,0.073,0.,0.073,0.01,0.,0.01,0.018,0.,0.018,0.112,0.,0.112,0.,0.,0.,0.053,0.,0.053,0.,0.,0.
55,0.092,0.,0.092,0.068,0.,0.068,0.046,0.,0.046,0.015,0.,0.015,0.045,0.,0.045,0.,0.,0.,0.05,0.,0.05,0.001,0.,0.001
56,0.06,0.,0.06,0.04,0.,0.04,0.011,0.,0.011,0.008,0.,0.008,0.048,0.,0.048,0.,0.,0.,0.03,0.,0.03,0.,0.,0.
57,0.076,0.,0.076,0.034,0.,0.033,0.011,0.,0.011,0.008,0.,0.008,0.063,0.,0.063,0.,0.,0.,0.024,0.,0.024,0.,0.,0.
58,0.062,0.,0.062,0.035,0.,0.035,0.011,0.,0.011,0.008,0.,0.008,0.048,0.,0.048,0.,0.,0.,0.025,0.,0.025,0.,0.,0.
59,0.064,0.,0.064,0.043,0.,0.043,0.011,0.,0.011,0.008,0.,0.008,0.052,0.,0.052,0.,0.,0.,0.033,0.,0.033,0.,0.,0.
60,0.067,0.,0.067,0.037,0.,0.037,0.012,0.,0.012,0.009,0.,0.009,0.053,0.,0.053,0.,0.,0.,0.027,0.,0.027,0.,0.,0.
61,0.125,0.,0.125,0.049,0.,0.049,0.029,0.,0.029,0.009,0.,0.009,0.093,0.,0.093,0.001,0.,0.001,0.039,0.,0.039,0.,0.,0.
62,0.081,0.,0.081,0.038,0.,0.038,0.014,0.,0.014,0.009,0.,0.009,0.065,0.,0.065,0.,0.,0.,0.027,0.,0.027,0.,0.,0.
63,0.073,0.,0.073,0.042,0.,0.042,0.013,0.,0.013,0.01,0.,0.01,0.058,0.,0.058,0.,0.,0.,0.031,0.,0.031,0.,0.,0.
64,0.077,0.,0.077,0.113,0.,0.113,0.014,0.,0.014,0.01,0.,0.01,0.059,0.,0.059,0.003,0.,0.003,0.101,0.,0.101,0.,0.,0.
65,0.078,0.,0.078,0.044,0.,0.044,0.016,0.,0.016,0.01,0.,0.01,0.061,0.,0.061,0.,0.,0.,0.032,0.,0.032,0.,0.,0.
66,0.078,0.,0.078,0.146,0.,0.146,0.015,0.,0.015,0.02,0.,0.02,0.062,0.,0.062,0.,0.,0.,0.124,0.,0.124,0.001,0.,0.001
67,0.081,0.,0.081,0.047,0.,0.047,0.015,0.,0.015,0.011,0.,0.011,0.064,0.,0.064,0.,0.,0.,0.034,0.,0.034,0.,0.,0.
68,0.082,0.,0.082,0.063,0.,0.063,0.016,0.,0.016,0.012,0.,0.012,0.065,0.,0.065,0.,0.,0.,0.049,0.,0.049,0.,0.,0.
69,0.091,0.,0.091,0.048,0.003,0.044,0.017,0.,0.017,0.012,0.,0.012,0.073,0.,0.073,0.,0.,0.,0.035,0.003,0.031,0.,0.,0.
70,0.091,0.,0.091,0.049,0.,0.049,0.018,0.,0.018,0.013,0.,0.013,0.071,0.,0.071,0.,0.,0.,0.034,0.,0.034,0.,0.,0.
71,0.094,0.,0.094,0.05,0.,0.05,0.018,0.,0.018,0.012,0.,0.012,0.074,0.,0.074,0.,0.,0.,0.036,0.,0.036,0.,0.,0.
72,0.096,0.003,0.092,0.052,0.,0.052,0.019,0.,0.019,0.012,0.,0.012,0.075,0.003,0.071,0.,0.,0.,0.038,0.,0.038,0.,0.,0.
73,0.096,0.,0.096,0.051,0.,0.051,0.019,0.,0.019,0.013,0.,0.013,0.076,0.,0.076,0.,0.,0.,0.037,0.,0.037,0.,0.,0.
74,0.097,0.,0.097,0.054,0.,0.054,0.018,0.,0.018,0.014,0.,0.014,0.077,0.,0.077,0.,0.,0.,0.039,0.,0.039,0.,0.,0.
75,0.102,0.,0.102,0.056,0.,0.056,0.02,0.,0.02,0.013,0.,0.013,0.08,0.,0.08,0.,0.,0.,0.041,0.,0.041,0.,0.,0.
76,0.104,0.,0.104,0.057,0.,0.057,0.022,0.,0.022,0.014,0.,0.014,0.08,0.,0.08,0.,0.,0.,0.041,0.,0.041,0.,0.,0.
77,0.107,0.,0.107,0.058,0.,0.058,0.022,0.,0.022,0.015,0.,0.015,0.083,0.,0.083,0.,0.,0.,0.041,0.,0.041,0.,0.,0.
78,0.111,0.,0.111,0.059,0.,0.059,0.02,0.,0.02,0.014,0.,0.014,0.089,0.,0.089,0.,0.,0.,0.043,0.,0.043,0.,0.,0.
79,0.113,0.003,0.109,0.062,0.,0.062,0.022,0.,0.022,0.018,0.,0.018,0.09,0.003,0.086,0.,0.,0.,0.043,0.,0.043,0.,0.,0.
80,0.119,0.003,0.115,0.063,0.,0.063,0.021,0.,0.021,0.015,0.,0.015,0.096,0.003,0.092,0.,0.,0.,0.045,0.,0.045,0.,0.,0.
81,0.117,0.,0.117,0.062,0.,0.062,0.025,0.,0.025,0.016,0.,0.016,0.09,0.,0.09,0.,0.,0.,0.045,0.,0.045,0.,0.,0.
82,0.121,0.,0.121,0.065,0.,0.065,0.021,0.,0.021,0.016,0.,0.016,0.098,0.,0.098,0.,0.,0.,0.048,0.,0.048,0.,0.,0.
83,0.123,0.,0.123,0.071,0.,0.071,0.026,0.,0.026,0.016,0.,0.016,0.095,0.,0.095,0.,0.,0.,0.053,0.,0.053,0.,0.,0.
84,0.137,0.,0.137,0.07,0.,0.07,0.028,0.,0.028,0.019,0.,0.019,0.106,0.,0.106,0.,0.,0.,0.049,0.,0.049,0.,0.,0.
85,0.134,0.,0.134,0.07,0.,0.07,0.024,0.,0.024,0.018,0.,0.018,0.108,0.,0.108,0.,0.,0.,0.05,0.,0.05,0.,0.,0.
86,0.132,0.003,0.128,0.071,0.,0.071,0.024,0.,0.024,0.018,0.,0.018,0.106,0.003,0.102,0.,0.,0.,0.051,0.,0.051,0.,0.,0.
87,0.147,0.,0.147,0.072,0.,0.072,0.029,0.,0.029,0.018,0.,0.018,0.116,0.,0.116,0.,0.,0.,0.052,0.,0.052,0.,0.,0.
88,0.153,0.,0.153,0.076,0.,0.076,0.028,0.,0.028,0.02,0.,0.02,0.123,0.,0.123,0.,0.,0.,0.055,0.,0.055,0.,0.,0.
89,0.146,0.,0.146,0.082,0.,0.082,0.03,0.,0.03,0.021,0.,0.021,0.114,0.,0.114,0.,0.,0.,0.059,0.,0.059,0.,0.,0.
90,0.146,0.,0.146,0.08,0.,0.08,0.029,0.,0.029,0.019,0.,0.019,0.115,0.,0.115,0.,0.,0.,0.059,0.,0.059,0.,0.,0.
91,0.148,0.,0.148,0.082,0.,0.082,0.028,0.,0.028,0.019,0.,0.019,0.118,0.,0.118,0.,0.,0.,0.061,0.,0.061,0.,0.,0.
92,0.167,0.002,0.165,0.085,0.,0.085,0.027,0.,0.027,0.02,0.,0.02,0.139,0.002,0.136,0.,0.,0.,0.063,0.,0.063,0.,0.,0.
93,0.164,0.,0.164,0.087,0.004,0.083,0.031,0.,0.031,0.02,0.,0.02,0.131,0.,0.131,0.,0.,0.,0.065,0.004,0.061,0.,0.,0.
94,0.165,0.,0.165,0.087,0.007,0.079,0.033,0.,0.033,0.02,0.,0.02,0.129,0.,0.129,0.,0.,0.,0.065,0.007,0.057,0.,0.,0.
95,0.169,0.008,0.161,0.087,0.,0.087,0.029,0.,0.029,0.022,0.,0.022,0.138,0.007,0.13,0.,0.,0.,0.063,0.,0.063,0.,0.,0.
96,0.177,0.003,0.173,0.091,0.,0.091,0.033,0.003,0.029,0.023,0.,0.023,0.142,0.,0.141,0.,0.,0.,0.067,0.,0.067,0.,0.,0.
97,0.177,0.,0.177,0.09,0.,0.09,0.03,0.,0.03,0.024,0.,0.024,0.145,0.,0.145,0.,0.,0.,0.063,0.,0.063,0.,0.,0.
98,0.185,0.004,0.181,0.095,0.,0.095,0.036,0.,0.036,0.025,0.,0.025,0.147,0.003,0.143,0.,0.,0.,0.068,0.,0.068,0.,0.,0.
99,0.176,0.003,0.172,0.097,0.003,0.093,0.033,0.,0.033,0.023,0.,0.023,0.141,0.003,0.137,0.,0.,0.,0.068,0.,0.068,0.003,0.003,0.
100,0.192,0.002,0.189,0.164,0.017,0.147,0.032,0.,0.032,0.029,0.,0.029,0.158,0.002,0.155,0.,0.,0.,0.134,0.017,0.117,0.,0.,0.
110,0.24,0.,0.24,0.124,0.003,0.12,0.039,0.,0.039,0.034,0.,0.034,0.199,0.,0.199,0.,0.,0.,0.088,0.003,0.084,0.,0.,0.
120,0.262,0.003,0.258,0.14,0.003,0.136,0.059,0.,0.059,0.039,0.003,0.035,0.201,0.003,0.197,0.,0.,0.,0.098,0.,0.098,0.,0.,0.
130,0.308,0.,0.308,0.172,0.,0.172,0.06,0.,0.06,0.044,0.,0.044,0.246,0.,0.246,0.,0.,0.,0.125,0.,0.125,0.,0.,0.
140,0.352,0.,0.352,0.263,0.,0.263,0.066,0.,0.066,0.1,0.,0.1,0.284,0.,0.284,0.001,0.,0.001,0.159,0.,0.159,0.002,0.,0.002
150,0.488,0.007,0.48,0.226,0.003,0.223,0.08,0.,0.08,0.061,0.003,0.058,0.406,0.007,0.398,0.001,0.,0.,0.163,0.,0.163,0.001,0.,0.001
160,0.441,0.,0.441,0.277,0.003,0.273,0.083,0.,0.083,0.071,0.,0.071,0.355,0.,0.355,0.001,0.,0.001,0.203,0.003,0.199,0.001,0.,0.001
170,0.548,0.007,0.54,0.374,0.008,0.366,0.1,0.007,0.092,0.091,0.004,0.087,0.445,0.,0.445,0.001,0.,0.001,0.28,0.004,0.276,0.001,0.,0.001
180,0.602,0.011,0.59,0.309,0.,0.309,0.12,0.,0.12,0.079,0.,0.079,0.479,0.011,0.467,0.001,0.,0.001,0.228,0.,0.228,0.001,0.,0.001
190,0.636,0.012,0.624,0.329,0.003,0.325,0.122,0.004,0.118,0.087,0.003,0.083,0.511,0.008,0.503,0.001,0.,0.001,0.239,0.,0.239,0.001,0.,0.001
200,0.895,0.007,0.887,0.511,0.003,0.507,0.266,0.,0.265,0.105,0.003,0.102,0.627,0.007,0.619,0.001,0.,0.001,0.403,0.,0.403,0.001,0.,0.001
210,0.786,0.,0.786,0.42,0.,0.42,0.147,0.,0.147,0.12,0.,0.12,0.635,0.,0.635,0.001,0.,0.001,0.297,0.,0.297,0.001,0.,0.001
220,0.843,0.,0.843,0.443,0.,0.443,0.177,0.,0.177,0.121,0.,0.121,0.663,0.,0.663,0.001,0.,0.001,0.319,0.,0.319,0.001,0.,0.001
230,0.965,0.,0.965,0.494,0.,0.494,0.195,0.,0.195,0.14,0.,0.14,0.766,0.,0.766,0.001,0.,0.001,0.351,0.,0.351,0.001,0.,0.001
240,1.034,0.,1.034,0.617,0.019,0.597,0.219,0.,0.219,0.154,0.,0.154,0.812,0.,0.812,0.001,0.,0.001,0.459,0.019,0.439,0.001,0.,0.001
250,1.243,0.003,1.239,0.761,0.003,0.757,0.209,0.003,0.206,0.202,0.,0.202,1.03,0.,1.03,0.001,0.,0.001,0.556,0.003,0.552,0.001,0.,0.001
260,1.158,0.,1.158,0.635,0.,0.634,0.222,0.,0.222,0.163,0.,0.163,0.933,0.,0.932,0.001,0.,0.001,0.467,0.,0.467,0.001,0.,0.001
270,1.372,0.,1.371,0.695,0.,0.695,0.254,0.,0.254,0.175,0.,0.175,1.114,0.,1.114,0.001,0.,0.001,0.516,0.,0.516,0.001,0.,0.001
280,1.45,0.,1.45,0.736,0.,0.736,0.28,0.,0.28,0.2,0.,0.2,1.161,0.,1.161,0.007,0.,0.007,0.532,0.,0.532,0.001,0.,0.001
290,1.49,0.,1.49,0.851,0.,0.851,0.296,0.,0.296,0.197,0.,0.197,1.19,0.,1.19,0.001,0.,0.001,0.651,0.,0.651,0.001,0.,0.001
300,1.882,0.02,1.862,0.953,0.011,0.941,0.37,0.004,0.366,0.259,0.011,0.248,1.508,0.015,1.492,0.002,0.,0.002,0.684,0.,0.684,0.008,0.,0.008
310,1.672,0.,1.672,0.927,0.,0.927,0.339,0.,0.339,0.226,0.,0.226,1.329,0.,1.329,0.002,0.,0.002,0.697,0.,0.697,0.002,0.,0.002
320,1.828,0.,1.828,0.978,0.,0.978,0.355,0.,0.355,0.261,0.,0.261,1.469,0.,1.469,0.002,0.,0.002,0.713,0.,0.713,0.002,0.,0.002
330,2.015,0.,2.015,1.038,0.,1.038,0.345,0.,0.344,0.286,0.,0.286,1.667,0.,1.667,0.002,0.,0.002,0.748,0.,0.748,0.002,0.,0.002
340,2.117,0.,2.117,1.11,0.,1.11,0.403,0.,0.403,0.294,0.,0.294,1.706,0.,1.705,0.007,0.,0.007,0.811,0.,0.811,0.002,0.,0.002
350,2.601,0.023,2.577,1.222,0.027,1.194,0.486,0.003,0.482,0.296,0.003,0.292,2.111,0.019,2.091,0.002,0.,0.002,0.923,0.023,0.899,0.002,0.,0.002
360,2.361,0.023,2.337,1.23,0.,1.23,0.452,0.,0.452,0.303,0.,0.303,1.905,0.023,1.881,0.002,0.,0.002,0.918,0.,0.918,0.005,0.,0.005
370,2.442,0.,2.442,1.34,0.,1.34,0.47,0.,0.47,0.348,0.,0.348,1.967,0.,1.967,0.002,0.,0.002,0.987,0.,0.987,0.002,0.,0.002
380,2.677,0.011,2.665,1.441,0.011,1.429,0.464,0.003,0.46,0.361,0.,0.361,2.208,0.007,2.2,0.002,0.,0.002,1.075,0.011,1.063,0.002,0.,0.002
390,2.82,0.004,2.816,1.484,0.,1.484,0.527,0.,0.527,0.379,0.,0.379,2.289,0.003,2.285,0.002,0.,0.002,1.1,0.,1.1,0.002,0.,0.002
400,3.241,0.024,3.217,1.606,0.02,1.584,0.562,0.,0.562,0.472,0.007,0.464,2.674,0.024,2.649,0.003,0.,0.003,1.129,0.012,1.116,0.002,0.,0.002