param-n,cbn-regression-cubic-real,cbn-regression-cubic-sys,cbn-regression-cubic-user,cbv-regression-quadratic-real,cbv-regression-quadratic-sys,cbv-regression-quadratic-user,lazy-regression-quadratic-real,lazy-regression-quadratic-sys,lazy-regression-quadratic-user,native-compute(1)-regression-quadratic-real,native-compute(1)-regression-quadratic-sys,native-compute(1)-regression-quadratic-user,native-compute(2)-regression-quadratic-real,native-compute(2)-regression-quadratic-sys,native-compute(2)-regression-quadratic-user,simpl-regression-cubic-real,simpl-regression-cubic-sys,simpl-regression-cubic-user,vm-compute-regression-quadratic-real,vm-compute-regression-quadratic-sys,vm-compute-regression-quadratic-user
2,0.067,0.008,0.059,0.,0.,0.,0.,0.,0.,0.,0.,0.,0.,0.,0.,0.066,0.007,0.059,0.,0.,0.
3,0.001,0.,0.001,0.,0.,0.,0.,0.,0.,0.,0.,0.,0.,0.,0.,0.001,0.,0.001,0.,0.,0.
4,0.003,0.,0.003,0.,0.,0.,0.,0.,0.,0.,0.,0.,0.,0.,0.,0.003,0.,0.003,0.,0.,0.
5,0.005,0.,0.005,0.,0.,0.,0.,0.,0.,0.,0.,0.,0.,0.,0.,0.005,0.,0.005,0.,0.,0.
6,0.008,0.,0.008,0.,0.,0.,0.,0.,0.,0.,0.,0.,0.,0.,0.,0.008,0.,0.008,0.,0.,0.
7,0.011,0.,0.011,0.,0.,0.,0.,0.,0.,0.,0.,0.,0.,0.,0.,0.011,0.,0.011,0.,0.,0.
8,0.015,0.,0.015,0.,0.,0.,0.,0.,0.,0.,0.,0.,0.,0.,0.,0.017,0.,0.017,0.,0.,0.
9,0.038,0.,0.038,0.,0.,0.,0.,0.,0.,0.,0.,0.,0.,0.,0.,0.038,0.,0.038,0.,0.,0.
10,0.028,0.,0.028,0.,0.,0.,0.,0.,0.,0.,0.,0.,0.,0.,0.,0.029,0.,0.029,0.,0.,0.
11,0.035,0.,0.035,0.,0.,0.,,,,,,,,,,0.035,0.,0.035,,,
12,0.108,0.012,0.096,,,,0.,0.,0.,,,,,,,0.06,0.,0.06,,,
13,0.068,0.,0.068,,,,,,,,,,,,,0.053,0.,0.052,,,
14,0.064,0.,0.064,,,,,,,,,,,,,0.148,0.012,0.136,,,
15,0.094,0.,0.094,,,,,,,,,,,,,0.08,0.,0.08,,,
16,0.088,0.,0.088,,,,,,,,,,,,,0.102,0.,0.102,,,
17,,,,,,,,,,,,,,,,0.119,0.,0.119,,,
18,0.12,0.,0.12,,,,0.,0.,0.,,,,,,,0.126,0.,0.126,,,
19,0.159,0.,0.159,0.,0.,0.,,,,,,,,,,,,,,,
20,,,,,,,,,,,,,,,,0.243,0.,0.243,,,
22,0.336,0.,0.336,,,,,,,,,,,,,0.233,0.,0.233,,,
23,,,,,,,0.,0.,0.,,,,,,,,,,,,
24,,,,,,,,,,,,,,,,0.327,0.,0.327,,,
25,0.309,0.,0.309,,,,,,,,,,,,,,,,,,
26,,,,,,,,,,,,,,,,0.34,0.,0.34,,,
28,0.508,0.,0.508,0.001,0.,0.,0.,0.,0.,,,,,,,0.528,0.,0.528,,,
30,0.485,0.003,0.48,,,,,,,,,,,,,0.46,0.,0.46,,,
32,,,,,,,,,,,,,,,,0.551,0.003,0.547,,,
33,0.569,0.,0.569,,,,0.001,0.,0.001,,,,,,,,,,,,
34,,,,,,,,,,,,,,,,0.643,0.,0.643,,,
36,0.726,0.,0.726,0.001,0.,0.001,,,,,,,,,,,,,,,
39,,,,,,,0.001,0.,0.001,,,,,,,,,,,,
41,,,,,,,,,,,,,,,,1.038,0.,1.037,0.,0.,0.
43,1.175,0.,1.175,,,,,,,,,,,,,,,,,,
44,,,,,,,0.002,0.,0.002,,,,,,,,,,,,
45,,,,0.002,0.,0.002,,,,,,,,,,,,,,,
47,,,,,,,,,,,,,,,,1.526,0.004,1.522,,,
49,,,,,,,0.002,0.,0.002,,,,,,,,,,,,
50,1.756,0.,1.755,,,,,,,,,,,,,,,,,,
53,,,,0.002,0.,0.002,,,,,,,,,,,,,,,
54,,,,,,,0.002,0.,0.002,,,,,,,2.201,0.004,2.197,,,
56,2.399,0.,2.399,,,,,,,,,,,,,,,,,,
59,,,,,,,0.002,0.,0.002,,,,,,,,,,,,
60,,,,,,,,,,,,,,,,2.932,0.,2.931,,,
62,,,,0.003,0.,0.003,,,,,,,,,,,,,,,
63,3.462,0.,3.462,,,,,,,,,,,,,,,,,,
65,,,,,,,0.003,0.,0.003,,,,,,,,,,,,
67,,,,,,,,,,,,,,,,4.119,0.007,4.111,,,
70,4.745,0.,4.743,,,,0.003,0.,0.003,,,,,,,,,,,,
71,,,,0.003,0.,0.003,,,,,,,,,,,,,,,
75,,,,,,,0.004,0.,0.004,,,,,,,,,,,,
79,,,,0.004,0.,0.004,,,,,,,,,,,,,,,
80,,,,,,,0.02,0.,0.02,,,,,,,,,,0.,0.,0.
86,,,,,,,0.005,0.,0.005,,,,,,,,,,,,
88,,,,0.005,0.,0.005,,,,,,,,,,,,,,,
91,,,,,,,0.005,0.,0.005,,,,,,,,,,,,
96,,,,0.021,0.,0.021,0.006,0.,0.006,,,,,,,,,,,,
101,,,,,,,0.006,0.,0.006,,,,,,,,,,,,
105,,,,0.006,0.,0.006,,,,,,,,,,,,,,,
106,,,,,,,0.008,0.,0.008,,,,,,,,,,,,
112,,,,,,,0.007,0.,0.007,,,,,,,,,,,,
113,,,,0.007,0.,0.007,,,,,,,,,,,,,,,
116,,,,,,,,,,0.,0.,0.,0.,0.,0.,,,,,,
117,,,,,,,0.008,0.,0.008,,,,,,,,,,,,
120,,,,,,,,,,,,,,,,,,,0.,0.,0.
122,,,,0.008,0.,0.008,0.009,0.,0.009,,,,,,,,,,,,
127,,,,,,,0.009,0.,0.009,,,,,,,,,,,,
130,,,,0.01,0.,0.01,,,,,,,,,,,,,,,
133,,,,,,,0.01,0.,0.01,,,,,,,,,,,,
138,,,,,,,0.012,0.,0.012,,,,,,,,,,,,
139,,,,0.01,0.,0.01,,,,,,,,,,,,,,,
143,,,,,,,0.011,0.,0.011,,,,,,,,,,,,
148,,,,0.011,0.,0.011,0.012,0.,0.012,,,,,,,,,,,,
153,,,,,,,0.022,0.,0.022,,,,,,,,,,,,
156,,,,0.012,0.,0.012,,,,,,,,,,,,,,,
159,,,,,,,0.014,0.,0.014,,,,,,,,,,0.001,0.,0.001
164,,,,,,,0.015,0.,0.015,,,,,,,,,,,,
165,,,,0.013,0.,0.013,,,,,,,,,,,,,,,
169,,,,,,,0.015,0.,0.015,,,,,,,,,,,,
173,,,,0.015,0.,0.015,,,,,,,,,,,,,,,
174,,,,,,,0.029,0.,0.029,,,,,,,,,,,,
180,,,,,,,0.016,0.,0.016,,,,,,,,,,,,
182,,,,0.015,0.,0.015,,,,,,,,,,,,,,,
185,,,,,,,0.017,0.,0.017,,,,,,,,,,,,
190,,,,0.026,0.,0.026,0.021,0.,0.021,,,,,,,,,,,,
195,,,,,,,0.019,0.,0.019,,,,,,,,,,,,
198,,,,,,,,,,,,,,,,,,,0.001,0.,0.001
199,,,,0.018,0.,0.018,,,,,,,,,,,,,,,
200,,,,,,,0.101,0.,0.101,,,,,,,,,,,,
206,,,,,,,0.025,0.,0.025,,,,,,,,,,,,
208,,,,0.019,0.,0.019,,,,,,,,,,,,,,,
211,,,,,,,0.066,0.,0.066,,,,,,,,,,,,
216,,,,0.032,0.,0.032,0.023,0.,0.023,,,,,,,,,,,,
221,,,,,,,0.027,0.,0.027,,,,,,,,,,,,
225,,,,0.022,0.,0.022,,,,,,,,,,,,,,,
227,,,,,,,0.05,0.,0.05,,,,,,,,,,,,
229,,,,,,,,,,0.001,0.,0.001,0.001,0.,0.001,,,,,,
232,,,,,,,0.03,0.,0.03,,,,,,,,,,,,
233,,,,0.023,0.,0.023,,,,,,,,,,,,,,,
237,,,,,,,0.027,0.,0.027,,,,,,,,,,0.001,0.,0.001
242,,,,0.025,0.,0.025,0.034,0.,0.034,,,,,,,,,,,,
247,,,,,,,0.038,0.,0.038,,,,,,,,,,,,
250,,,,0.107,0.,0.107,,,,,,,,,,,,,,,
253,,,,,,,0.034,0.,0.034,,,,,,,,,,,,
258,,,,,,,0.049,0.,0.048,,,,,,,,,,,,
259,,,,0.028,0.,0.028,,,,,,,,,,,,,,,
263,,,,,,,0.032,0.,0.032,,,,,,,,,,,,
268,,,,0.073,0.,0.073,0.039,0.,0.039,,,,,,,,,,,,
273,,,,,,,0.128,0.,0.128,,,,,,,,,,,,
276,,,,0.032,0.,0.032,,,,,,,,,,,,,0.002,0.,0.002
279,,,,,,,0.089,0.,0.089,,,,,,,,,,,,
284,,,,,,,0.041,0.,0.041,,,,,,,,,,,,
285,,,,0.059,0.,0.059,,,,,,,,,,,,,,,
289,,,,,,,0.048,0.,0.048,,,,,,,,,,,,
292,,,,,,,0.054,0.,0.054,,,,,,,,,,,,
293,,,,0.035,0.,0.035,,,,,,,,,,,,,,,
294,,,,,,,0.045,0.,0.045,,,,,,,,,,,,
300,,,,,,,0.046,0.,0.046,,,,,,,,,,,,
302,,,,0.036,0.,0.036,,,,,,,,,,,,,,,
305,,,,,,,0.048,0.,0.048,,,,,,,,,,,,
310,,,,0.048,0.,0.048,0.047,0.,0.047,,,,,,,,,,,,
315,,,,,,,0.052,0.,0.052,,,,,,,,,,,,
316,,,,,,,,,,,,,,,,,,,0.002,0.,0.002
319,,,,0.04,0.,0.04,,,,,,,,,,,,,,,
320,,,,,,,0.054,0.,0.054,,,,,,,,,,,,
326,,,,,,,0.055,0.,0.055,,,,,,,,,,,,
328,,,,0.053,0.,0.053,,,,,,,,,,,,,,,
331,,,,,,,0.05,0.,0.05,,,,,,,,,,,,
336,,,,0.044,0.,0.044,0.053,0.,0.053,,,,,,,,,,,,
341,,,,,,,0.061,0.,0.061,,,,,,,,,,,,
343,,,,,,,,,,0.003,0.,0.003,0.003,0.,0.003,,,,,,
345,,,,0.127,0.,0.127,,,,,,,,,,,,,,,
347,,,,,,,0.069,0.003,0.065,,,,,,,,,,,,
352,,,,,,,0.066,0.,0.066,,,,,,,,,,,,
353,,,,0.091,0.,0.091,,,,,,,,,,,,,,,
355,,,,,,,,,,,,,,,,,,,0.003,0.,0.003
357,,,,,,,0.068,0.,0.068,,,,,,,,,,,,
362,,,,0.049,0.,0.049,0.066,0.,0.066,,,,,,,,,,,,
367,,,,,,,0.075,0.,0.075,,,,,,,,,,,,
370,,,,0.078,0.,0.078,,,,,,,,,,,,,,,
373,,,,,,,0.072,0.003,0.068,,,,,,,,,,,,
378,,,,,,,0.073,0.004,0.069,,,,,,,,,,,,
379,,,,0.054,0.,0.054,,,,,,,,,,,,,,,
383,,,,,,,0.076,0.,0.076,,,,,,,,,,,,
387,,,,0.056,0.,0.056,,,,,,,,,,,,,,,
388,,,,,,,0.069,0.,0.069,,,,,,,,,,,,
394,,,,,,,0.071,0.,0.071,,,,,,,,,,0.003,0.,0.003
396,,,,0.059,0.,0.059,,,,,,,,,,,,,,,
399,,,,,,,0.079,0.,0.079,,,,,,,,,,,,
404,,,,,,,0.098,0.003,0.094,,,,,,,,,,,,
405,,,,0.062,0.,0.062,,,,,,,,,,,,,,,
409,,,,,,,0.101,0.,0.101,,,,,,,,,,,,
413,,,,0.062,0.,0.062,,,,,,,,,,,,,,,
414,,,,,,,0.105,0.008,0.097,,,,,,,,,,,,
420,,,,,,,0.081,0.,0.081,,,,,,,,,,,,
422,,,,0.066,0.,0.066,,,,,,,,,,,,,,,
425,,,,,,,0.096,0.,0.096,,,,,,,,,,,,
430,,,,0.069,0.,0.069,0.107,0.003,0.103,,,,,,,,,,,,
433,,,,,,,,,,,,,,,,,,,0.004,0.,0.004
435,,,,,,,0.102,0.,0.102,,,,,,,,,,,,
439,,,,0.07,0.,0.07,,,,,,,,,,,,,,,
441,,,,,,,0.102,0.,0.102,,,,,,,,,,,,
446,,,,,,,0.116,0.,0.116,,,,,,,,,,,,
447,,,,0.072,0.002,0.07,,,,,,,,,,,,,,,
451,,,,,,,0.089,0.,0.089,,,,,,,,,,,,
456,,,,0.075,0.,0.075,,,,0.004,0.,0.004,0.004,0.,0.004,,,,,,
458,,,,0.089,0.,0.089,,,,,,,,,,,,,,,
465,,,,0.078,0.,0.078,,,,,,,,,,,,,,,
469,,,,,,,0.117,0.003,0.113,,,,,,,,,,,,
472,,,,,,,,,,,,,,,,,,,0.004,0.,0.004
473,,,,0.079,0.,0.079,,,,,,,,,,,,,,,
482,,,,0.082,0.,0.082,,,,,,,,,,,,,,,
487,,,,,,,0.108,0.,0.108,,,,,,,,,,,,
490,,,,0.084,0.,0.084,,,,,,,,,,,,,,,
499,,,,0.087,0.,0.087,,,,,,,,,,,,,,,
505,,,,,,,0.129,0.003,0.125,,,,,,,,,,,,
507,,,,0.091,0.,0.091,,,,,,,,,,,,,,,
511,,,,,,,,,,,,,,,,,,,0.005,0.,0.005
516,,,,0.093,0.,0.093,,,,,,,,,,,,,,,
523,,,,,,,0.154,0.,0.154,,,,,,,,,,,,
525,,,,0.096,0.,0.096,,,,,,,,,,,,,,,
533,,,,0.098,0.,0.098,,,,,,,,,,,,,,,
541,,,,,,,0.151,0.,0.151,,,,,,,,,,,,
542,,,,0.101,0.,0.101,,,,,,,,,,,,,,,
550,,,,0.104,0.003,0.101,,,,,,,,,,,,,,,
551,,,,,,,,,,,,,,,,,,,0.006,0.,0.006
559,,,,0.108,0.,0.108,0.158,0.,0.158,,,,,,,,,,,,
567,,,,0.112,0.,0.112,,,,,,,,,,,,,,,
570,,,,,,,,,,0.006,0.,0.006,0.006,0.,0.006,,,,,,
576,,,,0.115,0.,0.115,,,,,,,,,,,,,,,
577,,,,,,,0.199,0.003,0.195,,,,,,,,,,,,
583,,,,,,,0.158,0.004,0.153,,,,,,,,,,,,
585,,,,0.117,0.,0.117,,,,,,,,,,,,,,,
590,,,,,,,,,,,,,,,,,,,0.007,0.,0.007
593,,,,0.12,0.003,0.116,,,,,,,,,,,,,,,
595,,,,,,,0.218,0.,0.218,,,,,,,,,,,,
602,,,,0.123,0.,0.123,,,,,,,,,,,,,,,
610,,,,0.128,0.,0.128,,,,,,,,,,,,,,,
613,,,,,,,0.223,0.,0.223,,,,,,,,,,,,
619,,,,0.132,0.007,0.123,,,,,,,,,,,,,,,
627,,,,0.132,0.,0.132,,,,,,,,,,,,,,,
629,,,,,,,,,,,,,,,,,,,0.007,0.,0.007
631,,,,,,,0.225,0.,0.225,,,,,,,,,,,,
636,,,,0.135,0.,0.135,,,,,,,,,,,,,,,
644,,,,0.14,0.,0.14,,,,,,,,,,,,,,,
649,,,,,,,0.227,0.,0.227,,,,,,,,,,,,
653,,,,0.142,0.,0.142,,,,,,,,,,,,,,,
662,,,,0.146,0.,0.146,,,,,,,,,,,,,,,
667,,,,,,,0.266,0.003,0.262,,,,,,,,,,,,
668,,,,,,,,,,,,,,,,,,,0.008,0.,0.008
670,,,,0.15,0.,0.15,,,,,,,,,,,,,,,
679,,,,0.156,0.,0.156,,,,,,,,,,,,,,,
684,,,,,,,,,,0.009,0.,0.008,0.009,0.,0.009,,,,,,
685,,,,,,,0.248,0.,0.248,,,,,,,,,,,,
687,,,,0.159,0.,0.159,,,,,,,,,,,,,,,
696,,,,0.162,0.,0.162,,,,,,,,,,,,,,,
703,,,,,,,0.312,0.,0.311,,,,,,,,,,,,
704,,,,0.162,0.,0.162,,,,,,,,,,,,,,,
707,,,,,,,,,,,,,,,,,,,0.009,0.,0.009
713,,,,0.17,0.,0.17,,,,,,,,,,,,,,,
721,,,,,,,0.32,0.,0.319,,,,,,,,,,,,
739,,,,,,,0.274,0.,0.274,,,,,,,,,,,,
744,,,,0.181,0.,0.181,,,,,,,,,,,,,,,
747,,,,,,,,,,,,,,,,,,,0.01,0.,0.01
757,,,,,,,0.342,0.,0.342,,,,,,,,,,,,
775,,,,0.195,0.,0.194,0.303,0.,0.303,,,,,,,,,,,,
786,,,,,,,,,,,,,,,,,,,0.011,0.,0.011
793,,,,,,,0.423,0.,0.423,,,,,,,,,,,,
797,,,,,,,,,,0.011,0.,0.011,0.011,0.,0.011,,,,,,
806,,,,0.208,0.,0.208,,,,,,,,,,,,,,,
811,,,,,,,0.352,0.007,0.344,,,,,,,,,,,,
825,,,,,,,,,,,,,,,,,,,0.012,0.,0.012
829,,,,,,,0.403,0.003,0.399,,,,,,,,,,,,
837,,,,0.224,0.,0.224,,,,,,,,,,,,,,,
847,,,,,,,0.409,0.,0.409,,,,,,,,,,,,
864,,,,,,,,,,,,,,,,,,,0.013,0.,0.013
865,,,,,,,0.48,0.,0.48,,,,,,,,,,,,
868,,,,0.238,0.,0.238,,,,,,,,,,,,,,,
873,,,,,,,0.55,0.015,0.534,,,,,,,,,,,,
883,,,,,,,0.415,0.003,0.411,,,,,,,,,,,,
898,,,,0.254,0.,0.254,,,,,,,,,,,,,,,
901,,,,,,,0.437,0.,0.436,,,,,,,,,,,,
903,,,,,,,,,,,,,,,,,,,0.03,0.,0.03
911,,,,,,,,,,0.014,0.,0.014,0.014,0.,0.014,,,,,,
914,,,,0.357,0.,0.357,,,,,,,,,,,,,,,
929,,,,0.268,0.,0.268,,,,,,,,,,,,,,,
943,,,,,,,,,,,,,,,,,,,0.015,0.,0.015
960,,,,0.287,0.,0.287,,,,,,,,,,,,,,,
982,,,,,,,,,,,,,,,,,,,0.016,0.,0.016
991,,,,0.301,0.,0.301,0.624,0.,0.623,,,,,,,,,,,,
1021,,,,,,,,,,,,,,,,,,,0.018,0.,0.018
1022,,,,0.32,0.,0.32,,,,,,,,,,,,,,,
1025,,,,,,,,,,0.018,0.,0.018,0.034,0.,0.034,,,,,,
1053,,,,0.34,0.,0.34,,,,,,,,,,,,,,,
1060,,,,,,,,,,,,,,,,,,,0.019,0.,0.019
1081,,,,,,,0.678,0.,0.678,,,,,,,,,,,,
1084,,,,0.361,0.,0.361,,,,,,,,,,,,,,,
1099,,,,,,,,,,,,,,,,,,,0.02,0.,0.02
1115,,,,0.379,0.,0.378,,,,,,,,,,,,,,,
1138,,,,,,,,,,0.021,0.,0.021,0.021,0.,0.021,,,,0.022,0.,0.022
1146,,,,0.402,0.,0.402,,,,,,,,,,,,,,,
1164,,,,,,,1.042,0.02,1.021,,,,,,,,,,,,
1171,,,,,,,0.826,0.,0.826,,,,,,,,,,,,
1177,,,,0.419,0.,0.419,,,,,,,,,,,,,,,
1178,,,,,,,,,,,,,,,,,,,0.023,0.,0.023
1208,,,,0.441,0.,0.441,,,,,,,,,,,,,,,
1217,,,,,,,,,,,,,,,,,,,0.024,0.,0.024
1239,,,,0.461,0.,0.461,,,,,,,,,,,,,,,
1252,,,,,,,,,,0.025,0.,0.025,0.025,0.,0.025,,,,,,
1256,,,,,,,,,,,,,,,,,,,0.026,0.,0.026
1261,,,,,,,0.936,0.,0.936,,,,,,,,,,,,
1269,,,,0.485,0.,0.485,,,,,,,,,,,,,,,
1295,,,,,,,,,,,,,,,,,,,0.027,0.,0.027
1300,,,,0.506,0.,0.506,,,,,,,,,,,,,,,
1331,,,,0.536,0.,0.536,,,,,,,,,,,,,,,
1334,,,,,,,,,,,,,,,,,,,0.029,0.,0.029
1351,,,,,,,1.032,0.003,1.028,,,,,,,,,,,,
1362,,,,0.555,0.,0.555,,,,,,,,,,,,,,,
1365,,,,,,,,,,0.03,0.,0.03,0.03,0.,0.03,,,,,,
1370,,,,0.78,0.,0.78,,,,,,,,,,,,,,,
1374,,,,,,,,,,,,,,,,,,,0.03,0.,0.03
1393,,,,0.592,0.,0.592,,,,,,,,,,,,,,,
1413,,,,,,,,,,,,,,,,,,,0.032,0.,0.032
1424,,,,0.607,0.003,0.603,,,,,,,,,,,,,,,
1441,,,,,,,1.252,0.004,1.248,,,,,,,,,,,,
1452,,,,,,,,,,,,,,,,,,,0.033,0.,0.033
1454,,,,,,,1.254,0.019,1.233,,,,,,,,,,,,
1479,,,,,,,,,,0.036,0.003,0.032,0.035,0.,0.035,,,,,,
1491,,,,,,,,,,,,,,,,,,,0.035,0.,0.035
1530,,,,,,,,,,,,,,,,,,,0.037,0.,0.037
1531,,,,,,,1.428,0.,1.428,,,,,,,,,,,,
1566,,,,0.726,0.,0.726,,,,,,,,,,,,,,,
1570,,,,,,,,,,,,,,,,,,,0.039,0.,0.039
1593,,,,,,,,,,0.04,0.,0.04,0.04,0.,0.04,,,,,,
1609,,,,,,,,,,,,,,,,,,,0.041,0.,0.041
1621,,,,,,,1.591,0.,1.591,,,,,,,,,,,,
1648,,,,,,,,,,,,,,,,,,,0.043,0.,0.043
1687,,,,,,,,,,,,,,,,,,,0.044,0.,0.044
1706,,,,,,,,,,0.045,0.,0.045,0.045,0.,0.045,,,,,,
1709,,,,0.849,0.,0.848,,,,,,,,,,,,,,,
1711,,,,,,,1.706,0.004,1.701,,,,,,,,,,,,
1726,,,,,,,,,,,,,,,,,,,0.046,0.,0.046
1765,,,,,,,,,,,,,,,,,,,0.048,0.,0.048
1801,,,,,,,1.927,0.02,1.906,,,,,,,,,,,,
1805,,,,,,,,,,,,,,,,,,,0.059,0.,0.059
1820,,,,,,,,,,0.051,0.,0.051,0.051,0.003,0.047,,,,,,
1826,,,,0.934,0.,0.933,,,,,,,,,,,,,,,
1844,,,,,,,,,,,,,,,,,,,0.052,0.,0.052
1851,,,,0.989,0.003,0.985,,,,,,,,,,,,,,,
1883,,,,,,,,,,,,,,,,,,,0.054,0.,0.054
1922,,,,,,,,,,,,,,,,,,,0.056,0.,0.056
1933,,,,,,,,,,0.059,0.,0.059,0.057,0.,0.057,,,,,,
1961,,,,,,,,,,,,,,,,,,,0.059,0.,0.059
1993,,,,1.133,0.,1.133,,,,,,,,,,,,,,,
2001,,,,,,,,,,,,,,,,,,,0.06,0.,0.06
2013,,,,,,,,,,,,,,,,,,,0.062,0.,0.062
2040,,,,,,,,,,,,,,,,,,,0.063,0.,0.063
2047,,,,,,,,,,0.063,0.,0.063,0.063,0.,0.063,,,,,,
2079,,,,,,,,,,,,,,,,,,,0.077,0.,0.077
2118,,,,,,,,,,,,,,,,,,,0.068,0.,0.068
2136,,,,1.302,0.003,1.296,,,,,,,,,,,,,,,
2157,,,,,,,,,,,,,,,,,,,0.07,0.,0.07
2161,,,,,,,2.89,0.027,2.862,0.07,0.,0.07,0.07,0.,0.07,,,,,,
2197,,,,,,,,,,,,,,,,,,,0.072,0.,0.072
2236,,,,,,,,,,,,,,,,,,,0.075,0.,0.075
2274,,,,,,,,,,0.078,0.,0.078,0.078,0.,0.077,,,,,,
2275,,,,,,,,,,,,,,,,,,,0.078,0.,0.078
2278,,,,1.46,0.,1.46,,,,,,,,,,,,,,,
2282,,,,1.432,0.,1.432,,,,,,,,,,,,,,,
2314,,,,,,,,,,,,,,,,,,,0.08,0.,0.08
2353,,,,,,,,,,,,,,,,,,,0.082,0.,0.082
2388,,,,,,,,,,0.085,0.,0.085,0.097,0.,0.097,,,,,,
2392,,,,,,,,,,,,,,,,,,,0.168,0.,0.168
2420,,,,1.647,0.,1.647,,,,,,,,,,,,,,,
2432,,,,,,,,,,,,,,,,,,,0.088,0.,0.088
2471,,,,,,,,,,,,,,,,,,,0.091,0.,0.091
2502,,,,,,,,,,0.092,0.,0.092,0.093,0.,0.093,,,,,,
2510,,,,,,,,,,,,,,,,,,,0.093,0.,0.093
2521,,,,,,,3.784,0.011,3.772,,,,,,,,,,,,
2549,,,,,,,,,,,,,,,,,,,0.139,0.,0.139
2562,,,,1.833,0.007,1.825,,,,,,,,,,,,,,,
2588,,,,,,,,,,,,,,,,,,,0.099,0.,0.099
2615,,,,,,,,,,0.1,0.,0.1,0.102,0.,0.102,,,,,,
2628,,,,,,,,,,,,,,,,,,,0.102,0.,0.102
2667,,,,,,,,,,,,,,,,,,,0.104,0.,0.104
2705,,,,2.029,0.,2.029,,,,,,,,,,,,,,,
2706,,,,,,,,,,,,,,,,,,,0.133,0.,0.133
2729,,,,,,,,,,0.109,0.,0.109,0.191,0.,0.191,,,,,,
2745,,,,,,,,,,,,,,,,,,,0.11,0.,0.11
2784,,,,,,,,,,,,,,,,,,,0.114,0.,0.114
2824,,,,,,,,,,,,,,,,,,,0.117,0.,0.117
2842,,,,,,,,,,0.118,0.,0.118,0.119,0.,0.119,,,,,,
2847,,,,2.234,0.003,2.229,,,,,,,,,,,,,,,
2863,,,,,,,,,,,,,,,,,,,0.12,0.,0.12
2881,,,,,,,4.94,0.007,4.932,,,,,,,,,,,,
2902,,,,,,,,,,,,,,,,,,,0.123,0.,0.123
2941,,,,,,,,,,,,,,,,,,,0.126,0.,0.126
2956,,,,,,,,,,0.17,0.,0.17,0.127,0.,0.127,,,,,,
2980,,,,,,,,,,,,,,,,,,,0.139,0.,0.139
3019,,,,,,,,,,,,,,,,,,,0.132,0.,0.132
3059,,,,,,,,,,,,,,,,,,,0.136,0.,0.136
3070,,,,,,,,,,0.137,0.,0.137,0.162,0.,0.162,,,,,,
3098,,,,,,,,,,,,,,,,,,,0.156,0.,0.156
3137,,,,,,,,,,,,,,,,,,,0.142,0.,0.142
3183,,,,,,,,,,0.146,0.,0.146,0.148,0.,0.148,,,,,,
3241,,,,,,,6.661,0.055,6.601,,,,,,,,,,,,
3268,,,,,,,,,,,,,,,,,,,0.155,0.,0.155
3297,,,,,,,,,,0.156,0.,0.156,0.156,0.,0.156,,,,,,
3398,,,,,,,,,,,,,,,,,,,0.167,0.,0.167
3410,,,,,,,,,,0.167,0.,0.167,0.177,0.,0.177,,,,,,
3416,,,,3.17,0.007,3.161,,,,,,,,,,,,,,,
3524,,,,,,,,,,0.178,0.,0.178,0.19,0.,0.19,,,,,,
3529,,,,,,,,,,,,,,,,,,,0.262,0.,0.262
3601,,,,,,,8.001,0.023,7.975,,,,,,,,,,,,
3638,,,,,,,,,,0.189,0.,0.189,0.192,0.,0.192,,,,,,
3660,,,,,,,,,,,,,,,,,,,0.192,0.,0.192
3674,,,,,,,,,,0.193,0.,0.192,0.208,0.,0.208,,,,,,
3751,,,,,,,,,,0.2,0.,0.2,0.281,0.003,0.278,,,,,,
3790,,,,,,,,,,,,,,,,,,,0.248,0.,0.248
3865,,,,,,,,,,0.213,0.,0.213,0.256,0.,0.255,,,,,,
3921,,,,,,,,,,,,,,,,,,,0.218,0.,0.218
3979,,,,,,,,,,0.224,0.,0.224,0.252,0.,0.252,,,,,,
3985,,,,4.273,0.004,4.266,,,,,,,,,,,,,,,
4024,,,,,,,,,,,,,,,,,,,0.246,0.,0.246
4052,,,,,,,,,,,,,,,,,,,0.258,0.,0.258
4092,,,,,,,,,,0.237,0.,0.237,0.239,0.,0.239,,,,,,
4182,,,,,,,,,,,,,,,,,,,0.248,0.,0.248
4206,,,,,,,,,,0.25,0.,0.25,0.252,0.,0.252,,,,,,
4313,,,,,,,,,,,,,,,,,,,0.262,0.,0.262
4319,,,,,,,,,,0.263,0.,0.263,0.266,0.,0.266,,,,,,
4433,,,,,,,,,,0.276,0.,0.276,0.277,0.,0.277,,,,,,
4444,,,,,,,,,,,,,,,,,,,0.279,0.,0.279
4547,,,,,,,,,,0.291,0.,0.291,0.292,0.,0.292,,,,,,
4555,,,,5.543,0.,5.542,,,,,,,,,,,,,,,
4574,,,,,,,,,,,,,,,,,,,0.295,0.,0.295
4660,,,,,,,,,,0.305,0.,0.305,0.307,0.,0.307,,,,,,
4705,,,,,,,,,,,,,,,,,,,0.31,0.,0.31
4774,,,,,,,,,,0.32,0.,0.32,0.322,0.,0.322,,,,,,
4836,,,,,,,,,,,,,,,,,,,0.328,0.,0.328
4887,,,,,,,,,,0.334,0.,0.334,0.337,0.003,0.333,,,,,,
4966,,,,,,,,,,,,,,,,,,,0.345,0.,0.345
5001,,,,,,,,,,0.349,0.,0.349,0.351,0.,0.351,,,,,,
5097,,,,,,,,,,,,,,,,,,,0.364,0.,0.363
5115,,,,,,,,,,0.367,0.007,0.359,0.364,0.,0.364,,,,,,
5124,,,,7.016,0.003,7.011,,,,,,,,,,,,,,,
5228,,,,,,,,,,0.381,0.003,0.377,0.383,0.,0.383,,,,0.382,0.,0.382
5342,,,,,,,,,,0.397,0.,0.397,0.399,0.,0.399,,,,,,
5358,,,,,,,,,,,,,,,,,,,0.402,0.,0.402
5456,,,,,,,,,,0.414,0.,0.414,0.415,0.,0.415,,,,,,
5489,,,,,,,,,,,,,,,,,,,0.419,0.,0.419
5569,,,,,,,,,,0.431,0.,0.431,0.432,0.,0.432,,,,,,
5620,,,,,,,,,,,,,,,,,,,0.439,0.,0.439
5683,,,,,,,,,,0.447,0.,0.447,0.449,0.,0.449,,,,,,
5693,,,,8.612,0.007,8.602,,,,,,,,,,,,,,,
5750,,,,,,,,,,,,,,,,,,,0.469,0.,0.469
5796,,,,,,,,,,0.466,0.,0.466,0.466,0.,0.466,,,,,,
5881,,,,,,,,,,,,,,,,,,,0.478,0.,0.478
5910,,,,,,,,,,0.483,0.003,0.479,0.487,0.,0.487,,,,,,
6012,,,,,,,,,,,,,,,,,,,0.501,0.,0.501
6034,,,,,,,,,,,,,,,,,,,0.505,0.,0.505
6142,,,,,,,,,,,,,,,,,,,0.522,0.003,0.518
6221,,,,,,,,,,0.533,0.,0.533,0.536,0.,0.536,,,,,,
6273,,,,,,,,,,,,,,,,,,,0.543,0.003,0.539
6532,,,,,,,,,,0.586,0.,0.586,0.589,0.,0.589,,,,,,
6843,,,,,,,,,,0.643,0.,0.643,0.645,0.,0.645,,,,,,
6900,,,,,,,,,,,,,,,,,,,0.655,0.,0.655
7154,,,,,,,,,,0.7,0.,0.7,0.703,0.,0.703,,,,,,
7346,,,,,,,,,,0.747,0.,0.747,0.752,0.,0.752,,,,,,
7465,,,,,,,,,,0.762,0.,0.762,0.768,0.,0.768,,,,,,
7527,,,,,,,,,,,,,,,,,,,0.777,0.,0.777
7776,,,,,,,,,,0.825,0.,0.825,0.831,0.,0.831,,,,,,
8045,,,,,,,,,,,,,,,,,,,0.904,0.,0.904
8087,,,,,,,,,,0.892,0.,0.892,0.897,0.,0.897,,,,,,
8154,,,,,,,,,,,,,,,,,,,0.905,0.,0.905
8398,,,,,,,,,,0.96,0.,0.96,0.966,0.003,0.962,,,,,,
8709,,,,,,,,,,1.031,0.,1.031,1.039,0.003,1.035,,,,,,
8781,,,,,,,,,,,,,,,,,,,1.048,0.003,1.044
9019,,,,,,,,,,1.111,0.,1.111,1.11,0.,1.11,,,,,,
9330,,,,,,,,,,1.181,0.,1.181,1.186,0.,1.186,,,,,,
9409,,,,,,,,,,,,,,,,,,,1.2,0.,1.2
9641,,,,,,,,,,1.265,0.,1.265,1.265,0.,1.265,,,,,,
9952,,,,,,,,,,1.34,0.,1.34,1.346,0.,1.346,,,,,,
10036,,,,,,,,,,,,,,,,,,,1.362,0.,1.362
10056,,,,,,,,,,,,,,,,,,,1.492,0.,1.491
10263,,,,,,,,,,1.481,0.,1.48,1.431,0.,1.431,,,,,,
10574,,,,,,,,,,1.508,0.004,1.503,1.515,0.,1.515,,,,,,
10663,,,,,,,,,,,,,,,,,,,1.535,0.,1.535
10885,,,,,,,,,,1.597,0.,1.597,1.603,0.,1.603,,,,,,
11017,,,,,,,,,,1.786,0.003,1.781,1.658,0.,1.657,,,,,,
11196,,,,,,,,,,1.687,0.,1.687,1.694,0.,1.694,,,,,,
11290,,,,,,,,,,,,,,,,,,,1.716,0.,1.716
11507,,,,,,,,,,1.775,0.,1.775,1.782,0.,1.781,,,,,,
11818,,,,,,,,,,1.874,0.,1.874,1.875,0.,1.875,,,,,,
11917,,,,,,,,,,,,,,,,,,,1.911,0.,1.911
12544,,,,,,,,,,,,,,,,,,,2.116,0.,2.116
13000,,,,,,,,,,2.258,0.,2.258,2.259,0.003,2.255,,,,,,
14181,,,,,,,,,,2.677,0.,2.677,2.681,0.,2.681,,,,,,
14689,,,,,,,,,,3.03,0.003,3.025,2.884,0.023,2.858,,,,,,
15052,,,,,,,,,,,,,,,,,,,3.072,0.003,3.068
15363,,,,,,,,,,3.138,0.003,3.134,3.153,0.,3.153,,,,,,
16544,,,,,,,,,,3.644,0.,3.644,3.633,0.003,3.629,,,,,,
17561,,,,,,,,,,,,,,,,,,,4.107,0.003,4.102
17726,,,,,,,,,,4.183,0.,4.183,4.179,0.,4.179,,,,,,
18361,,,,,,,,,,4.469,0.,4.469,4.48,0.,4.479,,,,,,
18908,,,,,,,,,,4.738,0.,4.738,4.759,0.003,4.754,,,,,,
20069,,,,,,,,,,,,,,,,,,,5.354,0.,5.354
20089,,,,,,,,,,5.35,0.,5.35,5.362,0.,5.362,,,,,,
21271,,,,,,,,,,5.998,0.,5.997,5.992,0.,5.992,,,,,,
22452,,,,,,,,,,6.66,0.003,6.656,6.684,0.004,6.679,,,,,,
22578,,,,,,,,,,,,,,,,,,,6.776,0.004,6.771
23634,,,,,,,,,,7.364,0.,7.363,7.372,0.,7.371,,,,,,
25086,,,,,,,,,,,,,,,,,,,8.317,0.,8.317
28361,,,,,,,,,,10.57,0.007,10.561,10.594,0.,10.593,,,,,,
33087,,,,,,,,,,14.336,0.003,14.331,14.353,0.,14.352,,,,,,
37814,,,,,,,,,,18.733,0.,18.731,18.759,0.,18.758,,,,,,
42540,,,,,,,,,,23.676,0.003,23.671,23.673,0.,23.672,,,,,,
47267,,,,,,,,,,29.166,0.,29.164,29.211,0.,29.209,,,,,,