param-n,abstract-regression-linear-real,abstract-regression-linear-sys,abstract-regression-linear-user,reify-regression-cubic-real,reify-regression-cubic-sys,reify-regression-cubic-user
1,0.,0.,0.,0.001,0.,0.001
2,0.,0.,0.,0.002,0.,0.002
3,0.,0.,0.,0.003,0.003,0.
4,0.001,0.,0.,0.004,0.004,0.
5,0.,0.,0.,0.006,0.003,0.002
6,0.001,0.,0.001,0.006,0.,0.006
7,0.001,0.,0.,0.007,0.,0.007
8,0.,0.,0.,0.009,0.007,0.001
9,0.,0.,0.,0.01,0.,0.01
10,0.001,0.,0.001,0.011,0.,0.011
11,0.,0.,0.,0.055,0.02,0.035
12,0.,0.,0.,0.01,0.,0.01
13,0.001,0.,0.001,0.011,0.,0.011
14,0.001,0.,0.001,0.012,0.,0.012
15,0.001,0.,0.001,0.014,0.,0.014
16,0.001,0.,0.001,0.033,0.,0.033
17,0.001,0.,0.001,0.016,0.,0.016
18,0.001,0.,0.001,0.018,0.,0.018
19,0.001,0.,0.001,0.022,0.,0.022
20,0.001,0.,0.001,0.021,0.,0.021
21,0.001,0.,0.001,0.022,0.,0.022
22,0.001,0.,0.001,0.024,0.,0.024
23,0.001,0.,0.001,0.026,0.,0.026
24,0.001,0.,0.001,0.03,0.,0.03
25,0.001,0.,0.001,0.029,0.,0.029
26,0.001,0.,0.001,0.039,0.,0.039
27,0.001,0.,0.001,0.033,0.,0.033
28,0.001,0.,0.001,0.04,0.,0.04
29,0.002,0.,0.002,0.042,0.,0.042
30,0.001,0.,0.001,0.06,0.,0.06
31,0.001,0.,0.001,0.041,0.,0.041
32,0.001,0.,0.001,0.044,0.,0.044
33,0.001,0.,0.001,0.047,0.,0.047
34,0.001,0.,0.001,0.123,0.,0.123
35,0.001,0.,0.001,0.053,0.,0.053
36,0.001,0.,0.001,0.092,0.,0.092
37,0.002,0.,0.001,0.06,0.002,0.057
38,0.002,0.,0.002,0.074,0.,0.074
39,0.002,0.,0.002,0.065,0.,0.065
40,0.002,0.,0.002,0.064,0.,0.064
41,0.002,0.,0.002,0.069,0.,0.069
42,0.002,0.,0.002,0.078,0.,0.078
43,0.002,0.,0.002,0.075,0.,0.075
44,0.002,0.,0.002,0.087,0.,0.087
45,0.004,0.,0.004,0.077,0.,0.077
46,0.002,0.,0.002,0.154,0.,0.154
47,0.004,0.,0.004,0.104,0.,0.104
48,0.002,0.,0.002,0.165,0.003,0.161
49,0.002,0.,0.002,0.11,0.,0.11
50,0.002,0.,0.002,0.096,0.003,0.092
51,0.002,0.,0.002,0.1,0.,0.1
52,0.002,0.,0.002,0.106,0.003,0.102
53,0.002,0.,0.002,0.11,0.,0.11
54,0.002,0.,0.002,0.108,0.,0.108
55,0.002,0.,0.002,0.112,0.,0.112
56,0.002,0.,0.002,0.117,0.,0.117
57,0.002,0.,0.002,0.123,0.,0.123
58,0.002,0.,0.002,0.128,0.,0.128
59,0.002,0.,0.002,0.13,0.,0.13
60,0.002,0.,0.002,0.134,0.,0.134
61,0.002,0.,0.002,0.153,0.003,0.15
62,0.003,0.,0.003,0.141,0.,0.141
63,0.005,0.,0.005,0.162,0.003,0.158
64,0.003,0.,0.003,0.191,0.003,0.187
65,0.003,0.,0.003,0.161,0.,0.161
66,0.003,0.,0.003,0.168,0.003,0.164
67,0.003,0.,0.003,0.187,0.,0.187
68,0.003,0.,0.003,0.182,0.,0.182
69,0.005,0.,0.005,0.206,0.,0.206
70,0.006,0.,0.006,0.237,0.003,0.233
71,0.003,0.,0.003,0.245,0.003,0.241
72,0.003,0.,0.003,0.192,0.004,0.188
73,0.003,0.,0.003,0.208,0.,0.208
74,0.003,0.,0.003,0.208,0.004,0.204
75,0.003,0.,0.003,0.22,0.,0.22
76,0.003,0.,0.003,0.222,0.,0.222
77,0.003,0.,0.003,0.221,0.003,0.217
78,0.003,0.,0.003,0.249,0.004,0.245
79,0.004,0.,0.004,0.23,0.003,0.226
80,0.003,0.,0.003,0.237,0.008,0.229
81,0.003,0.,0.003,0.245,0.,0.245
82,0.003,0.,0.003,0.271,0.,0.271
83,0.003,0.,0.003,0.256,0.,0.256
84,0.003,0.,0.003,0.259,0.,0.259
85,0.003,0.,0.003,0.262,0.,0.262
86,0.004,0.,0.004,0.301,0.,0.301
87,0.003,0.,0.003,0.3,0.,0.3
88,0.004,0.,0.004,0.301,0.,0.301
89,0.004,0.,0.004,0.334,0.,0.334
90,0.004,0.,0.004,0.323,0.003,0.319
91,0.004,0.,0.004,0.333,0.004,0.329
92,0.004,0.,0.004,0.332,0.003,0.328
93,0.004,0.,0.004,0.344,0.004,0.34
94,0.004,0.,0.004,0.331,0.007,0.323
95,0.004,0.,0.004,0.353,0.003,0.349
96,0.004,0.,0.004,0.373,0.,0.373
97,0.004,0.,0.004,0.375,0.,0.375
98,0.004,0.,0.004,0.368,0.,0.368
99,0.004,0.,0.004,0.387,0.,0.387
100,0.004,0.,0.004,0.429,0.,0.429
110,0.004,0.,0.004,0.827,0.04,0.785
120,0.004,0.,0.004,0.522,0.003,0.518
130,0.005,0.,0.005,0.715,0.011,0.703
140,0.005,0.,0.005,0.794,0.011,0.782
150,0.006,0.,0.005,0.835,0.003,0.832
160,0.006,0.,0.006,0.983,0.003,0.979
170,0.006,0.,0.006,1.175,0.016,1.157
180,0.007,0.,0.007,1.227,0.007,1.219
190,0.007,0.,0.007,1.383,0.,1.383
200,0.007,0.,0.007,1.505,0.003,1.501
210,0.008,0.,0.008,1.692,0.,1.692
220,0.009,0.,0.009,1.795,0.,1.795
230,0.009,0.,0.009,2.169,0.003,2.164
240,0.01,0.,0.01,2.337,0.003,2.333
250,0.009,0.,0.009,2.365,0.004,2.361
260,0.01,0.,0.01,2.534,0.,2.534
270,0.011,0.,0.011,2.821,0.,2.821
280,0.011,0.,0.011,3.265,0.003,3.261
290,0.011,0.,0.011,3.502,0.,3.5
300,0.012,0.,0.012,3.727,0.,3.726
350,0.014,0.,0.013,5.301,0.003,5.297
400,0.016,0.,0.016,6.294,0.011,6.28
450,0.018,0.,0.018,8.,0.031,7.966
500,0.018,0.,0.018,10.068,0.047,10.017