param-n,abstract-regression-linear-real,abstract-regression-linear-sys,abstract-regression-linear-user,reify-regression-cubic-real,reify-regression-cubic-sys,reify-regression-cubic-user
1,0.,0.,0.,0.,0.,0.
2,0.,0.,0.,0.001,0.,0.001
3,0.,0.,0.,0.001,0.,0.001
4,0.,0.,0.,0.002,0.,0.002
5,0.,0.,0.,0.003,0.,0.003
6,0.,0.,0.,0.003,0.,0.003
7,0.,0.,0.,0.004,0.,0.004
8,0.,0.,0.,0.005,0.,0.005
9,0.,0.,0.,0.006,0.003,0.002
10,0.,0.,0.,0.007,0.,0.007
11,0.,0.,0.,0.045,0.003,0.042
12,0.,0.,0.,0.008,0.,0.008
13,0.,0.,0.,0.009,0.,0.008
14,0.,0.,0.,0.01,0.,0.01
15,0.,0.,0.,0.025,0.,0.025
16,0.,0.,0.,0.013,0.,0.013
17,0.,0.,0.,0.014,0.,0.014
18,0.,0.,0.,0.017,0.,0.017
19,0.,0.,0.,0.017,0.,0.017
20,0.,0.,0.,0.019,0.,0.019
21,0.,0.,0.,0.021,0.,0.021
22,0.,0.,0.,0.025,0.003,0.022
23,0.,0.,0.,0.03,0.,0.03
24,0.,0.,0.,0.028,0.,0.028
25,0.,0.,0.,0.032,0.004,0.028
26,0.,0.,0.,0.041,0.,0.041
27,0.,0.,0.,0.037,0.,0.037
28,0.,0.,0.,0.041,0.,0.041
29,0.,0.,0.,0.107,0.,0.107
30,0.,0.,0.,0.081,0.,0.081
31,0.,0.,0.,0.053,0.,0.053
32,0.,0.,0.,0.069,0.,0.069
33,0.,0.,0.,0.06,0.,0.06
34,0.,0.,0.,0.071,0.,0.071
35,0.,0.,0.,0.071,0.,0.071
36,0.,0.,0.,0.082,0.,0.082
37,0.,0.,0.,0.143,0.,0.143
38,0.,0.,0.,0.123,0.,0.123
39,0.,0.,0.,0.108,0.003,0.104
40,0.,0.,0.,0.101,0.,0.101
41,0.,0.,0.,0.108,0.003,0.104
42,0.,0.,0.,0.116,0.,0.116
43,0.,0.,0.,0.124,0.,0.124
44,0.,0.,0.,0.131,0.,0.131
45,0.,0.,0.,0.141,0.,0.141
46,0.,0.,0.,0.149,0.,0.148
47,0.,0.,0.,0.157,0.,0.157
48,0.,0.,0.,0.166,0.,0.166
49,0.,0.,0.,0.176,0.,0.176
50,0.,0.,0.,0.187,0.,0.187
51,0.,0.,0.,0.198,0.,0.198
52,0.,0.,0.,0.218,0.003,0.214
53,0.,0.,0.,0.227,0.,0.227
54,0.,0.,0.,0.238,0.,0.238
55,0.,0.,0.,0.25,0.,0.25
56,0.,0.,0.,0.265,0.003,0.261
57,0.,0.,0.,0.282,0.,0.282
58,0.,0.,0.,0.294,0.003,0.29
59,0.,0.,0.,0.308,0.,0.308
60,0.,0.,0.,0.327,0.003,0.323
61,0.,0.,0.,0.341,0.,0.341
62,0.,0.,0.,0.361,0.,0.361
63,0.,0.,0.,0.378,0.,0.378
64,0.,0.,0.,0.396,0.003,0.392
65,0.,0.,0.,0.406,0.,0.406
66,0.,0.,0.,0.424,0.,0.423
67,0.,0.,0.,0.448,0.,0.448
68,0.,0.,0.,0.462,0.,0.462
69,0.,0.,0.,0.489,0.,0.489
70,0.,0.,0.,0.508,0.,0.508
71,0.001,0.,0.001,0.531,0.,0.531
72,0.,0.,0.,0.554,0.,0.554
73,0.001,0.,0.001,0.584,0.,0.584
74,0.001,0.,0.001,0.614,0.,0.614
75,0.001,0.,0.001,0.644,0.,0.644
76,0.001,0.,0.001,0.664,0.003,0.66
77,0.001,0.,0.001,0.697,0.003,0.693
78,0.001,0.,0.001,0.729,0.,0.729
79,0.001,0.,0.001,0.757,0.,0.757
80,0.001,0.,0.001,0.786,0.,0.786
81,0.001,0.,0.001,0.812,0.,0.812
82,0.001,0.,0.001,0.835,0.003,0.831
83,0.001,0.,0.001,0.881,0.,0.881
84,0.001,0.,0.001,0.946,0.,0.946
85,0.001,0.,0.001,0.941,0.,0.941
86,0.001,0.,0.001,0.978,0.,0.978
87,0.001,0.,0.001,1.025,0.,1.025
88,0.001,0.,0.001,1.07,0.,1.07
89,0.001,0.,0.001,1.097,0.,1.097
90,0.001,0.,0.001,1.165,0.,1.165
91,0.001,0.,0.001,1.19,0.,1.19
92,0.001,0.,0.001,1.237,0.,1.237
93,0.001,0.,0.001,1.266,0.,1.266
94,0.001,0.,0.001,1.31,0.,1.31
95,0.001,0.,0.001,1.356,0.,1.355
96,0.001,0.,0.001,1.402,0.,1.402
97,0.001,0.,0.001,1.457,0.,1.457
98,0.001,0.,0.001,1.513,0.,1.513
99,0.001,0.,0.001,1.564,0.,1.563
100,0.001,0.,0.001,1.617,0.003,1.613
110,0.001,0.,0.001,2.478,0.019,2.458
120,0.001,0.,0.001,2.944,0.003,2.939
130,0.001,0.,0.001,3.894,0.019,3.874
140,0.001,0.,0.001,5.062,0.007,5.054
150,0.001,0.,0.001,6.456,0.007,6.447
160,0.001,0.,0.001,8.047,0.003,8.043
170,0.002,0.,0.002,10.018,0.008,10.008
180,0.002,0.,0.002,12.295,0.007,12.285
190,0.002,0.,0.002,14.954,0.,14.953
200,0.002,0.,0.002,18.062,0.,18.062