param-n,pattern-regression-linear-real,pattern-regression-linear-sys,pattern-regression-linear-user
1,0.,0.,0.
2,0.,0.,0.
3,0.,0.,0.
4,0.,0.,0.
5,0.,0.,0.
6,0.,0.,0.
7,0.,0.,0.
8,0.,0.,0.
9,0.,0.,0.
10,0.,0.,0.
11,0.,0.,0.
12,0.,0.,0.
13,0.,0.,0.
14,0.,0.,0.
15,0.,0.,0.
16,0.,0.,0.
17,0.,0.,0.
18,0.,0.,0.
19,0.,0.,0.
20,0.,0.,0.
21,0.,0.,0.
22,0.,0.,0.
23,0.,0.,0.
24,0.,0.,0.
25,0.,0.,0.
26,0.,0.,0.
27,0.,0.,0.
28,0.,0.,0.
29,0.,0.,0.
30,0.,0.,0.
31,0.,0.,0.
32,0.,0.,0.
33,0.,0.,0.
34,0.,0.,0.
35,0.,0.,0.
36,0.,0.,0.
37,0.,0.,0.
38,0.,0.,0.
39,0.,0.,0.
40,0.,0.,0.
41,0.,0.,0.
42,0.,0.,0.
43,0.,0.,0.
44,0.,0.,0.
45,0.,0.,0.
46,0.,0.,0.
47,0.,0.,0.
48,0.034,0.007,0.027
49,0.,0.,0.
50,0.,0.,0.
51,0.,0.,0.
52,0.,0.,0.
53,0.,0.,0.
54,0.,0.,0.
55,0.,0.,0.
56,0.,0.,0.
57,0.,0.,0.
58,0.,0.,0.
59,0.,0.,0.
60,0.,0.,0.
61,0.,0.,0.
62,0.,0.,0.
63,0.,0.,0.
64,0.,0.,0.
65,0.,0.,0.
66,0.,0.,0.
67,0.,0.,0.
68,0.,0.,0.
69,0.,0.,0.
70,0.,0.,0.
71,0.,0.,0.
72,0.,0.,0.
73,0.014,0.,0.014
74,0.,0.,0.
75,0.,0.,0.
76,0.,0.,0.
77,0.,0.,0.
78,0.,0.,0.
79,0.,0.,0.
80,0.,0.,0.
81,0.,0.,0.
82,0.,0.,0.
83,0.,0.,0.
84,0.,0.,0.
85,0.001,0.,0.001
86,0.,0.,0.
87,0.,0.,0.
88,0.,0.,0.
89,0.,0.,0.
90,0.,0.,0.
91,0.,0.,0.
92,0.002,0.,0.002
93,0.,0.,0.
94,0.,0.,0.
95,0.,0.,0.
96,0.001,0.,0.001
97,0.001,0.,0.001
98,0.001,0.,0.001
99,0.001,0.,0.001
100,0.001,0.,0.001
101,0.001,0.,0.001
102,0.001,0.,0.001
103,0.001,0.,0.001
104,0.001,0.,0.001
105,0.001,0.,0.001
106,0.001,0.,0.001
107,0.001,0.,0.001
108,0.001,0.,0.001
109,0.001,0.,0.001
110,0.001,0.,0.001
111,0.001,0.,0.001
112,0.001,0.,0.001
113,0.001,0.,0.001
114,0.001,0.,0.001
115,0.001,0.,0.001
116,0.001,0.,0.001
117,0.001,0.,0.001
118,0.001,0.,0.001
119,0.001,0.,0.001
120,0.001,0.,0.001
121,0.001,0.,0.001
122,0.002,0.,0.002
123,0.001,0.,0.001
124,0.001,0.,0.001
125,0.001,0.,0.001
126,0.001,0.,0.001
127,0.001,0.,0.001
128,0.001,0.,0.001
129,0.001,0.,0.001
130,0.001,0.,0.001
131,0.001,0.001,0.
132,0.001,0.001,0.
133,0.001,0.,0.001
134,0.001,0.,0.001
135,0.005,0.,0.005
136,0.001,0.,0.001
137,0.001,0.,0.001
138,0.001,0.,0.001
139,0.001,0.,0.001
140,0.001,0.,0.001
141,0.001,0.,0.001
142,0.001,0.,0.001
143,0.001,0.,0.001
144,0.001,0.,0.001
145,0.001,0.,0.001
146,0.001,0.,0.001
147,0.002,0.,0.002
148,0.001,0.,0.001
149,0.001,0.,0.001
150,0.001,0.,0.001
151,0.001,0.,0.001
152,0.001,0.,0.001
153,0.001,0.,0.001
154,0.001,0.,0.001
155,0.001,0.,0.001
156,0.001,0.,0.001
157,0.001,0.,0.001
158,0.007,0.,0.007
159,0.001,0.,0.001
160,0.001,0.,0.001
161,0.001,0.,0.001
162,0.001,0.,0.001
163,0.001,0.,0.001
164,0.001,0.,0.001
165,0.001,0.,0.001
166,0.001,0.,0.001
167,0.001,0.,0.001
168,0.001,0.,0.001
169,0.001,0.,0.001
170,0.001,0.,0.001
171,0.001,0.,0.001
172,0.001,0.,0.001
173,0.001,0.,0.001
174,0.001,0.,0.001
175,0.001,0.,0.001
176,0.001,0.,0.001
177,0.001,0.,0.001
178,0.002,0.,0.002
179,0.001,0.,0.001
180,0.001,0.,0.001
181,0.001,0.,0.001
182,0.001,0.,0.001
183,0.001,0.,0.001
184,0.001,0.,0.001
185,0.001,0.,0.001
186,0.001,0.,0.001
187,0.058,0.,0.058
188,0.001,0.,0.001
189,0.001,0.,0.001
190,0.002,0.,0.002
191,0.001,0.,0.001
192,0.002,0.,0.002
193,0.001,0.,0.001
194,0.002,0.,0.002
195,0.002,0.,0.002
196,0.002,0.,0.002
197,0.002,0.,0.002
198,0.002,0.,0.002
199,0.002,0.,0.002
200,0.002,0.,0.002
201,0.002,0.,0.002
202,0.002,0.,0.002
203,0.002,0.,0.002
204,0.002,0.,0.002
205,0.002,0.,0.002
206,0.002,0.,0.002
207,0.002,0.,0.002
208,0.002,0.,0.002
209,0.002,0.,0.002
210,0.002,0.,0.002
211,0.002,0.,0.002
212,0.002,0.,0.002
213,0.002,0.,0.002
214,0.002,0.,0.002
215,0.002,0.,0.002
216,0.002,0.,0.002
217,0.002,0.,0.002
218,0.002,0.,0.002
219,0.002,0.,0.002
220,0.002,0.,0.002
221,0.021,0.,0.021
222,0.002,0.,0.002
223,0.002,0.,0.002
224,0.002,0.,0.002
225,0.002,0.,0.002
226,0.002,0.,0.002
227,0.002,0.,0.002
228,0.002,0.,0.002
229,0.002,0.,0.002
230,0.002,0.,0.002
231,0.002,0.,0.002
232,0.002,0.,0.002
233,0.002,0.,0.002
234,0.002,0.,0.002
235,0.002,0.,0.002
236,0.002,0.,0.002
237,0.002,0.,0.002
238,0.002,0.,0.002
239,0.002,0.,0.002
240,0.002,0.,0.002
241,0.002,0.,0.002
242,0.002,0.,0.002
243,0.003,0.,0.003
244,0.002,0.,0.002
245,0.002,0.,0.002
246,0.002,0.,0.002
247,0.002,0.,0.002
248,0.002,0.,0.002
249,0.002,0.,0.002
250,0.007,0.,0.007
251,0.002,0.,0.002
252,0.002,0.,0.002
253,0.002,0.,0.002
254,0.002,0.,0.002
255,0.002,0.,0.002
256,0.002,0.,0.002
257,0.003,0.,0.003
258,0.002,0.,0.002
259,0.002,0.,0.002
260,0.002,0.,0.002
261,0.002,0.,0.002
262,0.002,0.,0.002
263,0.008,0.,0.008
264,0.002,0.,0.002
265,0.002,0.,0.002
266,0.002,0.,0.002
267,0.002,0.,0.002
268,0.002,0.,0.002
269,0.002,0.,0.002
270,0.002,0.,0.002
271,0.002,0.,0.002
272,0.002,0.,0.002
273,0.002,0.,0.002
274,0.002,0.,0.002
275,0.002,0.,0.002
276,0.003,0.,0.003
277,0.002,0.,0.002
278,0.002,0.,0.002
279,0.002,0.,0.002
280,0.002,0.,0.002
281,0.002,0.,0.002
282,0.002,0.,0.002
283,0.002,0.,0.002
284,0.002,0.,0.002
285,0.002,0.,0.002
286,0.002,0.,0.002
287,0.002,0.,0.002
288,0.002,0.,0.002
289,0.002,0.,0.002
290,0.002,0.,0.002
291,0.002,0.,0.002
292,0.003,0.,0.003
293,0.002,0.,0.002
294,0.002,0.,0.002
295,0.003,0.,0.003
296,0.002,0.,0.002
297,0.003,0.,0.003
298,0.003,0.,0.003
299,0.003,0.,0.003
300,0.004,0.,0.004
301,0.003,0.,0.003
302,0.003,0.,0.003
303,0.003,0.,0.003
304,0.003,0.,0.003
305,0.003,0.,0.003
306,0.025,0.,0.025
307,0.003,0.,0.003
308,0.003,0.,0.003
309,0.003,0.,0.003
310,0.003,0.,0.003
311,0.003,0.,0.003
312,0.004,0.,0.004
313,0.003,0.,0.003
314,0.003,0.,0.003
315,0.003,0.,0.003
316,0.003,0.,0.003
317,0.003,0.,0.003
318,0.003,0.,0.003
319,0.003,0.,0.003
320,0.003,0.,0.003
321,0.003,0.,0.003
322,0.003,0.,0.003
323,0.003,0.,0.003
324,0.003,0.,0.003
325,0.003,0.,0.003
326,0.003,0.,0.003
327,0.003,0.,0.003
328,0.003,0.,0.003
329,0.003,0.,0.003
330,0.003,0.,0.003
331,0.003,0.,0.003
332,0.003,0.,0.003
333,0.003,0.,0.003
334,0.003,0.,0.003
335,0.003,0.,0.003
336,0.003,0.,0.003
337,0.003,0.,0.003
338,0.003,0.,0.003
339,0.003,0.,0.003
340,0.003,0.,0.003
341,0.003,0.,0.003
342,0.003,0.,0.003
343,0.003,0.,0.003
344,0.004,0.,0.004
345,0.003,0.,0.003
346,0.003,0.,0.003
347,0.003,0.,0.003
348,0.003,0.,0.003
349,0.003,0.,0.003
350,0.003,0.,0.003
351,0.003,0.,0.003
352,0.003,0.,0.003
353,0.003,0.,0.003
354,0.004,0.,0.004
355,0.003,0.,0.003
356,0.003,0.,0.003
357,0.003,0.,0.003
358,0.003,0.,0.003
359,0.003,0.,0.003
360,0.003,0.,0.003
361,0.003,0.,0.003
362,0.003,0.,0.003
363,0.003,0.,0.003
364,0.004,0.,0.004
365,0.003,0.,0.003
366,0.003,0.,0.003
367,0.003,0.,0.003
368,0.003,0.,0.003
369,0.003,0.,0.003
370,0.003,0.,0.003
371,0.003,0.,0.003
372,0.003,0.,0.003
373,0.004,0.,0.004
374,0.003,0.,0.003
375,0.003,0.,0.003
376,0.003,0.,0.003
377,0.003,0.,0.003
378,0.004,0.,0.004
379,0.003,0.,0.003
380,0.003,0.,0.003
381,0.003,0.,0.003
382,0.003,0.,0.003
383,0.003,0.,0.003
384,0.003,0.,0.003
385,0.003,0.,0.003
386,0.003,0.,0.003
387,0.004,0.,0.004
388,0.003,0.,0.003
389,0.003,0.,0.003
390,0.003,0.,0.003
391,0.003,0.,0.003
392,0.003,0.,0.003
393,0.003,0.,0.003
394,0.004,0.,0.004
395,0.003,0.,0.003
396,0.004,0.,0.004
397,0.004,0.,0.004
398,0.004,0.,0.004
399,0.004,0.,0.004
400,0.004,0.,0.004
401,0.004,0.,0.004
402,0.004,0.,0.004
403,0.004,0.,0.004
404,0.004,0.,0.004
405,0.004,0.,0.004
406,0.004,0.,0.004
407,0.004,0.,0.004
408,0.004,0.,0.004
409,0.004,0.,0.004
410,0.004,0.,0.004
411,0.004,0.,0.004
412,0.004,0.,0.004
413,0.004,0.,0.004
414,0.004,0.,0.004
415,0.004,0.,0.004
416,0.004,0.,0.004
417,0.004,0.,0.004
418,0.004,0.,0.004
419,0.004,0.,0.004
420,0.004,0.,0.004
421,0.004,0.,0.004
422,0.004,0.,0.004
423,0.004,0.,0.004
424,0.004,0.,0.004
425,0.004,0.,0.004
426,0.004,0.,0.004
427,0.004,0.,0.004
428,0.004,0.,0.004
429,0.004,0.,0.004
430,0.004,0.,0.004
431,0.004,0.,0.004
432,0.004,0.,0.004
433,0.004,0.,0.004
434,0.005,0.,0.005
435,0.004,0.,0.004
436,0.004,0.,0.004
437,0.004,0.,0.004
438,0.004,0.,0.004
439,0.004,0.,0.004
440,0.004,0.,0.004
441,0.004,0.,0.004
442,0.005,0.,0.005
443,0.004,0.,0.004
444,0.004,0.,0.004
445,0.004,0.,0.004
446,0.004,0.,0.004
447,0.004,0.,0.004
448,0.004,0.,0.004
449,0.004,0.,0.004
450,0.005,0.,0.005
451,0.004,0.,0.004
452,0.004,0.,0.004
453,0.004,0.,0.004
454,0.004,0.,0.004
455,0.004,0.,0.004
456,0.004,0.,0.004
457,0.004,0.,0.004
458,0.005,0.,0.005
459,0.004,0.,0.004
460,0.004,0.,0.004
461,0.004,0.,0.004
462,0.004,0.,0.004
463,0.004,0.,0.004
464,0.004,0.,0.004
465,0.004,0.,0.004
466,0.005,0.,0.005
467,0.004,0.,0.004
468,0.004,0.,0.004
469,0.004,0.,0.004
470,0.004,0.,0.004
471,0.004,0.,0.004
472,0.004,0.,0.004
473,0.005,0.,0.005
474,0.004,0.,0.004
475,0.004,0.,0.004
476,0.004,0.,0.004
477,0.004,0.,0.004
478,0.004,0.,0.004
479,0.004,0.,0.004
480,0.004,0.,0.004
481,0.005,0.,0.005
482,0.004,0.,0.004
483,0.004,0.,0.004
484,0.004,0.,0.004
485,0.004,0.,0.004
486,0.004,0.,0.004
487,0.004,0.,0.004
488,0.005,0.,0.005
489,0.004,0.,0.004
490,0.005,0.,0.005
491,0.004,0.,0.004
492,0.005,0.,0.005
493,0.005,0.,0.005
494,0.004,0.,0.004
495,0.005,0.,0.005
496,0.005,0.,0.005
497,0.005,0.,0.005
498,0.005,0.,0.005
499,0.005,0.,0.005
500,0.005,0.,0.005
600,0.008,0.002,0.006
800,0.012,0.004,0.008
1000,0.044,0.003,0.04
1200,0.025,0.,0.025
1400,0.014,0.,0.014
1600,0.016,0.,0.016
1800,0.018,0.,0.018
2000,0.02,0.,0.02
2200,0.028,0.,0.028
2400,0.034,0.,0.034
2600,0.029,0.,0.029
2800,0.085,0.,0.085
3000,0.033,0.003,0.03
3200,0.037,0.,0.037
3400,0.059,0.003,0.056
3600,0.044,0.,0.044
3800,0.053,0.,0.053
4000,0.057,0.,0.057
4200,0.124,0.003,0.12
4400,0.094,0.,0.094
4600,0.06,0.,0.06
4800,0.064,0.,0.064
5000,0.067,0.,0.067
5200,0.07,0.,0.07
5400,0.083,0.,0.083
5600,0.084,0.,0.084
5800,0.118,0.,0.118
6000,0.075,0.,0.075
6200,0.079,0.,0.079
6400,0.086,0.,0.086
6600,0.084,0.,0.084
6800,0.089,0.,0.089
7000,0.09,0.,0.09
7200,0.09,0.,0.09
7400,0.094,0.,0.094
7600,0.101,0.,0.101
7800,0.099,0.,0.099
8000,0.106,0.,0.106
8200,0.111,0.,0.111
8400,0.117,0.,0.117
8600,0.122,0.,0.122
8800,0.139,0.,0.139
9000,0.143,0.,0.143
9200,0.154,0.,0.154
9400,0.155,0.,0.155
9600,0.155,0.,0.155
9800,0.152,0.,0.152
10000,0.146,0.,0.146
10200,0.145,0.,0.145
10400,0.158,0.,0.158
10600,0.168,0.,0.168
10800,0.164,0.,0.164
11000,0.165,0.,0.165
11200,0.167,0.,0.167
11400,0.167,0.,0.167
11600,0.177,0.,0.177
11800,0.18,0.,0.18
12000,0.183,0.,0.183
12200,0.184,0.,0.184
12400,0.192,0.,0.192
12600,0.199,0.,0.199
12800,0.204,0.,0.204
13000,0.211,0.,0.211
13200,0.21,0.,0.21
13400,0.225,0.,0.225
13600,0.233,0.,0.233
13800,0.232,0.,0.232
14000,0.237,0.,0.237
14200,0.234,0.,0.234
14400,0.222,0.,0.222
14600,0.242,0.,0.242
14800,0.231,0.,0.231
15000,0.215,0.,0.215
15200,0.21,0.,0.21
15400,0.222,0.,0.222
15600,0.231,0.,0.231
15800,0.229,0.,0.229
16000,0.232,0.,0.232
16200,0.243,0.,0.243
16400,0.251,0.,0.251
16600,0.253,0.,0.253
16800,0.279,0.,0.279
17000,0.275,0.,0.275
17200,0.285,0.,0.285
17400,0.292,0.,0.292
17600,0.305,0.,0.305
17800,0.319,0.,0.319
18000,0.333,0.,0.333
18200,0.346,0.,0.346
18400,0.363,0.,0.363
18600,0.42,0.,0.42
18800,0.421,0.,0.421
19000,0.424,0.,0.424
19200,0.404,0.,0.404
19400,0.394,0.,0.394
19600,0.377,0.,0.377
19800,0.388,0.,0.388
20000,0.365,0.,0.365