param-n,autorewrite-noop-regression-quadratic-real,autorewrite-noop-regression-quadratic-sys,autorewrite-noop-regression-quadratic-user,try-rewrite!-evar-noop-regression-quadratic-real,try-rewrite!-evar-noop-regression-quadratic-sys,try-rewrite!-evar-noop-regression-quadratic-user,try-rewrite!-noop-regression-quadratic-real,try-rewrite!-noop-regression-quadratic-sys,try-rewrite!-noop-regression-quadratic-user,try-rewrite-evar-noop-regression-quadratic-real,try-rewrite-evar-noop-regression-quadratic-sys,try-rewrite-evar-noop-regression-quadratic-user,try-rewrite-noop-regression-quadratic-real,try-rewrite-noop-regression-quadratic-sys,try-rewrite-noop-regression-quadratic-user,try-rewrite?-evar-noop-regression-quadratic-real,try-rewrite?-evar-noop-regression-quadratic-sys,try-rewrite?-evar-noop-regression-quadratic-user,try-rewrite?-noop-regression-quadratic-real,try-rewrite?-noop-regression-quadratic-sys,try-rewrite?-noop-regression-quadratic-user,try-ssr-rewrite!-evar-noop-regression-linear-real,try-ssr-rewrite!-evar-noop-regression-linear-sys,try-ssr-rewrite!-evar-noop-regression-linear-user,try-ssr-rewrite!-noop-regression-linear-real,try-ssr-rewrite!-noop-regression-linear-sys,try-ssr-rewrite!-noop-regression-linear-user,try-ssr-rewrite-evar-noop-regression-linear-real,try-ssr-rewrite-evar-noop-regression-linear-sys,try-ssr-rewrite-evar-noop-regression-linear-user,try-ssr-rewrite-noop-regression-linear-real,try-ssr-rewrite-noop-regression-linear-sys,try-ssr-rewrite-noop-regression-linear-user,try-ssr-rewrite?-evar-noop-regression-linear-real,try-ssr-rewrite?-evar-noop-regression-linear-sys,try-ssr-rewrite?-evar-noop-regression-linear-user,try-ssr-rewrite?-noop-regression-linear-real,try-ssr-rewrite?-noop-regression-linear-sys,try-ssr-rewrite?-noop-regression-linear-user
1,0.,0.,0.,0.,0.,0.,0.,0.,0.,0.,0.,0.,0.,0.,0.,0.,0.,0.,0.,0.,0.,0.,0.,0.,0.,0.,0.,0.,0.,0.,0.,0.,0.,0.,0.,0.,0.,0.,0.
2,0.,0.,0.,0.,0.,0.,0.,0.,0.,0.,0.,0.,0.,0.,0.,0.,0.,0.,0.,0.,0.,0.,0.,0.,0.,0.,0.,0.,0.,0.,0.,0.,0.,0.,0.,0.,0.,0.,0.
3,0.,0.,0.,0.,0.,0.,0.,0.,0.,0.,0.,0.,0.,0.,0.,0.,0.,0.,0.,0.,0.,0.,0.,0.,0.,0.,0.,0.,0.,0.,0.,0.,0.,0.,0.,0.,0.,0.,0.
4,0.,0.,0.,0.,0.,0.,0.,0.,0.,0.,0.,0.,0.,0.,0.,0.,0.,0.,0.,0.,0.,0.,0.,0.,0.,0.,0.,0.,0.,0.,0.,0.,0.,0.,0.,0.,0.,0.,0.
8,0.,0.,0.,0.,0.,0.,0.,0.,0.,0.,0.,0.,0.,0.,0.,0.,0.,0.,0.,0.,0.,0.,0.,0.,0.,0.,0.,0.,0.,0.,0.,0.,0.,0.,0.,0.,0.,0.,0.
12,0.,0.,0.,0.,0.,0.,0.,0.,0.,0.,0.,0.,0.,0.,0.,0.,0.,0.,0.,0.,0.,0.,0.,0.,0.,0.,0.,0.,0.,0.,0.,0.,0.,0.,0.,0.,0.,0.,0.
16,0.,0.,0.,0.,0.,0.,0.,0.,0.,0.,0.,0.,0.,0.,0.,0.,0.,0.,0.,0.,0.,0.,0.,0.,0.,0.,0.,0.,0.,0.,0.,0.,0.,0.,0.,0.,0.,0.,0.
20,0.,0.,0.,0.,0.,0.,0.,0.,0.,0.,0.,0.,0.,0.,0.,0.,0.,0.,0.,0.,0.,0.,0.,0.,0.,0.,0.,0.,0.,0.,0.,0.,0.,0.,0.,0.,0.,0.,0.
24,0.,0.,0.,0.,0.,0.,0.,0.,0.,0.,0.,0.,0.,0.,0.,0.,0.,0.,0.,0.,0.,0.,0.,0.,0.,0.,0.,0.,0.,0.,0.,0.,0.,0.,0.,0.,0.,0.,0.
28,0.,0.,0.,0.,0.,0.,0.,0.,0.,0.,0.,0.,0.,0.,0.,0.,0.,0.,0.,0.,0.,0.,0.,0.,0.,0.,0.,0.,0.,0.,0.,0.,0.,0.,0.,0.,0.,0.,0.
32,0.,0.,0.,0.,0.,0.,0.,0.,0.,0.,0.,0.,0.,0.,0.,0.,0.,0.,0.,0.,0.,0.,0.,0.,0.,0.,0.,0.,0.,0.,0.,0.,0.,0.,0.,0.,0.,0.,0.
36,0.,0.,0.,0.,0.,0.,0.,0.,0.,0.,0.,0.,0.,0.,0.,0.,0.,0.,0.,0.,0.,0.,0.,0.,0.,0.,0.,0.,0.,0.,0.,0.,0.,0.,0.,0.,0.,0.,0.
40,0.,0.,0.,0.,0.,0.,0.,0.,0.,0.,0.,0.,0.,0.,0.,0.,0.,0.,0.,0.,0.,0.,0.,0.,0.,0.,0.,0.,0.,0.,0.,0.,0.,0.,0.,0.,0.,0.,0.
44,0.,0.,0.,0.,0.,0.,0.,0.,0.,0.,0.,0.,0.,0.,0.,0.,0.,0.,0.,0.,0.,0.,0.,0.,0.,0.,0.,0.,0.,0.,0.,0.,0.,0.,0.,0.,0.,0.,0.
48,0.,0.,0.,0.,0.,0.,0.,0.,0.,0.,0.,0.,0.,0.,0.,0.,0.,0.,0.,0.,0.,0.,0.,0.,0.,0.,0.,0.,0.,0.,0.,0.,0.,0.,0.,0.,0.,0.,0.
50,0.,0.,0.,0.,0.,0.,0.,0.,0.,0.,0.,0.,0.,0.,0.,0.,0.,0.,0.,0.,0.,0.,0.,0.,0.,0.,0.,0.,0.,0.,0.,0.,0.,0.,0.,0.,0.,0.,0.
52,0.,0.,0.,0.,0.,0.,0.,0.,0.,0.,0.,0.,0.,0.,0.,0.,0.,0.,0.,0.,0.,0.,0.,0.,0.,0.,0.,0.,0.,0.,0.,0.,0.,0.,0.,0.,0.,0.,0.
56,0.,0.,0.,0.,0.,0.,0.,0.,0.,0.,0.,0.,0.,0.,0.,0.,0.,0.,0.,0.,0.,0.,0.,0.,0.,0.,0.,0.,0.,0.,0.,0.,0.,0.,0.,0.,0.,0.,0.
60,0.,0.,0.,0.,0.,0.,0.,0.,0.,0.,0.,0.,0.,0.,0.,0.,0.,0.,0.,0.,0.,0.,0.,0.,0.,0.,0.,0.,0.,0.,0.,0.,0.,0.,0.,0.,0.,0.,0.
64,0.,0.,0.,0.,0.,0.,0.,0.,0.,0.,0.,0.,0.,0.,0.,0.,0.,0.,0.,0.,0.,0.,0.,0.,0.,0.,0.,0.,0.,0.,0.,0.,0.,0.,0.,0.,0.,0.,0.
68,0.,0.,0.,0.,0.,0.,0.,0.,0.,0.,0.,0.,0.,0.,0.,0.,0.,0.,0.,0.,0.,0.,0.,0.,0.,0.,0.,0.,0.,0.,0.,0.,0.,0.,0.,0.,0.,0.,0.
72,0.,0.,0.,0.,0.,0.,0.,0.,0.,0.,0.,0.,0.,0.,0.,0.,0.,0.,0.,0.,0.,0.,0.,0.,0.,0.,0.,0.,0.,0.,0.,0.,0.,0.,0.,0.,0.,0.,0.
76,0.,0.,0.,0.,0.,0.,0.,0.,0.,0.,0.,0.,0.,0.,0.,0.,0.,0.,0.,0.,0.,0.,0.,0.,0.,0.,0.,0.,0.,0.,0.,0.,0.,0.,0.,0.,0.,0.,0.
80,0.,0.,0.,0.,0.,0.,0.,0.,0.,0.,0.,0.,0.,0.,0.,0.,0.,0.,0.,0.,0.,0.,0.,0.,0.,0.,0.,0.,0.,0.,0.,0.,0.,0.,0.,0.,0.,0.,0.
84,0.,0.,0.,0.,0.,0.,0.,0.,0.,0.,0.,0.,0.,0.,0.,0.,0.,0.,0.,0.,0.,0.,0.,0.,0.,0.,0.,0.,0.,0.,0.,0.,0.,0.,0.,0.,0.,0.,0.
88,0.,0.,0.,0.,0.,0.,0.,0.,0.,0.,0.,0.,0.,0.,0.,0.,0.,0.,0.,0.,0.,0.,0.,0.,0.,0.,0.,0.,0.,0.,0.,0.,0.,0.,0.,0.,0.,0.,0.
92,0.,0.,0.,0.002,0.,0.002,0.,0.,0.,0.,0.,0.,0.,0.,0.,0.,0.,0.,0.,0.,0.,0.,0.,0.,0.,0.,0.,0.,0.,0.,0.,0.,0.,0.,0.,0.,0.,0.,0.
96,0.,0.,0.,0.001,0.,0.001,0.,0.,0.,0.,0.,0.,0.,0.,0.,0.001,0.,0.001,0.,0.,0.,0.,0.,0.,0.,0.,0.,0.,0.,0.,0.,0.,0.,0.,0.,0.,0.,0.,0.
100,0.,0.,0.,0.001,0.,0.001,0.,0.,0.,0.001,0.,0.001,0.,0.,0.,0.001,0.,0.001,0.,0.,0.,0.,0.,0.,0.,0.,0.,0.,0.,0.,0.,0.,0.,0.,0.,0.,0.,0.,0.
104,0.,0.,0.,0.001,0.,0.001,0.,0.,0.,0.001,0.,0.001,0.,0.,0.,0.001,0.,0.001,0.,0.,0.,0.,0.,0.,0.,0.,0.,0.,0.,0.,0.,0.,0.,0.,0.,0.,0.,0.,0.
108,0.,0.,0.,0.001,0.,0.001,0.,0.,0.,0.001,0.,0.001,0.,0.,0.,0.001,0.,0.001,0.,0.,0.,0.,0.,0.,0.,0.,0.,0.,0.,0.,0.,0.,0.,0.,0.,0.,0.,0.,0.
112,0.,0.,0.,0.001,0.,0.001,0.,0.,0.,0.001,0.,0.001,0.,0.,0.,0.001,0.,0.001,0.,0.,0.,0.,0.,0.,0.,0.,0.,0.,0.,0.,0.,0.,0.,0.,0.,0.,0.,0.,0.
116,0.,0.,0.,0.001,0.,0.001,0.,0.,0.,0.001,0.,0.001,0.,0.,0.,0.001,0.,0.001,0.,0.,0.,0.,0.,0.,0.,0.,0.,0.,0.,0.,0.,0.,0.,0.,0.,0.,0.,0.,0.
120,0.007,0.,0.007,0.001,0.,0.001,0.,0.,0.,0.001,0.,0.001,0.,0.,0.,0.001,0.,0.001,0.,0.,0.,0.,0.,0.,0.,0.,0.,0.,0.,0.,0.,0.,0.,0.,0.,0.,0.,0.,0.
124,0.,0.,0.,0.001,0.,0.001,0.,0.,0.,0.001,0.,0.001,0.,0.,0.,0.001,0.,0.001,0.,0.,0.,0.,0.,0.,0.,0.,0.,0.,0.,0.,0.,0.,0.,0.,0.,0.,0.,0.,0.
128,0.,0.,0.,0.001,0.,0.001,0.,0.,0.,0.001,0.,0.001,0.,0.,0.,0.001,0.,0.001,0.,0.,0.,0.,0.,0.,0.,0.,0.,0.,0.,0.,0.,0.,0.,0.,0.,0.,0.,0.,0.
132,0.,0.,0.,0.001,0.,0.001,0.,0.,0.,0.001,0.,0.001,0.,0.,0.,0.001,0.,0.001,0.,0.,0.,0.,0.,0.,0.,0.,0.,0.,0.,0.,0.,0.,0.,0.,0.,0.,0.,0.,0.
136,0.,0.,0.,0.001,0.,0.001,0.,0.,0.,0.001,0.,0.001,0.,0.,0.,0.002,0.,0.002,0.,0.,0.,0.,0.,0.,0.,0.,0.,0.,0.,0.,0.,0.,0.,0.,0.,0.,0.,0.,0.
140,0.,0.,0.,0.001,0.,0.001,0.,0.,0.,0.001,0.,0.001,0.,0.,0.,0.001,0.,0.001,0.,0.,0.,0.,0.,0.,0.,0.,0.,0.,0.,0.,0.,0.,0.,0.,0.,0.,0.,0.,0.
144,0.,0.,0.,0.001,0.,0.001,0.,0.,0.,0.001,0.,0.001,0.,0.,0.,0.001,0.,0.001,0.,0.,0.,0.,0.,0.,0.,0.,0.,0.,0.,0.,0.,0.,0.,0.,0.,0.,0.,0.,0.
148,0.,0.,0.,0.001,0.,0.001,0.,0.,0.,0.001,0.,0.001,0.,0.,0.,0.001,0.,0.001,0.,0.,0.,0.,0.,0.,0.,0.,0.,0.,0.,0.,0.,0.,0.,0.,0.,0.,0.,0.,0.
150,0.,0.,0.001,0.002,0.,0.002,0.001,0.,0.001,0.002,0.,0.002,0.,0.,0.,0.001,0.,0.001,0.001,0.,0.001,0.,0.,0.,0.,0.,0.,0.,0.,0.,0.,0.,0.,0.,0.,0.,0.,0.,0.
152,0.,0.,0.,0.001,0.,0.001,0.,0.,0.,0.001,0.,0.001,0.,0.,0.,0.001,0.,0.001,0.,0.,0.,0.,0.,0.,0.,0.,0.,0.,0.,0.,0.,0.,0.,0.,0.,0.,0.,0.,0.
156,0.,0.,0.,0.001,0.,0.001,0.,0.,0.,0.001,0.,0.001,0.,0.,0.,0.001,0.,0.001,0.,0.,0.,0.,0.,0.,0.,0.,0.,0.,0.,0.,0.,0.,0.,0.,0.,0.,0.,0.,0.
160,0.,0.,0.,0.001,0.,0.001,0.,0.,0.,0.001,0.,0.001,0.,0.,0.,0.001,0.,0.001,0.,0.,0.,0.,0.,0.,0.,0.,0.,0.,0.,0.,0.,0.,0.,0.,0.,0.,0.,0.,0.
164,0.,0.,0.,0.002,0.,0.002,0.,0.,0.,0.002,0.,0.002,0.,0.,0.,0.002,0.,0.002,0.,0.,0.,0.,0.,0.,0.,0.,0.,0.,0.,0.,0.,0.,0.,0.,0.,0.,0.,0.,0.
168,0.,0.,0.,0.002,0.,0.002,0.,0.,0.,0.002,0.,0.002,0.,0.,0.,0.002,0.,0.002,0.,0.,0.,0.,0.,0.,0.,0.,0.,0.,0.,0.,0.,0.,0.,0.,0.,0.,0.,0.,0.
172,0.,0.,0.,0.002,0.,0.002,0.,0.,0.,0.002,0.,0.002,0.,0.,0.,0.002,0.,0.002,0.,0.,0.,0.,0.,0.,0.,0.,0.,0.,0.,0.,0.,0.,0.,0.,0.,0.,0.,0.,0.
176,0.,0.,0.,0.002,0.,0.002,0.,0.,0.,0.002,0.,0.002,0.,0.,0.,0.002,0.,0.002,0.,0.,0.,0.,0.,0.,0.,0.,0.,0.,0.,0.,0.,0.,0.,0.,0.,0.,0.,0.,0.
180,0.001,0.,0.001,0.002,0.,0.002,0.001,0.,0.001,0.002,0.,0.002,0.,0.,0.,0.002,0.,0.002,0.001,0.,0.001,0.,0.,0.,0.,0.,0.,0.,0.,0.,0.,0.,0.,0.,0.,0.,0.,0.,0.
184,0.001,0.,0.001,0.002,0.,0.002,0.001,0.,0.001,0.002,0.,0.002,0.001,0.,0.001,0.002,0.,0.002,0.001,0.,0.001,0.,0.,0.,0.,0.,0.,0.,0.,0.,0.,0.,0.,0.,0.,0.,0.,0.,0.
188,0.001,0.,0.001,0.002,0.,0.002,0.001,0.,0.001,0.002,0.,0.002,0.001,0.,0.001,0.002,0.,0.002,0.001,0.,0.001,0.,0.,0.,0.,0.,0.,0.,0.,0.,0.,0.,0.,0.,0.,0.,0.,0.,0.
192,0.001,0.,0.001,0.002,0.,0.002,0.001,0.,0.001,0.002,0.,0.002,0.001,0.,0.001,0.002,0.,0.002,0.001,0.,0.001,0.,0.,0.,0.,0.,0.,0.,0.,0.,0.,0.,0.,0.,0.,0.,0.,0.,0.
196,0.001,0.,0.001,0.073,0.,0.073,0.001,0.,0.001,0.002,0.,0.002,0.001,0.,0.001,0.002,0.,0.002,0.001,0.,0.001,0.,0.,0.,0.,0.,0.,0.,0.,0.,0.,0.,0.,0.,0.,0.,0.,0.,0.
200,0.001,0.001,0.,0.003,0.002,0.,0.001,0.001,0.,0.002,0.,0.001,0.001,0.001,0.,0.002,0.,0.002,0.001,0.,0.001,0.,0.,0.,0.,0.,0.,0.,0.,0.,0.,0.,0.,0.,0.,0.,0.,0.,0.
204,0.001,0.,0.001,0.002,0.,0.002,0.001,0.,0.001,0.002,0.,0.002,0.001,0.,0.001,0.002,0.,0.002,0.001,0.,0.001,0.,0.,0.,0.,0.,0.,0.,0.,0.,0.,0.,0.,0.,0.,0.,0.,0.,0.
208,0.001,0.001,0.,0.002,0.,0.002,0.001,0.001,0.,0.002,0.,0.002,0.001,0.001,0.,0.002,0.,0.002,0.001,0.,0.001,0.,0.,0.,0.,0.,0.,0.,0.,0.,0.,0.,0.,0.,0.,0.,0.,0.,0.
212,0.001,0.,0.001,0.003,0.,0.003,0.001,0.,0.001,0.002,0.,0.002,0.001,0.,0.001,0.002,0.,0.002,0.001,0.,0.001,0.,0.,0.,0.,0.,0.,0.,0.,0.,0.,0.,0.,0.,0.,0.,0.,0.,0.
216,0.001,0.,0.001,0.002,0.,0.002,0.001,0.,0.001,0.002,0.,0.002,0.001,0.,0.001,0.002,0.,0.002,0.001,0.,0.001,0.,0.,0.,0.,0.,0.,0.,0.,0.,0.,0.,0.,0.,0.,0.,0.,0.,0.
220,0.001,0.,0.001,0.002,0.,0.002,0.001,0.,0.001,0.002,0.,0.002,0.001,0.,0.001,0.002,0.,0.002,0.001,0.,0.001,0.,0.,0.,0.,0.,0.,0.,0.,0.,0.,0.,0.,0.,0.,0.,0.,0.,0.
224,0.001,0.,0.001,0.002,0.,0.002,0.001,0.,0.001,0.002,0.,0.002,0.001,0.,0.001,0.002,0.,0.002,0.029,0.,0.029,0.,0.,0.,0.,0.,0.,0.,0.,0.,0.,0.,0.,0.,0.,0.,0.,0.,0.
228,0.001,0.,0.001,0.003,0.,0.003,0.001,0.,0.001,0.002,0.,0.002,0.001,0.,0.001,0.002,0.,0.002,0.001,0.,0.001,0.,0.,0.,0.,0.,0.,0.,0.,0.,0.,0.,0.,0.,0.,0.,0.,0.,0.
232,0.001,0.,0.001,0.003,0.,0.003,0.001,0.,0.001,0.003,0.,0.003,0.001,0.,0.001,0.003,0.,0.003,0.001,0.,0.001,0.,0.,0.,0.,0.,0.,0.,0.,0.,0.,0.,0.,0.,0.,0.,0.,0.,0.
236,0.001,0.,0.001,0.003,0.,0.003,0.001,0.,0.001,0.002,0.,0.002,0.001,0.,0.001,0.002,0.,0.002,0.001,0.,0.001,0.,0.,0.,0.,0.,0.,0.,0.,0.,0.,0.,0.,0.,0.,0.,0.,0.,0.
240,0.001,0.,0.001,0.003,0.,0.003,0.001,0.,0.001,0.003,0.,0.003,0.001,0.,0.001,0.003,0.,0.003,0.001,0.,0.001,0.,0.,0.,0.,0.,0.,0.,0.,0.,0.,0.,0.,0.,0.,0.,0.,0.,0.
244,0.001,0.,0.001,0.003,0.,0.003,0.001,0.,0.001,0.018,0.,0.018,0.001,0.,0.001,0.003,0.,0.003,0.001,0.,0.001,0.,0.,0.,0.,0.,0.,0.,0.,0.,0.,0.,0.,0.,0.,0.,0.,0.,0.
248,0.001,0.,0.001,0.003,0.,0.003,0.001,0.,0.001,0.003,0.,0.003,0.001,0.,0.001,0.003,0.,0.003,0.001,0.,0.001,0.,0.,0.,0.,0.,0.,0.,0.,0.,0.,0.,0.,0.,0.,0.,0.,0.,0.
250,0.001,0.,0.001,0.003,0.,0.003,0.001,0.001,0.,0.002,0.,0.002,0.001,0.001,0.,0.002,0.,0.002,0.034,0.,0.034,0.,0.,0.,0.,0.,0.,0.,0.,0.,0.,0.,0.,0.,0.,0.,0.,0.,0.
252,0.001,0.,0.001,0.003,0.,0.003,0.001,0.,0.001,0.003,0.,0.003,0.001,0.,0.001,0.003,0.,0.003,0.001,0.,0.001,0.,0.,0.,0.,0.,0.,0.,0.,0.,0.,0.,0.,0.,0.,0.,0.,0.,0.
256,0.001,0.,0.001,0.003,0.,0.003,0.001,0.,0.001,0.003,0.,0.003,0.001,0.,0.001,0.003,0.,0.003,0.001,0.,0.001,0.,0.,0.,0.,0.,0.,0.,0.,0.,0.,0.,0.,0.,0.,0.,0.,0.,0.
260,0.001,0.,0.001,0.003,0.,0.003,0.001,0.,0.001,0.003,0.,0.003,0.001,0.,0.001,0.003,0.,0.003,0.001,0.,0.001,0.,0.,0.,0.,0.,0.,0.,0.,0.,0.,0.,0.,0.,0.,0.,0.,0.,0.
264,0.001,0.,0.001,0.003,0.,0.003,0.001,0.,0.001,0.003,0.,0.003,0.001,0.,0.001,0.003,0.,0.003,0.001,0.,0.001,0.,0.,0.,0.,0.,0.,0.,0.,0.,0.,0.,0.,0.,0.,0.,0.,0.,0.
268,0.001,0.,0.001,0.003,0.,0.003,0.001,0.,0.001,0.003,0.,0.003,0.001,0.,0.001,0.003,0.,0.003,0.001,0.,0.001,0.,0.,0.,0.,0.,0.,0.,0.,0.,0.,0.,0.,0.,0.,0.,0.,0.,0.
272,0.001,0.,0.001,0.003,0.,0.003,0.001,0.,0.001,0.003,0.,0.003,0.001,0.,0.001,0.003,0.,0.003,0.001,0.,0.001,0.,0.,0.,0.,0.,0.,0.,0.,0.,0.,0.,0.,0.,0.,0.,0.,0.,0.
276,0.001,0.,0.001,0.003,0.,0.003,0.001,0.,0.001,0.003,0.,0.003,0.001,0.,0.001,0.003,0.,0.003,0.001,0.,0.001,0.,0.,0.,0.,0.,0.,0.,0.,0.,0.,0.,0.,0.,0.,0.,0.,0.,0.
280,0.001,0.,0.001,0.003,0.,0.003,0.001,0.,0.001,0.004,0.,0.004,0.001,0.,0.001,0.004,0.,0.004,0.001,0.,0.001,0.,0.,0.,0.,0.,0.,0.,0.,0.,0.,0.,0.,0.,0.,0.,0.,0.,0.
284,0.001,0.,0.001,0.003,0.,0.003,0.008,0.,0.008,0.003,0.,0.003,0.001,0.,0.001,0.003,0.,0.003,0.001,0.,0.001,0.,0.,0.,0.,0.,0.,0.,0.,0.,0.,0.,0.,0.,0.,0.,0.,0.,0.
288,0.001,0.,0.001,0.004,0.,0.004,0.001,0.,0.001,0.004,0.,0.004,0.001,0.,0.001,0.004,0.,0.004,0.001,0.,0.001,0.,0.,0.,0.,0.,0.,0.,0.,0.,0.,0.,0.,0.,0.,0.,0.,0.,0.
292,0.001,0.,0.001,0.004,0.,0.004,0.001,0.,0.001,0.004,0.,0.004,0.001,0.,0.001,0.004,0.,0.004,0.002,0.,0.002,0.,0.,0.,0.,0.,0.,0.,0.,0.,0.,0.,0.,0.,0.,0.,0.,0.,0.
296,0.001,0.,0.001,0.004,0.,0.004,0.001,0.,0.001,0.004,0.,0.004,0.001,0.,0.001,0.004,0.,0.004,0.001,0.,0.001,0.,0.,0.,0.,0.,0.,0.,0.,0.,0.,0.,0.,0.,0.,0.,0.,0.,0.
300,0.001,0.,0.001,0.004,0.,0.004,0.001,0.,0.001,0.004,0.,0.004,0.001,0.,0.001,0.004,0.,0.004,0.001,0.,0.001,0.,0.,0.,0.,0.,0.,0.,0.,0.,0.,0.,0.,0.,0.,0.,0.,0.,0.
304,0.001,0.,0.001,0.01,0.,0.01,0.001,0.,0.001,0.004,0.,0.004,0.001,0.,0.001,0.004,0.,0.004,0.001,0.,0.001,0.,0.,0.,0.,0.,0.,0.,0.,0.,0.,0.,0.,0.,0.,0.,0.,0.,0.
308,0.001,0.,0.001,0.004,0.,0.004,0.001,0.,0.001,0.004,0.,0.004,0.001,0.,0.001,0.004,0.,0.004,0.001,0.,0.001,0.,0.,0.,0.,0.,0.,0.,0.,0.,0.,0.,0.,0.,0.,0.,0.,0.,0.
312,0.001,0.,0.001,0.004,0.,0.004,0.001,0.,0.001,0.004,0.,0.004,0.001,0.,0.001,0.004,0.,0.004,0.001,0.,0.001,0.,0.,0.,0.,0.,0.,0.,0.,0.,0.,0.,0.,0.,0.,0.,0.,0.,0.
316,0.001,0.,0.001,0.004,0.,0.004,0.001,0.,0.001,0.004,0.,0.004,0.001,0.,0.001,0.004,0.,0.004,0.001,0.,0.001,0.,0.,0.,0.,0.,0.,0.,0.,0.,0.,0.,0.,0.,0.,0.,0.,0.,0.
320,0.001,0.,0.001,0.005,0.,0.005,0.001,0.,0.001,0.004,0.,0.004,0.001,0.,0.001,0.004,0.,0.004,0.001,0.,0.001,0.,0.,0.,0.,0.,0.,0.,0.,0.,0.,0.,0.,0.,0.,0.,0.,0.,0.
324,0.001,0.,0.001,0.004,0.,0.004,0.001,0.,0.001,0.004,0.,0.004,0.001,0.,0.001,0.004,0.,0.004,0.001,0.,0.001,0.,0.,0.,0.,0.,0.,0.,0.,0.,0.,0.,0.,0.,0.,0.,0.,0.,0.
328,0.001,0.,0.001,0.074,0.,0.074,0.001,0.,0.001,0.005,0.,0.005,0.001,0.,0.001,0.005,0.,0.005,0.001,0.,0.001,0.,0.,0.,0.,0.,0.,0.,0.,0.,0.,0.,0.,0.,0.,0.,0.,0.,0.
332,0.001,0.,0.001,0.004,0.,0.004,0.001,0.,0.001,0.004,0.,0.004,0.001,0.,0.001,0.004,0.,0.004,0.001,0.,0.001,0.,0.,0.,0.,0.,0.,0.,0.,0.,0.,0.,0.,0.,0.,0.,0.,0.,0.
336,0.001,0.,0.001,0.005,0.,0.005,0.001,0.,0.001,0.005,0.,0.005,0.001,0.,0.001,0.005,0.,0.005,0.002,0.,0.002,0.,0.,0.,0.,0.,0.,0.,0.,0.,0.,0.,0.,0.,0.,0.,0.,0.,0.
340,0.001,0.,0.001,0.005,0.,0.005,0.001,0.,0.001,0.005,0.,0.005,0.001,0.,0.001,0.005,0.,0.005,0.001,0.,0.001,0.,0.,0.,0.,0.,0.,0.,0.,0.,0.,0.,0.,0.,0.,0.,0.,0.,0.
344,0.001,0.,0.001,0.005,0.,0.005,0.001,0.,0.001,0.005,0.,0.005,0.03,0.,0.03,0.005,0.,0.005,0.001,0.,0.001,0.,0.,0.,0.,0.,0.,0.,0.,0.,0.,0.,0.,0.,0.,0.,0.,0.,0.
348,0.001,0.,0.001,0.005,0.,0.005,0.001,0.,0.001,0.005,0.,0.005,0.001,0.,0.001,0.005,0.,0.005,0.001,0.,0.001,0.,0.,0.,0.,0.,0.,0.,0.,0.,0.,0.,0.,0.,0.,0.,0.,0.,0.
350,0.001,0.,0.001,0.019,0.,0.019,0.001,0.,0.001,0.005,0.,0.005,0.001,0.,0.001,0.005,0.,0.005,0.001,0.,0.001,0.,0.,0.,0.,0.,0.,0.,0.,0.,0.,0.,0.,0.,0.,0.,0.,0.,0.
352,0.002,0.,0.002,0.005,0.,0.005,0.001,0.,0.001,0.005,0.,0.005,0.001,0.,0.001,0.005,0.,0.005,0.001,0.,0.001,0.,0.,0.,0.,0.,0.,0.,0.,0.,0.,0.,0.,0.,0.,0.,0.,0.,0.
356,0.001,0.,0.001,0.005,0.,0.005,0.001,0.,0.001,0.005,0.,0.005,0.001,0.,0.001,0.006,0.,0.006,0.001,0.,0.001,0.,0.,0.,0.,0.,0.,0.015,0.,0.015,0.,0.,0.,0.,0.,0.,0.,0.,0.
360,0.001,0.,0.001,0.005,0.,0.005,0.001,0.,0.001,0.005,0.,0.005,0.001,0.,0.001,0.005,0.,0.005,0.001,0.,0.001,0.,0.,0.,0.,0.,0.,0.,0.,0.,0.,0.,0.,0.,0.,0.,0.,0.,0.
364,0.001,0.,0.001,0.005,0.,0.005,0.001,0.,0.001,0.005,0.,0.005,0.001,0.,0.001,0.005,0.,0.005,0.001,0.,0.001,0.,0.,0.,0.,0.,0.,0.,0.,0.,0.,0.,0.,0.,0.,0.,0.,0.,0.
368,0.001,0.,0.001,0.006,0.,0.006,0.002,0.,0.002,0.006,0.,0.006,0.001,0.,0.001,0.006,0.,0.006,0.001,0.,0.001,0.,0.,0.,0.,0.,0.,0.,0.,0.,0.,0.,0.,0.,0.,0.,0.,0.,0.
372,0.002,0.,0.002,0.006,0.,0.006,0.002,0.,0.002,0.006,0.,0.006,0.002,0.,0.002,0.006,0.,0.006,0.002,0.,0.002,0.,0.,0.,0.,0.,0.,0.,0.,0.,0.,0.,0.,0.,0.,0.,0.,0.,0.
376,0.002,0.,0.002,0.006,0.,0.006,0.002,0.,0.002,0.006,0.,0.006,0.002,0.,0.002,0.006,0.,0.006,0.002,0.,0.002,0.,0.,0.,0.,0.,0.,0.,0.,0.,0.,0.,0.,0.,0.,0.,0.,0.,0.
380,0.002,0.,0.002,0.006,0.,0.006,0.002,0.,0.002,0.006,0.,0.006,0.002,0.,0.002,0.006,0.,0.006,0.002,0.,0.002,0.,0.,0.,0.,0.,0.,0.,0.,0.,0.,0.,0.,0.,0.,0.,0.,0.,0.
384,0.002,0.,0.002,0.006,0.,0.006,0.002,0.,0.002,0.006,0.,0.006,0.002,0.,0.002,0.006,0.,0.006,0.002,0.,0.002,0.,0.,0.,0.,0.,0.,0.,0.,0.,0.,0.,0.,0.,0.,0.,0.,0.,0.
388,0.002,0.,0.002,0.006,0.,0.006,0.002,0.,0.002,0.006,0.,0.006,0.002,0.,0.002,0.006,0.,0.006,0.002,0.,0.002,0.,0.,0.,0.,0.,0.,0.,0.,0.,0.,0.,0.,0.,0.,0.,0.,0.,0.
392,0.002,0.,0.002,0.006,0.,0.006,0.002,0.,0.002,0.006,0.,0.006,0.002,0.,0.002,0.006,0.,0.006,0.002,0.,0.002,0.,0.,0.,0.,0.,0.,0.,0.,0.,0.,0.,0.,0.,0.,0.,0.,0.,0.
396,0.002,0.,0.002,0.006,0.,0.006,0.002,0.,0.002,0.006,0.,0.006,0.002,0.,0.002,0.006,0.,0.006,0.002,0.,0.002,0.,0.,0.,0.,0.,0.,0.,0.,0.,0.,0.,0.,0.,0.,0.,0.,0.,0.
400,0.002,0.,0.002,0.006,0.,0.006,0.002,0.,0.002,0.006,0.,0.006,0.002,0.,0.002,0.006,0.,0.006,0.002,0.,0.002,0.,0.,0.,0.,0.,0.,0.,0.,0.,0.,0.,0.,0.,0.,0.,0.,0.,0.
404,0.002,0.,0.002,0.006,0.,0.006,0.002,0.,0.002,0.006,0.,0.006,0.002,0.,0.002,0.007,0.,0.007,0.002,0.,0.002,0.,0.,0.,0.,0.,0.,0.,0.,0.,0.,0.,0.,0.,0.,0.,0.,0.,0.
408,0.002,0.,0.002,0.006,0.,0.006,0.002,0.,0.002,0.006,0.,0.006,0.002,0.,0.002,0.006,0.,0.006,0.002,0.,0.002,0.,0.,0.,0.,0.,0.,0.,0.,0.,0.,0.,0.,0.,0.,0.,0.,0.,0.
412,0.002,0.,0.002,0.007,0.,0.007,0.002,0.,0.002,0.006,0.,0.006,0.002,0.,0.002,0.007,0.,0.007,0.002,0.,0.002,0.,0.,0.,0.,0.,0.,0.,0.,0.,0.,0.,0.,0.,0.,0.,0.,0.,0.
416,0.002,0.,0.002,0.006,0.,0.006,0.002,0.,0.002,0.006,0.,0.006,0.002,0.,0.002,0.007,0.,0.007,0.002,0.,0.002,0.,0.,0.,0.,0.,0.,0.,0.,0.,0.,0.,0.,0.,0.,0.,0.,0.,0.
420,0.002,0.,0.002,0.007,0.,0.007,0.002,0.,0.002,0.007,0.,0.007,0.002,0.,0.002,0.006,0.,0.006,0.002,0.,0.002,0.,0.,0.,0.,0.,0.,0.,0.,0.,0.,0.,0.,0.,0.,0.,0.,0.,0.
424,0.002,0.,0.002,0.007,0.,0.007,0.002,0.,0.002,0.007,0.,0.007,0.002,0.,0.002,0.007,0.,0.007,0.002,0.,0.002,0.,0.,0.,0.,0.,0.,0.,0.,0.,0.,0.,0.,0.,0.,0.,0.,0.,0.
428,0.002,0.,0.002,0.007,0.,0.007,0.002,0.,0.002,0.008,0.,0.008,0.002,0.,0.002,0.007,0.,0.007,0.002,0.,0.002,0.,0.,0.,0.,0.,0.,0.,0.,0.,0.,0.,0.,0.,0.,0.,0.,0.,0.
432,0.002,0.,0.002,0.007,0.,0.007,0.002,0.,0.002,0.007,0.,0.007,0.002,0.,0.002,0.007,0.,0.007,0.002,0.,0.002,0.,0.,0.,0.,0.,0.,0.,0.,0.,0.,0.,0.,0.,0.,0.,0.,0.,0.
436,0.002,0.,0.002,0.007,0.,0.007,0.002,0.,0.002,0.007,0.,0.007,0.002,0.,0.002,0.007,0.,0.007,0.002,0.,0.002,0.,0.,0.,0.,0.,0.,0.,0.,0.,0.,0.,0.,0.,0.,0.,0.,0.,0.
440,0.002,0.,0.002,0.007,0.,0.007,0.002,0.,0.002,0.007,0.,0.007,0.002,0.,0.002,0.006,0.,0.006,0.002,0.,0.002,0.,0.,0.,0.,0.,0.,0.,0.,0.,0.,0.,0.,0.,0.,0.,0.,0.,0.
444,0.002,0.,0.002,0.008,0.,0.008,0.002,0.,0.002,0.007,0.,0.007,0.002,0.,0.002,0.007,0.,0.007,0.002,0.,0.002,0.,0.,0.,0.,0.,0.,0.,0.,0.,0.,0.,0.,0.,0.,0.,0.,0.,0.
448,0.002,0.,0.002,0.007,0.,0.007,0.002,0.,0.002,0.007,0.,0.007,0.002,0.,0.002,0.007,0.,0.007,0.002,0.,0.002,0.,0.,0.,0.,0.,0.,0.,0.,0.,0.,0.,0.,0.,0.,0.,0.,0.,0.
452,0.002,0.,0.002,0.008,0.,0.008,0.002,0.,0.002,0.008,0.,0.008,0.002,0.,0.002,0.008,0.,0.008,0.002,0.,0.002,0.,0.,0.,0.,0.,0.,0.,0.,0.,0.,0.,0.,0.,0.,0.,0.,0.,0.
456,0.002,0.,0.002,0.008,0.,0.008,0.002,0.,0.002,0.008,0.,0.008,0.002,0.,0.002,0.008,0.,0.008,0.002,0.,0.002,0.,0.,0.,0.,0.,0.,0.,0.,0.,0.,0.,0.,0.,0.,0.,0.,0.,0.
460,0.002,0.,0.002,0.008,0.,0.008,0.002,0.,0.002,0.008,0.,0.008,0.002,0.,0.002,0.008,0.,0.008,0.002,0.,0.002,0.,0.,0.,0.,0.,0.,0.,0.,0.,0.,0.,0.,0.,0.,0.,0.,0.,0.
464,0.002,0.,0.002,0.008,0.,0.008,0.002,0.,0.002,0.008,0.,0.008,0.002,0.,0.002,0.008,0.,0.008,0.002,0.,0.002,0.,0.,0.,0.,0.,0.,0.,0.,0.,0.,0.,0.,0.,0.,0.,0.,0.,0.
468,0.002,0.,0.002,0.008,0.,0.008,0.002,0.,0.002,0.008,0.,0.008,0.002,0.,0.002,0.008,0.,0.008,0.002,0.,0.002,0.,0.,0.,0.,0.,0.,0.,0.,0.,0.,0.,0.,0.,0.,0.,0.,0.,0.
472,0.002,0.,0.002,0.009,0.,0.009,0.002,0.,0.002,0.009,0.,0.009,0.002,0.,0.002,0.009,0.,0.009,0.002,0.,0.002,0.,0.,0.,0.,0.,0.,0.,0.,0.,0.,0.,0.,0.,0.,0.,0.,0.,0.
476,0.002,0.,0.002,0.007,0.,0.007,0.002,0.,0.002,0.009,0.,0.009,0.002,0.,0.002,0.009,0.,0.009,0.002,0.,0.002,0.,0.,0.,0.,0.,0.,0.,0.,0.,0.,0.,0.,0.,0.,0.,0.,0.,0.
480,0.002,0.,0.002,0.008,0.,0.008,0.002,0.,0.002,0.008,0.,0.008,0.002,0.,0.002,0.008,0.,0.008,0.002,0.,0.002,0.,0.,0.,0.,0.,0.,0.,0.,0.,0.,0.,0.,0.,0.,0.,0.,0.,0.
484,0.002,0.,0.002,0.009,0.,0.009,0.002,0.,0.002,0.008,0.,0.008,0.002,0.,0.002,0.009,0.,0.009,0.002,0.,0.002,0.,0.,0.,0.,0.,0.,0.,0.,0.,0.,0.,0.,0.,0.,0.,0.,0.,0.
488,0.002,0.,0.002,0.008,0.,0.008,0.002,0.,0.002,0.008,0.,0.008,0.002,0.,0.002,0.008,0.,0.008,0.002,0.,0.002,0.,0.,0.,0.,0.,0.,0.,0.,0.,0.,0.,0.,0.,0.,0.,0.,0.,0.
492,0.002,0.,0.002,0.009,0.,0.009,0.002,0.,0.002,0.009,0.,0.009,0.002,0.,0.002,0.008,0.,0.008,0.002,0.,0.002,0.,0.,0.,0.,0.,0.,0.,0.,0.,0.,0.,0.,0.,0.,0.,0.,0.,0.
496,0.002,0.,0.002,0.009,0.,0.009,0.002,0.,0.002,0.009,0.,0.009,0.002,0.,0.002,0.009,0.,0.009,0.002,0.,0.002,0.,0.,0.,0.,0.,0.,0.,0.,0.,0.,0.,0.,0.,0.,0.,0.,0.,0.
500,0.002,0.,0.002,0.008,0.,0.008,0.002,0.,0.002,0.008,0.,0.008,0.002,0.,0.002,0.009,0.,0.009,0.002,0.,0.002,0.,0.,0.,0.,0.,0.,0.,0.,0.,0.,0.,0.,0.,0.,0.,0.,0.,0.
504,0.002,0.,0.002,0.01,0.,0.01,0.002,0.,0.002,0.01,0.,0.01,0.002,0.,0.002,0.01,0.,0.01,0.002,0.,0.002,0.,0.,0.,0.,0.,0.,0.,0.,0.,0.,0.,0.,0.,0.,0.,0.,0.,0.
508,0.002,0.,0.002,0.01,0.,0.01,0.002,0.,0.002,0.009,0.,0.009,0.002,0.,0.002,0.009,0.,0.009,0.002,0.,0.002,0.,0.,0.,0.,0.,0.,0.,0.,0.,0.,0.,0.,0.,0.,0.,0.,0.,0.
512,0.002,0.,0.002,0.01,0.,0.01,0.002,0.,0.002,0.01,0.,0.01,0.002,0.,0.002,0.009,0.,0.009,0.002,0.,0.002,0.,0.,0.,0.,0.,0.,0.,0.,0.,0.,0.,0.,0.,0.,0.,0.,0.,0.
516,0.002,0.001,0.001,0.009,0.,0.009,0.002,0.,0.002,0.008,0.,0.008,0.002,0.,0.002,0.009,0.,0.009,0.002,0.,0.002,0.,0.,0.,0.,0.,0.,0.,0.,0.,0.,0.,0.,0.,0.,0.,0.,0.,0.
520,0.003,0.,0.003,0.009,0.,0.009,0.002,0.,0.002,0.009,0.,0.009,0.002,0.,0.002,0.009,0.,0.009,0.002,0.,0.002,0.,0.,0.,0.,0.,0.,0.,0.,0.,0.,0.,0.,0.,0.,0.,0.,0.,0.
524,0.002,0.,0.002,0.01,0.,0.01,0.002,0.,0.002,0.009,0.,0.009,0.002,0.,0.002,0.01,0.,0.01,0.002,0.,0.002,0.,0.,0.,0.,0.,0.,0.,0.,0.,0.,0.,0.,0.,0.,0.,0.,0.,0.
528,0.002,0.,0.002,0.01,0.,0.01,0.002,0.,0.002,0.01,0.,0.01,0.002,0.,0.002,0.011,0.,0.011,0.002,0.,0.002,0.,0.,0.,0.,0.,0.,0.,0.,0.,0.,0.,0.,0.,0.,0.,0.,0.,0.
532,0.002,0.,0.002,0.01,0.,0.01,0.002,0.,0.002,0.01,0.,0.01,0.002,0.,0.002,0.01,0.,0.01,0.002,0.,0.002,0.,0.,0.,0.,0.,0.,0.,0.,0.,0.,0.,0.,0.,0.,0.,0.,0.,0.
536,0.002,0.,0.002,0.009,0.,0.009,0.002,0.,0.002,0.01,0.,0.01,0.002,0.,0.002,0.011,0.,0.011,0.002,0.,0.002,0.,0.,0.,0.,0.,0.,0.,0.,0.,0.,0.,0.,0.,0.,0.,0.,0.,0.
540,0.002,0.,0.002,0.01,0.,0.01,0.002,0.,0.002,0.009,0.,0.009,0.002,0.,0.002,0.01,0.,0.01,0.002,0.,0.002,0.,0.,0.,0.,0.,0.,0.,0.,0.,0.,0.,0.,0.,0.,0.,0.,0.,0.
544,0.003,0.,0.003,0.01,0.,0.01,0.002,0.,0.002,0.009,0.,0.009,0.002,0.,0.002,0.01,0.,0.01,0.002,0.,0.002,0.,0.,0.,0.,0.,0.,0.,0.,0.,0.,0.,0.,0.,0.,0.,0.,0.,0.
548,0.002,0.,0.002,0.01,0.,0.01,0.002,0.,0.002,0.01,0.,0.01,0.003,0.,0.003,0.01,0.,0.01,0.002,0.,0.002,0.,0.,0.,0.,0.,0.,0.,0.,0.,0.,0.,0.,0.,0.,0.,0.,0.,0.
552,0.002,0.,0.002,0.009,0.,0.009,0.002,0.,0.002,0.01,0.,0.01,0.002,0.,0.002,0.01,0.,0.01,0.003,0.,0.003,0.,0.,0.,0.,0.,0.,0.,0.,0.,0.,0.,0.,0.,0.,0.,0.,0.,0.
556,0.002,0.,0.002,0.011,0.,0.011,0.003,0.,0.003,0.01,0.,0.01,0.003,0.,0.003,0.011,0.,0.011,0.003,0.,0.003,0.,0.,0.,0.,0.,0.,0.,0.,0.,0.,0.,0.,0.,0.,0.,0.,0.,0.
560,0.002,0.,0.002,0.011,0.,0.011,0.003,0.,0.003,0.011,0.,0.011,0.003,0.,0.003,0.01,0.,0.01,0.003,0.,0.003,0.,0.,0.,0.,0.,0.,0.,0.,0.,0.,0.,0.,0.,0.,0.,0.,0.,0.
564,0.003,0.,0.003,0.011,0.,0.011,0.003,0.,0.003,0.01,0.,0.01,0.003,0.,0.003,0.011,0.,0.011,0.003,0.,0.003,0.,0.,0.,0.,0.,0.,0.,0.,0.,0.,0.,0.,0.,0.,0.,0.,0.,0.
568,0.003,0.,0.003,0.011,0.,0.011,0.003,0.,0.003,0.011,0.,0.011,0.003,0.,0.003,0.011,0.,0.011,0.003,0.,0.003,0.,0.,0.,0.,0.,0.,0.,0.,0.,0.,0.,0.,0.,0.,0.,0.,0.,0.
572,0.003,0.,0.003,0.011,0.,0.011,0.003,0.,0.003,0.011,0.,0.011,0.003,0.,0.003,0.011,0.,0.011,0.003,0.,0.003,0.,0.,0.,0.,0.,0.,0.,0.,0.,0.,0.,0.,0.,0.,0.,0.,0.,0.
576,0.003,0.,0.003,0.012,0.,0.012,0.003,0.,0.003,0.011,0.,0.011,0.003,0.,0.003,0.011,0.,0.011,0.003,0.,0.003,0.,0.,0.,0.,0.,0.,0.,0.,0.,0.,0.,0.,0.,0.,0.,0.,0.,0.
580,0.003,0.,0.003,0.011,0.,0.011,0.003,0.,0.003,0.011,0.,0.011,0.003,0.,0.003,0.011,0.,0.011,0.003,0.,0.003,0.,0.,0.,0.,0.,0.,0.,0.,0.,0.,0.,0.,0.,0.,0.,0.,0.,0.
584,0.003,0.,0.003,0.011,0.,0.011,0.003,0.,0.003,0.011,0.,0.011,0.003,0.,0.003,0.012,0.,0.012,0.003,0.,0.003,0.,0.,0.,0.,0.,0.,0.,0.,0.,0.,0.,0.,0.,0.,0.,0.,0.,0.
588,0.003,0.,0.003,0.011,0.,0.011,0.003,0.,0.003,0.011,0.,0.011,0.003,0.,0.003,0.011,0.,0.011,0.003,0.,0.003,0.,0.,0.,0.,0.,0.,0.,0.,0.,0.,0.,0.,0.,0.,0.,0.,0.,0.
592,0.003,0.,0.003,0.011,0.,0.011,0.003,0.,0.003,0.012,0.,0.012,0.003,0.,0.003,0.012,0.,0.012,0.003,0.,0.003,0.,0.,0.,0.,0.,0.,0.,0.,0.,0.,0.,0.,0.,0.,0.,0.,0.,0.
596,0.003,0.,0.003,0.011,0.,0.011,0.003,0.,0.003,0.011,0.,0.011,0.003,0.,0.003,0.011,0.,0.011,0.003,0.,0.003,0.,0.,0.,0.,0.,0.,0.,0.,0.,0.,0.,0.,0.,0.,0.,0.,0.,0.
600,0.003,0.,0.003,0.012,0.,0.012,0.003,0.,0.003,0.013,0.,0.013,0.003,0.,0.003,0.012,0.,0.012,0.003,0.,0.003,0.,0.,0.,0.,0.,0.,0.,0.,0.,0.,0.,0.,0.,0.,0.,0.,0.,0.
604,0.003,0.,0.003,0.012,0.,0.012,0.003,0.,0.003,0.012,0.,0.012,0.003,0.,0.003,0.012,0.,0.012,0.003,0.,0.003,0.,0.,0.,0.,0.,0.,0.,0.,0.,0.,0.,0.,0.,0.,0.,0.,0.,0.
608,0.003,0.,0.003,0.012,0.,0.012,0.003,0.,0.003,0.013,0.,0.013,0.003,0.,0.003,0.013,0.,0.013,0.003,0.,0.003,0.,0.,0.,0.,0.,0.,0.,0.,0.,0.,0.,0.,0.,0.,0.,0.,0.,0.
612,0.003,0.,0.003,0.011,0.,0.011,0.003,0.,0.003,0.012,0.,0.012,0.003,0.,0.003,0.013,0.,0.013,0.003,0.,0.003,0.,0.,0.,0.,0.,0.,0.,0.,0.,0.,0.,0.,0.,0.,0.,0.,0.,0.
616,0.003,0.,0.003,0.013,0.,0.013,0.003,0.,0.003,0.011,0.,0.011,0.003,0.,0.003,0.013,0.,0.013,0.003,0.,0.003,0.,0.,0.,0.,0.,0.,0.,0.,0.,0.,0.,0.,0.,0.,0.,0.,0.,0.
620,0.003,0.,0.003,0.011,0.,0.011,0.003,0.,0.003,0.013,0.,0.013,0.003,0.,0.003,0.013,0.,0.013,0.003,0.,0.003,0.,0.,0.,0.,0.,0.,0.,0.,0.,0.,0.,0.,0.,0.,0.,0.,0.,0.
624,0.003,0.,0.003,0.014,0.,0.014,0.003,0.,0.003,0.013,0.,0.013,0.003,0.,0.003,0.013,0.,0.013,0.003,0.,0.003,0.,0.,0.,0.,0.,0.,0.,0.,0.,0.,0.,0.,0.,0.,0.,0.,0.,0.
628,0.003,0.,0.003,0.013,0.,0.013,0.003,0.,0.003,0.013,0.,0.013,0.003,0.,0.003,0.013,0.,0.013,0.003,0.,0.003,0.,0.,0.,0.,0.,0.,0.,0.,0.,0.,0.,0.,0.,0.,0.,0.,0.,0.
632,0.003,0.,0.003,0.012,0.,0.012,0.003,0.,0.003,0.014,0.,0.014,0.003,0.,0.003,0.013,0.,0.013,0.003,0.,0.003,0.,0.,0.,0.,0.,0.,0.,0.,0.,0.,0.,0.,0.,0.,0.,0.,0.,0.
636,0.003,0.,0.003,0.014,0.,0.014,0.003,0.,0.003,0.014,0.,0.014,0.003,0.,0.003,0.013,0.,0.013,0.003,0.,0.003,0.,0.,0.,0.,0.,0.,0.,0.,0.,0.,0.,0.,0.,0.,0.,0.,0.,0.
640,0.003,0.,0.003,0.014,0.,0.014,0.003,0.,0.003,0.014,0.,0.014,0.003,0.,0.003,0.013,0.,0.013,0.003,0.,0.003,0.,0.,0.,0.,0.,0.,0.,0.,0.,0.,0.,0.,0.,0.,0.,0.,0.,0.
644,0.003,0.,0.003,0.013,0.,0.013,0.003,0.,0.003,0.012,0.,0.012,0.003,0.,0.003,0.014,0.,0.014,0.003,0.,0.003,0.,0.,0.,0.,0.,0.,0.,0.,0.,0.,0.,0.,0.,0.,0.,0.,0.,0.
648,0.003,0.,0.003,0.014,0.,0.014,0.003,0.,0.003,0.012,0.,0.012,0.003,0.,0.003,0.012,0.,0.012,0.003,0.,0.003,0.,0.,0.,0.,0.,0.,0.,0.,0.,0.,0.,0.,0.,0.,0.,0.,0.,0.
652,0.003,0.,0.003,0.014,0.,0.014,0.003,0.,0.003,0.014,0.,0.014,0.003,0.,0.003,0.014,0.,0.014,0.003,0.,0.003,0.,0.,0.,0.,0.,0.,0.,0.,0.,0.,0.,0.,0.,0.,0.,0.,0.,0.
656,0.003,0.,0.003,0.014,0.,0.014,0.003,0.,0.003,0.013,0.,0.013,0.003,0.,0.003,0.014,0.,0.014,0.003,0.,0.003,0.,0.,0.,0.,0.,0.,0.,0.,0.,0.,0.,0.,0.,0.,0.,0.,0.,0.
660,0.003,0.,0.003,0.015,0.,0.015,0.003,0.,0.003,0.015,0.,0.015,0.003,0.,0.003,0.015,0.,0.015,0.003,0.,0.003,0.,0.,0.,0.,0.,0.,0.,0.,0.,0.,0.,0.,0.,0.,0.,0.,0.,0.
664,0.003,0.,0.003,0.015,0.,0.015,0.003,0.,0.003,0.014,0.,0.014,0.003,0.,0.003,0.014,0.,0.014,0.003,0.,0.003,0.,0.,0.,0.,0.,0.,0.,0.,0.,0.,0.,0.,0.,0.,0.,0.,0.,0.
668,0.003,0.,0.003,0.015,0.,0.015,0.003,0.,0.003,0.015,0.,0.015,0.003,0.,0.003,0.015,0.,0.015,0.003,0.,0.003,0.,0.,0.,0.,0.,0.,0.,0.,0.,0.,0.,0.,0.,0.,0.,0.,0.,0.
672,0.003,0.,0.003,0.013,0.,0.013,0.003,0.,0.003,0.015,0.,0.015,0.003,0.003,0.,0.015,0.,0.015,0.003,0.,0.003,0.,0.,0.,0.,0.,0.,0.,0.,0.,0.,0.,0.,0.,0.,0.,0.,0.,0.
676,0.003,0.,0.003,0.015,0.,0.015,0.003,0.,0.003,0.014,0.,0.014,0.003,0.,0.003,0.014,0.,0.014,0.003,0.,0.003,0.,0.,0.,0.,0.,0.,0.,0.,0.,0.,0.,0.,0.,0.,0.,0.,0.,0.
680,0.003,0.,0.003,0.015,0.,0.015,0.003,0.,0.003,0.014,0.,0.014,0.003,0.,0.003,0.015,0.,0.015,0.003,0.,0.003,0.,0.,0.,0.,0.,0.,0.,0.,0.,0.,0.,0.,0.,0.,0.,0.,0.,0.
684,0.003,0.,0.003,0.016,0.,0.016,0.003,0.,0.003,0.014,0.,0.014,0.003,0.,0.003,0.014,0.,0.014,0.003,0.,0.003,0.,0.,0.,0.,0.,0.,0.,0.,0.,0.,0.,0.,0.,0.,0.,0.,0.,0.
688,0.003,0.,0.003,0.016,0.,0.016,0.003,0.,0.003,0.015,0.,0.015,0.003,0.,0.003,0.015,0.,0.015,0.003,0.,0.003,0.,0.,0.,0.,0.,0.,0.,0.,0.,0.,0.,0.,0.,0.,0.,0.,0.,0.
692,0.003,0.,0.003,0.016,0.,0.016,0.003,0.,0.003,0.015,0.,0.015,0.003,0.,0.003,0.015,0.,0.015,0.003,0.,0.003,0.,0.,0.,0.,0.,0.,0.,0.,0.,0.,0.,0.,0.,0.,0.,0.,0.,0.
696,0.003,0.,0.003,0.016,0.,0.016,0.003,0.,0.003,0.015,0.,0.015,0.003,0.,0.003,0.015,0.,0.015,0.004,0.,0.004,0.,0.,0.,0.,0.,0.,0.,0.,0.,0.,0.,0.,0.,0.,0.,0.,0.,0.
700,0.003,0.,0.003,0.015,0.,0.015,0.003,0.,0.003,0.016,0.,0.016,0.003,0.,0.003,0.016,0.,0.016,0.003,0.,0.003,0.,0.,0.,0.,0.,0.,0.,0.,0.,0.,0.,0.,0.,0.,0.,0.,0.,0.
704,0.003,0.,0.003,0.017,0.,0.017,0.004,0.,0.004,0.016,0.,0.016,0.003,0.,0.003,0.015,0.,0.015,0.003,0.,0.003,0.,0.,0.,0.,0.,0.,0.,0.,0.,0.,0.,0.,0.,0.,0.,0.,0.,0.
708,0.003,0.,0.003,0.015,0.,0.015,0.003,0.,0.003,0.017,0.,0.017,0.003,0.,0.003,0.015,0.,0.015,0.003,0.,0.003,0.,0.,0.,0.,0.,0.,0.,0.,0.,0.,0.,0.,0.,0.,0.,0.,0.,0.
712,0.003,0.,0.003,0.017,0.,0.017,0.003,0.,0.003,0.016,0.,0.016,0.003,0.,0.003,0.016,0.,0.016,0.003,0.,0.003,0.,0.,0.,0.,0.,0.,0.,0.,0.,0.,0.,0.,0.,0.,0.,0.,0.,0.
716,0.003,0.,0.003,0.018,0.,0.018,0.003,0.,0.003,0.016,0.,0.016,0.003,0.,0.003,0.016,0.,0.016,0.003,0.,0.003,0.,0.,0.,0.,0.,0.,0.,0.,0.,0.,0.,0.,0.,0.,0.,0.,0.,0.
720,0.003,0.,0.003,0.016,0.,0.016,0.003,0.,0.003,0.016,0.,0.016,0.003,0.,0.003,0.015,0.,0.015,0.003,0.,0.003,0.,0.,0.,0.,0.,0.,0.,0.,0.,0.,0.,0.,0.,0.,0.,0.,0.,0.
724,0.003,0.,0.003,0.017,0.,0.017,0.003,0.,0.003,0.018,0.,0.018,0.003,0.,0.003,0.017,0.,0.017,0.003,0.,0.003,0.,0.,0.,0.,0.,0.,0.,0.,0.,0.,0.,0.,0.,0.,0.,0.,0.,0.
728,0.003,0.,0.003,0.017,0.,0.017,0.003,0.,0.003,0.017,0.,0.017,0.003,0.,0.003,0.017,0.,0.017,0.003,0.,0.003,0.,0.,0.,0.,0.,0.,0.,0.,0.,0.,0.,0.,0.,0.,0.,0.,0.,0.
732,0.003,0.,0.003,0.019,0.,0.019,0.003,0.,0.003,0.018,0.,0.018,0.003,0.,0.003,0.016,0.,0.016,0.004,0.,0.004,0.,0.,0.,0.,0.,0.,0.,0.,0.,0.,0.,0.,0.,0.,0.,0.,0.,0.
736,0.003,0.,0.003,0.017,0.,0.017,0.003,0.,0.003,0.017,0.,0.017,0.004,0.,0.004,0.018,0.,0.018,0.003,0.,0.003,0.,0.,0.,0.,0.,0.,0.,0.,0.,0.,0.,0.,0.,0.,0.,0.,0.,0.
740,0.004,0.,0.004,0.016,0.,0.016,0.003,0.,0.003,0.017,0.,0.017,0.003,0.,0.003,0.017,0.,0.017,0.004,0.,0.004,0.,0.,0.,0.,0.,0.,0.,0.,0.,0.,0.,0.,0.,0.,0.,0.,0.,0.
744,0.003,0.,0.003,0.018,0.,0.018,0.003,0.,0.003,0.017,0.,0.017,0.003,0.,0.003,0.014,0.,0.014,0.004,0.,0.004,0.,0.,0.,0.,0.,0.,0.,0.,0.,0.,0.,0.,0.,0.,0.,0.,0.,0.
748,0.003,0.,0.003,0.019,0.,0.019,0.003,0.,0.003,0.02,0.,0.02,0.004,0.,0.004,0.017,0.,0.017,0.003,0.003,0.,0.,0.,0.,0.,0.,0.,0.,0.,0.,0.,0.,0.,0.,0.,0.,0.,0.,0.
752,0.003,0.,0.003,0.019,0.,0.019,0.004,0.,0.004,0.017,0.,0.017,0.004,0.,0.004,0.017,0.,0.017,0.004,0.,0.004,0.,0.,0.,0.,0.,0.,0.,0.,0.,0.,0.,0.,0.,0.,0.,0.,0.,0.
756,0.003,0.,0.003,0.016,0.,0.016,0.004,0.,0.004,0.018,0.,0.018,0.004,0.,0.004,0.018,0.,0.018,0.004,0.,0.004,0.,0.,0.,0.,0.,0.,0.,0.,0.,0.,0.,0.,0.,0.,0.,0.,0.,0.
760,0.004,0.,0.004,0.018,0.,0.018,0.004,0.,0.004,0.017,0.,0.017,0.004,0.,0.004,0.016,0.,0.016,0.004,0.,0.004,0.,0.,0.,0.,0.,0.,0.,0.,0.,0.,0.,0.,0.,0.,0.,0.,0.,0.
764,0.004,0.,0.004,0.021,0.,0.021,0.004,0.,0.004,0.02,0.,0.02,0.004,0.,0.004,0.02,0.,0.02,0.004,0.,0.004,0.,0.,0.,0.,0.,0.,0.,0.,0.,0.,0.,0.,0.,0.,0.,0.,0.,0.
768,0.004,0.,0.004,0.019,0.,0.019,0.004,0.,0.004,0.018,0.,0.018,0.004,0.,0.004,0.018,0.,0.018,0.004,0.,0.004,0.,0.,0.,0.,0.,0.,0.,0.,0.,0.,0.,0.,0.,0.,0.,0.,0.,0.
772,0.004,0.,0.004,0.018,0.,0.018,0.004,0.,0.004,0.018,0.,0.018,0.004,0.,0.004,0.018,0.,0.018,0.004,0.,0.004,0.,0.,0.,0.,0.,0.,0.,0.,0.,0.,0.,0.,0.,0.,0.,0.,0.,0.
776,0.004,0.,0.004,0.021,0.,0.021,0.004,0.,0.004,0.021,0.,0.021,0.004,0.,0.004,0.02,0.,0.02,0.004,0.,0.004,0.,0.,0.,0.,0.,0.,0.,0.,0.,0.,0.,0.,0.,0.,0.,0.,0.,0.
780,0.004,0.,0.004,0.019,0.,0.019,0.004,0.,0.004,0.02,0.,0.02,0.004,0.,0.004,0.021,0.,0.021,0.004,0.,0.004,0.,0.,0.,0.,0.,0.,0.,0.,0.,0.,0.,0.,0.,0.,0.,0.,0.,0.
784,0.004,0.,0.004,0.018,0.,0.018,0.004,0.,0.004,0.021,0.,0.021,0.004,0.,0.004,0.018,0.,0.018,0.004,0.,0.004,0.,0.,0.,0.,0.,0.,0.,0.,0.,0.,0.,0.,0.,0.,0.,0.,0.,0.
788,0.004,0.,0.004,0.02,0.,0.02,0.004,0.,0.004,0.016,0.,0.016,0.004,0.,0.004,0.018,0.,0.018,0.004,0.,0.004,0.,0.,0.,0.,0.,0.,0.,0.,0.,0.,0.,0.,0.,0.,0.,0.,0.,0.
792,0.004,0.,0.004,0.021,0.,0.021,0.004,0.,0.004,0.022,0.,0.022,0.004,0.,0.004,0.022,0.,0.022,0.004,0.,0.004,0.,0.,0.,0.,0.,0.,0.,0.,0.,0.,0.,0.,0.,0.,0.,0.,0.,0.
796,0.004,0.,0.004,0.02,0.,0.02,0.004,0.,0.004,0.019,0.,0.019,0.004,0.,0.004,0.021,0.,0.021,0.004,0.,0.004,0.,0.,0.,0.,0.,0.,0.,0.,0.,0.,0.,0.,0.,0.,0.,0.,0.,0.
800,0.004,0.,0.004,0.019,0.,0.019,0.004,0.,0.004,0.019,0.,0.019,0.004,0.,0.004,0.018,0.,0.018,0.004,0.,0.004,0.,0.,0.,0.,0.,0.,0.,0.,0.,0.,0.,0.,0.,0.,0.,0.,0.,0.
804,0.004,0.,0.004,0.02,0.,0.02,0.004,0.,0.004,0.022,0.,0.022,0.004,0.,0.004,0.02,0.,0.02,0.004,0.,0.004,0.,0.,0.,0.,0.,0.,0.,0.,0.,0.,0.,0.,0.,0.,0.,0.,0.,0.
808,0.004,0.,0.004,0.021,0.,0.021,0.004,0.,0.004,0.02,0.,0.02,0.004,0.,0.004,0.019,0.,0.019,0.004,0.,0.004,0.,0.,0.,0.,0.,0.,0.,0.,0.,0.,0.,0.,0.,0.,0.,0.,0.,0.
812,0.004,0.,0.004,0.021,0.,0.021,0.004,0.,0.004,0.019,0.,0.019,0.004,0.,0.004,0.019,0.,0.019,0.004,0.,0.004,0.,0.,0.,0.,0.,0.,0.,0.,0.,0.,0.,0.,0.,0.,0.,0.,0.,0.
816,0.004,0.,0.004,0.02,0.,0.02,0.004,0.,0.004,0.019,0.,0.019,0.004,0.,0.004,0.02,0.,0.02,0.004,0.,0.004,0.,0.,0.,0.,0.,0.,0.,0.,0.,0.,0.,0.,0.,0.,0.,0.,0.,0.
820,0.004,0.,0.004,0.017,0.,0.017,0.004,0.,0.004,0.021,0.,0.021,0.004,0.,0.004,0.021,0.,0.021,0.004,0.,0.004,0.,0.,0.,0.,0.,0.,0.,0.,0.,0.,0.,0.,0.,0.,0.,0.,0.,0.
824,0.004,0.,0.004,0.021,0.,0.021,0.004,0.,0.004,0.019,0.,0.019,0.004,0.,0.004,0.021,0.,0.021,0.004,0.,0.004,0.,0.,0.,0.,0.,0.,0.,0.,0.,0.,0.,0.,0.,0.,0.,0.,0.,0.
828,0.004,0.,0.004,0.02,0.,0.02,0.004,0.,0.004,0.017,0.,0.017,0.004,0.,0.004,0.019,0.,0.019,0.004,0.,0.004,0.,0.,0.,0.,0.,0.,0.,0.,0.,0.,0.,0.,0.,0.,0.,0.,0.,0.
832,0.004,0.,0.004,0.021,0.,0.021,0.004,0.,0.004,0.022,0.,0.022,0.004,0.,0.004,0.021,0.,0.021,0.004,0.,0.004,0.,0.,0.,0.,0.,0.,0.,0.,0.,0.,0.,0.,0.,0.,0.,0.,0.,0.
836,0.004,0.,0.004,0.021,0.,0.021,0.004,0.,0.004,0.02,0.,0.02,0.004,0.,0.004,0.019,0.,0.019,0.004,0.,0.004,0.,0.,0.,0.,0.,0.,0.,0.,0.,0.,0.,0.,0.,0.,0.,0.,0.,0.
840,0.004,0.,0.004,0.022,0.,0.022,0.004,0.,0.004,0.021,0.,0.021,0.004,0.,0.004,0.022,0.,0.022,0.004,0.,0.004,0.,0.,0.,0.,0.,0.,0.,0.,0.,0.,0.,0.,0.,0.,0.,0.,0.,0.
844,0.004,0.,0.004,0.022,0.,0.022,0.005,0.,0.005,0.022,0.,0.022,0.004,0.,0.004,0.022,0.,0.022,0.004,0.,0.004,0.,0.,0.,0.,0.,0.,0.,0.,0.,0.,0.,0.,0.,0.,0.,0.,0.,0.
848,0.004,0.,0.004,0.022,0.,0.022,0.004,0.,0.004,0.022,0.,0.022,0.004,0.,0.004,0.021,0.,0.021,0.004,0.,0.004,0.,0.,0.,0.,0.,0.,0.,0.,0.,0.,0.,0.,0.,0.,0.,0.,0.,0.
852,0.004,0.,0.004,0.021,0.,0.021,0.004,0.,0.004,0.021,0.,0.021,0.004,0.,0.004,0.02,0.,0.02,0.004,0.,0.004,0.,0.,0.,0.,0.,0.,0.,0.,0.,0.,0.,0.,0.,0.,0.,0.,0.,0.
856,0.004,0.,0.004,0.023,0.,0.023,0.005,0.,0.005,0.023,0.,0.023,0.004,0.,0.004,0.019,0.,0.019,0.004,0.,0.004,0.,0.,0.,0.,0.,0.,0.,0.,0.,0.,0.,0.,0.,0.,0.,0.,0.,0.
860,0.004,0.,0.004,0.022,0.,0.022,0.004,0.,0.004,0.024,0.,0.024,0.004,0.,0.004,0.022,0.,0.022,0.004,0.,0.004,0.,0.,0.,0.,0.,0.,0.,0.,0.,0.,0.,0.,0.,0.,0.,0.,0.,0.
864,0.004,0.,0.004,0.022,0.,0.022,0.004,0.,0.004,0.022,0.,0.022,0.004,0.,0.004,0.022,0.,0.022,0.004,0.,0.004,0.,0.,0.,0.,0.,0.,0.,0.,0.,0.,0.,0.,0.,0.,0.,0.,0.,0.
868,0.004,0.,0.004,0.022,0.,0.022,0.005,0.,0.005,0.02,0.,0.02,0.004,0.,0.004,0.022,0.,0.022,0.004,0.,0.004,0.,0.,0.,0.,0.,0.,0.,0.,0.,0.,0.,0.,0.,0.,0.,0.,0.,0.
872,0.004,0.,0.004,0.024,0.,0.024,0.004,0.,0.004,0.023,0.,0.023,0.004,0.,0.004,0.022,0.,0.022,0.004,0.,0.004,0.,0.,0.,0.,0.,0.,0.,0.,0.,0.,0.,0.,0.,0.,0.,0.,0.,0.
876,0.004,0.,0.004,0.023,0.,0.023,0.004,0.,0.004,0.023,0.,0.023,0.004,0.,0.004,0.021,0.,0.021,0.004,0.,0.004,0.,0.,0.,0.,0.,0.,0.,0.,0.,0.,0.,0.,0.,0.,0.,0.,0.,0.
880,0.005,0.,0.005,0.023,0.003,0.02,0.004,0.,0.004,0.022,0.,0.022,0.004,0.,0.004,0.022,0.,0.022,0.004,0.,0.004,0.,0.,0.,0.,0.,0.,0.,0.,0.,0.,0.,0.,0.,0.,0.,0.,0.,0.
884,0.004,0.,0.004,0.025,0.,0.025,0.004,0.,0.004,0.022,0.,0.022,0.004,0.,0.004,0.022,0.,0.022,0.004,0.,0.004,0.,0.,0.,0.,0.,0.,0.,0.,0.,0.,0.,0.,0.,0.,0.,0.,0.,0.
888,0.004,0.,0.004,0.023,0.,0.023,0.004,0.,0.004,0.025,0.,0.025,0.004,0.,0.004,0.021,0.,0.021,0.004,0.,0.004,0.,0.,0.,0.,0.,0.,0.,0.,0.,0.,0.,0.,0.,0.,0.,0.,0.,0.
892,0.005,0.,0.005,0.022,0.,0.022,0.004,0.,0.004,0.022,0.,0.022,0.004,0.,0.004,0.024,0.,0.024,0.004,0.,0.004,0.,0.,0.,0.,0.,0.,0.,0.,0.,0.,0.,0.,0.,0.,0.,0.,0.,0.
896,0.004,0.,0.004,0.024,0.,0.024,0.004,0.,0.004,0.026,0.,0.026,0.004,0.,0.004,0.023,0.,0.023,0.004,0.,0.004,0.,0.,0.,0.,0.,0.,0.,0.,0.,0.,0.,0.,0.,0.,0.,0.,0.,0.
900,0.004,0.,0.004,0.025,0.,0.025,0.005,0.,0.005,0.025,0.,0.025,0.004,0.,0.004,0.025,0.,0.025,0.004,0.,0.004,0.,0.,0.,0.,0.,0.,0.,0.,0.,0.,0.,0.,0.,0.,0.,0.,0.,0.
904,0.004,0.,0.004,0.027,0.,0.027,0.004,0.,0.004,0.024,0.,0.024,0.004,0.,0.004,0.024,0.,0.024,0.004,0.,0.004,0.,0.,0.,0.,0.,0.,0.,0.,0.,0.,0.,0.,0.,0.,0.,0.,0.,0.
908,0.004,0.,0.004,0.025,0.,0.025,0.004,0.,0.004,0.025,0.,0.025,0.004,0.,0.004,0.025,0.,0.025,0.005,0.,0.005,0.,0.,0.,0.,0.,0.,0.,0.,0.,0.,0.,0.,0.,0.,0.,0.,0.,0.
912,0.005,0.,0.005,0.026,0.,0.026,0.004,0.,0.004,0.022,0.,0.022,0.004,0.,0.004,0.026,0.,0.026,0.005,0.,0.005,0.,0.,0.,0.,0.,0.,0.,0.,0.,0.,0.,0.,0.,0.,0.,0.,0.,0.
916,0.004,0.,0.004,0.024,0.,0.024,0.004,0.,0.004,0.026,0.,0.026,0.005,0.,0.005,0.023,0.,0.023,0.004,0.,0.004,0.,0.,0.,0.,0.,0.,0.,0.,0.,0.,0.,0.,0.,0.,0.,0.,0.,0.
920,0.004,0.,0.004,0.025,0.,0.025,0.005,0.,0.005,0.026,0.,0.026,0.004,0.,0.004,0.026,0.,0.026,0.004,0.,0.004,0.,0.,0.,0.,0.,0.,0.,0.,0.,0.,0.,0.,0.,0.,0.,0.,0.,0.
924,0.004,0.,0.004,0.027,0.,0.027,0.005,0.,0.005,0.024,0.,0.024,0.005,0.,0.005,0.024,0.,0.024,0.004,0.,0.004,0.,0.,0.,0.,0.,0.,0.,0.,0.,0.,0.,0.,0.,0.,0.,0.,0.,0.
928,0.004,0.,0.004,0.026,0.,0.026,0.004,0.,0.004,0.025,0.,0.025,0.005,0.,0.005,0.024,0.,0.024,0.004,0.,0.004,0.,0.,0.,0.,0.,0.,0.,0.,0.,0.,0.,0.,0.,0.,0.,0.,0.,0.
932,0.004,0.,0.004,0.027,0.,0.027,0.005,0.,0.005,0.024,0.,0.024,0.005,0.,0.005,0.026,0.,0.026,0.005,0.,0.005,0.,0.,0.,0.,0.,0.,0.,0.,0.,0.,0.,0.,0.,0.,0.,0.,0.,0.
936,0.004,0.,0.004,0.025,0.,0.025,0.005,0.,0.005,0.026,0.,0.026,0.005,0.,0.005,0.026,0.,0.026,0.005,0.,0.005,0.,0.,0.,0.,0.,0.,0.,0.,0.,0.,0.,0.,0.,0.,0.,0.,0.,0.
940,0.004,0.,0.004,0.025,0.002,0.023,0.005,0.,0.005,0.026,0.,0.026,0.005,0.,0.005,0.025,0.,0.025,0.005,0.,0.005,0.,0.,0.,0.,0.,0.,0.,0.,0.,0.,0.,0.,0.,0.,0.,0.,0.,0.
944,0.005,0.,0.005,0.027,0.,0.027,0.005,0.,0.005,0.025,0.,0.025,0.005,0.,0.005,0.026,0.,0.026,0.005,0.,0.005,0.,0.,0.,0.,0.,0.,0.,0.,0.,0.,0.,0.,0.,0.,0.,0.,0.,0.
948,0.005,0.,0.005,0.025,0.,0.025,0.005,0.,0.005,0.025,0.,0.025,0.005,0.,0.005,0.025,0.,0.025,0.005,0.,0.005,0.,0.,0.,0.,0.,0.,0.,0.,0.,0.,0.,0.,0.,0.,0.,0.,0.,0.
952,0.005,0.,0.005,0.027,0.,0.027,0.005,0.,0.005,0.026,0.,0.026,0.005,0.,0.005,0.025,0.,0.025,0.005,0.,0.005,0.,0.,0.,0.,0.,0.,0.,0.,0.,0.,0.,0.,0.,0.,0.,0.,0.,0.
956,0.005,0.,0.005,0.027,0.,0.027,0.005,0.,0.005,0.021,0.,0.021,0.005,0.,0.005,0.023,0.,0.023,0.005,0.,0.005,0.,0.,0.,0.,0.,0.,0.,0.,0.,0.,0.,0.,0.,0.,0.,0.,0.,0.
960,0.005,0.,0.005,0.025,0.,0.025,0.005,0.,0.005,0.025,0.,0.025,0.005,0.,0.005,0.024,0.,0.024,0.005,0.,0.005,0.,0.,0.,0.,0.,0.,0.,0.,0.,0.,0.,0.,0.,0.,0.,0.,0.,0.
964,0.005,0.,0.005,0.027,0.,0.027,0.005,0.,0.005,0.027,0.,0.027,0.005,0.,0.005,0.027,0.,0.027,0.005,0.,0.005,0.,0.,0.,0.,0.,0.,0.,0.,0.,0.,0.,0.,0.,0.,0.,0.,0.,0.
968,0.005,0.,0.005,0.031,0.,0.031,0.005,0.,0.005,0.027,0.,0.027,0.005,0.,0.005,0.026,0.,0.026,0.005,0.,0.005,0.,0.,0.,0.,0.,0.,0.,0.,0.,0.,0.,0.,0.,0.,0.,0.,0.,0.
972,0.005,0.,0.005,0.028,0.,0.028,0.005,0.,0.005,0.027,0.,0.027,0.005,0.,0.005,0.027,0.,0.027,0.005,0.,0.005,0.,0.,0.,0.,0.,0.,0.,0.,0.,0.,0.,0.,0.,0.,0.,0.,0.,0.
976,0.005,0.,0.005,0.027,0.,0.026,0.005,0.,0.005,0.026,0.,0.026,0.005,0.,0.005,0.028,0.,0.028,0.005,0.,0.005,0.,0.,0.,0.,0.,0.,0.,0.,0.,0.,0.,0.,0.,0.,0.,0.,0.,0.
980,0.005,0.,0.005,0.031,0.,0.031,0.005,0.,0.005,0.029,0.,0.029,0.005,0.,0.005,0.027,0.,0.027,0.005,0.,0.005,0.,0.,0.,0.,0.,0.,0.,0.,0.,0.,0.,0.,0.,0.,0.,0.,0.,0.
984,0.005,0.,0.005,0.032,0.,0.032,0.005,0.,0.005,0.033,0.,0.033,0.005,0.,0.005,0.032,0.,0.032,0.005,0.,0.005,0.,0.,0.,0.,0.,0.,0.,0.,0.,0.,0.,0.,0.,0.,0.,0.,0.,0.
988,0.005,0.,0.005,0.032,0.,0.032,0.005,0.,0.005,0.033,0.,0.033,0.005,0.,0.005,0.029,0.,0.029,0.005,0.,0.005,0.,0.,0.,0.,0.,0.,0.,0.,0.,0.,0.,0.,0.,0.,0.,0.,0.,0.
992,0.005,0.,0.005,0.027,0.,0.027,0.005,0.,0.005,0.027,0.,0.027,0.005,0.,0.005,0.028,0.,0.028,0.005,0.,0.005,0.,0.,0.,0.,0.,0.,0.,0.,0.,0.,0.,0.,0.,0.,0.,0.,0.,0.
996,0.005,0.,0.005,0.028,0.,0.028,0.005,0.,0.005,0.028,0.,0.028,0.005,0.,0.005,0.027,0.,0.027,0.005,0.,0.005,0.,0.,0.,0.,0.,0.,0.,0.,0.,0.,0.,0.,0.,0.,0.,0.,0.,0.
1000,0.005,0.,0.005,0.028,0.,0.028,0.005,0.,0.005,0.028,0.,0.028,0.005,0.,0.005,0.028,0.,0.028,0.005,0.,0.005,0.,0.,0.,0.,0.,0.,0.,0.,0.,0.,0.,0.,0.,0.,0.,0.,0.,0.
1100,0.005,0.,0.005,0.037,0.,0.037,0.006,0.,0.006,0.032,0.,0.032,0.005,0.,0.005,0.035,0.,0.035,0.005,0.,0.005,0.,0.,0.,0.,0.,0.,0.,0.,0.,0.,0.,0.,0.,0.,0.,0.,0.,0.
1200,0.006,0.,0.006,0.039,0.,0.038,0.006,0.,0.006,0.038,0.,0.038,0.006,0.,0.006,0.036,0.,0.036,0.006,0.,0.006,0.,0.,0.,0.,0.,0.,0.,0.,0.,0.,0.,0.,0.,0.,0.,0.,0.,0.
1300,0.006,0.,0.006,0.045,0.,0.045,0.007,0.,0.007,0.041,0.,0.041,0.007,0.,0.007,0.047,0.,0.047,0.006,0.,0.006,0.,0.,0.,0.,0.,0.,0.,0.,0.,0.,0.,0.,0.,0.,0.,0.,0.,0.
1400,0.007,0.,0.007,0.054,0.,0.054,0.007,0.,0.007,0.05,0.,0.05,0.007,0.,0.007,0.054,0.,0.054,0.007,0.,0.007,0.,0.,0.,0.,0.,0.,0.,0.,0.,0.,0.,0.,0.,0.,0.,0.,0.,0.
1500,0.008,0.,0.008,0.062,0.,0.062,0.008,0.,0.008,0.051,0.,0.051,0.008,0.,0.008,0.061,0.,0.061,0.008,0.,0.008,0.,0.,0.,0.,0.,0.,0.,0.,0.,0.,0.,0.,0.,0.,0.,0.,0.,0.
1600,0.008,0.,0.008,0.065,0.,0.065,0.008,0.,0.008,0.065,0.,0.065,0.008,0.,0.008,0.06,0.,0.06,0.009,0.,0.009,0.,0.,0.,0.,0.,0.,0.,0.,0.,0.,0.,0.,0.,0.,0.,0.,0.,0.
1700,0.008,0.,0.008,0.063,0.,0.063,0.009,0.,0.009,0.07,0.,0.07,0.009,0.,0.009,0.069,0.,0.069,0.009,0.,0.009,0.,0.,0.,0.,0.,0.,0.,0.,0.,0.,0.,0.,0.,0.,0.,0.,0.,0.
1800,0.009,0.,0.009,0.082,0.,0.082,0.009,0.,0.009,0.081,0.,0.081,0.009,0.,0.009,0.084,0.,0.084,0.009,0.,0.009,0.,0.,0.,0.,0.,0.,0.,0.,0.,0.,0.,0.,0.,0.,0.,0.,0.,0.
1900,0.009,0.,0.009,0.098,0.,0.098,0.01,0.,0.01,0.085,0.,0.085,0.01,0.,0.01,0.09,0.,0.09,0.01,0.,0.01,0.,0.,0.,0.,0.,0.,0.,0.,0.,0.,0.,0.,0.,0.,0.,0.,0.,0.
2000,0.01,0.,0.01,0.106,0.,0.106,0.01,0.,0.01,0.104,0.003,0.1,0.01,0.,0.01,0.105,0.,0.105,0.01,0.,0.01,0.,0.,0.,0.,0.,0.,0.,0.,0.,0.,0.,0.,0.,0.,0.,0.,0.,0.
2100,0.011,0.,0.011,0.096,0.,0.096,0.011,0.,0.011,0.095,0.,0.095,0.012,0.,0.012,0.112,0.,0.112,0.011,0.,0.011,0.,0.,0.,0.,0.,0.,0.,0.,0.,0.,0.,0.,0.,0.,0.,0.,0.,0.
2200,0.011,0.,0.011,0.122,0.,0.122,0.011,0.,0.011,0.116,0.,0.115,0.011,0.,0.011,0.116,0.,0.116,0.011,0.,0.011,0.,0.,0.,0.,0.,0.,0.,0.,0.,0.,0.,0.,0.,0.,0.,0.,0.,0.
2300,0.012,0.,0.012,0.137,0.,0.137,0.012,0.,0.012,0.128,0.,0.128,0.012,0.,0.012,0.134,0.,0.134,0.012,0.,0.012,0.,0.,0.,0.,0.,0.,0.,0.,0.,0.,0.,0.,0.,0.,0.,0.,0.,0.
2400,0.012,0.,0.012,0.147,0.,0.147,0.013,0.,0.013,0.148,0.,0.148,0.012,0.,0.012,0.131,0.,0.131,0.012,0.,0.012,0.,0.,0.,0.,0.,0.,0.,0.,0.,0.,0.,0.,0.,0.,0.,0.,0.,0.
2500,0.013,0.,0.013,0.151,0.,0.151,0.013,0.,0.013,0.149,0.,0.149,0.013,0.,0.013,0.151,0.,0.151,0.013,0.,0.013,0.,0.,0.,0.,0.,0.,0.,0.,0.,0.,0.,0.,0.,0.,0.,0.,0.,0.
2600,0.013,0.,0.013,0.171,0.,0.171,0.014,0.,0.014,0.163,0.,0.163,0.015,0.,0.015,0.155,0.,0.155,0.013,0.,0.013,0.001,0.,0.001,0.,0.,0.,0.,0.,0.,0.,0.,0.,0.,0.,0.,0.,0.,0.
2700,0.014,0.,0.014,0.178,0.,0.178,0.014,0.,0.014,0.181,0.,0.181,0.017,0.,0.017,0.181,0.,0.181,0.014,0.,0.014,0.001,0.,0.001,0.001,0.,0.001,0.,0.,0.,0.,0.,0.,0.,0.,0.,0.,0.,0.
2800,0.014,0.,0.014,0.192,0.,0.192,0.016,0.,0.016,0.194,0.,0.194,0.015,0.,0.015,0.209,0.,0.209,0.015,0.,0.015,0.001,0.,0.001,0.001,0.,0.001,0.,0.,0.,0.,0.,0.,0.001,0.,0.001,0.,0.,0.
2900,0.015,0.,0.015,0.212,0.,0.212,0.015,0.,0.015,0.206,0.,0.206,0.015,0.,0.015,0.195,0.,0.195,0.016,0.,0.016,0.001,0.,0.001,0.001,0.,0.001,0.,0.,0.,0.,0.,0.,0.,0.,0.,0.,0.,0.
3000,0.015,0.,0.015,0.23,0.,0.23,0.016,0.,0.016,0.229,0.,0.229,0.017,0.003,0.013,0.236,0.,0.236,0.016,0.,0.016,0.001,0.,0.001,0.001,0.,0.001,0.,0.,0.,0.,0.,0.,0.001,0.,0.001,0.001,0.,0.001
3100,0.016,0.,0.016,0.249,0.,0.249,0.016,0.,0.016,0.239,0.,0.239,0.018,0.,0.018,0.233,0.,0.233,0.016,0.,0.016,0.001,0.,0.001,0.001,0.,0.001,0.001,0.,0.001,0.001,0.,0.001,0.001,0.,0.001,0.001,0.,0.001
3200,0.016,0.,0.016,0.267,0.,0.267,0.018,0.,0.018,0.26,0.,0.26,0.017,0.,0.017,0.253,0.,0.253,0.018,0.,0.018,0.001,0.,0.001,0.001,0.,0.001,0.001,0.,0.001,0.001,0.,0.001,0.001,0.,0.001,0.001,0.,0.001
3300,0.017,0.,0.017,0.283,0.,0.283,0.018,0.,0.018,0.279,0.,0.279,0.017,0.,0.017,0.267,0.,0.267,0.02,0.,0.02,0.001,0.,0.001,0.001,0.,0.001,0.001,0.,0.001,0.001,0.,0.001,0.001,0.,0.001,0.001,0.,0.001
3400,0.019,0.,0.019,0.287,0.,0.287,0.018,0.003,0.014,0.308,0.,0.308,0.019,0.,0.019,0.265,0.,0.265,0.018,0.,0.018,0.001,0.,0.001,0.001,0.,0.001,0.001,0.,0.001,0.001,0.,0.001,0.001,0.,0.001,0.001,0.,0.001
3500,0.019,0.,0.019,0.291,0.003,0.287,0.018,0.,0.018,0.29,0.,0.29,0.021,0.,0.021,0.311,0.,0.311,0.018,0.,0.018,0.001,0.,0.001,0.001,0.,0.001,0.001,0.,0.001,0.001,0.,0.001,0.001,0.,0.001,0.001,0.,0.001
3600,0.018,0.,0.018,0.37,0.,0.37,0.02,0.,0.02,0.303,0.,0.303,0.019,0.,0.019,0.317,0.,0.317,0.021,0.,0.021,0.001,0.,0.001,0.001,0.,0.001,0.001,0.,0.001,0.001,0.,0.001,0.001,0.,0.001,0.001,0.,0.001
3700,0.019,0.,0.019,0.352,0.,0.352,0.019,0.,0.019,0.321,0.,0.321,0.021,0.,0.021,0.332,0.,0.332,0.019,0.,0.019,0.001,0.,0.001,0.001,0.,0.001,0.001,0.,0.001,0.003,0.,0.003,0.001,0.,0.001,0.001,0.,0.001
3800,0.019,0.,0.019,0.354,0.,0.354,0.022,0.,0.022,0.348,0.,0.348,0.021,0.,0.021,0.339,0.,0.339,0.02,0.,0.02,0.001,0.,0.001,0.001,0.,0.001,0.001,0.,0.001,0.001,0.,0.001,0.001,0.,0.001,0.001,0.,0.001
3900,0.02,0.,0.02,0.382,0.,0.382,0.023,0.,0.023,0.389,0.,0.389,0.021,0.,0.021,0.37,0.,0.37,0.02,0.,0.02,0.001,0.,0.001,0.001,0.,0.001,0.001,0.,0.001,0.001,0.,0.001,0.001,0.,0.001,0.001,0.,0.001
4000,0.021,0.,0.021,0.453,0.,0.453,0.022,0.,0.022,0.404,0.,0.404,0.022,0.,0.022,0.378,0.,0.378,0.021,0.,0.021,0.001,0.,0.001,0.001,0.,0.001,0.001,0.,0.001,0.001,0.,0.001,0.001,0.,0.001,0.001,0.,0.001
4100,0.023,0.,0.023,0.423,0.,0.423,0.022,0.,0.022,0.398,0.,0.398,0.023,0.,0.023,0.402,0.,0.402,0.021,0.,0.021,0.001,0.,0.001,0.001,0.,0.001,0.001,0.,0.001,0.004,0.,0.004,0.001,0.,0.001,0.001,0.,0.001
4200,0.022,0.,0.022,0.452,0.,0.452,0.023,0.,0.023,0.427,0.,0.427,0.022,0.,0.022,0.437,0.,0.437,0.025,0.003,0.021,0.001,0.,0.001,0.001,0.,0.001,0.001,0.,0.001,0.001,0.,0.001,0.001,0.,0.001,0.001,0.,0.001
4300,0.022,0.,0.022,0.425,0.,0.425,0.024,0.,0.024,0.41,0.,0.41,0.026,0.,0.026,0.41,0.,0.41,0.023,0.,0.023,0.001,0.,0.001,0.001,0.,0.001,0.002,0.,0.002,0.001,0.,0.001,0.001,0.,0.001,0.001,0.,0.001
4400,0.024,0.,0.024,0.498,0.,0.498,0.027,0.,0.027,0.474,0.,0.474,0.023,0.,0.023,0.483,0.,0.483,0.024,0.,0.024,0.001,0.,0.001,0.001,0.,0.001,0.001,0.,0.001,0.001,0.,0.001,0.001,0.,0.001,0.001,0.,0.001
4500,0.026,0.,0.026,0.485,0.,0.485,0.025,0.,0.025,0.481,0.,0.481,0.023,0.,0.023,0.48,0.,0.48,0.026,0.,0.026,0.001,0.,0.001,0.001,0.,0.001,0.001,0.,0.001,0.001,0.,0.001,0.001,0.,0.001,0.001,0.,0.001
4600,0.025,0.,0.025,0.552,0.,0.552,0.028,0.,0.028,0.535,0.,0.535,0.024,0.,0.024,0.503,0.,0.503,0.027,0.,0.027,0.001,0.,0.001,0.001,0.,0.001,0.001,0.,0.001,0.001,0.,0.001,0.001,0.,0.001,0.001,0.,0.001
4700,0.026,0.,0.026,0.6,0.,0.599,0.026,0.,0.026,0.554,0.,0.554,0.025,0.,0.025,0.52,0.,0.52,0.027,0.,0.027,0.001,0.,0.001,0.001,0.,0.001,0.002,0.,0.002,0.001,0.,0.001,0.001,0.,0.001,0.001,0.,0.001
4800,0.026,0.,0.026,0.604,0.,0.604,0.027,0.,0.027,0.515,0.,0.515,0.026,0.,0.026,0.627,0.,0.627,0.025,0.,0.025,0.001,0.,0.001,0.001,0.,0.001,0.001,0.,0.001,0.001,0.,0.001,0.001,0.,0.001,0.001,0.,0.001
4900,0.026,0.,0.026,0.618,0.,0.618,0.025,0.,0.025,0.664,0.,0.664,0.027,0.,0.027,0.52,0.,0.52,0.026,0.,0.026,0.001,0.,0.001,0.001,0.,0.001,0.001,0.,0.001,0.001,0.,0.001,0.001,0.,0.001,0.001,0.,0.001
5000,0.026,0.,0.026,0.594,0.,0.594,0.028,0.,0.028,0.634,0.,0.634,0.028,0.,0.028,0.622,0.,0.622,0.026,0.,0.026,0.001,0.,0.001,0.001,0.,0.001,0.001,0.,0.001,0.001,0.,0.001,0.001,0.,0.001,0.001,0.,0.001
5500,0.029,0.,0.029,0.727,0.,0.727,0.03,0.,0.03,0.725,0.,0.725,0.031,0.,0.031,0.703,0.,0.703,0.029,0.,0.029,0.001,0.,0.001,0.001,0.,0.001,0.002,0.,0.002,0.001,0.,0.001,0.001,0.,0.001,0.001,0.,0.001
6000,0.032,0.,0.032,0.883,0.,0.882,0.033,0.,0.033,0.862,0.,0.862,0.031,0.,0.031,1.011,0.,1.011,0.032,0.,0.032,0.002,0.,0.002,0.002,0.,0.002,0.002,0.,0.002,0.002,0.,0.002,0.001,0.,0.001,0.003,0.,0.003
6500,0.035,0.,0.035,1.067,0.,1.067,0.036,0.,0.036,0.987,0.,0.987,0.038,0.,0.038,1.035,0.,1.035,0.035,0.,0.035,0.002,0.,0.002,0.002,0.,0.002,0.002,0.,0.002,0.002,0.,0.002,0.002,0.,0.002,0.002,0.,0.002
7000,0.036,0.,0.036,1.208,0.,1.208,0.039,0.,0.039,1.126,0.,1.126,0.038,0.,0.038,1.188,0.,1.188,0.038,0.,0.038,0.002,0.,0.002,0.002,0.,0.002,0.002,0.,0.002,0.002,0.,0.002,0.002,0.,0.002,0.002,0.,0.002
7500,0.042,0.003,0.038,1.284,0.,1.284,0.039,0.,0.039,1.294,0.,1.294,0.04,0.,0.04,1.408,0.004,1.404,0.04,0.,0.04,0.002,0.,0.002,0.002,0.,0.002,0.002,0.,0.002,0.002,0.,0.002,0.002,0.,0.002,0.002,0.,0.002
8000,0.043,0.,0.043,1.559,0.,1.559,0.043,0.,0.043,1.637,0.,1.637,0.043,0.,0.043,1.555,0.003,1.551,0.043,0.,0.043,0.002,0.,0.002,0.002,0.,0.002,0.002,0.,0.002,0.002,0.,0.002,0.002,0.,0.002,0.002,0.,0.002
8500,0.046,0.,0.046,1.811,0.,1.811,0.046,0.,0.046,1.71,0.,1.71,0.045,0.,0.045,1.835,0.,1.835,0.046,0.,0.046,0.003,0.,0.003,0.003,0.,0.003,0.002,0.,0.002,0.002,0.,0.002,0.002,0.,0.002,0.002,0.,0.002
9000,0.048,0.,0.048,1.954,0.,1.953,0.056,0.,0.056,1.917,0.,1.917,0.049,0.,0.049,1.782,0.,1.782,0.048,0.,0.048,0.003,0.,0.003,0.003,0.,0.003,0.002,0.,0.002,0.002,0.,0.002,0.002,0.,0.002,0.003,0.,0.003
9500,0.05,0.,0.05,2.022,0.,2.022,0.055,0.,0.055,2.111,0.,2.111,0.051,0.,0.051,2.015,0.,2.015,0.051,0.,0.051,0.003,0.,0.003,0.003,0.,0.003,0.003,0.,0.003,0.003,0.,0.003,0.003,0.,0.003,0.003,0.,0.003
10000,0.053,0.,0.053,2.649,0.,2.648,0.054,0.,0.054,2.299,0.,2.299,0.053,0.,0.053,2.497,0.,2.496,0.055,0.,0.055,0.003,0.,0.003,0.003,0.,0.003,0.003,0.,0.003,0.003,0.,0.003,0.003,0.,0.003,0.003,0.,0.003