param-0-n,param-1-lgn,try-ssr-rewrite!-cold-noop-regression-linear-real,try-ssr-rewrite!-cold-noop-regression-linear-sys,try-ssr-rewrite!-cold-noop-regression-linear-user,try-ssr-rewrite!-evar-noop-regression-linear-real,try-ssr-rewrite!-evar-noop-regression-linear-sys,try-ssr-rewrite!-evar-noop-regression-linear-user,try-ssr-rewrite!-noop-regression-linear-real,try-ssr-rewrite!-noop-regression-linear-sys,try-ssr-rewrite!-noop-regression-linear-user,try-ssr-rewrite-evar-noop-regression-linear-real,try-ssr-rewrite-evar-noop-regression-linear-sys,try-ssr-rewrite-evar-noop-regression-linear-user,try-ssr-rewrite-noop-regression-linear-real,try-ssr-rewrite-noop-regression-linear-sys,try-ssr-rewrite-noop-regression-linear-user,try-ssr-rewrite?-evar-noop-regression-linear-real,try-ssr-rewrite?-evar-noop-regression-linear-sys,try-ssr-rewrite?-evar-noop-regression-linear-user,try-ssr-rewrite?-noop-regression-linear-real,try-ssr-rewrite?-noop-regression-linear-sys,try-ssr-rewrite?-noop-regression-linear-user
3,1,0.,0.,0.,0.,0.,0.,0.,0.,0.,0.,0.,0.,0.,0.,0.,0.,0.,0.,0.,0.,0.
7,2,0.,0.,0.,0.,0.,0.,0.,0.,0.,0.,0.,0.,0.,0.,0.,0.,0.,0.,0.,0.,0.
15,3,0.,0.,0.,0.,0.,0.,0.,0.,0.,0.,0.,0.,0.,0.,0.,0.,0.,0.,0.,0.,0.
31,4,0.,0.,0.,0.,0.,0.,0.,0.,0.,0.,0.,0.,0.,0.,0.,0.,0.,0.,0.,0.,0.
63,5,0.,0.,0.,0.,0.,0.,0.,0.,0.,0.,0.,0.,0.,0.,0.,0.,0.,0.,0.,0.,0.
127,6,0.,0.,0.,0.,0.,0.,0.,0.,0.,0.,0.,0.,0.,0.,0.,0.,0.,0.,0.,0.,0.
255,7,0.,0.,0.,0.,0.,0.,0.,0.,0.,0.,0.,0.,0.,0.,0.,0.,0.,0.,0.,0.,0.
511,8,0.,0.,0.,0.,0.,0.,0.,0.,0.,0.,0.,0.,0.,0.,0.,0.,0.,0.,0.,0.,0.
1023,9,0.,0.,0.,0.,0.,0.,0.,0.,0.,0.,0.,0.,0.,0.,0.,0.,0.,0.,0.,0.,0.
2047,10,0.,0.,0.,0.,0.,0.,0.,0.,0.,0.,0.,0.,0.,0.,0.,0.,0.,0.,0.,0.,0.
4095,11,0.001,0.,0.001,0.001,0.,0.001,0.001,0.,0.001,0.001,0.,0.001,0.001,0.,0.,0.001,0.001,0.,0.001,0.,0.001
8191,12,0.001,0.,0.001,0.001,0.,0.001,0.001,0.,0.001,0.001,0.,0.001,0.001,0.,0.001,0.001,0.,0.001,0.001,0.,0.001
16383,13,0.003,0.,0.003,0.003,0.,0.003,0.003,0.,0.003,0.005,0.,0.005,0.003,0.,0.003,0.003,0.,0.003,0.003,0.,0.003
32767,14,0.007,0.,0.007,0.007,0.,0.007,0.007,0.,0.007,0.007,0.,0.007,0.01,0.,0.01,0.007,0.,0.007,0.007,0.,0.007
65535,15,0.016,0.,0.016,0.015,0.,0.015,0.015,0.,0.015,0.082,0.,0.082,0.016,0.,0.016,0.015,0.,0.015,0.02,0.,0.02
131071,16,0.041,0.,0.04,0.036,0.,0.036,0.035,0.,0.035,0.031,0.,0.031,0.03,0.,0.03,0.031,0.,0.031,0.03,0.,0.03
262143,17,0.107,0.,0.106,0.065,0.,0.065,0.157,0.,0.157,0.078,0.,0.078,0.086,0.,0.086,0.074,0.,0.074,0.066,0.,0.066
524287,18,0.283,0.,0.283,0.127,0.,0.127,0.131,0.,0.13,0.129,0.,0.129,0.131,0.,0.131,0.131,0.,0.131,0.13,0.,0.13
1048575,19,0.399,0.011,0.387,0.258,0.,0.258,0.266,0.,0.266,0.268,0.,0.268,0.267,0.,0.267,0.262,0.,0.262,0.259,0.,0.259
2097151,20,0.571,0.,0.571,0.533,0.,0.533,0.529,0.,0.529,0.521,0.,0.521,0.523,0.,0.523,0.519,0.,0.519,0.516,0.,0.516
4194303,21,1.33,0.,1.33,1.089,0.,1.089,1.036,0.,1.036,1.058,0.,1.058,1.056,0.,1.056,1.035,0.,1.035,1.048,0.,1.048
8388607,22,2.356,0.,2.356,2.103,0.,2.103,2.101,0.,2.101,2.101,0.,2.101,2.094,0.,2.094,2.097,0.,2.097,2.069,0.,2.069