param-n,abstract+autorewrite-regression-quadratic-real,abstract+autorewrite-regression-quadratic-sys,abstract+autorewrite-regression-quadratic-user,abstract+rewrite!-regression-quadratic-real,abstract+rewrite!-regression-quadratic-sys,abstract+rewrite!-regression-quadratic-user,autorewrite-noop-regression-linear-real,autorewrite-noop-regression-linear-sys,autorewrite-noop-regression-linear-user,autorewrite-regression-quadratic-real,autorewrite-regression-quadratic-sys,autorewrite-regression-quadratic-user,close-abstract+autorewrite-regression-quadratic-real,close-abstract+autorewrite-regression-quadratic-sys,close-abstract+autorewrite-regression-quadratic-user,close-abstract+rewrite!-regression-quadratic-real,close-abstract+rewrite!-regression-quadratic-sys,close-abstract+rewrite!-regression-quadratic-user,rewrite!-regression-quadratic-real,rewrite!-regression-quadratic-sys,rewrite!-regression-quadratic-user,rewrite?-noop-regression-linear-real,rewrite?-noop-regression-linear-sys,rewrite?-noop-regression-linear-user
1,0.001,0.001,0.,0.001,0.,0.,0.,0.,0.,0.,0.,0.,0.,0.,0.,0.,0.,0.,0.,0.,0.,0.,0.,0.
2,0.001,0.001,0.,0.001,0.,0.001,0.,0.,0.,0.001,0.001,0.,0.,0.,0.,0.,0.,0.,0.,0.,0.,0.,0.,0.
3,0.001,0.,0.001,0.001,0.,0.001,0.,0.,0.,0.001,0.,0.001,0.,0.,0.,0.,0.,0.,0.001,0.,0.001,0.,0.,0.
4,0.002,0.002,0.,0.002,0.,0.002,0.,0.,0.,0.001,0.001,0.,0.,0.,0.,0.,0.,0.,0.001,0.,0.001,0.,0.,0.
5,0.003,0.003,0.,0.002,0.,0.002,0.,0.,0.,0.001,0.001,0.,0.,0.,0.,0.001,0.,0.001,0.001,0.,0.001,0.,0.,0.
6,0.003,0.,0.003,0.002,0.,0.002,0.,0.,0.,0.002,0.,0.002,0.,0.,0.,0.001,0.,0.001,0.001,0.,0.001,0.,0.,0.
7,0.003,0.,0.003,0.003,0.001,0.002,0.,0.,0.,0.002,0.,0.002,0.001,0.,0.001,0.001,0.001,0.,0.001,0.,0.001,0.,0.,0.
8,0.004,0.,0.004,0.003,0.003,0.,0.,0.,0.,0.003,0.,0.003,0.001,0.,0.001,0.,0.,0.,0.002,0.002,0.,0.,0.,0.
9,0.005,0.003,0.001,0.004,0.004,0.,0.,0.,0.,0.003,0.003,0.,0.001,0.,0.001,0.,0.,0.,0.002,0.002,0.,0.,0.,0.
10,0.005,0.003,0.002,0.005,0.,0.004,0.,0.,0.,0.004,0.002,0.001,0.,0.,0.,0.001,0.,0.001,0.003,0.,0.002,0.,0.,0.
11,0.006,0.004,0.002,0.005,0.,0.005,0.,0.,0.,0.004,0.004,0.,0.001,0.,0.001,0.,0.,0.,0.003,0.,0.003,0.,0.,0.
12,0.01,0.003,0.006,0.006,0.002,0.003,0.,0.,0.,0.007,0.003,0.004,0.001,0.,0.001,0.001,0.,0.001,0.004,0.001,0.002,0.,0.,0.
13,0.007,0.,0.007,0.007,0.003,0.003,0.,0.,0.,0.005,0.,0.005,0.001,0.,0.001,0.001,0.,0.001,0.004,0.003,0.001,0.,0.,0.
14,0.008,0.004,0.004,0.008,0.001,0.006,0.,0.,0.,0.005,0.003,0.002,0.001,0.,0.001,0.001,0.001,0.,0.005,0.,0.005,0.,0.,0.
15,0.009,0.003,0.006,0.009,0.008,0.,0.,0.,0.,0.007,0.002,0.004,0.002,0.,0.001,0.002,0.002,0.,0.006,0.005,0.,0.,0.,0.
16,0.01,0.002,0.007,0.009,0.,0.009,0.,0.,0.,0.007,0.002,0.004,0.002,0.,0.002,0.002,0.,0.002,0.006,0.,0.006,0.,0.,0.
17,0.012,0.007,0.005,0.011,0.003,0.007,0.001,0.,0.,0.008,0.006,0.001,0.002,0.,0.002,0.002,0.,0.002,0.007,0.003,0.003,0.,0.,0.
18,0.06,0.028,0.032,0.063,0.027,0.035,0.,0.,0.,0.058,0.027,0.03,0.001,0.,0.001,0.054,0.023,0.03,0.008,0.003,0.004,0.,0.,0.
19,0.007,0.,0.007,0.007,0.,0.007,0.,0.,0.,0.005,0.,0.005,0.001,0.,0.001,0.001,0.,0.001,0.005,0.,0.005,0.,0.,0.
20,0.008,0.,0.008,0.008,0.,0.008,0.,0.,0.,0.005,0.,0.005,0.002,0.,0.002,0.002,0.,0.001,0.005,0.,0.005,0.,0.,0.
21,0.008,0.,0.008,0.008,0.,0.008,0.,0.,0.,0.005,0.,0.005,0.002,0.,0.002,0.002,0.,0.002,0.005,0.,0.005,0.,0.,0.
22,0.009,0.,0.009,0.009,0.,0.009,0.,0.,0.,0.006,0.,0.006,0.002,0.,0.002,0.002,0.,0.002,0.006,0.,0.006,0.,0.,0.
23,0.01,0.,0.01,0.01,0.,0.01,0.,0.,0.,0.007,0.,0.007,0.002,0.,0.002,0.002,0.,0.002,0.007,0.,0.007,0.,0.,0.
24,0.032,0.,0.032,0.01,0.,0.01,0.,0.,0.,0.029,0.,0.029,0.002,0.,0.002,0.002,0.,0.002,0.007,0.,0.007,0.,0.,0.
25,0.011,0.,0.011,0.034,0.,0.034,0.,0.,0.,0.008,0.,0.008,0.002,0.,0.002,0.002,0.,0.002,0.03,0.,0.03,0.,0.,0.
26,0.012,0.,0.012,0.012,0.003,0.008,0.,0.,0.,0.008,0.,0.008,0.003,0.,0.003,0.003,0.003,0.,0.008,0.,0.008,0.,0.,0.
27,0.013,0.,0.013,0.013,0.,0.013,0.,0.,0.,0.009,0.,0.009,0.003,0.,0.003,0.003,0.,0.003,0.008,0.,0.008,0.,0.,0.
28,0.015,0.,0.015,0.013,0.,0.013,0.,0.,0.,0.009,0.,0.009,0.004,0.,0.004,0.003,0.,0.003,0.009,0.,0.009,0.,0.,0.
29,0.015,0.,0.015,0.016,0.,0.016,0.,0.,0.,0.01,0.,0.01,0.003,0.,0.003,0.003,0.,0.003,0.011,0.,0.011,0.,0.,0.
30,0.015,0.,0.015,0.015,0.,0.015,0.,0.,0.,0.01,0.,0.01,0.004,0.,0.004,0.003,0.,0.003,0.01,0.,0.01,0.,0.,0.
31,0.017,0.,0.017,0.017,0.,0.016,0.,0.,0.,0.011,0.,0.011,0.004,0.,0.004,0.004,0.,0.004,0.011,0.,0.011,0.,0.,0.
32,0.017,0.,0.017,0.017,0.,0.017,0.,0.,0.,0.012,0.,0.012,0.004,0.,0.004,0.004,0.,0.004,0.012,0.,0.012,0.,0.,0.
33,0.018,0.,0.018,0.019,0.,0.019,0.,0.,0.,0.012,0.,0.012,0.004,0.,0.004,0.005,0.,0.005,0.013,0.,0.013,0.,0.,0.
34,0.019,0.,0.019,0.024,0.,0.024,0.,0.,0.,0.013,0.,0.013,0.005,0.,0.005,0.004,0.,0.004,0.018,0.,0.018,0.,0.,0.
35,0.033,0.,0.032,0.021,0.003,0.017,0.005,0.,0.005,0.021,0.,0.021,0.005,0.,0.005,0.006,0.003,0.003,0.013,0.,0.013,0.,0.,0.
36,0.031,0.,0.031,0.02,0.,0.02,0.,0.,0.,0.024,0.,0.024,0.005,0.,0.005,0.005,0.,0.005,0.014,0.,0.014,0.,0.,0.
37,0.031,0.003,0.028,0.021,0.,0.021,0.,0.,0.,0.015,0.,0.015,0.014,0.002,0.012,0.005,0.,0.005,0.014,0.,0.014,0.,0.,0.
38,0.023,0.,0.023,0.03,0.,0.03,0.,0.,0.,0.016,0.,0.016,0.006,0.,0.006,0.005,0.,0.005,0.024,0.,0.024,0.,0.,0.
39,0.024,0.,0.024,0.023,0.,0.023,0.,0.,0.,0.016,0.,0.016,0.006,0.,0.006,0.006,0.,0.006,0.016,0.,0.016,0.,0.,0.
40,0.027,0.,0.027,0.026,0.,0.026,0.,0.,0.,0.019,0.,0.019,0.006,0.,0.006,0.006,0.,0.006,0.017,0.,0.017,0.002,0.,0.002
41,0.026,0.,0.026,0.025,0.,0.025,0.,0.,0.,0.018,0.,0.018,0.007,0.,0.007,0.006,0.,0.006,0.018,0.,0.018,0.,0.,0.
42,0.039,0.,0.039,0.037,0.,0.037,0.,0.,0.,0.03,0.,0.03,0.007,0.,0.007,0.017,0.,0.017,0.018,0.,0.018,0.,0.,0.
43,0.029,0.,0.029,0.028,0.,0.028,0.,0.,0.,0.02,0.,0.02,0.008,0.,0.007,0.007,0.,0.007,0.019,0.,0.019,0.,0.,0.
44,0.03,0.,0.03,0.029,0.,0.029,0.,0.,0.,0.021,0.,0.021,0.008,0.,0.008,0.007,0.,0.007,0.02,0.,0.02,0.,0.,0.
45,0.031,0.,0.031,0.03,0.,0.03,0.,0.,0.,0.021,0.,0.021,0.008,0.,0.008,0.008,0.,0.008,0.021,0.,0.021,0.,0.,0.
46,0.034,0.,0.034,0.033,0.,0.033,0.,0.,0.,0.024,0.,0.024,0.009,0.,0.009,0.008,0.,0.008,0.024,0.,0.024,0.,0.,0.
47,0.129,0.,0.129,0.033,0.,0.033,0.,0.,0.,0.119,0.,0.119,0.009,0.,0.009,0.009,0.,0.009,0.023,0.,0.023,0.,0.,0.
48,0.035,0.,0.035,0.12,0.,0.12,0.,0.,0.,0.024,0.,0.024,0.009,0.,0.009,0.009,0.,0.009,0.109,0.,0.109,0.,0.,0.
49,0.038,0.,0.038,0.037,0.,0.037,0.,0.,0.,0.027,0.,0.027,0.01,0.,0.01,0.009,0.,0.009,0.027,0.,0.027,0.,0.,0.
50,0.06,0.024,0.036,0.06,0.032,0.028,0.001,0.,0.,0.044,0.016,0.028,0.015,0.008,0.007,0.016,0.01,0.006,0.042,0.02,0.021,0.,0.,0.
51,0.085,0.,0.085,0.038,0.,0.038,0.,0.,0.,0.073,0.,0.073,0.01,0.,0.01,0.01,0.,0.01,0.026,0.,0.026,0.,0.,0.
52,0.04,0.,0.04,0.086,0.003,0.082,0.,0.,0.,0.028,0.,0.028,0.011,0.,0.011,0.01,0.003,0.007,0.074,0.,0.074,0.,0.,0.
53,0.043,0.,0.043,0.043,0.,0.042,0.,0.,0.,0.03,0.,0.03,0.011,0.,0.011,0.011,0.,0.01,0.03,0.,0.03,0.,0.,0.
54,0.079,0.,0.079,0.079,0.,0.079,0.,0.,0.,0.066,0.,0.066,0.012,0.,0.012,0.012,0.,0.012,0.029,0.,0.029,0.036,0.,0.036
55,0.048,0.,0.048,0.046,0.,0.046,0.,0.,0.,0.034,0.,0.034,0.012,0.,0.012,0.014,0.,0.014,0.03,0.,0.03,0.,0.,0.
56,0.047,0.,0.047,0.045,0.,0.045,0.,0.,0.,0.032,0.,0.032,0.013,0.,0.013,0.012,0.,0.012,0.031,0.,0.031,0.,0.,0.
57,0.049,0.,0.049,0.047,0.,0.047,0.,0.,0.,0.033,0.,0.033,0.014,0.,0.014,0.013,0.,0.013,0.032,0.,0.032,0.,0.,0.
58,0.049,0.,0.049,0.05,0.,0.05,0.,0.,0.,0.034,0.,0.034,0.013,0.,0.013,0.013,0.,0.013,0.035,0.,0.035,0.,0.,0.
59,0.061,0.,0.061,0.059,0.,0.059,0.,0.,0.,0.045,0.,0.045,0.014,0.,0.014,0.014,0.,0.014,0.044,0.,0.044,0.,0.,0.
60,0.055,0.,0.055,0.053,0.,0.053,0.,0.,0.,0.039,0.,0.039,0.015,0.,0.015,0.013,0.,0.013,0.038,0.,0.038,0.,0.,0.
61,0.065,0.,0.065,0.063,0.,0.063,0.,0.,0.,0.049,0.,0.049,0.015,0.,0.015,0.013,0.,0.013,0.048,0.,0.048,0.,0.,0.
62,0.057,0.,0.057,0.054,0.,0.054,0.,0.,0.,0.04,0.,0.04,0.016,0.,0.016,0.015,0.,0.015,0.037,0.,0.037,0.,0.,0.
63,0.058,0.,0.058,0.058,0.,0.058,0.,0.,0.,0.041,0.,0.041,0.016,0.,0.016,0.015,0.,0.015,0.041,0.,0.041,0.,0.,0.
64,0.155,0.,0.155,0.144,0.,0.144,0.,0.,0.,0.134,0.,0.134,0.019,0.,0.019,0.016,0.,0.016,0.125,0.,0.125,0.,0.,0.
65,0.108,0.,0.108,0.061,0.,0.061,0.,0.,0.,0.042,0.,0.042,0.063,0.,0.063,0.016,0.,0.016,0.044,0.,0.044,0.,0.,0.
66,0.065,0.002,0.063,0.116,0.,0.116,0.,0.,0.,0.044,0.001,0.042,0.019,0.,0.019,0.017,0.,0.017,0.097,0.,0.097,0.,0.,0.
67,0.1,0.,0.1,0.093,0.,0.093,0.,0.,0.,0.08,0.,0.08,0.018,0.,0.018,0.046,0.,0.046,0.044,0.,0.044,0.,0.,0.
68,0.068,0.,0.068,0.068,0.,0.068,0.,0.,0.,0.049,0.,0.049,0.017,0.,0.017,0.016,0.,0.016,0.05,0.,0.05,0.,0.,0.
69,0.07,0.,0.07,0.066,0.,0.066,0.,0.,0.,0.048,0.,0.048,0.02,0.,0.02,0.018,0.,0.018,0.046,0.,0.046,0.,0.,0.
70,0.073,0.,0.073,0.069,0.,0.069,0.,0.,0.,0.05,0.,0.05,0.021,0.,0.021,0.018,0.,0.018,0.049,0.,0.049,0.,0.,0.
71,0.092,0.011,0.076,0.072,0.,0.072,0.,0.,0.,0.07,0.011,0.056,0.019,0.,0.019,0.02,0.,0.02,0.049,0.,0.049,0.,0.,0.
72,0.077,0.,0.076,0.072,0.,0.072,0.,0.,0.,0.053,0.,0.053,0.021,0.,0.021,0.02,0.,0.02,0.05,0.,0.05,0.,0.,0.
73,0.077,0.,0.077,0.077,0.,0.077,0.,0.,0.,0.053,0.,0.053,0.022,0.,0.022,0.021,0.,0.021,0.054,0.,0.054,0.,0.,0.
74,0.079,0.,0.079,0.079,0.,0.079,0.,0.,0.,0.056,0.,0.056,0.02,0.,0.02,0.019,0.,0.019,0.057,0.,0.057,0.,0.,0.
75,0.082,0.,0.082,0.078,0.,0.078,0.,0.,0.,0.056,0.,0.056,0.024,0.,0.024,0.021,0.,0.021,0.054,0.,0.054,0.,0.,0.
76,0.089,0.002,0.087,0.08,0.,0.08,0.,0.,0.,0.062,0.001,0.06,0.025,0.,0.025,0.022,0.,0.022,0.056,0.,0.056,0.,0.,0.
77,0.086,0.,0.086,0.082,0.,0.082,0.,0.,0.,0.06,0.,0.06,0.024,0.,0.024,0.021,0.,0.021,0.059,0.,0.059,0.,0.,0.
78,0.09,0.,0.09,0.086,0.,0.086,0.,0.,0.,0.066,0.,0.066,0.022,0.,0.022,0.021,0.,0.021,0.062,0.,0.062,0.,0.,0.
79,0.091,0.,0.091,0.089,0.003,0.086,0.,0.,0.,0.066,0.,0.066,0.023,0.,0.023,0.026,0.003,0.023,0.061,0.,0.061,0.,0.,0.
80,0.094,0.,0.094,0.089,0.,0.089,0.,0.,0.,0.064,0.,0.064,0.028,0.,0.028,0.025,0.,0.025,0.062,0.,0.062,0.,0.,0.
81,0.094,0.,0.094,0.092,0.,0.092,0.,0.,0.,0.066,0.,0.066,0.026,0.,0.026,0.026,0.,0.026,0.064,0.,0.064,0.,0.,0.
82,0.092,0.,0.092,0.094,0.,0.094,0.,0.,0.,0.065,0.,0.065,0.025,0.,0.025,0.026,0.,0.026,0.066,0.,0.066,0.,0.,0.
83,0.102,0.,0.102,0.098,0.,0.098,0.,0.,0.,0.072,0.,0.072,0.027,0.,0.027,0.026,0.,0.026,0.069,0.,0.069,0.,0.,0.
84,0.101,0.,0.101,0.099,0.,0.099,0.,0.,0.,0.072,0.,0.072,0.027,0.,0.027,0.026,0.,0.026,0.071,0.,0.071,0.,0.,0.
85,0.111,0.,0.111,0.102,0.003,0.098,0.,0.,0.,0.08,0.,0.08,0.029,0.,0.029,0.026,0.,0.026,0.074,0.003,0.07,0.,0.,0.
86,0.122,0.,0.122,0.105,0.,0.105,0.,0.,0.,0.08,0.,0.08,0.039,0.,0.039,0.026,0.,0.026,0.077,0.,0.077,0.,0.,0.
87,0.11,0.,0.11,0.108,0.,0.108,0.,0.,0.,0.079,0.,0.079,0.029,0.,0.029,0.027,0.,0.027,0.079,0.,0.079,0.,0.,0.
88,0.113,0.,0.113,0.112,0.003,0.108,0.,0.,0.,0.08,0.,0.08,0.03,0.,0.03,0.027,0.,0.027,0.082,0.003,0.078,0.,0.,0.
89,0.115,0.,0.115,0.112,0.004,0.108,0.,0.,0.,0.082,0.,0.082,0.03,0.,0.03,0.028,0.,0.028,0.082,0.003,0.078,0.,0.,0.
90,0.115,0.,0.115,0.116,0.,0.115,0.,0.,0.,0.081,0.,0.081,0.031,0.,0.031,0.029,0.,0.029,0.084,0.,0.084,0.,0.,0.
91,0.119,0.,0.119,0.119,0.003,0.115,0.,0.,0.,0.085,0.,0.085,0.032,0.,0.032,0.031,0.,0.031,0.086,0.003,0.082,0.,0.,0.
92,0.128,0.,0.128,0.12,0.003,0.116,0.001,0.,0.001,0.091,0.,0.091,0.034,0.,0.034,0.032,0.,0.032,0.086,0.003,0.082,0.,0.,0.
93,0.127,0.,0.127,0.123,0.004,0.119,0.,0.,0.,0.09,0.,0.09,0.034,0.,0.034,0.033,0.,0.033,0.087,0.003,0.083,0.,0.,0.
94,0.137,0.,0.137,0.123,0.,0.123,0.001,0.,0.001,0.091,0.,0.091,0.043,0.,0.043,0.033,0.,0.033,0.087,0.,0.087,0.,0.,0.
95,0.13,0.,0.13,0.129,0.,0.129,0.,0.,0.,0.088,0.,0.088,0.039,0.,0.039,0.038,0.,0.038,0.089,0.,0.089,0.,0.,0.
96,0.138,0.003,0.134,0.128,0.,0.128,0.001,0.,0.001,0.102,0.003,0.098,0.034,0.,0.034,0.038,0.,0.038,0.088,0.,0.088,0.,0.,0.
97,0.138,0.,0.138,0.13,0.,0.13,0.,0.,0.,0.099,0.,0.099,0.036,0.,0.036,0.035,0.,0.035,0.093,0.,0.093,0.,0.,0.
98,0.147,0.,0.147,0.14,0.,0.14,0.001,0.,0.001,0.097,0.,0.097,0.047,0.,0.047,0.041,0.,0.041,0.097,0.,0.097,0.,0.,0.
99,0.155,0.,0.155,0.142,0.,0.142,0.,0.,0.,0.103,0.,0.103,0.048,0.,0.048,0.035,0.,0.035,0.105,0.,0.105,0.,0.,0.
100,0.275,0.015,0.26,0.27,0.027,0.242,0.,0.,0.,0.232,0.014,0.218,0.041,0.,0.04,0.043,0.,0.043,0.225,0.026,0.198,0.,0.,0.
110,0.178,0.,0.178,0.185,0.,0.185,0.001,0.,0.001,0.125,0.,0.125,0.05,0.,0.05,0.048,0.,0.048,0.134,0.,0.134,0.001,0.,0.001
120,0.226,0.,0.226,0.208,0.,0.208,0.001,0.,0.001,0.162,0.,0.162,0.061,0.,0.061,0.058,0.,0.058,0.147,0.,0.147,0.001,0.,0.001
130,0.251,0.,0.251,0.246,0.,0.246,0.001,0.,0.001,0.181,0.,0.181,0.066,0.,0.066,0.072,0.,0.072,0.171,0.,0.171,0.001,0.,0.001
140,0.3,0.,0.3,0.292,0.003,0.288,0.001,0.,0.001,0.214,0.,0.214,0.083,0.,0.083,0.081,0.003,0.077,0.208,0.,0.208,0.001,0.,0.001
150,0.348,0.007,0.34,0.342,0.,0.342,0.001,0.,0.001,0.25,0.007,0.242,0.095,0.,0.095,0.09,0.,0.09,0.249,0.,0.249,0.001,0.,0.001
160,0.379,0.,0.379,0.368,0.,0.368,0.001,0.,0.001,0.282,0.,0.282,0.093,0.,0.093,0.091,0.,0.091,0.274,0.,0.274,0.001,0.,0.001
170,0.436,0.007,0.428,0.429,0.,0.429,0.001,0.,0.001,0.315,0.,0.315,0.117,0.007,0.109,0.113,0.,0.113,0.313,0.,0.312,0.001,0.,0.001
180,0.505,0.012,0.493,0.486,0.,0.486,0.001,0.,0.001,0.365,0.012,0.353,0.136,0.,0.136,0.132,0.,0.132,0.351,0.,0.351,0.001,0.,0.001
190,0.582,0.,0.581,0.533,0.003,0.529,0.001,0.,0.001,0.415,0.,0.415,0.163,0.,0.163,0.135,0.003,0.131,0.395,0.,0.395,0.001,0.,0.001
200,0.842,0.003,0.838,0.802,0.011,0.79,0.001,0.,0.001,0.662,0.,0.662,0.176,0.003,0.172,0.162,0.,0.162,0.636,0.011,0.625,0.001,0.,0.001
210,0.665,0.003,0.661,0.626,0.008,0.618,0.006,0.,0.005,0.491,0.003,0.487,0.166,0.,0.166,0.157,0.003,0.153,0.465,0.004,0.461,0.001,0.,0.001
220,0.751,0.004,0.746,0.698,0.008,0.69,0.002,0.,0.001,0.536,0.,0.535,0.211,0.004,0.207,0.171,0.,0.171,0.523,0.007,0.515,0.001,0.,0.001
230,0.82,0.003,0.815,0.747,0.,0.747,0.002,0.002,0.,0.613,0.,0.613,0.202,0.001,0.201,0.186,0.,0.186,0.558,0.,0.557,0.001,0.,0.001
240,0.872,0.003,0.868,0.852,0.,0.852,0.002,0.,0.002,0.641,0.,0.641,0.227,0.003,0.223,0.219,0.,0.219,0.629,0.,0.628,0.002,0.,0.002
250,1.303,0.003,1.299,1.185,0.007,1.177,0.002,0.,0.002,1.,0.003,0.996,0.3,0.,0.299,0.244,0.,0.244,0.937,0.007,0.929,0.002,0.,0.002
260,1.055,0.011,1.043,1.015,0.003,1.011,0.002,0.,0.002,0.784,0.007,0.776,0.267,0.003,0.263,0.258,0.,0.258,0.753,0.003,0.749,0.002,0.,0.002
270,1.168,0.007,1.16,1.088,0.,1.088,0.005,0.,0.005,0.869,0.007,0.86,0.292,0.,0.292,0.265,0.,0.265,0.819,0.,0.819,0.002,0.,0.002
280,1.198,0.007,1.19,1.15,0.003,1.144,0.002,0.,0.002,0.887,0.003,0.882,0.307,0.003,0.303,0.302,0.,0.3,0.843,0.003,0.839,0.002,0.,0.002
290,1.334,0.008,1.325,1.199,0.,1.199,0.002,0.,0.002,1.002,0.007,0.994,0.327,0.,0.326,0.291,0.,0.29,0.904,0.,0.904,0.002,0.,0.002
300,1.549,0.015,1.533,1.555,0.,1.555,0.002,0.,0.002,1.091,0.007,1.083,0.454,0.007,0.446,0.427,0.,0.427,1.124,0.,1.124,0.002,0.,0.002
310,1.532,0.009,1.519,1.45,0.,1.45,0.002,0.,0.002,1.147,0.007,1.135,0.38,0.,0.38,0.354,0.,0.354,1.091,0.,1.091,0.002,0.,0.002
320,1.672,0.,1.672,1.506,0.,1.506,0.002,0.,0.002,1.257,0.,1.256,0.41,0.,0.41,0.349,0.,0.349,1.152,0.,1.152,0.002,0.,0.002
330,1.708,0.,1.708,1.541,0.,1.541,0.002,0.,0.002,1.302,0.,1.301,0.401,0.,0.401,0.361,0.,0.361,1.175,0.,1.175,0.002,0.,0.002
340,1.828,0.003,1.821,1.645,0.,1.645,0.003,0.,0.003,1.36,0.,1.36,0.463,0.003,0.456,0.402,0.,0.402,1.239,0.,1.239,0.002,0.,0.002
350,2.172,0.019,2.152,2.157,0.015,2.141,0.003,0.,0.003,1.582,0.015,1.566,0.585,0.003,0.581,0.537,0.011,0.525,1.616,0.003,1.612,0.003,0.,0.002
360,2.283,0.,2.282,1.928,0.,1.928,0.003,0.,0.003,1.653,0.,1.653,0.623,0.,0.623,0.467,0.,0.467,1.456,0.,1.456,0.003,0.,0.003
370,2.425,0.007,2.416,2.141,0.011,2.129,0.003,0.,0.003,1.883,0.003,1.879,0.535,0.003,0.531,0.515,0.,0.514,1.621,0.011,1.609,0.003,0.,0.003
380,2.331,0.,2.331,2.289,0.,2.289,0.003,0.,0.003,1.765,0.,1.764,0.561,0.,0.561,0.549,0.,0.549,1.735,0.,1.734,0.003,0.,0.003
390,2.513,0.003,2.506,2.457,0.,2.454,0.003,0.,0.003,1.917,0.,1.916,0.587,0.003,0.58,0.556,0.,0.555,1.895,0.,1.893,0.003,0.,0.003
400,2.796,0.031,2.764,2.777,0.02,2.756,0.003,0.,0.003,2.139,0.019,2.118,0.652,0.011,0.64,0.671,0.007,0.663,2.1,0.012,2.088,0.003,0.,0.003