param-n,abstract-regression-cubic-real,abstract-regression-cubic-sys,abstract-regression-cubic-user,close-abstract-regression-cubic-real,close-abstract-regression-cubic-sys,close-abstract-regression-cubic-user,fast-rewrite-regression-cubic-real,fast-rewrite-regression-cubic-sys,fast-rewrite-regression-cubic-user,pose-build-and-refine-regression-cubic-real,pose-build-and-refine-regression-cubic-sys,pose-build-and-refine-regression-cubic-user,refine-regression-quadratic-regression-linear-real,refine-regression-quadratic-regression-linear-sys,refine-regression-quadratic-regression-linear-user
1,0.,0.,0.,0.,0.,0.,0.,0.,0.,0.,0.,0.,0.,0.,0.
2,0.,0.,0.,0.,0.,0.,0.,0.,0.,0.,0.,0.,0.,0.,0.
3,0.,0.,0.,0.,0.,0.,0.,0.,0.,0.,0.,0.,0.,0.,0.
4,0.,0.,0.,0.,0.,0.,0.,0.,0.,0.,0.,0.,0.,0.,0.
5,0.,0.,0.,0.,0.,0.,0.,0.,0.,0.,0.,0.,0.,0.,0.
6,0.,0.,0.,0.,0.,0.,0.,0.,0.,0.,0.,0.,0.,0.,0.
7,0.,0.,0.,0.,0.,0.,0.,0.,0.,0.,0.,0.,0.,0.,0.
8,0.,0.,0.,0.,0.,0.,0.,0.,0.,0.,0.,0.,0.,0.,0.
9,0.,0.,0.,0.,0.,0.,0.,0.,0.,0.,0.,0.,0.,0.,0.
10,0.001,0.,0.001,0.,0.,0.,0.,0.,0.,0.,0.,0.,0.,0.,0.
11,0.001,0.,0.001,0.,0.,0.,0.,0.,0.,0.,0.,0.,0.,0.,0.
12,0.001,0.,0.001,0.,0.,0.,0.,0.,0.,0.,0.,0.,0.,0.,0.
13,0.001,0.,0.001,0.,0.,0.,0.001,0.,0.001,0.001,0.,0.001,0.,0.,0.
14,0.001,0.,0.001,0.,0.,0.,0.001,0.,0.001,0.001,0.,0.001,0.,0.,0.
15,0.001,0.,0.001,0.,0.,0.,0.001,0.,0.001,0.001,0.,0.001,0.,0.,0.
16,0.001,0.001,0.,0.,0.,0.,0.001,0.001,0.,0.001,0.001,0.,0.,0.,0.
17,0.001,0.001,0.,0.,0.,0.,0.001,0.001,0.,0.001,0.001,0.,0.,0.,0.
18,0.001,0.,0.001,0.,0.,0.,0.001,0.,0.001,0.001,0.,0.001,0.,0.,0.
19,0.001,0.,0.001,0.,0.,0.,0.001,0.,0.001,0.001,0.,0.001,0.,0.,0.
20,0.002,0.,0.002,0.,0.,0.,0.001,0.,0.001,0.001,0.,0.001,0.,0.,0.
21,0.002,0.002,0.,0.,0.,0.,0.001,0.001,0.,0.001,0.001,0.,0.,0.,0.
22,0.002,0.001,0.,0.,0.,0.,0.001,0.001,0.,0.001,0.001,0.,0.,0.,0.
23,0.002,0.,0.002,0.,0.,0.,0.001,0.,0.001,0.001,0.,0.001,0.,0.,0.
24,0.002,0.,0.002,0.,0.,0.,0.001,0.,0.001,0.001,0.,0.001,0.,0.,0.
25,0.037,0.,0.037,0.,0.,0.,0.036,0.,0.036,0.036,0.,0.036,0.,0.,0.
26,0.002,0.,0.002,0.,0.,0.,0.001,0.,0.001,0.001,0.,0.001,0.,0.,0.
27,0.002,0.,0.002,0.,0.,0.,0.001,0.,0.001,0.001,0.,0.001,0.,0.,0.
28,0.002,0.,0.002,0.,0.,0.,0.001,0.,0.001,0.001,0.,0.001,0.,0.,0.
29,0.002,0.,0.002,0.,0.,0.,0.001,0.,0.001,0.001,0.,0.001,0.,0.,0.
30,0.002,0.,0.002,0.,0.,0.,0.001,0.,0.001,0.001,0.,0.001,0.,0.,0.
31,0.002,0.002,0.,0.,0.,0.,0.001,0.001,0.,0.001,0.001,0.,0.,0.,0.
32,0.002,0.,0.002,0.,0.,0.,0.001,0.,0.001,0.001,0.,0.001,0.,0.,0.
33,0.002,0.,0.002,0.,0.,0.,0.001,0.,0.001,0.001,0.,0.001,0.,0.,0.
34,0.002,0.,0.002,0.,0.,0.,0.001,0.,0.001,0.001,0.,0.001,0.,0.,0.
35,0.002,0.,0.002,0.,0.,0.,0.001,0.,0.001,0.001,0.,0.001,0.,0.,0.
36,0.003,0.,0.003,0.,0.,0.,0.001,0.,0.001,0.001,0.,0.001,0.,0.,0.
37,0.017,0.,0.017,0.001,0.,0.001,0.016,0.,0.016,0.016,0.,0.016,0.,0.,0.
38,0.003,0.,0.003,0.001,0.,0.001,0.002,0.,0.002,0.002,0.,0.002,0.,0.,0.
39,0.003,0.,0.003,0.001,0.,0.001,0.002,0.,0.002,0.002,0.,0.002,0.,0.,0.
40,0.003,0.,0.003,0.001,0.,0.001,0.002,0.,0.002,0.002,0.,0.002,0.,0.,0.
41,0.003,0.,0.003,0.001,0.,0.001,0.002,0.,0.002,0.002,0.,0.002,0.,0.,0.
42,0.003,0.,0.003,0.001,0.,0.001,0.002,0.,0.002,0.002,0.,0.002,0.,0.,0.
43,0.003,0.,0.003,0.001,0.,0.001,0.002,0.,0.002,0.002,0.,0.002,0.,0.,0.
44,0.003,0.,0.003,0.001,0.,0.001,0.002,0.,0.002,0.002,0.,0.002,0.,0.,0.
45,0.003,0.,0.003,0.001,0.,0.001,0.002,0.,0.002,0.002,0.,0.002,0.,0.,0.
46,0.005,0.,0.005,0.002,0.,0.002,0.002,0.,0.002,0.002,0.,0.002,0.,0.,0.
47,0.004,0.,0.004,0.001,0.,0.001,0.002,0.,0.002,0.002,0.,0.002,0.,0.,0.
48,0.004,0.,0.004,0.001,0.,0.001,0.002,0.,0.002,0.002,0.,0.002,0.,0.,0.
49,0.004,0.,0.004,0.001,0.,0.001,0.002,0.,0.002,0.002,0.,0.002,0.,0.,0.
50,0.005,0.005,0.,0.001,0.001,0.,0.003,0.003,0.,0.003,0.003,0.,0.,0.,0.
51,0.004,0.,0.004,0.001,0.,0.001,0.002,0.,0.002,0.002,0.,0.002,0.,0.,0.
52,0.004,0.,0.004,0.001,0.,0.001,0.002,0.,0.002,0.002,0.,0.002,0.,0.,0.
53,0.004,0.,0.004,0.001,0.,0.001,0.002,0.,0.002,0.002,0.,0.002,0.,0.,0.
54,0.005,0.,0.005,0.001,0.,0.001,0.003,0.,0.003,0.003,0.,0.003,0.,0.,0.
55,0.005,0.,0.005,0.001,0.,0.001,0.003,0.,0.003,0.003,0.,0.003,0.,0.,0.
56,0.005,0.,0.005,0.002,0.,0.002,0.003,0.,0.003,0.003,0.,0.003,0.,0.,0.
57,0.005,0.,0.005,0.002,0.,0.002,0.003,0.,0.003,0.003,0.,0.003,0.,0.,0.
58,0.005,0.,0.005,0.002,0.,0.002,0.003,0.,0.003,0.003,0.,0.003,0.,0.,0.
59,0.005,0.,0.005,0.002,0.,0.002,0.003,0.,0.003,0.003,0.,0.003,0.,0.,0.
60,0.006,0.,0.006,0.002,0.,0.002,0.003,0.,0.003,0.003,0.,0.003,0.,0.,0.
61,0.007,0.,0.007,0.002,0.,0.002,0.004,0.,0.004,0.004,0.,0.004,0.001,0.,0.001
62,0.006,0.,0.006,0.002,0.,0.002,0.003,0.,0.003,0.003,0.,0.003,0.,0.,0.
63,0.006,0.,0.006,0.002,0.,0.002,0.003,0.,0.003,0.003,0.,0.003,0.,0.,0.
64,0.006,0.,0.006,0.002,0.,0.002,0.003,0.,0.003,0.003,0.,0.003,0.,0.,0.
65,0.006,0.,0.006,0.002,0.,0.002,0.003,0.,0.003,0.003,0.,0.003,0.,0.,0.
66,0.007,0.,0.007,0.002,0.,0.002,0.003,0.,0.003,0.003,0.,0.003,0.,0.,0.
67,0.011,0.,0.011,0.003,0.,0.003,0.008,0.,0.008,0.008,0.,0.008,0.,0.,0.
68,0.007,0.,0.007,0.003,0.,0.003,0.003,0.,0.003,0.003,0.,0.003,0.,0.,0.
69,0.007,0.,0.007,0.003,0.,0.003,0.004,0.,0.004,0.004,0.,0.004,0.,0.,0.
70,0.007,0.,0.007,0.003,0.,0.003,0.004,0.,0.004,0.004,0.,0.004,0.,0.,0.
71,0.007,0.,0.007,0.003,0.,0.003,0.004,0.,0.004,0.004,0.,0.004,0.,0.,0.
72,0.009,0.,0.009,0.003,0.,0.003,0.005,0.,0.005,0.005,0.,0.005,0.,0.,0.
73,0.008,0.,0.008,0.003,0.,0.003,0.004,0.,0.004,0.004,0.,0.004,0.,0.,0.
74,0.008,0.,0.008,0.003,0.,0.003,0.004,0.,0.004,0.004,0.,0.004,0.,0.,0.
75,0.008,0.,0.008,0.003,0.,0.003,0.004,0.,0.004,0.004,0.,0.004,0.,0.,0.
76,0.008,0.,0.008,0.003,0.,0.003,0.004,0.,0.004,0.004,0.,0.004,0.,0.,0.
77,0.016,0.,0.016,0.004,0.,0.004,0.011,0.,0.011,0.011,0.,0.011,0.,0.,0.
78,0.009,0.,0.009,0.004,0.,0.004,0.004,0.,0.004,0.004,0.,0.004,0.,0.,0.
79,0.009,0.,0.009,0.004,0.,0.004,0.004,0.,0.004,0.004,0.,0.004,0.,0.,0.
80,0.009,0.,0.009,0.004,0.,0.004,0.004,0.,0.004,0.004,0.,0.004,0.,0.,0.
81,0.01,0.,0.01,0.004,0.,0.004,0.005,0.,0.005,0.005,0.,0.005,0.,0.,0.
82,0.01,0.,0.01,0.004,0.,0.004,0.005,0.,0.005,0.005,0.,0.005,0.,0.,0.
83,0.01,0.,0.01,0.004,0.,0.004,0.005,0.,0.005,0.005,0.,0.005,0.,0.,0.
84,0.01,0.,0.01,0.004,0.,0.004,0.005,0.,0.005,0.005,0.,0.005,0.,0.,0.
85,0.01,0.,0.01,0.005,0.,0.005,0.005,0.,0.005,0.005,0.,0.005,0.,0.,0.
86,0.012,0.,0.012,0.005,0.,0.005,0.006,0.,0.006,0.006,0.,0.006,0.,0.,0.
87,0.011,0.,0.011,0.005,0.,0.005,0.005,0.,0.005,0.005,0.,0.005,0.,0.,0.
88,0.011,0.,0.011,0.005,0.,0.005,0.005,0.,0.005,0.005,0.,0.005,0.,0.,0.
89,0.011,0.,0.011,0.005,0.,0.005,0.005,0.,0.005,0.005,0.,0.005,0.,0.,0.
90,0.066,0.,0.066,0.005,0.,0.005,0.06,0.,0.06,0.06,0.,0.06,0.,0.,0.
91,0.012,0.,0.012,0.005,0.,0.005,0.005,0.,0.005,0.005,0.,0.005,0.,0.,0.
92,0.012,0.,0.012,0.006,0.,0.006,0.006,0.,0.006,0.006,0.,0.006,0.,0.,0.
93,0.012,0.,0.012,0.006,0.,0.006,0.006,0.,0.006,0.006,0.,0.006,0.,0.,0.
94,0.014,0.,0.014,0.006,0.,0.006,0.007,0.,0.007,0.007,0.,0.007,0.,0.,0.
95,0.013,0.,0.013,0.006,0.,0.006,0.006,0.,0.006,0.006,0.,0.006,0.,0.,0.
96,0.013,0.,0.013,0.006,0.,0.006,0.006,0.,0.006,0.006,0.,0.006,0.,0.,0.
97,0.013,0.,0.013,0.006,0.,0.006,0.006,0.,0.006,0.006,0.,0.006,0.,0.,0.
98,0.013,0.,0.013,0.007,0.,0.007,0.006,0.,0.006,0.006,0.,0.006,0.,0.,0.
99,0.014,0.,0.014,0.007,0.,0.007,0.006,0.,0.006,0.006,0.,0.006,0.,0.,0.
100,0.016,0.005,0.011,0.007,0.003,0.003,0.008,0.,0.007,0.008,0.,0.007,0.,0.,0.
110,0.017,0.,0.017,0.009,0.,0.009,0.007,0.,0.007,0.007,0.,0.007,0.,0.,0.
120,0.021,0.,0.021,0.011,0.,0.011,0.009,0.,0.009,0.009,0.,0.009,0.,0.,0.
130,0.024,0.,0.024,0.013,0.,0.013,0.009,0.,0.009,0.009,0.,0.009,0.,0.,0.
140,0.049,0.,0.049,0.037,0.,0.037,0.01,0.,0.01,0.01,0.,0.01,0.,0.,0.
150,0.035,0.004,0.031,0.021,0.,0.021,0.014,0.004,0.01,0.014,0.004,0.01,0.001,0.,0.001
160,0.037,0.,0.037,0.023,0.,0.023,0.013,0.,0.013,0.013,0.,0.013,0.001,0.,0.001
170,0.044,0.,0.044,0.029,0.,0.029,0.014,0.,0.014,0.014,0.,0.014,0.001,0.,0.001
180,0.048,0.,0.048,0.032,0.,0.032,0.015,0.,0.015,0.015,0.,0.015,0.001,0.,0.001
190,0.054,0.,0.054,0.037,0.,0.036,0.017,0.,0.017,0.017,0.,0.017,0.001,0.,0.001
200,0.092,0.01,0.082,0.042,0.,0.042,0.05,0.01,0.04,0.05,0.01,0.04,0.001,0.,0.
210,0.072,0.,0.072,0.051,0.,0.051,0.02,0.,0.02,0.019,0.,0.019,0.001,0.,0.001
220,0.076,0.,0.076,0.054,0.,0.054,0.021,0.,0.021,0.021,0.,0.021,0.001,0.,0.001
230,0.09,0.,0.09,0.062,0.,0.062,0.027,0.,0.027,0.027,0.,0.027,0.001,0.,0.001
240,0.097,0.,0.097,0.069,0.,0.069,0.027,0.,0.027,0.027,0.,0.027,0.001,0.,0.001
250,0.116,0.,0.116,0.078,0.,0.077,0.038,0.,0.038,0.038,0.,0.038,0.001,0.,0.001
260,0.125,0.,0.125,0.086,0.,0.086,0.037,0.,0.037,0.037,0.,0.037,0.001,0.,0.001
270,0.129,0.,0.126,0.096,0.,0.096,0.032,0.,0.03,0.032,0.,0.03,0.001,0.,0.001
280,0.143,0.,0.143,0.106,0.,0.106,0.036,0.,0.036,0.036,0.,0.036,0.001,0.,0.001
290,0.213,0.,0.213,0.116,0.,0.116,0.095,0.,0.095,0.095,0.,0.095,0.001,0.,0.001
300,0.18,0.,0.18,0.139,0.,0.139,0.04,0.,0.04,0.04,0.,0.04,0.001,0.,0.001
310,0.213,0.,0.213,0.174,0.,0.174,0.038,0.,0.038,0.038,0.,0.038,0.002,0.,0.002
320,0.197,0.,0.197,0.156,0.,0.156,0.04,0.,0.04,0.04,0.,0.04,0.002,0.,0.002
330,0.222,0.,0.222,0.168,0.,0.168,0.053,0.,0.053,0.053,0.,0.053,0.002,0.,0.002
340,0.229,0.003,0.225,0.183,0.,0.183,0.045,0.003,0.041,0.045,0.003,0.041,0.002,0.,0.002
350,0.271,0.003,0.267,0.226,0.003,0.222,0.045,0.,0.045,0.045,0.,0.045,0.002,0.,0.002
360,0.27,0.,0.27,0.215,0.,0.215,0.054,0.,0.054,0.054,0.,0.054,0.002,0.,0.002
370,0.284,0.,0.284,0.233,0.,0.233,0.049,0.,0.049,0.049,0.,0.049,0.002,0.,0.002
380,0.312,0.,0.312,0.258,0.,0.258,0.053,0.,0.053,0.053,0.,0.053,0.002,0.,0.002
390,0.33,0.,0.33,0.271,0.,0.271,0.058,0.,0.058,0.058,0.,0.058,0.002,0.,0.002
400,0.379,0.,0.378,0.317,0.,0.317,0.061,0.,0.061,0.061,0.,0.061,0.002,0.,0.002
500,0.642,0.,0.641,0.555,0.,0.555,0.085,0.,0.085,0.085,0.,0.085,0.003,0.,0.003
600,1.072,0.,1.072,0.939,0.,0.939,0.132,0.,0.132,0.132,0.,0.132,0.003,0.,0.003
700,1.67,0.003,1.666,1.472,0.004,1.468,0.196,0.,0.196,0.196,0.,0.196,0.004,0.,0.004
800,2.447,0.,2.446,2.221,0.,2.221,0.224,0.,0.224,0.224,0.,0.224,0.005,0.,0.005
900,3.331,0.015,3.315,3.056,0.003,3.051,0.274,0.011,0.262,0.274,0.011,0.262,0.005,0.,0.005
1000,4.48,0.012,4.468,4.144,0.011,4.132,0.335,0.,0.335,0.335,0.,0.335,0.007,0.,0.007