param-n,cbn-regression-cubic-real,cbn-regression-cubic-sys,cbn-regression-cubic-user,cbv-regression-quadratic-real,cbv-regression-quadratic-sys,cbv-regression-quadratic-user,lazy-regression-quadratic-real,lazy-regression-quadratic-sys,lazy-regression-quadratic-user,native-compute(1)-regression-quadratic-real,native-compute(1)-regression-quadratic-sys,native-compute(1)-regression-quadratic-user,native-compute(2)-regression-quadratic-real,native-compute(2)-regression-quadratic-sys,native-compute(2)-regression-quadratic-user,simpl-regression-cubic-real,simpl-regression-cubic-sys,simpl-regression-cubic-user,vm-compute-regression-quadratic-real,vm-compute-regression-quadratic-sys,vm-compute-regression-quadratic-user
2,0.,0.,0.,0.,0.,0.,0.,0.,0.,0.,0.,0.,0.,0.,0.,0.,0.,0.,0.,0.,0.
3,0.001,0.001,0.,0.,0.,0.,0.,0.,0.,0.,0.,0.,0.,0.,0.,0.001,0.,0.001,0.,0.,0.
4,0.058,0.017,0.041,0.,0.,0.,0.,0.,0.,0.,0.,0.,0.,0.,0.,0.059,0.003,0.055,0.,0.,0.
5,0.004,0.,0.004,0.,0.,0.,0.,0.,0.,0.,0.,0.,0.,0.,0.,0.004,0.,0.004,0.,0.,0.
6,0.006,0.,0.006,0.,0.,0.,0.,0.,0.,0.,0.,0.,0.,0.,0.,0.006,0.,0.006,0.,0.,0.
7,0.009,0.,0.009,0.,0.,0.,0.,0.,0.,0.,0.,0.,0.,0.,0.,0.009,0.,0.009,0.,0.,0.
8,0.012,0.,0.012,0.,0.,0.,0.,0.,0.,0.,0.,0.,0.,0.,0.,0.013,0.,0.013,0.,0.,0.
9,0.03,0.,0.03,0.057,0.011,0.046,0.056,0.007,0.049,0.,0.,0.,0.,0.,0.,0.03,0.,0.03,0.,0.,0.
10,0.022,0.,0.022,0.,0.,0.,0.,0.,0.,0.,0.,0.,0.,0.,0.,0.023,0.,0.023,0.,0.,0.
11,0.084,0.004,0.08,0.,0.,0.,,,,,,,,,,0.084,0.007,0.076,,,
12,0.091,0.011,0.079,,,,0.,0.,0.,,,,,,,0.048,0.,0.048,,,
13,0.053,0.,0.053,,,,,,,,,,,,,0.042,0.,0.042,,,
14,0.05,0.,0.05,,,,,,,,,,,,,0.123,0.003,0.119,,,
15,0.076,0.,0.076,,,,,,,,,,,,,0.063,0.,0.063,,,
16,0.068,0.,0.068,,,,,,,,,,,,,0.079,0.,0.079,,,
17,,,,,,,,,,,,,,,,0.093,0.,0.093,,,
18,0.094,0.,0.094,,,,0.,0.,0.,,,,,,,0.1,0.,0.1,,,
19,0.119,0.,0.119,0.,0.,0.,,,,,,,,,,,,,,,
20,,,,,,,,,,,,,,,,0.201,0.,0.201,,,
22,0.272,0.,0.272,,,,,,,,,,,,,0.182,0.,0.182,,,
23,,,,,,,0.056,0.001,0.054,,,,,,,,,,,,
24,,,,,,,,,,,,,,,,0.26,0.,0.26,,,
25,0.229,0.,0.229,,,,,,,,,,,,,,,,,,
26,,,,,,,,,,,,,,,,0.27,0.,0.27,,,
28,0.408,0.,0.408,0.057,0.003,0.054,0.,0.,0.,,,,,,,0.431,0.,0.431,,,
30,0.369,0.,0.369,,,,,,,,,,,,,0.374,0.,0.374,,,
32,,,,,,,,,,,,,,,,0.435,0.,0.435,,,
33,0.441,0.,0.441,,,,0.,0.,0.,,,,,,,,,,,,
34,,,,,,,,,,,,,,,,0.519,0.,0.518,,,
36,0.568,0.,0.568,0.,0.,0.,,,,,,,,,,,,,,,
39,,,,,,,0.001,0.,0.001,,,,,,,,,,,,
41,,,,,,,,,,,,,,,,0.819,0.,0.819,0.,0.,0.
43,0.916,0.,0.915,,,,,,,,,,,,,,,,,,
44,,,,,,,0.001,0.,0.001,,,,,,,,,,,,
45,,,,0.001,0.,0.001,,,,,,,,,,,,,,,
47,,,,,,,,,,,,,,,,1.207,0.,1.207,,,
49,,,,,,,0.001,0.,0.001,,,,,,,,,,,,
50,1.358,0.,1.358,,,,,,,,,,,,,,,,,,
53,,,,0.001,0.,0.001,,,,,,,,,,,,,,,
54,,,,,,,0.001,0.,0.001,,,,,,,1.717,0.,1.717,,,
56,1.839,0.,1.839,,,,,,,,,,,,,,,,,,
59,,,,,,,0.001,0.,0.001,,,,,,,,,,,,
60,,,,,,,,,,,,,,,,2.339,0.003,2.335,,,
62,,,,0.001,0.,0.001,,,,,,,,,,,,,,,
63,2.645,0.,2.644,,,,,,,,,,,,,,,,,,
65,,,,,,,0.002,0.,0.002,,,,,,,,,,,,
67,,,,,,,,,,,,,,,,3.289,0.004,3.285,,,
70,3.583,0.003,3.579,,,,0.002,0.,0.002,,,,,,,,,,,,
71,,,,0.002,0.,0.002,,,,,,,,,,,,,,,
75,,,,,,,0.002,0.,0.002,,,,,,,,,,,,
79,,,,0.002,0.,0.002,,,,,,,,,,,,,,,
80,,,,,,,0.015,0.,0.015,,,,,,,,,,0.,0.,0.
86,,,,,,,0.003,0.,0.003,,,,,,,,,,,,
88,,,,0.003,0.,0.003,,,,,,,,,,,,,,,
91,,,,,,,0.003,0.,0.003,,,,,,,,,,,,
96,,,,0.003,0.,0.003,0.003,0.,0.003,,,,,,,,,,,,
101,,,,,,,0.004,0.,0.004,,,,,,,,,,,,
105,,,,0.016,0.,0.016,,,,,,,,,,,,,,,
106,,,,,,,0.004,0.,0.004,,,,,,,,,,,,
112,,,,,,,0.006,0.,0.006,,,,,,,,,,,,
113,,,,0.004,0.,0.004,,,,,,,,,,,,,,,
116,,,,,,,,,,0.001,0.,0.001,0.,0.,0.,,,,,,
117,,,,,,,0.005,0.,0.005,,,,,,,,,,,,
120,,,,,,,,,,,,,,,,,,,0.,0.,0.
122,,,,0.005,0.,0.005,0.005,0.,0.005,,,,,,,,,,,,
127,,,,,,,0.005,0.,0.005,,,,,,,,,,,,
130,,,,0.005,0.,0.005,,,,,,,,,,,,,,,
133,,,,,,,0.006,0.,0.006,,,,,,,,,,,,
138,,,,,,,0.007,0.,0.007,,,,,,,,,,,,
139,,,,0.006,0.,0.006,,,,,,,,,,,,,,,
143,,,,,,,0.007,0.,0.007,,,,,,,,,,,,
148,,,,0.006,0.,0.006,0.007,0.,0.007,,,,,,,,,,,,
153,,,,,,,0.013,0.,0.013,,,,,,,,,,,,
156,,,,0.007,0.,0.007,,,,,,,,,,,,,,,
159,,,,,,,0.008,0.,0.008,,,,,,,,,,0.,0.,0.
164,,,,,,,0.01,0.,0.01,,,,,,,,,,,,
165,,,,0.008,0.,0.008,,,,,,,,,,,,,,,
169,,,,,,,0.009,0.,0.009,,,,,,,,,,,,
173,,,,0.009,0.,0.009,,,,,,,,,,,,,,,
174,,,,,,,0.02,0.,0.02,,,,,,,,,,,,
180,,,,,,,0.01,0.,0.01,,,,,,,,,,,,
182,,,,0.009,0.,0.009,,,,,,,,,,,,,,,
185,,,,,,,0.011,0.,0.011,,,,,,,,,,,,
190,,,,0.014,0.,0.014,0.014,0.,0.014,,,,,,,,,,,,
195,,,,,,,0.012,0.,0.012,,,,,,,,,,,,
198,,,,,,,,,,,,,,,,,,,0.001,0.,0.001
199,,,,0.011,0.,0.011,,,,,,,,,,,,,,,
200,,,,,,,0.081,0.,0.081,,,,,,,,,,,,
206,,,,,,,0.015,0.,0.015,,,,,,,,,,,,
208,,,,0.012,0.,0.012,,,,,,,,,,,,,,,
211,,,,,,,0.051,0.,0.051,,,,,,,,,,,,
216,,,,0.02,0.,0.02,0.014,0.,0.014,,,,,,,,,,,,
221,,,,,,,0.017,0.,0.017,,,,,,,,,,,,
225,,,,0.013,0.,0.013,,,,,,,,,,,,,,,
227,,,,,,,0.031,0.,0.031,,,,,,,,,,,,
229,,,,,,,,,,0.001,0.,0.001,0.001,0.,0.001,,,,,,
232,,,,,,,0.019,0.,0.019,,,,,,,,,,,,
233,,,,0.014,0.,0.014,,,,,,,,,,,,,,,
237,,,,,,,0.017,0.,0.017,,,,,,,,,,0.057,0.003,0.053
242,,,,0.015,0.,0.015,0.021,0.,0.021,,,,,,,,,,,,
247,,,,,,,0.025,0.,0.025,,,,,,,,,,,,
250,,,,0.089,0.,0.089,,,,,,,,,,,,,,,
253,,,,,,,0.022,0.,0.022,,,,,,,,,,,,
258,,,,,,,0.03,0.,0.03,,,,,,,,,,,,
259,,,,0.017,0.,0.017,,,,,,,,,,,,,,,
263,,,,,,,0.028,0.,0.028,,,,,,,,,,,,
268,,,,0.057,0.,0.057,0.027,0.,0.027,,,,,,,,,,,,
273,,,,,,,0.092,0.,0.092,,,,,,,,,,,,
276,,,,0.019,0.,0.019,,,,,,,,,,,,,0.001,0.,0.001
279,,,,,,,0.066,0.,0.066,,,,,,,,,,,,
284,,,,,,,0.028,0.003,0.025,,,,,,,,,,,,
285,,,,0.034,0.,0.034,,,,,,,,,,,,,,,
289,,,,,,,0.041,0.,0.041,,,,,,,,,,,,
292,,,,,,,0.099,0.004,0.094,,,,,,,,,,,,
293,,,,0.021,0.,0.021,,,,,,,,,,,,,,,
294,,,,,,,0.03,0.,0.029,,,,,,,,,,,,
300,,,,,,,0.032,0.,0.032,,,,,,,,,,,,
302,,,,0.022,0.,0.022,,,,,,,,,,,,,,,
305,,,,,,,0.029,0.,0.029,,,,,,,,,,,,
310,,,,0.025,0.,0.025,0.032,0.,0.032,,,,,,,,,,,,
315,,,,,,,0.035,0.,0.035,,,,,,,,,,,,
316,,,,,,,,,,,,,,,,,,,0.002,0.,0.002
319,,,,0.029,0.,0.029,,,,,,,,,,,,,,,
320,,,,,,,0.038,0.,0.038,,,,,,,,,,,,
326,,,,,,,0.037,0.,0.037,,,,,,,,,,,,
328,,,,0.032,0.,0.032,,,,,,,,,,,,,,,
331,,,,,,,0.035,0.,0.035,,,,,,,,,,,,
336,,,,0.026,0.,0.026,0.035,0.,0.035,,,,,,,,,,,,
341,,,,,,,0.042,0.,0.042,,,,,,,,,,,,
343,,,,,,,,,,0.003,0.,0.003,0.002,0.,0.002,,,,,,
345,,,,0.1,0.,0.1,,,,,,,,,,,,,,,
347,,,,,,,0.045,0.,0.045,,,,,,,,,,,,
352,,,,,,,0.048,0.003,0.044,,,,,,,,,,,,
353,,,,0.068,0.,0.068,,,,,,,,,,,,,,,
355,,,,,,,,,,,,,,,,,,,0.002,0.,0.002
357,,,,,,,0.045,0.,0.045,,,,,,,,,,,,
362,,,,0.03,0.,0.03,0.046,0.,0.046,,,,,,,,,,,,
367,,,,,,,0.046,0.,0.046,,,,,,,,,,,,
370,,,,0.045,0.,0.045,,,,,,,,,,,,,,,
373,,,,,,,0.048,0.,0.048,,,,,,,,,,,,
378,,,,,,,0.048,0.,0.048,,,,,,,,,,,,
379,,,,0.033,0.,0.033,,,,,,,,,,,,,,,
383,,,,,,,0.057,0.,0.057,,,,,,,,,,,,
387,,,,0.033,0.,0.033,,,,,,,,,,,,,,,
388,,,,,,,0.051,0.,0.051,,,,,,,,,,,,
394,,,,,,,0.049,0.,0.049,,,,,,,,,,0.003,0.,0.003
396,,,,0.035,0.,0.035,,,,,,,,,,,,,,,
399,,,,,,,0.052,0.,0.052,,,,,,,,,,,,
404,,,,,,,0.065,0.,0.065,,,,,,,,,,,,
405,,,,0.036,0.,0.036,,,,,,,,,,,,,,,
409,,,,,,,0.073,0.,0.073,,,,,,,,,,,,
413,,,,0.038,0.,0.038,,,,,,,,,,,,,,,
414,,,,,,,0.074,0.,0.074,,,,,,,,,,,,
420,,,,,,,0.063,0.,0.063,,,,,,,,,,,,
422,,,,0.04,0.,0.04,,,,,,,,,,,,,,,
425,,,,,,,0.071,0.,0.071,,,,,,,,,,,,
430,,,,0.041,0.,0.041,0.079,0.,0.079,,,,,,,,,,,,
433,,,,,,,,,,,,,,,,,,,0.004,0.,0.004
435,,,,,,,0.078,0.003,0.074,,,,,,,,,,,,
439,,,,0.043,0.,0.043,,,,,,,,,,,,,,,
441,,,,,,,0.075,0.,0.075,,,,,,,,,,,,
446,,,,,,,0.079,0.003,0.075,,,,,,,,,,,,
447,,,,0.044,0.,0.044,,,,,,,,,,,,,,,
451,,,,,,,0.073,0.,0.073,,,,,,,,,,,,
456,,,,0.045,0.,0.045,,,,0.004,0.,0.004,0.004,0.,0.004,,,,,,
458,,,,0.115,0.007,0.107,,,,,,,,,,,,,,,
465,,,,0.048,0.,0.048,,,,,,,,,,,,,,,
469,,,,,,,0.075,0.,0.075,,,,,,,,,,,,
472,,,,,,,,,,,,,,,,,,,0.004,0.,0.004
473,,,,0.049,0.,0.049,,,,,,,,,,,,,,,
482,,,,0.05,0.003,0.047,,,,,,,,,,,,,,,
487,,,,,,,0.082,0.,0.082,,,,,,,,,,,,
490,,,,0.051,0.,0.051,,,,,,,,,,,,,,,
499,,,,0.053,0.,0.053,,,,,,,,,,,,,,,
505,,,,,,,0.092,0.003,0.088,,,,,,,,,,,,
507,,,,0.055,0.,0.055,,,,,,,,,,,,,,,
511,,,,,,,,,,,,,,,,,,,0.005,0.,0.005
516,,,,0.056,0.,0.056,,,,,,,,,,,,,,,
523,,,,,,,0.104,0.004,0.1,,,,,,,,,,,,
525,,,,0.058,0.,0.058,,,,,,,,,,,,,,,
533,,,,0.059,0.,0.059,,,,,,,,,,,,,,,
541,,,,,,,0.116,0.,0.116,,,,,,,,,,,,
542,,,,0.062,0.,0.062,,,,,,,,,,,,,,,
550,,,,0.063,0.,0.063,,,,,,,,,,,,,,,
551,,,,,,,,,,,,,,,,,,,0.006,0.,0.006
559,,,,0.064,0.,0.064,0.113,0.,0.113,,,,,,,,,,,,
567,,,,0.067,0.,0.067,,,,,,,,,,,,,,,
570,,,,,,,,,,0.006,0.,0.006,0.006,0.,0.006,,,,,,
576,,,,0.068,0.,0.068,,,,,,,,,,,,,,,
577,,,,,,,0.143,0.,0.143,,,,,,,,,,,,
583,,,,,,,0.116,0.003,0.113,,,,,,,,,,,,
585,,,,0.071,0.,0.071,,,,,,,,,,,,,,,
590,,,,,,,,,,,,,,,,,,,0.006,0.003,0.003
593,,,,0.073,0.,0.073,,,,,,,,,,,,,,,
595,,,,,,,0.162,0.,0.162,,,,,,,,,,,,
602,,,,0.075,0.,0.075,,,,,,,,,,,,,,,
610,,,,0.076,0.,0.076,,,,,,,,,,,,,,,
613,,,,,,,0.16,0.003,0.156,,,,,,,,,,,,
619,,,,0.078,0.,0.078,,,,,,,,,,,,,,,
627,,,,0.08,0.,0.08,,,,,,,,,,,,,,,
629,,,,,,,,,,,,,,,,,,,0.007,0.,0.007
631,,,,,,,0.172,0.004,0.168,,,,,,,,,,,,
636,,,,0.081,0.,0.081,,,,,,,,,,,,,,,
644,,,,0.083,0.,0.083,,,,,,,,,,,,,,,
649,,,,,,,0.161,0.004,0.157,,,,,,,,,,,,
653,,,,0.085,0.,0.085,,,,,,,,,,,,,,,
662,,,,0.088,0.,0.088,,,,,,,,,,,,,,,
667,,,,,,,0.185,0.,0.185,,,,,,,,,,,,
668,,,,,,,,,,,,,,,,,,,0.008,0.,0.008
670,,,,0.092,0.,0.092,,,,,,,,,,,,,,,
679,,,,0.092,0.,0.092,,,,,,,,,,,,,,,
684,,,,,,,,,,0.008,0.,0.008,0.009,0.,0.009,,,,,,
685,,,,,,,0.182,0.,0.182,,,,,,,,,,,,
687,,,,0.094,0.,0.094,,,,,,,,,,,,,,,
696,,,,0.097,0.,0.097,,,,,,,,,,,,,,,
703,,,,,,,0.229,0.,0.229,,,,,,,,,,,,
704,,,,0.098,0.,0.098,,,,,,,,,,,,,,,
707,,,,,,,,,,,,,,,,,,,0.009,0.,0.009
713,,,,0.1,0.003,0.096,,,,,,,,,,,,,,,
721,,,,,,,0.242,0.,0.242,,,,,,,,,,,,
739,,,,,,,0.221,0.,0.221,,,,,,,,,,,,
744,,,,0.109,0.,0.109,,,,,,,,,,,,,,,
747,,,,,,,,,,,,,,,,,,,0.01,0.,0.01
757,,,,,,,0.233,0.,0.233,,,,,,,,,,,,
775,,,,0.117,0.,0.117,0.25,0.,0.25,,,,,,,,,,,,
786,,,,,,,,,,,,,,,,,,,0.011,0.,0.011
793,,,,,,,0.302,0.,0.302,,,,,,,,,,,,
797,,,,,,,,,,0.011,0.,0.011,0.011,0.,0.011,,,,,,
806,,,,0.126,0.,0.126,,,,,,,,,,,,,,,
811,,,,,,,0.256,0.,0.256,,,,,,,,,,,,
825,,,,,,,,,,,,,,,,,,,0.012,0.,0.012
829,,,,,,,0.288,0.,0.287,,,,,,,,,,,,
837,,,,0.134,0.,0.134,,,,,,,,,,,,,,,
847,,,,,,,0.306,0.,0.306,,,,,,,,,,,,
864,,,,,,,,,,,,,,,,,,,0.013,0.,0.013
865,,,,,,,0.357,0.,0.357,,,,,,,,,,,,
868,,,,0.145,0.,0.145,,,,,,,,,,,,,,,
873,,,,,,,0.416,0.,0.416,,,,,,,,,,,,
883,,,,,,,0.315,0.003,0.311,,,,,,,,,,,,
898,,,,0.154,0.,0.154,,,,,,,,,,,,,,,
901,,,,,,,0.334,0.,0.334,,,,,,,,,,,,
903,,,,,,,,,,,,,,,,,,,0.014,0.,0.014
911,,,,,,,,,,0.014,0.,0.014,0.014,0.,0.014,,,,,,
914,,,,0.243,0.,0.243,,,,,,,,,,,,,,,
929,,,,0.165,0.,0.165,,,,,,,,,,,,,,,
943,,,,,,,,,,,,,,,,,,,0.015,0.,0.015
960,,,,0.168,0.,0.168,,,,,,,,,,,,,,,
982,,,,,,,,,,,,,,,,,,,0.016,0.,0.016
991,,,,0.181,0.,0.181,0.455,0.,0.455,,,,,,,,,,,,
1021,,,,,,,,,,,,,,,,,,,0.03,0.,0.03
1022,,,,0.196,0.,0.196,,,,,,,,,,,,,,,
1025,,,,,,,,,,0.018,0.,0.018,0.018,0.,0.018,,,,,,
1053,,,,0.213,0.,0.213,,,,,,,,,,,,,,,
1060,,,,,,,,,,,,,,,,,,,0.018,0.,0.018
1081,,,,,,,0.495,0.,0.495,,,,,,,,,,,,
1084,,,,0.215,0.,0.215,,,,,,,,,,,,,,,
1099,,,,,,,,,,,,,,,,,,,0.02,0.,0.02
1115,,,,0.229,0.,0.228,,,,,,,,,,,,,,,
1138,,,,,,,,,,0.021,0.,0.021,0.033,0.,0.033,,,,0.021,0.,0.021
1146,,,,0.238,0.,0.238,,,,,,,,,,,,,,,
1164,,,,,,,0.665,0.008,0.657,,,,,,,,,,,,
1171,,,,,,,0.613,0.,0.613,,,,,,,,,,,,
1177,,,,0.249,0.,0.249,,,,,,,,,,,,,,,
1178,,,,,,,,,,,,,,,,,,,0.022,0.,0.022
1208,,,,0.262,0.,0.262,,,,,,,,,,,,,,,
1217,,,,,,,,,,,,,,,,,,,0.024,0.,0.024
1239,,,,0.281,0.,0.281,,,,,,,,,,,,,,,
1252,,,,,,,,,,0.025,0.,0.025,0.025,0.,0.025,,,,,,
1256,,,,,,,,,,,,,,,,,,,0.025,0.,0.025
1261,,,,,,,0.744,0.,0.744,,,,,,,,,,,,
1269,,,,0.284,0.,0.284,,,,,,,,,,,,,,,
1295,,,,,,,,,,,,,,,,,,,0.027,0.,0.027
1300,,,,0.309,0.003,0.305,,,,,,,,,,,,,,,
1331,,,,0.325,0.,0.325,,,,,,,,,,,,,,,
1334,,,,,,,,,,,,,,,,,,,0.029,0.,0.029
1351,,,,,,,0.742,0.003,0.738,,,,,,,,,,,,
1362,,,,0.335,0.,0.335,,,,,,,,,,,,,,,
1365,,,,,,,,,,0.029,0.,0.029,0.029,0.,0.029,,,,,,
1370,,,,0.526,0.,0.526,,,,,,,,,,,,,,,
1374,,,,,,,,,,,,,,,,,,,0.03,0.,0.03
1393,,,,0.347,0.003,0.343,,,,,,,,,,,,,,,
1413,,,,,,,,,,,,,,,,,,,0.032,0.,0.032
1424,,,,0.364,0.,0.364,,,,,,,,,,,,,,,
1441,,,,,,,0.902,0.004,0.898,,,,,,,,,,,,
1452,,,,,,,,,,,,,,,,,,,0.033,0.,0.033
1454,,,,,,,1.041,0.011,1.029,,,,,,,,,,,,
1479,,,,,,,,,,0.033,0.,0.033,0.034,0.,0.034,,,,,,
1491,,,,,,,,,,,,,,,,,,,0.034,0.,0.034
1530,,,,,,,,,,,,,,,,,,,0.036,0.,0.036
1531,,,,,,,1.038,0.,1.038,,,,,,,,,,,,
1566,,,,0.434,0.,0.434,,,,,,,,,,,,,,,
1570,,,,,,,,,,,,,,,,,,,0.037,0.,0.037
1593,,,,,,,,,,0.039,0.,0.039,0.039,0.,0.039,,,,,,
1609,,,,,,,,,,,,,,,,,,,0.039,0.,0.039
1621,,,,,,,1.164,0.,1.164,,,,,,,,,,,,
1648,,,,,,,,,,,,,,,,,,,0.041,0.,0.041
1687,,,,,,,,,,,,,,,,,,,0.043,0.,0.043
1706,,,,,,,,,,0.045,0.,0.045,0.045,0.,0.045,,,,,,
1709,,,,0.51,0.,0.51,,,,,,,,,,,,,,,
1711,,,,,,,1.293,0.,1.293,,,,,,,,,,,,
1726,,,,,,,,,,,,,,,,,,,0.045,0.,0.045
1765,,,,,,,,,,,,,,,,,,,0.047,0.,0.047
1801,,,,,,,1.427,0.,1.427,,,,,,,,,,,,
1805,,,,,,,,,,,,,,,,,,,0.049,0.,0.049
1820,,,,,,,,,,0.048,0.,0.048,0.048,0.,0.048,,,,,,
1826,,,,0.592,0.,0.592,,,,,,,,,,,,,,,
1844,,,,,,,,,,,,,,,,,,,0.051,0.,0.051
1851,,,,0.601,0.,0.601,,,,,,,,,,,,,,,
1883,,,,,,,,,,,,,,,,,,,0.053,0.,0.053
1922,,,,,,,,,,,,,,,,,,,0.06,0.,0.06
1933,,,,,,,,,,0.055,0.,0.055,0.057,0.,0.057,,,,,,
1961,,,,,,,,,,,,,,,,,,,0.057,0.,0.057
1993,,,,0.682,0.003,0.678,,,,,,,,,,,,,,,
2001,,,,,,,,,,,,,,,,,,,0.06,0.,0.06
2013,,,,,,,,,,,,,,,,,,,0.114,0.,0.114
2040,,,,,,,,,,,,,,,,,,,0.061,0.,0.061
2047,,,,,,,,,,0.061,0.,0.061,0.062,0.,0.062,,,,,,
2079,,,,,,,,,,,,,,,,,,,0.064,0.,0.064
2118,,,,,,,,,,,,,,,,,,,0.066,0.,0.066
2136,,,,0.789,0.,0.789,,,,,,,,,,,,,,,
2157,,,,,,,,,,,,,,,,,,,0.069,0.,0.069
2161,,,,,,,2.073,0.,2.073,0.067,0.,0.067,0.072,0.,0.072,,,,,,
2197,,,,,,,,,,,,,,,,,,,0.079,0.,0.079
2236,,,,,,,,,,,,,,,,,,,0.075,0.,0.075
2274,,,,,,,,,,0.076,0.,0.076,0.074,0.,0.074,,,,,,
2275,,,,,,,,,,,,,,,,,,,0.076,0.,0.076
2278,,,,0.89,0.,0.89,,,,,,,,,,,,,,,
2282,,,,0.906,0.,0.906,,,,,,,,,,,,,,,
2314,,,,,,,,,,,,,,,,,,,0.079,0.,0.079
2353,,,,,,,,,,,,,,,,,,,0.082,0.,0.082
2388,,,,,,,,,,0.083,0.,0.083,0.083,0.,0.083,,,,,,
2392,,,,,,,,,,,,,,,,,,,0.087,0.,0.087
2420,,,,0.994,0.,0.994,,,,,,,,,,,,,,,
2432,,,,,,,,,,,,,,,,,,,0.088,0.,0.087
2471,,,,,,,,,,,,,,,,,,,0.091,0.,0.091
2502,,,,,,,,,,0.091,0.,0.091,0.097,0.,0.097,,,,,,
2510,,,,,,,,,,,,,,,,,,,0.162,0.,0.162
2521,,,,,,,2.829,0.007,2.821,,,,,,,,,,,,
2549,,,,,,,,,,,,,,,,,,,0.093,0.,0.093
2562,,,,1.115,0.,1.115,,,,,,,,,,,,,,,
2588,,,,,,,,,,,,,,,,,,,0.096,0.,0.096
2615,,,,,,,,,,0.096,0.,0.096,0.096,0.,0.096,,,,,,
2628,,,,,,,,,,,,,,,,,,,0.101,0.,0.101
2667,,,,,,,,,,,,,,,,,,,0.142,0.,0.142
2705,,,,1.246,0.,1.246,,,,,,,,,,,,,,,
2706,,,,,,,,,,,,,,,,,,,0.106,0.,0.106
2729,,,,,,,,,,0.107,0.,0.107,0.109,0.003,0.105,,,,,,
2745,,,,,,,,,,,,,,,,,,,0.109,0.,0.109
2784,,,,,,,,,,,,,,,,,,,0.113,0.,0.113
2824,,,,,,,,,,,,,,,,,,,0.13,0.,0.13
2842,,,,,,,,,,0.116,0.,0.116,0.19,0.,0.19,,,,,,
2847,,,,1.373,0.,1.373,,,,,,,,,,,,,,,
2863,,,,,,,,,,,,,,,,,,,0.118,0.,0.118
2881,,,,,,,3.665,0.,3.665,,,,,,,,,,,,
2902,,,,,,,,,,,,,,,,,,,0.121,0.,0.121
2941,,,,,,,,,,,,,,,,,,,0.124,0.,0.124
2956,,,,,,,,,,0.127,0.,0.127,0.126,0.,0.126,,,,,,
2980,,,,,,,,,,,,,,,,,,,0.129,0.,0.129
3019,,,,,,,,,,,,,,,,,,,0.132,0.,0.132
3059,,,,,,,,,,,,,,,,,,,0.136,0.,0.136
3070,,,,,,,,,,0.176,0.,0.176,0.136,0.,0.136,,,,,,
3098,,,,,,,,,,,,,,,,,,,0.144,0.,0.144
3137,,,,,,,,,,,,,,,,,,,0.144,0.,0.144
3183,,,,,,,,,,0.144,0.,0.144,0.159,0.,0.159,,,,,,
3241,,,,,,,4.645,0.011,4.632,,,,,,,,,,,,
3268,,,,,,,,,,,,,,,,,,,0.151,0.,0.151
3297,,,,,,,,,,0.154,0.,0.154,0.156,0.003,0.152,,,,,,
3398,,,,,,,,,,,,,,,,,,,0.171,0.,0.171
3410,,,,,,,,,,0.164,0.,0.164,0.167,0.,0.167,,,,,,
3416,,,,1.923,0.,1.923,,,,,,,,,,,,,,,
3524,,,,,,,,,,0.178,0.,0.178,0.18,0.,0.18,,,,,,
3529,,,,,,,,,,,,,,,,,,,0.176,0.,0.176
3601,,,,,,,5.895,0.023,5.871,,,,,,,,,,,,
3638,,,,,,,,,,0.188,0.,0.188,0.191,0.,0.191,,,,,,
3660,,,,,,,,,,,,,,,,,,,0.19,0.,0.19
3674,,,,,,,,,,0.253,0.004,0.249,0.213,0.,0.213,,,,,,
3751,,,,,,,,,,0.192,0.,0.192,0.191,0.,0.191,,,,,,
3790,,,,,,,,,,,,,,,,,,,0.274,0.,0.274
3865,,,,,,,,,,0.28,0.,0.28,0.204,0.,0.204,,,,,,
3921,,,,,,,,,,,,,,,,,,,0.22,0.,0.22
3979,,,,,,,,,,0.215,0.,0.215,0.254,0.,0.254,,,,,,
3985,,,,2.612,0.,2.612,,,,,,,,,,,,,,,
4024,,,,,,,,,,,,,,,,,,,0.243,0.,0.243
4052,,,,,,,,,,,,,,,,,,,0.268,0.,0.268
4092,,,,,,,,,,0.243,0.,0.243,0.228,0.,0.228,,,,,,
4182,,,,,,,,,,,,,,,,,,,0.249,0.,0.249
4206,,,,,,,,,,0.246,0.,0.246,0.248,0.,0.248,,,,,,
4313,,,,,,,,,,,,,,,,,,,0.275,0.,0.275
4319,,,,,,,,,,0.26,0.,0.26,0.257,0.,0.257,,,,,,
4433,,,,,,,,,,0.265,0.,0.265,0.267,0.,0.267,,,,,,
4444,,,,,,,,,,,,,,,,,,,0.275,0.,0.275
4547,,,,,,,,,,0.287,0.,0.287,0.284,0.,0.284,,,,,,
4555,,,,3.374,0.,3.374,,,,,,,,,,,,,,,
4574,,,,,,,,,,,,,,,,,,,0.29,0.,0.29
4660,,,,,,,,,,0.302,0.,0.302,0.296,0.,0.296,,,,,,
4705,,,,,,,,,,,,,,,,,,,0.307,0.,0.307
4774,,,,,,,,,,0.317,0.,0.317,0.314,0.,0.314,,,,,,
4836,,,,,,,,,,,,,,,,,,,0.328,0.,0.328
4887,,,,,,,,,,0.33,0.,0.33,0.323,0.,0.323,,,,,,
4966,,,,,,,,,,,,,,,,,,,0.346,0.,0.346
5001,,,,,,,,,,0.344,0.,0.344,0.342,0.,0.342,,,,,,
5097,,,,,,,,,,,,,,,,,,,0.358,0.,0.358
5115,,,,,,,,,,0.36,0.,0.36,0.362,0.,0.362,,,,,,
5124,,,,4.281,0.,4.28,,,,,,,,,,,,,,,
5228,,,,,,,,,,0.372,0.,0.372,0.37,0.,0.37,,,,0.378,0.,0.378
5342,,,,,,,,,,0.378,0.,0.378,0.371,0.,0.371,,,,,,
5358,,,,,,,,,,,,,,,,,,,0.396,0.,0.396
5456,,,,,,,,,,0.403,0.,0.403,0.417,0.,0.417,,,,,,
5489,,,,,,,,,,,,,,,,,,,0.415,0.,0.415
5569,,,,,,,,,,0.414,0.,0.414,0.409,0.,0.409,,,,,,
5620,,,,,,,,,,,,,,,,,,,0.427,0.,0.427
5683,,,,,,,,,,0.443,0.,0.443,0.444,0.,0.444,,,,,,
5693,,,,5.196,0.,5.195,,,,,,,,,,,,,,,
5750,,,,,,,,,,,,,,,,,,,0.448,0.,0.448
5796,,,,,,,,,,0.453,0.,0.453,0.442,0.,0.442,,,,,,
5881,,,,,,,,,,,,,,,,,,,0.481,0.,0.481
5910,,,,,,,,,,0.482,0.,0.482,0.465,0.,0.465,,,,,,
6012,,,,,,,,,,,,,,,,,,,0.495,0.,0.495
6034,,,,,,,,,,,,,,,,,,,0.515,0.,0.515
6142,,,,,,,,,,,,,,,,,,,0.515,0.003,0.511
6221,,,,,,,,,,0.506,0.,0.506,0.526,0.,0.526,,,,,,
6273,,,,,,,,,,,,,,,,,,,0.536,0.,0.536
6532,,,,,,,,,,0.57,0.,0.57,0.566,0.,0.566,,,,,,
6843,,,,,,,,,,0.609,0.,0.609,0.611,0.,0.611,,,,,,
6900,,,,,,,,,,,,,,,,,,,0.656,0.,0.656
7154,,,,,,,,,,0.663,0.,0.663,0.676,0.,0.676,,,,,,
7346,,,,,,,,,,0.773,0.,0.773,0.776,0.,0.776,,,,,,
7465,,,,,,,,,,0.732,0.,0.732,0.737,0.,0.737,,,,,,
7527,,,,,,,,,,,,,,,,,,,0.768,0.,0.768
7776,,,,,,,,,,0.819,0.,0.819,0.801,0.,0.801,,,,,,
8045,,,,,,,,,,,,,,,,,,,0.914,0.,0.914
8087,,,,,,,,,,0.871,0.,0.871,0.862,0.,0.862,,,,,,
8154,,,,,,,,,,,,,,,,,,,0.899,0.,0.899
8398,,,,,,,,,,0.954,0.,0.954,0.957,0.,0.957,,,,,,
8709,,,,,,,,,,1.048,0.,1.048,1.008,0.,1.008,,,,,,
8781,,,,,,,,,,,,,,,,,,,1.05,0.,1.05
9019,,,,,,,,,,1.098,0.,1.098,1.104,0.003,1.1,,,,,,
9330,,,,,,,,,,1.155,0.,1.155,1.164,0.,1.164,,,,,,
9409,,,,,,,,,,,,,,,,,,,1.192,0.,1.192
9641,,,,,,,,,,1.204,0.004,1.2,1.262,0.,1.262,,,,,,
9952,,,,,,,,,,1.332,0.,1.331,1.363,0.,1.363,,,,,,
10036,,,,,,,,,,,,,,,,,,,1.346,0.,1.346
10056,,,,,,,,,,,,,,,,,,,1.48,0.,1.48
10263,,,,,,,,,,1.397,0.,1.397,1.423,0.,1.423,,,,,,
10574,,,,,,,,,,1.458,0.,1.458,1.505,0.,1.505,,,,,,
10663,,,,,,,,,,,,,,,,,,,1.532,0.,1.532
10885,,,,,,,,,,1.584,0.,1.584,1.624,0.,1.623,,,,,,
11017,,,,,,,,,,1.788,0.,1.788,1.622,0.,1.622,,,,,,
11196,,,,,,,,,,1.648,0.003,1.644,1.69,0.,1.69,,,,,,
11290,,,,,,,,,,,,,,,,,,,1.71,0.003,1.705
11507,,,,,,,,,,1.8,0.,1.8,1.806,0.,1.806,,,,,,
11818,,,,,,,,,,1.889,0.003,1.886,1.852,0.,1.852,,,,,,
11917,,,,,,,,,,,,,,,,,,,1.895,0.,1.895
12544,,,,,,,,,,,,,,,,,,,2.129,0.,2.128
13000,,,,,,,,,,2.253,0.,2.253,2.236,0.,2.236,,,,,,
14181,,,,,,,,,,2.682,0.,2.682,2.685,0.,2.684,,,,,,
14689,,,,,,,,,,2.929,0.,2.929,2.885,0.,2.885,,,,,,
15052,,,,,,,,,,,,,,,,,,,3.057,0.,3.057
15363,,,,,,,,,,3.153,0.,3.153,3.138,0.,3.138,,,,,,
16544,,,,,,,,,,3.62,0.,3.62,3.635,0.,3.635,,,,,,
17561,,,,,,,,,,,,,,,,,,,4.113,0.,4.113
17726,,,,,,,,,,4.092,0.,4.092,4.228,0.,4.228,,,,,,
18361,,,,,,,,,,4.401,0.,4.401,4.604,0.,4.604,,,,,,
18908,,,,,,,,,,4.685,0.,4.685,4.57,0.003,4.566,,,,,,
20069,,,,,,,,,,,,,,,,,,,5.444,0.,5.443
20089,,,,,,,,,,5.243,0.,5.242,5.27,0.,5.27,,,,,,
21271,,,,,,,,,,5.881,0.,5.88,6.054,0.,6.054,,,,,,
22452,,,,,,,,,,6.555,0.003,6.551,6.652,0.,6.652,,,,,,
22578,,,,,,,,,,,,,,,,,,,6.629,0.,6.629
23634,,,,,,,,,,7.273,0.,7.273,7.355,0.003,7.351,,,,,,
25086,,,,,,,,,,,,,,,,,,,8.357,0.007,8.347
28361,,,,,,,,,,10.08,0.003,10.075,9.92,0.,9.919,,,,,,
33087,,,,,,,,,,14.375,0.,14.375,14.27,0.,14.269,,,,,,
37814,,,,,,,,,,18.67,0.,18.668,18.051,0.,18.05,,,,,,
42540,,,,,,,,,,22.318,0.,22.317,23.081,0.,23.08,,,,,,
47267,,,,,,,,,,30.346,0.,30.345,28.589,0.,28.588,,,,,,