param-n,abstract-regression-linear-real,abstract-regression-linear-sys,abstract-regression-linear-user,reify-regression-cubic-real,reify-regression-cubic-sys,reify-regression-cubic-user
1,0.,0.,0.,0.,0.,0.
2,0.,0.,0.,0.001,0.,0.001
3,0.,0.,0.,0.001,0.,0.001
4,0.,0.,0.,0.002,0.,0.002
5,0.,0.,0.,0.003,0.,0.003
6,0.,0.,0.,0.003,0.,0.003
7,0.,0.,0.,0.004,0.,0.004
8,0.,0.,0.,0.005,0.,0.005
9,0.,0.,0.,0.006,0.,0.006
10,0.,0.,0.,0.007,0.003,0.004
11,0.,0.,0.,0.008,0.,0.008
12,0.,0.,0.,0.043,0.003,0.039
13,0.,0.,0.,0.009,0.,0.009
14,0.,0.,0.,0.01,0.,0.01
15,0.,0.,0.,0.011,0.,0.011
16,0.,0.,0.,0.026,0.,0.026
17,0.,0.,0.,0.014,0.,0.014
18,0.,0.,0.,0.016,0.,0.016
19,0.,0.,0.,0.018,0.,0.018
20,0.,0.,0.,0.02,0.,0.02
21,0.,0.,0.,0.022,0.,0.022
22,0.,0.,0.,0.024,0.,0.024
23,0.,0.,0.,0.027,0.,0.027
24,0.,0.,0.,0.033,0.,0.033
25,0.,0.,0.,0.033,0.,0.033
26,0.,0.,0.,0.034,0.,0.034
27,0.,0.,0.,0.043,0.,0.043
28,0.,0.,0.,0.041,0.,0.041
29,0.,0.,0.,0.045,0.,0.045
30,0.,0.,0.,0.104,0.,0.104
31,0.,0.,0.,0.081,0.,0.081
32,0.,0.,0.,0.058,0.,0.058
33,0.,0.,0.,0.081,0.,0.081
34,0.,0.,0.,0.065,0.,0.065
35,0.,0.,0.,0.075,0.,0.075
36,0.,0.,0.,0.082,0.,0.082
37,0.,0.,0.,0.081,0.,0.081
38,0.,0.,0.,0.148,0.,0.148
39,0.,0.,0.,0.128,0.,0.128
40,0.,0.,0.,0.11,0.,0.11
41,0.,0.,0.,0.107,0.,0.107
42,0.,0.,0.,0.115,0.003,0.111
43,0.,0.,0.,0.122,0.,0.122
44,0.,0.,0.,0.13,0.003,0.126
45,0.,0.,0.,0.139,0.,0.139
46,0.,0.,0.,0.146,0.,0.146
47,0.,0.,0.,0.155,0.,0.155
48,0.,0.,0.,0.166,0.,0.166
49,0.,0.,0.,0.174,0.,0.174
50,0.,0.,0.,0.184,0.,0.184
51,0.,0.,0.,0.194,0.,0.194
52,0.,0.,0.,0.207,0.003,0.203
53,0.,0.,0.,0.225,0.,0.225
54,0.,0.,0.,0.234,0.003,0.23
55,0.,0.,0.,0.249,0.,0.249
56,0.,0.,0.,0.259,0.,0.259
57,0.,0.,0.,0.275,0.,0.275
58,0.,0.,0.,0.291,0.003,0.287
59,0.,0.,0.,0.304,0.003,0.3
60,0.,0.,0.,0.32,0.004,0.316
61,0.,0.,0.,0.336,0.,0.336
62,0.,0.,0.,0.353,0.004,0.349
63,0.,0.,0.,0.37,0.,0.37
64,0.,0.,0.,0.388,0.,0.388
65,0.,0.,0.,0.399,0.,0.399
66,0.,0.,0.,0.415,0.,0.415
67,0.,0.,0.,0.432,0.,0.432
68,0.001,0.,0.001,0.456,0.003,0.452
69,0.001,0.,0.001,0.479,0.007,0.471
70,0.001,0.,0.001,0.495,0.,0.495
71,0.001,0.,0.001,0.517,0.,0.517
72,0.001,0.,0.001,0.541,0.,0.541
73,0.001,0.,0.001,0.57,0.,0.57
74,0.001,0.001,0.,0.611,0.,0.61
75,0.001,0.,0.001,0.629,0.002,0.626
76,0.001,0.,0.001,0.653,0.,0.653
77,0.001,0.,0.001,0.679,0.007,0.671
78,0.001,0.,0.001,0.708,0.003,0.703
79,0.001,0.,0.001,0.743,0.,0.742
80,0.001,0.,0.001,0.764,0.003,0.76
81,0.001,0.,0.001,0.789,0.003,0.785
82,0.001,0.,0.001,0.817,0.003,0.813
83,0.001,0.,0.001,0.858,0.,0.858
84,0.001,0.,0.001,0.881,0.,0.881
85,0.001,0.,0.001,0.913,0.,0.913
86,0.001,0.,0.001,0.951,0.,0.951
87,0.001,0.,0.001,1.002,0.,1.002
88,0.001,0.,0.001,1.035,0.,1.035
89,0.001,0.,0.001,1.076,0.,1.075
90,0.001,0.,0.001,1.114,0.,1.114
91,0.001,0.,0.001,1.155,0.,1.155
92,0.001,0.,0.001,1.193,0.,1.193
93,0.001,0.,0.001,1.23,0.,1.23
94,0.001,0.,0.001,1.269,0.,1.269
95,0.001,0.,0.001,1.321,0.003,1.317
96,0.001,0.,0.001,1.362,0.,1.361
97,0.001,0.,0.001,1.417,0.,1.417
98,0.001,0.,0.001,1.473,0.003,1.469
99,0.001,0.,0.001,1.524,0.,1.524
100,0.001,0.,0.001,1.6,0.,1.6
110,0.001,0.,0.001,2.418,0.011,2.406
120,0.001,0.,0.001,2.866,0.003,2.862
130,0.001,0.,0.001,3.79,0.,3.79
140,0.001,0.,0.001,4.927,0.,4.927
150,0.001,0.,0.001,6.263,0.003,6.258
160,0.002,0.,0.002,7.828,0.008,7.82
170,0.002,0.,0.002,9.801,0.,9.801
180,0.002,0.,0.002,11.994,0.023,11.969
190,0.002,0.,0.002,14.515,0.004,14.51
200,0.002,0.,0.002,17.637,0.,17.636