param-n,abstract-regression-linear-real,abstract-regression-linear-sys,abstract-regression-linear-user,reify-regression-cubic-real,reify-regression-cubic-sys,reify-regression-cubic-user
1,0.,0.,0.,0.002,0.,0.002
2,0.,0.,0.,0.002,0.,0.002
3,0.,0.,0.,0.003,0.003,0.
4,0.,0.,0.,0.005,0.,0.004
5,0.001,0.,0.,0.005,0.003,0.002
6,0.,0.,0.,0.007,0.003,0.003
7,0.001,0.,0.,0.008,0.004,0.004
8,0.001,0.,0.,0.009,0.003,0.006
9,0.001,0.,0.,0.01,0.003,0.007
10,0.001,0.,0.,0.011,0.003,0.007
11,0.001,0.,0.,0.014,0.007,0.006
12,0.001,0.,0.,0.058,0.019,0.039
13,0.001,0.,0.001,0.013,0.,0.013
14,0.001,0.,0.001,0.015,0.,0.015
15,0.001,0.,0.001,0.016,0.,0.016
16,0.001,0.,0.001,0.018,0.,0.018
17,0.001,0.,0.001,0.041,0.,0.041
18,0.001,0.,0.001,0.02,0.,0.02
19,0.001,0.,0.001,0.022,0.,0.022
20,0.001,0.,0.001,0.025,0.003,0.021
21,0.001,0.,0.001,0.024,0.,0.024
22,0.001,0.,0.001,0.028,0.,0.028
23,0.001,0.,0.001,0.028,0.,0.028
24,0.001,0.,0.001,0.03,0.,0.03
25,0.001,0.,0.001,0.033,0.,0.033
26,0.001,0.,0.001,0.044,0.,0.044
27,0.001,0.,0.001,0.036,0.,0.036
28,0.001,0.,0.001,0.042,0.,0.042
29,0.001,0.,0.001,0.041,0.,0.041
30,0.001,0.,0.001,0.052,0.003,0.049
31,0.002,0.,0.002,0.048,0.,0.047
32,0.002,0.,0.002,0.049,0.,0.049
33,0.002,0.,0.002,0.052,0.,0.052
34,0.002,0.,0.002,0.133,0.,0.133
35,0.002,0.,0.002,0.058,0.,0.058
36,0.002,0.,0.002,0.099,0.,0.099
37,0.002,0.,0.002,0.069,0.,0.069
38,0.002,0.,0.002,0.093,0.,0.093
39,0.002,0.,0.002,0.072,0.,0.072
40,0.002,0.,0.002,0.071,0.,0.071
41,0.002,0.,0.002,0.079,0.,0.079
42,0.002,0.,0.002,0.083,0.,0.083
43,0.002,0.,0.002,0.085,0.,0.085
44,0.002,0.,0.002,0.095,0.,0.095
45,0.002,0.,0.002,0.09,0.,0.09
46,0.002,0.,0.002,0.172,0.,0.172
47,0.002,0.,0.002,0.141,0.,0.141
48,0.002,0.,0.002,0.102,0.,0.102
49,0.002,0.,0.002,0.123,0.,0.123
50,0.002,0.,0.002,0.105,0.,0.105
51,0.002,0.,0.002,0.11,0.,0.11
52,0.003,0.,0.002,0.113,0.,0.113
53,0.002,0.,0.002,0.122,0.003,0.118
54,0.003,0.,0.003,0.125,0.,0.124
55,0.003,0.,0.003,0.128,0.,0.128
56,0.003,0.,0.003,0.135,0.,0.135
57,0.003,0.,0.003,0.137,0.,0.137
58,0.003,0.,0.003,0.145,0.,0.145
59,0.003,0.,0.003,0.146,0.,0.146
60,0.003,0.,0.003,0.154,0.007,0.147
61,0.003,0.,0.003,0.157,0.,0.157
62,0.003,0.,0.003,0.168,0.,0.168
63,0.003,0.,0.003,0.178,0.003,0.174
64,0.012,0.,0.012,0.175,0.,0.175
65,0.003,0.,0.003,0.182,0.,0.181
66,0.003,0.,0.003,0.183,0.,0.183
67,0.003,0.,0.003,0.192,0.,0.192
68,0.003,0.,0.003,0.21,0.003,0.206
69,0.003,0.,0.003,0.207,0.,0.207
70,0.004,0.,0.004,0.22,0.,0.22
71,0.009,0.003,0.004,0.208,0.004,0.204
72,0.004,0.,0.004,0.227,0.,0.227
73,0.004,0.,0.004,0.228,0.004,0.224
74,0.004,0.,0.004,0.228,0.,0.228
75,0.004,0.,0.004,0.226,0.007,0.218
76,0.004,0.,0.004,0.233,0.007,0.225
77,0.004,0.,0.004,0.24,0.,0.24
78,0.004,0.,0.004,0.242,0.,0.241
79,0.004,0.,0.004,0.259,0.003,0.255
80,0.007,0.,0.007,0.257,0.,0.257
81,0.004,0.,0.004,0.262,0.,0.262
82,0.004,0.,0.004,0.263,0.,0.263
83,0.004,0.,0.004,0.272,0.,0.272
84,0.004,0.,0.004,0.299,0.,0.299
85,0.004,0.,0.004,0.305,0.,0.305
86,0.004,0.,0.004,0.324,0.,0.323
87,0.004,0.,0.004,0.318,0.007,0.31
88,0.004,0.,0.004,0.336,0.007,0.328
89,0.004,0.,0.004,0.335,0.,0.335
90,0.004,0.,0.004,0.332,0.007,0.324
91,0.004,0.003,0.001,0.333,0.004,0.329
92,0.004,0.,0.004,0.346,0.,0.346
93,0.005,0.,0.005,0.35,0.,0.35
94,0.004,0.,0.004,0.355,0.,0.355
95,0.005,0.,0.005,0.378,0.,0.378
96,0.005,0.,0.005,0.393,0.,0.393
97,0.005,0.,0.005,0.397,0.,0.397
98,0.005,0.,0.005,0.404,0.,0.404
99,0.005,0.,0.005,0.416,0.,0.416
100,0.005,0.,0.005,0.391,0.,0.391
110,0.005,0.003,0.001,0.866,0.048,0.818
120,0.005,0.,0.005,0.557,0.004,0.551
130,0.007,0.,0.007,0.686,0.011,0.674
140,0.007,0.,0.006,0.807,0.011,0.795
150,0.007,0.,0.007,0.849,0.011,0.837
160,0.008,0.,0.008,0.984,0.,0.984
170,0.008,0.,0.008,1.16,0.027,1.132
180,0.008,0.,0.008,1.196,0.007,1.187
190,0.009,0.,0.009,1.441,0.,1.44
200,0.009,0.,0.009,1.525,0.,1.524
210,0.01,0.,0.01,1.763,0.,1.763
220,0.011,0.,0.011,1.887,0.003,1.883
230,0.011,0.,0.011,2.046,0.003,2.041
240,0.011,0.,0.011,2.34,0.007,2.33
250,0.012,0.,0.012,2.482,0.003,2.477
260,0.013,0.,0.013,2.651,0.004,2.646
270,0.013,0.,0.013,2.839,0.,2.839
280,0.014,0.,0.014,3.115,0.007,3.106
290,0.015,0.,0.014,3.287,0.011,3.275
300,0.014,0.,0.014,3.592,0.003,3.588
350,0.017,0.,0.017,5.053,0.003,5.049
400,0.019,0.,0.019,6.585,0.023,6.558
450,0.021,0.,0.021,8.537,0.,8.536
500,0.024,0.,0.024,10.592,0.004,10.585