param-n,abstract+rewrite-strat-bottomup-real,abstract+rewrite-strat-bottomup-sys,abstract+rewrite-strat-bottomup-user,abstract+rewrite-strat-topdown-real,abstract+rewrite-strat-topdown-sys,abstract+rewrite-strat-topdown-user,close-abstract+rewrite-strat-bottomup-real,close-abstract+rewrite-strat-bottomup-sys,close-abstract+rewrite-strat-bottomup-user,close-abstract+rewrite-strat-topdown-real,close-abstract+rewrite-strat-topdown-sys,close-abstract+rewrite-strat-topdown-user,rewrite-strat-bottomup-real,rewrite-strat-bottomup-sys,rewrite-strat-bottomup-user,rewrite-strat-bottomup-noop-real,rewrite-strat-bottomup-noop-sys,rewrite-strat-bottomup-noop-user,rewrite-strat-topdown-real,rewrite-strat-topdown-sys,rewrite-strat-topdown-user,rewrite-strat-topdown-noop-real,rewrite-strat-topdown-noop-sys,rewrite-strat-topdown-noop-user
1,0.002,0.,0.002,0.002,0.,0.001,0.,0.,0.,0.,0.,0.,0.001,0.,0.001,0.,0.,0.,0.001,0.,0.001,0.,0.,0.
2,0.001,0.,0.001,0.,0.,0.,0.,0.,0.,0.,0.,0.,0.,0.,0.,0.,0.,0.,0.,0.,0.,0.,0.,0.
3,0.001,0.,0.001,0.001,0.,0.001,0.,0.,0.,0.,0.,0.,0.,0.,0.,0.,0.,0.,0.,0.,0.,0.,0.,0.
4,0.003,0.,0.003,0.002,0.,0.002,0.,0.,0.,0.,0.,0.,0.002,0.,0.002,0.,0.,0.,0.002,0.,0.002,0.,0.,0.
5,0.001,0.,0.001,0.001,0.,0.001,0.,0.,0.,0.,0.,0.,0.001,0.,0.001,0.,0.,0.,0.001,0.,0.001,0.,0.,0.
6,0.002,0.,0.002,0.001,0.,0.001,0.,0.,0.,0.,0.,0.,0.001,0.,0.001,0.,0.,0.,0.,0.,0.,0.,0.,0.
7,0.002,0.,0.002,0.001,0.,0.001,0.,0.,0.,0.,0.,0.,0.002,0.,0.002,0.,0.,0.,0.001,0.,0.001,0.,0.,0.
8,0.003,0.003,0.,0.002,0.,0.002,0.,0.,0.,0.,0.,0.,0.002,0.002,0.,0.,0.,0.,0.001,0.,0.001,0.,0.,0.
9,0.003,0.,0.003,0.002,0.,0.002,0.,0.,0.,0.,0.,0.,0.003,0.,0.003,0.,0.,0.,0.001,0.,0.001,0.,0.,0.
10,0.004,0.,0.004,0.002,0.,0.002,0.,0.,0.,0.,0.,0.,0.003,0.,0.003,0.,0.,0.,0.001,0.,0.001,0.,0.,0.
11,0.044,0.008,0.036,0.002,0.,0.002,0.,0.,0.,0.,0.,0.,0.043,0.007,0.035,0.,0.,0.,0.001,0.,0.001,0.,0.,0.
12,0.004,0.,0.004,0.003,0.,0.003,0.,0.,0.,0.,0.,0.,0.003,0.,0.003,0.,0.,0.,0.002,0.,0.002,0.,0.,0.
13,0.004,0.,0.004,0.044,0.011,0.032,0.,0.,0.,0.,0.,0.,0.003,0.,0.003,0.,0.,0.,0.043,0.011,0.031,0.,0.,0.
14,0.005,0.,0.005,0.002,0.,0.002,0.,0.,0.,0.,0.,0.,0.004,0.,0.004,0.,0.,0.,0.002,0.,0.002,0.,0.,0.
15,0.005,0.,0.005,0.003,0.,0.003,0.,0.,0.,0.,0.,0.,0.004,0.,0.004,0.,0.,0.,0.002,0.,0.002,0.,0.,0.
16,0.006,0.,0.006,0.003,0.,0.003,0.,0.,0.,0.,0.,0.,0.005,0.,0.005,0.,0.,0.,0.002,0.,0.002,0.,0.,0.
17,0.02,0.,0.02,0.003,0.,0.003,0.001,0.,0.001,0.,0.,0.,0.018,0.,0.018,0.,0.,0.,0.002,0.,0.002,0.,0.,0.
18,0.007,0.,0.007,0.003,0.,0.003,0.001,0.,0.001,0.,0.,0.,0.006,0.,0.006,0.,0.,0.,0.002,0.,0.002,0.,0.,0.
19,0.008,0.,0.008,0.004,0.,0.004,0.001,0.,0.001,0.,0.,0.,0.006,0.,0.006,0.,0.,0.,0.003,0.,0.003,0.,0.,0.
20,0.008,0.,0.008,0.017,0.,0.017,0.001,0.,0.001,0.001,0.,0.001,0.006,0.,0.006,0.,0.,0.,0.003,0.,0.003,0.013,0.,0.013
21,0.009,0.,0.009,0.005,0.,0.005,0.001,0.,0.001,0.001,0.,0.001,0.007,0.,0.007,0.,0.,0.,0.003,0.,0.003,0.,0.,0.
22,0.009,0.,0.009,0.005,0.,0.005,0.001,0.,0.001,0.001,0.,0.001,0.008,0.,0.008,0.,0.,0.,0.003,0.,0.003,0.,0.,0.
23,0.01,0.,0.01,0.005,0.,0.005,0.001,0.,0.001,0.001,0.,0.001,0.008,0.,0.008,0.,0.,0.,0.004,0.,0.004,0.,0.,0.
24,0.011,0.,0.011,0.005,0.,0.005,0.001,0.,0.001,0.001,0.,0.001,0.009,0.,0.009,0.,0.,0.,0.004,0.,0.004,0.,0.,0.
25,0.011,0.,0.011,0.006,0.,0.006,0.001,0.,0.001,0.001,0.,0.001,0.009,0.,0.009,0.,0.,0.,0.005,0.,0.005,0.,0.,0.
26,0.013,0.,0.013,0.006,0.,0.006,0.002,0.,0.002,0.001,0.,0.001,0.01,0.,0.01,0.,0.,0.,0.004,0.,0.004,0.,0.,0.
27,0.013,0.,0.013,0.007,0.,0.007,0.002,0.,0.002,0.001,0.,0.001,0.01,0.,0.01,0.,0.,0.,0.005,0.,0.005,0.,0.,0.
28,0.019,0.,0.019,0.007,0.,0.007,0.006,0.,0.006,0.001,0.,0.001,0.011,0.,0.011,0.,0.,0.,0.005,0.,0.005,0.,0.,0.
29,0.015,0.,0.015,0.007,0.,0.007,0.002,0.,0.002,0.001,0.,0.001,0.012,0.,0.012,0.,0.,0.,0.005,0.,0.005,0.,0.,0.
30,0.016,0.,0.016,0.008,0.,0.008,0.003,0.,0.003,0.001,0.,0.001,0.012,0.,0.012,0.,0.,0.,0.006,0.,0.006,0.,0.,0.
31,0.017,0.,0.017,0.008,0.,0.008,0.002,0.,0.002,0.001,0.,0.001,0.013,0.,0.013,0.,0.,0.,0.006,0.,0.006,0.,0.,0.
32,0.024,0.,0.024,0.01,0.,0.01,0.003,0.,0.003,0.002,0.,0.002,0.021,0.,0.021,0.,0.,0.,0.007,0.,0.007,0.,0.,0.
33,0.019,0.,0.019,0.009,0.,0.009,0.003,0.,0.003,0.002,0.,0.002,0.015,0.,0.015,0.,0.,0.,0.006,0.,0.006,0.,0.,0.
34,0.02,0.,0.02,0.014,0.,0.014,0.003,0.,0.003,0.006,0.,0.006,0.016,0.,0.016,0.,0.,0.,0.007,0.,0.007,0.,0.,0.
35,0.021,0.,0.021,0.01,0.,0.01,0.003,0.,0.003,0.002,0.,0.002,0.016,0.,0.016,0.,0.,0.,0.007,0.,0.007,0.,0.,0.
36,0.021,0.,0.021,0.011,0.,0.011,0.003,0.,0.003,0.002,0.,0.002,0.017,0.,0.017,0.,0.,0.,0.008,0.,0.008,0.,0.,0.
37,0.081,0.,0.081,0.012,0.,0.012,0.003,0.,0.003,0.002,0.,0.002,0.077,0.,0.077,0.,0.,0.,0.008,0.,0.008,0.,0.,0.
38,0.024,0.,0.024,0.012,0.,0.012,0.003,0.,0.003,0.002,0.,0.002,0.019,0.,0.019,0.,0.,0.,0.008,0.,0.008,0.,0.,0.
39,0.055,0.,0.055,0.019,0.,0.019,0.004,0.,0.004,0.003,0.,0.003,0.05,0.,0.05,0.,0.,0.,0.016,0.,0.016,0.,0.,0.
40,0.027,0.,0.027,0.014,0.,0.014,0.005,0.,0.005,0.003,0.,0.003,0.021,0.,0.021,0.,0.,0.,0.01,0.,0.01,0.,0.,0.
41,0.027,0.,0.027,0.013,0.,0.013,0.004,0.,0.004,0.003,0.,0.003,0.021,0.,0.021,0.,0.,0.,0.009,0.,0.009,0.,0.,0.
42,0.042,0.,0.042,0.014,0.,0.014,0.004,0.,0.004,0.003,0.,0.003,0.036,0.,0.036,0.,0.,0.,0.01,0.,0.01,0.,0.,0.
43,0.029,0.,0.029,0.015,0.,0.015,0.004,0.,0.004,0.003,0.,0.003,0.023,0.,0.023,0.,0.,0.,0.011,0.,0.011,0.,0.,0.
44,0.03,0.,0.03,0.075,0.,0.075,0.005,0.,0.005,0.063,0.,0.063,0.024,0.,0.024,0.,0.,0.,0.011,0.,0.011,0.,0.,0.
45,0.031,0.,0.031,0.016,0.,0.016,0.005,0.,0.005,0.003,0.,0.003,0.025,0.,0.025,0.,0.,0.,0.011,0.,0.011,0.,0.,0.
46,0.037,0.,0.037,0.017,0.,0.017,0.005,0.,0.005,0.004,0.,0.004,0.031,0.,0.031,0.,0.,0.,0.012,0.,0.012,0.,0.,0.
47,0.04,0.,0.04,0.017,0.,0.017,0.012,0.,0.012,0.004,0.,0.004,0.027,0.,0.027,0.,0.,0.,0.012,0.,0.012,0.,0.,0.
48,0.035,0.,0.035,0.048,0.,0.048,0.006,0.,0.006,0.004,0.,0.004,0.028,0.,0.028,0.,0.,0.,0.043,0.,0.043,0.,0.,0.
49,0.037,0.,0.037,0.019,0.,0.019,0.006,0.,0.006,0.004,0.,0.004,0.03,0.,0.03,0.,0.,0.,0.014,0.,0.014,0.,0.,0.
50,0.087,0.008,0.078,0.067,0.003,0.063,0.006,0.,0.005,0.046,0.003,0.042,0.08,0.007,0.072,0.,0.,0.,0.02,0.,0.02,0.,0.,0.
51,0.097,0.,0.097,0.034,0.,0.034,0.006,0.,0.006,0.018,0.,0.018,0.09,0.,0.09,0.,0.,0.,0.014,0.,0.014,0.,0.,0.
52,0.07,0.,0.07,0.02,0.,0.02,0.037,0.,0.037,0.004,0.,0.004,0.032,0.,0.032,0.,0.,0.,0.014,0.,0.014,0.,0.,0.
53,0.043,0.,0.043,0.022,0.,0.022,0.007,0.,0.007,0.005,0.,0.005,0.035,0.,0.035,0.,0.,0.,0.016,0.,0.016,0.,0.,0.
54,0.057,0.,0.057,0.022,0.,0.022,0.007,0.,0.007,0.005,0.,0.005,0.049,0.,0.049,0.,0.,0.,0.016,0.,0.016,0.,0.,0.
55,0.044,0.,0.044,0.023,0.,0.023,0.007,0.,0.007,0.005,0.,0.005,0.035,0.,0.035,0.,0.,0.,0.017,0.,0.017,0.,0.,0.
56,0.047,0.003,0.044,0.028,0.,0.028,0.007,0.,0.007,0.005,0.,0.005,0.039,0.003,0.035,0.,0.,0.,0.022,0.,0.022,0.,0.,0.
57,0.049,0.,0.049,0.026,0.,0.026,0.008,0.,0.008,0.005,0.,0.005,0.04,0.,0.04,0.,0.,0.,0.019,0.,0.019,0.,0.,0.
58,0.05,0.,0.05,0.033,0.,0.033,0.009,0.,0.009,0.006,0.,0.006,0.04,0.,0.04,0.,0.,0.,0.026,0.,0.026,0.,0.,0.
59,0.051,0.,0.051,0.027,0.,0.027,0.008,0.,0.008,0.006,0.,0.006,0.041,0.,0.041,0.,0.,0.,0.02,0.,0.02,0.,0.,0.
60,0.051,0.,0.051,0.028,0.,0.028,0.009,0.,0.009,0.006,0.,0.006,0.041,0.,0.041,0.,0.,0.,0.02,0.,0.02,0.,0.,0.
61,0.054,0.,0.054,0.087,0.,0.087,0.009,0.,0.009,0.006,0.,0.006,0.044,0.,0.044,0.,0.,0.,0.08,0.,0.08,0.,0.,0.
62,0.058,0.,0.058,0.03,0.,0.03,0.01,0.,0.01,0.006,0.,0.006,0.047,0.,0.047,0.,0.,0.,0.022,0.,0.022,0.,0.,0.
63,0.057,0.,0.057,0.059,0.,0.059,0.009,0.,0.009,0.006,0.,0.006,0.047,0.,0.047,0.,0.,0.,0.051,0.,0.051,0.,0.,0.
64,0.062,0.,0.062,0.031,0.,0.031,0.009,0.,0.009,0.007,0.,0.007,0.051,0.,0.051,0.,0.,0.,0.023,0.,0.023,0.,0.,0.
65,0.064,0.,0.064,0.046,0.,0.046,0.01,0.,0.01,0.007,0.,0.007,0.053,0.,0.053,0.,0.,0.,0.038,0.,0.038,0.,0.,0.
66,0.066,0.,0.066,0.033,0.,0.033,0.01,0.,0.01,0.007,0.,0.007,0.054,0.,0.054,0.,0.,0.,0.024,0.,0.024,0.,0.,0.
67,0.067,0.,0.067,0.033,0.,0.033,0.011,0.,0.011,0.007,0.,0.007,0.055,0.,0.055,0.,0.,0.,0.023,0.,0.023,0.001,0.,0.001
68,0.071,0.,0.071,0.034,0.,0.034,0.012,0.,0.012,0.008,0.,0.008,0.058,0.,0.058,0.,0.,0.,0.025,0.,0.025,0.,0.,0.
69,0.072,0.,0.072,0.035,0.,0.035,0.013,0.,0.013,0.008,0.,0.008,0.058,0.,0.058,0.,0.,0.,0.026,0.,0.026,0.,0.,0.
70,0.07,0.,0.07,0.036,0.,0.036,0.013,0.,0.013,0.009,0.,0.009,0.056,0.,0.056,0.,0.,0.,0.026,0.,0.026,0.,0.,0.
71,0.069,0.,0.069,0.036,0.,0.036,0.012,0.,0.012,0.008,0.,0.008,0.056,0.,0.056,0.,0.,0.,0.026,0.,0.026,0.,0.,0.
72,0.072,0.003,0.069,0.037,0.,0.037,0.013,0.,0.013,0.009,0.,0.009,0.058,0.002,0.055,0.,0.,0.,0.027,0.,0.027,0.,0.,0.
73,0.077,0.,0.077,0.04,0.,0.04,0.012,0.,0.012,0.009,0.,0.009,0.063,0.,0.063,0.,0.,0.,0.03,0.,0.03,0.,0.,0.
74,0.082,0.,0.082,0.04,0.,0.04,0.016,0.,0.016,0.009,0.,0.009,0.064,0.,0.064,0.,0.,0.,0.03,0.,0.03,0.,0.,0.
75,0.081,0.,0.08,0.04,0.,0.04,0.013,0.,0.013,0.009,0.,0.009,0.066,0.,0.066,0.,0.,0.,0.029,0.,0.029,0.,0.,0.
76,0.103,0.,0.103,0.042,0.003,0.038,0.022,0.,0.022,0.01,0.,0.01,0.079,0.,0.079,0.,0.,0.,0.031,0.003,0.027,0.,0.,0.
77,0.083,0.,0.083,0.044,0.,0.044,0.016,0.,0.016,0.01,0.,0.01,0.065,0.,0.065,0.,0.,0.,0.033,0.,0.033,0.,0.,0.
78,0.088,0.,0.088,0.045,0.,0.045,0.014,0.,0.014,0.012,0.,0.012,0.073,0.,0.073,0.,0.,0.,0.032,0.,0.032,0.,0.,0.
79,0.1,0.,0.1,0.044,0.,0.044,0.015,0.,0.015,0.01,0.,0.01,0.083,0.,0.083,0.,0.,0.,0.032,0.,0.032,0.,0.,0.
80,0.088,0.003,0.084,0.045,0.,0.045,0.016,0.003,0.012,0.01,0.,0.01,0.071,0.,0.071,0.,0.,0.,0.033,0.,0.033,0.,0.,0.
81,0.099,0.,0.099,0.047,0.,0.047,0.02,0.,0.02,0.011,0.,0.011,0.077,0.,0.077,0.,0.,0.,0.034,0.,0.034,0.,0.,0.
82,0.098,0.,0.098,0.048,0.,0.048,0.017,0.,0.017,0.011,0.,0.011,0.08,0.,0.08,0.,0.,0.,0.035,0.,0.035,0.,0.,0.
83,0.098,0.,0.098,0.055,0.,0.055,0.018,0.,0.018,0.013,0.,0.013,0.079,0.,0.079,0.,0.,0.,0.041,0.,0.041,0.,0.,0.
84,0.109,0.,0.109,0.053,0.,0.053,0.016,0.,0.016,0.011,0.,0.011,0.091,0.,0.091,0.,0.,0.,0.04,0.,0.04,0.,0.,0.
85,0.113,0.,0.113,0.055,0.,0.055,0.018,0.,0.018,0.012,0.,0.012,0.093,0.,0.093,0.,0.,0.,0.042,0.,0.042,0.,0.,0.
86,0.11,0.,0.11,0.058,0.,0.058,0.021,0.,0.021,0.012,0.,0.012,0.087,0.,0.087,0.,0.,0.,0.045,0.,0.044,0.,0.,0.
87,0.105,0.,0.105,0.057,0.,0.057,0.019,0.,0.019,0.012,0.,0.012,0.085,0.,0.085,0.,0.,0.,0.043,0.,0.043,0.,0.,0.
88,0.121,0.004,0.117,0.058,0.003,0.054,0.02,0.,0.02,0.013,0.,0.013,0.1,0.003,0.096,0.,0.,0.,0.044,0.003,0.04,0.,0.,0.
89,0.115,0.,0.115,0.06,0.003,0.056,0.021,0.,0.021,0.013,0.,0.013,0.092,0.,0.092,0.,0.,0.,0.045,0.003,0.042,0.,0.,0.
90,0.123,0.,0.123,0.06,0.,0.06,0.024,0.,0.024,0.013,0.,0.013,0.097,0.,0.097,0.,0.,0.,0.045,0.,0.045,0.,0.,0.
91,0.117,0.003,0.113,0.064,0.,0.064,0.019,0.,0.019,0.016,0.,0.016,0.096,0.003,0.092,0.,0.,0.,0.045,0.,0.045,0.,0.,0.
92,0.123,0.,0.123,0.059,0.,0.059,0.021,0.,0.021,0.015,0.,0.015,0.1,0.,0.1,0.,0.,0.,0.042,0.,0.042,0.,0.,0.
93,0.122,0.,0.122,0.068,0.,0.068,0.022,0.,0.022,0.015,0.,0.015,0.098,0.,0.098,0.,0.,0.,0.051,0.,0.051,0.,0.,0.
94,0.126,0.,0.126,0.068,0.,0.068,0.022,0.,0.022,0.014,0.,0.014,0.103,0.,0.103,0.,0.,0.,0.052,0.,0.052,0.,0.,0.
95,0.134,0.,0.134,0.073,0.,0.073,0.025,0.,0.025,0.019,0.,0.019,0.108,0.,0.108,0.,0.,0.,0.053,0.,0.053,0.,0.,0.
96,0.141,0.,0.141,0.07,0.,0.07,0.025,0.,0.025,0.019,0.,0.019,0.114,0.,0.114,0.,0.,0.,0.049,0.,0.049,0.,0.,0.
97,0.136,0.,0.136,0.076,0.,0.076,0.024,0.,0.024,0.017,0.,0.017,0.11,0.,0.11,0.,0.,0.,0.057,0.,0.057,0.,0.,0.
98,0.134,0.,0.134,0.07,0.,0.07,0.024,0.,0.024,0.017,0.,0.017,0.108,0.,0.108,0.,0.,0.,0.051,0.,0.051,0.,0.,0.
99,0.135,0.,0.135,0.078,0.,0.078,0.025,0.,0.025,0.021,0.,0.021,0.108,0.,0.108,0.,0.,0.,0.056,0.,0.056,0.,0.,0.
100,0.154,0.,0.154,0.081,0.,0.081,0.029,0.,0.029,0.018,0.,0.018,0.123,0.,0.123,0.,0.,0.,0.062,0.,0.062,0.,0.,0.
110,0.165,0.,0.165,0.093,0.,0.093,0.033,0.,0.033,0.026,0.,0.026,0.13,0.,0.13,0.,0.,0.,0.065,0.,0.065,0.,0.,0.
120,0.211,0.003,0.207,0.119,0.,0.119,0.045,0.003,0.041,0.03,0.,0.03,0.164,0.,0.164,0.,0.,0.,0.087,0.,0.087,0.,0.,0.
130,0.253,0.,0.253,0.127,0.,0.127,0.052,0.,0.052,0.034,0.,0.034,0.199,0.,0.199,0.,0.,0.,0.091,0.,0.091,0.,0.,0.
140,0.299,0.003,0.295,0.15,0.,0.15,0.06,0.,0.06,0.038,0.,0.038,0.237,0.003,0.233,0.,0.,0.,0.11,0.,0.11,0.,0.,0.
150,0.419,0.,0.419,0.166,0.,0.166,0.057,0.,0.057,0.044,0.,0.044,0.36,0.,0.36,0.,0.,0.,0.12,0.,0.12,0.,0.,0.
160,0.364,0.004,0.36,0.197,0.,0.197,0.063,0.,0.063,0.046,0.,0.046,0.299,0.003,0.295,0.,0.,0.,0.148,0.,0.148,0.,0.,0.
170,0.392,0.003,0.387,0.212,0.003,0.208,0.069,0.,0.069,0.056,0.003,0.052,0.32,0.003,0.315,0.,0.,0.,0.154,0.,0.154,0.,0.,0.
180,0.448,0.,0.448,0.234,0.003,0.231,0.08,0.,0.08,0.061,0.,0.061,0.365,0.,0.365,0.,0.,0.,0.171,0.003,0.167,0.,0.,0.
190,0.547,0.,0.546,0.264,0.003,0.26,0.101,0.,0.101,0.068,0.003,0.064,0.444,0.,0.443,0.,0.,0.,0.193,0.,0.193,0.,0.,0.
200,0.646,0.002,0.644,0.385,0.007,0.377,0.104,0.,0.104,0.072,0.,0.072,0.539,0.001,0.537,0.,0.,0.,0.311,0.007,0.303,0.,0.,0.
210,0.652,0.,0.652,0.301,0.,0.301,0.123,0.,0.123,0.08,0.,0.08,0.527,0.,0.527,0.001,0.,0.001,0.219,0.,0.219,0.001,0.,0.001
220,0.654,0.,0.654,0.358,0.,0.358,0.118,0.,0.118,0.097,0.,0.097,0.534,0.,0.534,0.001,0.,0.001,0.259,0.,0.259,0.001,0.,0.001
230,0.793,0.003,0.789,0.393,0.003,0.389,0.141,0.003,0.137,0.101,0.,0.101,0.65,0.,0.65,0.001,0.,0.001,0.289,0.003,0.285,0.001,0.,0.001
240,0.796,0.004,0.792,0.439,0.003,0.435,0.142,0.003,0.138,0.1,0.,0.1,0.652,0.,0.652,0.001,0.,0.001,0.337,0.003,0.333,0.001,0.,0.001
250,0.925,0.004,0.921,0.577,0.,0.576,0.158,0.,0.158,0.128,0.,0.128,0.765,0.003,0.761,0.001,0.,0.001,0.447,0.,0.446,0.001,0.,0.001
260,0.935,0.003,0.931,0.506,0.,0.506,0.175,0.,0.175,0.115,0.,0.115,0.757,0.003,0.753,0.001,0.,0.001,0.389,0.,0.388,0.001,0.,0.001
270,1.066,0.,1.066,0.537,0.,0.537,0.175,0.,0.175,0.138,0.,0.138,0.867,0.,0.867,0.022,0.,0.022,0.392,0.,0.392,0.005,0.,0.005
280,1.103,0.,1.103,0.581,0.,0.581,0.206,0.,0.206,0.139,0.,0.139,0.894,0.,0.894,0.001,0.,0.001,0.439,0.,0.439,0.001,0.,0.001
290,1.166,0.,1.165,0.596,0.,0.596,0.205,0.,0.205,0.148,0.,0.148,0.957,0.,0.957,0.001,0.,0.001,0.444,0.,0.444,0.001,0.,0.001
300,1.313,0.003,1.309,0.706,0.,0.706,0.226,0.,0.226,0.156,0.,0.156,1.085,0.003,1.081,0.001,0.,0.001,0.547,0.,0.547,0.001,0.,0.001
310,1.417,0.,1.417,0.677,0.,0.677,0.237,0.,0.237,0.178,0.,0.178,1.177,0.,1.177,0.001,0.,0.001,0.496,0.,0.495,0.001,0.,0.001
320,1.479,0.007,1.471,0.761,0.,0.761,0.267,0.,0.267,0.193,0.,0.193,1.209,0.007,1.201,0.001,0.,0.001,0.564,0.,0.564,0.001,0.,0.001
330,1.514,0.,1.514,0.745,0.,0.745,0.261,0.,0.261,0.183,0.,0.183,1.25,0.,1.249,0.001,0.,0.001,0.558,0.,0.558,0.001,0.,0.001
340,1.717,0.,1.716,0.824,0.,0.824,0.284,0.,0.284,0.214,0.,0.214,1.43,0.,1.43,0.001,0.,0.001,0.607,0.,0.607,0.001,0.,0.001
350,1.761,0.003,1.757,0.934,0.007,0.926,0.317,0.,0.317,0.226,0.003,0.222,1.442,0.003,1.438,0.001,0.,0.001,0.702,0.003,0.699,0.004,0.,0.004
360,1.862,0.003,1.858,1.019,0.,1.019,0.312,0.001,0.31,0.236,0.,0.236,1.547,0.,1.546,0.001,0.001,0.,0.78,0.,0.78,0.001,0.,0.001
370,1.997,0.,1.997,1.06,0.,1.06,0.332,0.,0.332,0.256,0.,0.255,1.661,0.,1.661,0.001,0.,0.001,0.801,0.,0.801,0.001,0.,0.001
380,2.061,0.,2.061,1.036,0.,1.035,0.349,0.,0.349,0.259,0.,0.259,1.708,0.,1.708,0.002,0.,0.002,0.773,0.,0.773,0.001,0.,0.001
390,2.175,0.,2.175,1.123,0.,1.123,0.382,0.,0.382,0.277,0.,0.277,1.789,0.,1.788,0.002,0.,0.002,0.842,0.,0.842,0.001,0.,0.001
400,2.319,0.003,2.315,1.155,0.008,1.146,0.41,0.,0.41,0.273,0.,0.273,1.906,0.003,1.902,0.001,0.,0.001,0.879,0.007,0.871,0.001,0.,0.001