param-n,abstract+autorewrite-regression-quadratic-real,abstract+autorewrite-regression-quadratic-sys,abstract+autorewrite-regression-quadratic-user,abstract+rewrite!-regression-quadratic-real,abstract+rewrite!-regression-quadratic-sys,abstract+rewrite!-regression-quadratic-user,autorewrite-noop-regression-linear-real,autorewrite-noop-regression-linear-sys,autorewrite-noop-regression-linear-user,autorewrite-regression-quadratic-real,autorewrite-regression-quadratic-sys,autorewrite-regression-quadratic-user,close-abstract+autorewrite-regression-quadratic-real,close-abstract+autorewrite-regression-quadratic-sys,close-abstract+autorewrite-regression-quadratic-user,close-abstract+rewrite!-regression-quadratic-real,close-abstract+rewrite!-regression-quadratic-sys,close-abstract+rewrite!-regression-quadratic-user,rewrite!-regression-quadratic-real,rewrite!-regression-quadratic-sys,rewrite!-regression-quadratic-user,rewrite?-noop-regression-linear-real,rewrite?-noop-regression-linear-sys,rewrite?-noop-regression-linear-user
1,0.,0.,0.,0.,0.,0.,0.,0.,0.,0.,0.,0.,0.,0.,0.,0.,0.,0.,0.,0.,0.,0.,0.,0.
2,0.,0.,0.,0.,0.,0.,0.,0.,0.,0.,0.,0.,0.,0.,0.,0.,0.,0.,0.,0.,0.,0.,0.,0.
3,0.,0.,0.,0.,0.,0.,0.,0.,0.,0.,0.,0.,0.,0.,0.,0.,0.,0.,0.,0.,0.,0.,0.,0.
4,0.001,0.,0.,0.001,0.,0.001,0.,0.,0.,0.,0.,0.,0.,0.,0.,0.,0.,0.,0.,0.,0.,0.,0.,0.
5,0.001,0.,0.001,0.001,0.,0.001,0.,0.,0.,0.001,0.,0.001,0.,0.,0.,0.,0.,0.,0.,0.,0.,0.,0.,0.
6,0.001,0.,0.001,0.001,0.,0.001,0.,0.,0.,0.001,0.,0.001,0.,0.,0.,0.,0.,0.,0.,0.,0.,0.,0.,0.
7,0.001,0.,0.001,0.001,0.001,0.,0.,0.,0.,0.001,0.,0.001,0.,0.,0.,0.,0.,0.,0.001,0.001,0.,0.,0.,0.
8,0.002,0.,0.002,0.001,0.001,0.,0.,0.,0.,0.001,0.,0.001,0.,0.,0.,0.,0.,0.,0.001,0.001,0.,0.,0.,0.
9,0.002,0.,0.002,0.002,0.,0.002,0.,0.,0.,0.001,0.,0.001,0.,0.,0.,0.,0.,0.,0.001,0.,0.001,0.,0.,0.
10,0.002,0.,0.002,0.002,0.,0.001,0.,0.,0.,0.001,0.,0.001,0.,0.,0.,0.,0.,0.,0.001,0.,0.001,0.,0.,0.
11,0.003,0.,0.003,0.002,0.002,0.,0.,0.,0.,0.002,0.,0.002,0.,0.,0.,0.,0.,0.,0.001,0.001,0.,0.,0.,0.
12,0.003,0.003,0.,0.003,0.,0.003,0.,0.,0.,0.002,0.002,0.,0.,0.,0.,0.,0.,0.,0.002,0.,0.002,0.,0.,0.
13,0.003,0.,0.003,0.003,0.,0.003,0.,0.,0.,0.002,0.,0.002,0.,0.,0.,0.,0.,0.,0.002,0.,0.002,0.,0.,0.
14,0.044,0.012,0.032,0.045,0.003,0.042,0.,0.,0.,0.043,0.011,0.031,0.,0.,0.,0.,0.,0.,0.003,0.,0.003,0.041,0.002,0.038
15,0.003,0.,0.003,0.003,0.,0.003,0.,0.,0.,0.002,0.,0.002,0.,0.,0.,0.,0.,0.,0.002,0.,0.002,0.,0.,0.
16,0.003,0.,0.003,0.003,0.,0.003,0.,0.,0.,0.002,0.,0.002,0.,0.,0.,0.,0.,0.,0.002,0.,0.002,0.,0.,0.
17,0.004,0.,0.004,0.004,0.,0.004,0.,0.,0.,0.003,0.,0.003,0.,0.,0.,0.,0.,0.,0.002,0.,0.002,0.,0.,0.
18,0.004,0.,0.004,0.004,0.,0.004,0.,0.,0.,0.003,0.,0.003,0.,0.,0.,0.,0.,0.,0.003,0.,0.003,0.,0.,0.
19,0.004,0.,0.004,0.004,0.,0.004,0.,0.,0.,0.003,0.,0.003,0.,0.,0.,0.,0.,0.,0.003,0.,0.003,0.,0.,0.
20,0.005,0.,0.005,0.005,0.,0.004,0.,0.,0.,0.003,0.,0.003,0.001,0.,0.001,0.001,0.,0.001,0.003,0.,0.003,0.,0.,0.
21,0.017,0.,0.017,0.005,0.,0.005,0.,0.,0.,0.016,0.,0.016,0.001,0.,0.001,0.001,0.,0.001,0.004,0.,0.004,0.,0.,0.
22,0.005,0.,0.005,0.019,0.,0.018,0.,0.,0.,0.004,0.,0.004,0.001,0.,0.001,0.001,0.,0.001,0.017,0.,0.017,0.,0.,0.
23,0.006,0.,0.006,0.006,0.,0.006,0.,0.,0.,0.004,0.,0.004,0.001,0.,0.001,0.001,0.,0.001,0.004,0.,0.004,0.,0.,0.
24,0.006,0.,0.006,0.006,0.,0.006,0.,0.,0.,0.005,0.,0.005,0.001,0.,0.001,0.001,0.,0.001,0.004,0.,0.004,0.,0.,0.
25,0.007,0.,0.007,0.007,0.,0.007,0.,0.,0.,0.005,0.,0.005,0.001,0.,0.001,0.001,0.,0.001,0.005,0.,0.005,0.,0.,0.
26,0.008,0.,0.008,0.007,0.,0.007,0.,0.,0.,0.006,0.,0.006,0.001,0.,0.001,0.001,0.,0.001,0.005,0.,0.005,0.,0.,0.
27,0.008,0.,0.008,0.008,0.,0.008,0.,0.,0.,0.006,0.,0.006,0.001,0.,0.001,0.001,0.,0.001,0.005,0.,0.005,0.,0.,0.
28,0.008,0.,0.008,0.008,0.,0.008,0.,0.,0.,0.006,0.,0.006,0.001,0.,0.001,0.001,0.,0.001,0.006,0.,0.006,0.,0.,0.
29,0.009,0.,0.009,0.008,0.002,0.006,0.,0.,0.,0.006,0.,0.006,0.002,0.,0.002,0.001,0.001,0.,0.006,0.,0.006,0.,0.,0.
30,0.009,0.,0.009,0.009,0.,0.008,0.,0.,0.,0.007,0.,0.007,0.002,0.,0.002,0.002,0.,0.002,0.006,0.,0.006,0.,0.,0.
31,0.01,0.,0.01,0.01,0.,0.009,0.,0.,0.,0.007,0.,0.007,0.002,0.,0.002,0.002,0.,0.002,0.007,0.,0.007,0.,0.,0.
32,0.01,0.,0.01,0.01,0.,0.01,0.,0.,0.,0.008,0.,0.008,0.002,0.,0.002,0.002,0.,0.002,0.007,0.,0.007,0.,0.,0.
33,0.011,0.,0.011,0.011,0.,0.011,0.,0.,0.,0.008,0.,0.008,0.002,0.,0.002,0.002,0.,0.002,0.008,0.,0.008,0.,0.,0.
34,0.012,0.,0.012,0.011,0.,0.011,0.,0.,0.,0.008,0.,0.008,0.002,0.,0.002,0.002,0.,0.002,0.008,0.,0.008,0.,0.,0.
35,0.017,0.,0.017,0.012,0.,0.012,0.,0.,0.,0.009,0.,0.009,0.007,0.,0.007,0.002,0.,0.002,0.008,0.,0.008,0.,0.,0.
36,0.013,0.,0.013,0.017,0.,0.017,0.,0.,0.,0.009,0.,0.009,0.002,0.,0.002,0.002,0.,0.002,0.013,0.,0.013,0.,0.,0.
37,0.014,0.,0.014,0.013,0.,0.013,0.,0.,0.,0.01,0.,0.01,0.003,0.,0.003,0.003,0.,0.003,0.01,0.,0.01,0.,0.,0.
38,0.015,0.,0.015,0.015,0.,0.015,0.,0.,0.,0.011,0.,0.011,0.003,0.,0.003,0.003,0.,0.003,0.011,0.,0.011,0.,0.,0.
39,0.015,0.,0.015,0.015,0.,0.015,0.,0.,0.,0.011,0.,0.011,0.003,0.,0.003,0.003,0.,0.003,0.011,0.,0.011,0.,0.,0.
40,0.022,0.,0.022,0.022,0.,0.022,0.,0.,0.,0.017,0.,0.017,0.003,0.,0.003,0.003,0.,0.003,0.017,0.,0.017,0.,0.,0.
41,0.016,0.,0.016,0.016,0.,0.016,0.,0.,0.,0.012,0.,0.012,0.003,0.,0.003,0.003,0.,0.003,0.011,0.,0.011,0.,0.,0.
42,0.017,0.,0.017,0.017,0.,0.017,0.,0.,0.,0.012,0.,0.012,0.003,0.,0.003,0.003,0.,0.003,0.012,0.,0.012,0.,0.,0.
43,0.017,0.,0.017,0.017,0.,0.017,0.,0.,0.,0.013,0.,0.013,0.004,0.,0.004,0.004,0.,0.004,0.013,0.,0.013,0.,0.,0.
44,0.018,0.,0.018,0.019,0.,0.019,0.,0.,0.,0.013,0.,0.013,0.004,0.,0.004,0.004,0.,0.004,0.014,0.,0.014,0.,0.,0.
45,0.096,0.,0.096,0.079,0.,0.079,0.,0.,0.,0.091,0.,0.09,0.004,0.,0.004,0.064,0.,0.064,0.014,0.,0.014,0.,0.,0.
46,0.02,0.,0.02,0.02,0.,0.02,0.,0.,0.,0.015,0.,0.015,0.004,0.,0.004,0.004,0.,0.004,0.014,0.,0.014,0.,0.,0.
47,0.021,0.,0.021,0.021,0.,0.021,0.,0.,0.,0.016,0.,0.016,0.004,0.,0.004,0.004,0.,0.004,0.016,0.,0.016,0.,0.,0.
48,0.053,0.,0.053,0.053,0.,0.053,0.,0.,0.,0.047,0.,0.047,0.004,0.,0.004,0.036,0.,0.036,0.015,0.,0.015,0.,0.,0.
49,0.022,0.,0.022,0.022,0.,0.022,0.,0.,0.,0.016,0.,0.016,0.005,0.,0.005,0.005,0.,0.005,0.016,0.,0.016,0.,0.,0.
50,0.071,0.011,0.06,0.072,0.015,0.056,0.,0.,0.,0.022,0.003,0.018,0.048,0.008,0.04,0.049,0.011,0.037,0.022,0.004,0.017,0.,0.,0.
51,0.024,0.,0.024,0.024,0.,0.024,0.,0.,0.,0.018,0.,0.018,0.005,0.,0.005,0.005,0.,0.005,0.018,0.,0.018,0.,0.,0.
52,0.039,0.,0.039,0.039,0.,0.039,0.,0.,0.,0.033,0.,0.033,0.005,0.,0.005,0.005,0.,0.005,0.033,0.,0.033,0.,0.,0.
53,0.026,0.,0.026,0.026,0.,0.026,0.,0.,0.,0.02,0.,0.02,0.005,0.,0.005,0.005,0.,0.005,0.018,0.,0.018,0.,0.,0.
54,0.026,0.,0.026,0.026,0.,0.026,0.,0.,0.,0.019,0.,0.019,0.006,0.,0.006,0.006,0.,0.006,0.019,0.,0.019,0.,0.,0.
55,0.028,0.,0.028,0.028,0.,0.028,0.,0.,0.,0.02,0.,0.02,0.006,0.,0.006,0.007,0.,0.007,0.02,0.,0.02,0.,0.,0.
56,0.033,0.,0.033,0.028,0.,0.028,0.,0.,0.,0.021,0.,0.021,0.011,0.,0.011,0.006,0.,0.006,0.021,0.,0.021,0.,0.,0.
57,0.03,0.,0.03,0.034,0.,0.034,0.,0.,0.,0.021,0.,0.021,0.007,0.,0.007,0.006,0.,0.006,0.026,0.,0.026,0.,0.,0.
58,0.036,0.,0.036,0.031,0.,0.031,0.,0.,0.,0.022,0.,0.022,0.013,0.,0.013,0.007,0.,0.007,0.022,0.,0.022,0.,0.,0.
59,0.031,0.,0.031,0.037,0.,0.037,0.,0.,0.,0.023,0.,0.023,0.007,0.,0.007,0.007,0.,0.007,0.029,0.,0.029,0.,0.,0.
60,0.033,0.,0.033,0.033,0.,0.033,0.,0.,0.,0.024,0.,0.024,0.008,0.,0.008,0.008,0.,0.008,0.023,0.,0.023,0.,0.,0.
61,0.093,0.,0.093,0.093,0.,0.093,0.,0.,0.,0.024,0.,0.024,0.068,0.,0.068,0.067,0.,0.067,0.024,0.,0.024,0.,0.,0.
62,0.036,0.,0.036,0.035,0.,0.035,0.,0.,0.,0.027,0.,0.027,0.008,0.,0.008,0.009,0.,0.009,0.025,0.,0.025,0.,0.,0.
63,0.066,0.,0.066,0.066,0.,0.066,0.,0.,0.,0.057,0.,0.057,0.008,0.,0.008,0.008,0.,0.008,0.056,0.,0.056,0.,0.,0.
64,0.037,0.,0.037,0.037,0.,0.037,0.,0.,0.,0.028,0.,0.028,0.008,0.,0.008,0.008,0.,0.008,0.027,0.,0.027,0.,0.,0.
65,0.053,0.,0.053,0.051,0.,0.051,0.,0.,0.,0.043,0.,0.043,0.008,0.,0.008,0.009,0.,0.009,0.041,0.,0.041,0.,0.,0.
66,0.038,0.,0.038,0.039,0.,0.039,0.,0.,0.,0.028,0.,0.028,0.009,0.,0.009,0.009,0.,0.009,0.028,0.,0.028,0.,0.,0.
67,0.041,0.,0.041,0.04,0.,0.04,0.,0.,0.,0.03,0.,0.03,0.009,0.,0.009,0.009,0.,0.009,0.03,0.,0.03,0.,0.,0.
68,0.041,0.,0.041,0.041,0.,0.041,0.,0.,0.,0.03,0.,0.03,0.009,0.,0.009,0.009,0.,0.009,0.03,0.,0.03,0.,0.,0.
69,0.042,0.,0.042,0.042,0.,0.042,0.,0.,0.,0.031,0.,0.031,0.01,0.,0.01,0.01,0.,0.01,0.031,0.,0.031,0.,0.,0.
70,0.044,0.,0.044,0.044,0.,0.044,0.,0.,0.,0.032,0.,0.032,0.01,0.,0.01,0.01,0.,0.01,0.033,0.,0.033,0.,0.,0.
71,0.045,0.,0.045,0.045,0.,0.045,0.,0.,0.,0.032,0.,0.032,0.011,0.,0.011,0.011,0.,0.011,0.032,0.,0.032,0.,0.,0.
72,0.045,0.,0.045,0.046,0.,0.046,0.,0.,0.,0.033,0.,0.033,0.01,0.,0.01,0.011,0.,0.011,0.033,0.,0.033,0.,0.,0.
73,0.047,0.,0.047,0.048,0.,0.048,0.,0.,0.,0.035,0.,0.035,0.011,0.,0.011,0.011,0.,0.011,0.034,0.,0.034,0.,0.,0.
74,0.049,0.,0.049,0.049,0.,0.049,0.,0.,0.,0.036,0.,0.036,0.011,0.,0.011,0.011,0.,0.011,0.036,0.,0.036,0.,0.,0.
75,0.051,0.,0.051,0.05,0.,0.05,0.,0.,0.,0.038,0.,0.038,0.011,0.,0.011,0.011,0.,0.011,0.037,0.,0.037,0.,0.,0.
76,0.051,0.,0.051,0.052,0.,0.052,0.,0.,0.,0.037,0.,0.037,0.013,0.,0.013,0.013,0.,0.013,0.037,0.,0.037,0.,0.,0.
77,0.051,0.,0.051,0.053,0.,0.053,0.,0.,0.,0.038,0.,0.038,0.012,0.,0.012,0.013,0.,0.013,0.038,0.,0.038,0.,0.,0.
78,0.053,0.,0.053,0.053,0.,0.053,0.,0.,0.,0.039,0.,0.039,0.012,0.,0.012,0.013,0.,0.013,0.039,0.,0.039,0.,0.,0.
79,0.054,0.,0.054,0.054,0.,0.054,0.,0.,0.,0.04,0.,0.04,0.013,0.,0.013,0.013,0.,0.013,0.04,0.,0.04,0.,0.,0.
80,0.056,0.,0.056,0.056,0.,0.056,0.,0.,0.,0.041,0.,0.041,0.013,0.,0.013,0.013,0.,0.013,0.041,0.,0.041,0.,0.,0.
81,0.058,0.,0.058,0.057,0.003,0.054,0.,0.,0.,0.043,0.,0.043,0.014,0.,0.014,0.013,0.002,0.011,0.042,0.,0.042,0.,0.,0.
82,0.06,0.,0.059,0.059,0.003,0.055,0.,0.,0.,0.044,0.,0.044,0.014,0.,0.014,0.014,0.003,0.011,0.044,0.,0.044,0.,0.,0.
83,0.06,0.,0.06,0.061,0.,0.061,0.,0.,0.,0.044,0.,0.044,0.014,0.,0.014,0.014,0.,0.014,0.045,0.,0.045,0.,0.,0.
84,0.062,0.,0.062,0.063,0.,0.063,0.,0.,0.,0.046,0.,0.046,0.015,0.,0.015,0.014,0.,0.014,0.047,0.,0.047,0.,0.,0.
85,0.064,0.,0.064,0.063,0.,0.063,0.,0.,0.,0.047,0.,0.047,0.015,0.,0.015,0.015,0.,0.015,0.047,0.,0.047,0.,0.,0.
86,0.065,0.,0.065,0.065,0.,0.065,0.,0.,0.,0.048,0.,0.048,0.015,0.,0.015,0.016,0.,0.016,0.047,0.,0.047,0.,0.,0.
87,0.066,0.,0.066,0.067,0.,0.067,0.,0.,0.,0.049,0.,0.049,0.015,0.,0.015,0.017,0.,0.017,0.048,0.,0.048,0.,0.,0.
88,0.067,0.,0.067,0.07,0.,0.07,0.,0.,0.,0.049,0.,0.049,0.017,0.,0.017,0.016,0.,0.016,0.049,0.,0.049,0.003,0.,0.003
89,0.069,0.,0.069,0.072,0.,0.072,0.,0.,0.,0.049,0.,0.049,0.018,0.,0.018,0.017,0.,0.017,0.053,0.,0.053,0.,0.,0.
90,0.071,0.,0.071,0.072,0.,0.072,0.,0.,0.,0.053,0.,0.053,0.016,0.,0.016,0.017,0.,0.017,0.053,0.,0.053,0.,0.,0.
91,0.074,0.,0.074,0.073,0.,0.073,0.,0.,0.,0.054,0.,0.054,0.017,0.,0.017,0.017,0.,0.017,0.054,0.,0.054,0.,0.,0.
92,0.074,0.,0.074,0.074,0.,0.074,0.,0.,0.,0.054,0.,0.054,0.018,0.,0.018,0.018,0.,0.018,0.054,0.,0.054,0.,0.,0.
93,0.076,0.,0.076,0.077,0.,0.077,0.,0.,0.,0.055,0.,0.055,0.019,0.,0.019,0.018,0.,0.018,0.058,0.,0.058,0.,0.,0.
94,0.078,0.,0.078,0.079,0.,0.079,0.,0.,0.,0.059,0.,0.059,0.018,0.,0.018,0.019,0.,0.019,0.058,0.,0.058,0.,0.,0.
95,0.081,0.,0.081,0.08,0.003,0.076,0.,0.,0.,0.06,0.,0.06,0.019,0.,0.019,0.02,0.,0.02,0.058,0.003,0.055,0.,0.,0.
96,0.089,0.,0.089,0.086,0.,0.086,0.,0.,0.,0.06,0.,0.06,0.027,0.,0.027,0.02,0.,0.02,0.063,0.,0.063,0.,0.,0.
97,0.085,0.,0.085,0.084,0.,0.084,0.,0.,0.,0.063,0.,0.063,0.019,0.,0.019,0.019,0.,0.019,0.063,0.,0.063,0.,0.,0.
98,0.084,0.,0.084,0.098,0.,0.097,0.,0.,0.,0.061,0.,0.061,0.021,0.,0.021,0.024,0.,0.024,0.072,0.,0.072,0.,0.,0.
99,0.091,0.,0.091,0.088,0.,0.088,0.,0.,0.,0.066,0.,0.066,0.023,0.,0.023,0.022,0.,0.022,0.064,0.,0.064,0.,0.,0.
100,0.099,0.,0.099,0.101,0.,0.1,0.,0.,0.,0.077,0.,0.077,0.02,0.,0.02,0.02,0.,0.02,0.079,0.,0.079,0.,0.,0.
110,0.11,0.,0.11,0.115,0.,0.115,0.,0.,0.,0.08,0.,0.08,0.028,0.,0.028,0.027,0.,0.027,0.086,0.,0.086,0.,0.,0.
120,0.133,0.,0.133,0.136,0.,0.136,0.,0.,0.,0.098,0.,0.098,0.033,0.,0.033,0.032,0.,0.032,0.101,0.,0.101,0.,0.,0.
130,0.155,0.,0.155,0.162,0.,0.162,0.,0.,0.,0.115,0.,0.115,0.038,0.,0.038,0.039,0.,0.039,0.12,0.,0.12,0.,0.,0.
140,0.183,0.,0.183,0.187,0.003,0.183,0.,0.,0.,0.134,0.,0.134,0.047,0.,0.047,0.046,0.,0.046,0.139,0.003,0.135,0.,0.,0.
150,0.209,0.003,0.205,0.271,0.,0.271,0.001,0.,0.001,0.157,0.003,0.153,0.05,0.,0.05,0.11,0.,0.11,0.159,0.,0.159,0.001,0.,0.001
160,0.243,0.007,0.235,0.249,0.,0.249,0.001,0.,0.001,0.18,0.003,0.176,0.061,0.003,0.057,0.064,0.,0.064,0.182,0.,0.182,0.001,0.,0.001
170,0.285,0.004,0.281,0.284,0.003,0.28,0.001,0.,0.001,0.205,0.003,0.201,0.078,0.,0.077,0.076,0.,0.076,0.206,0.003,0.202,0.001,0.,0.001
180,0.312,0.002,0.31,0.321,0.004,0.317,0.001,0.,0.001,0.226,0.001,0.224,0.084,0.,0.084,0.084,0.,0.084,0.235,0.003,0.231,0.001,0.,0.001
190,0.336,0.004,0.331,0.352,0.,0.352,0.001,0.,0.001,0.247,0.004,0.243,0.086,0.,0.086,0.087,0.,0.087,0.262,0.,0.262,0.001,0.,0.001
200,0.482,0.004,0.478,0.501,0.,0.501,0.001,0.,0.001,0.379,0.003,0.375,0.101,0.,0.101,0.172,0.,0.172,0.327,0.,0.327,0.001,0.,0.001
210,0.419,0.,0.419,0.422,0.,0.422,0.001,0.,0.001,0.307,0.,0.307,0.109,0.,0.109,0.111,0.,0.111,0.309,0.,0.309,0.001,0.,0.001
220,0.461,0.,0.461,0.468,0.,0.468,0.001,0.,0.001,0.339,0.,0.339,0.12,0.,0.119,0.122,0.,0.122,0.344,0.,0.344,0.001,0.,0.001
230,0.503,0.,0.503,0.508,0.,0.508,0.001,0.,0.001,0.369,0.,0.369,0.131,0.,0.131,0.133,0.,0.133,0.372,0.,0.372,0.001,0.,0.001
240,0.574,0.,0.574,0.577,0.,0.577,0.001,0.,0.001,0.419,0.,0.419,0.151,0.,0.151,0.153,0.,0.153,0.421,0.,0.421,0.001,0.,0.001
250,0.712,0.003,0.708,0.657,0.003,0.653,0.001,0.,0.001,0.55,0.003,0.546,0.16,0.,0.16,0.161,0.,0.161,0.494,0.003,0.49,0.001,0.,0.001
260,0.694,0.007,0.686,0.703,0.003,0.699,0.001,0.,0.001,0.506,0.007,0.498,0.184,0.,0.184,0.188,0.,0.188,0.512,0.003,0.508,0.001,0.,0.001
270,0.751,0.,0.751,0.769,0.,0.769,0.001,0.,0.001,0.552,0.,0.552,0.196,0.,0.196,0.203,0.,0.203,0.562,0.,0.562,0.001,0.,0.001
280,0.796,0.,0.796,0.801,0.004,0.797,0.001,0.,0.001,0.57,0.,0.57,0.223,0.,0.223,0.211,0.,0.211,0.586,0.004,0.582,0.001,0.,0.001
290,0.846,0.,0.846,0.87,0.,0.87,0.001,0.,0.001,0.618,0.,0.618,0.225,0.,0.225,0.224,0.,0.224,0.643,0.,0.643,0.001,0.,0.001
300,0.944,0.003,0.94,0.961,0.,0.961,0.001,0.,0.001,0.686,0.,0.686,0.255,0.003,0.251,0.258,0.,0.258,0.7,0.,0.7,0.001,0.,0.001
310,1.017,0.,1.017,1.03,0.,1.03,0.002,0.,0.002,0.741,0.,0.741,0.273,0.,0.273,0.277,0.,0.277,0.749,0.,0.749,0.002,0.,0.002
320,1.102,0.,1.101,1.114,0.,1.114,0.002,0.,0.002,0.805,0.,0.804,0.294,0.,0.294,0.294,0.,0.294,0.817,0.,0.817,0.002,0.,0.002
330,1.149,0.,1.149,1.181,0.,1.181,0.002,0.,0.002,0.837,0.,0.837,0.309,0.,0.309,0.312,0.,0.312,0.865,0.,0.865,0.002,0.,0.002
340,1.228,0.,1.228,1.259,0.,1.259,0.002,0.,0.002,0.885,0.,0.885,0.339,0.,0.339,0.347,0.,0.347,0.908,0.,0.908,0.002,0.,0.002
350,1.368,0.003,1.364,1.394,0.003,1.39,0.002,0.,0.002,1.,0.,1.,0.365,0.003,0.361,0.373,0.,0.373,1.019,0.003,1.014,0.002,0.,0.002
360,1.442,0.,1.441,1.466,0.,1.466,0.002,0.,0.002,1.049,0.,1.049,0.388,0.,0.388,0.394,0.,0.394,1.068,0.,1.067,0.002,0.,0.002
370,1.512,0.,1.512,1.536,0.007,1.528,0.002,0.,0.002,1.096,0.,1.096,0.412,0.,0.412,0.413,0.004,0.409,1.119,0.003,1.115,0.002,0.,0.002
380,1.586,0.,1.586,1.597,0.,1.596,0.002,0.,0.002,1.145,0.,1.145,0.437,0.,0.437,0.422,0.,0.422,1.171,0.,1.171,0.002,0.,0.002
390,1.736,0.,1.736,1.771,0.,1.771,0.002,0.,0.002,1.27,0.,1.27,0.462,0.,0.462,0.474,0.,0.473,1.294,0.,1.293,0.002,0.,0.002
400,1.794,0.011,1.782,1.831,0.,1.831,0.002,0.002,0.,1.313,0.008,1.304,0.478,0.,0.477,0.482,0.,0.482,1.346,0.,1.345,0.002,0.,0.002