param-n,autorewrite-noop-regression-quadratic-real,autorewrite-noop-regression-quadratic-sys,autorewrite-noop-regression-quadratic-user,try-rewrite!-evar-noop-regression-quadratic-real,try-rewrite!-evar-noop-regression-quadratic-sys,try-rewrite!-evar-noop-regression-quadratic-user,try-rewrite!-noop-regression-quadratic-real,try-rewrite!-noop-regression-quadratic-sys,try-rewrite!-noop-regression-quadratic-user,try-rewrite-evar-noop-regression-quadratic-real,try-rewrite-evar-noop-regression-quadratic-sys,try-rewrite-evar-noop-regression-quadratic-user,try-rewrite-noop-regression-quadratic-real,try-rewrite-noop-regression-quadratic-sys,try-rewrite-noop-regression-quadratic-user,try-rewrite?-evar-noop-regression-quadratic-real,try-rewrite?-evar-noop-regression-quadratic-sys,try-rewrite?-evar-noop-regression-quadratic-user,try-rewrite?-noop-regression-quadratic-real,try-rewrite?-noop-regression-quadratic-sys,try-rewrite?-noop-regression-quadratic-user,try-ssr-rewrite!-evar-noop-regression-linear-real,try-ssr-rewrite!-evar-noop-regression-linear-sys,try-ssr-rewrite!-evar-noop-regression-linear-user,try-ssr-rewrite!-noop-regression-linear-real,try-ssr-rewrite!-noop-regression-linear-sys,try-ssr-rewrite!-noop-regression-linear-user,try-ssr-rewrite-evar-noop-regression-linear-real,try-ssr-rewrite-evar-noop-regression-linear-sys,try-ssr-rewrite-evar-noop-regression-linear-user,try-ssr-rewrite-noop-regression-linear-real,try-ssr-rewrite-noop-regression-linear-sys,try-ssr-rewrite-noop-regression-linear-user,try-ssr-rewrite?-evar-noop-regression-linear-real,try-ssr-rewrite?-evar-noop-regression-linear-sys,try-ssr-rewrite?-evar-noop-regression-linear-user,try-ssr-rewrite?-noop-regression-linear-real,try-ssr-rewrite?-noop-regression-linear-sys,try-ssr-rewrite?-noop-regression-linear-user
1,0.,0.,0.,0.,0.,0.,0.,0.,0.,0.,0.,0.,0.,0.,0.,0.,0.,0.,0.,0.,0.,0.,0.,0.,0.,0.,0.,0.,0.,0.,0.,0.,0.,0.,0.,0.,0.,0.,0.
2,0.,0.,0.,0.,0.,0.,0.,0.,0.,0.,0.,0.,0.,0.,0.,0.,0.,0.,0.,0.,0.,0.,0.,0.,0.,0.,0.,0.,0.,0.,0.,0.,0.,0.,0.,0.,0.,0.,0.
3,0.,0.,0.,0.,0.,0.,0.,0.,0.,0.,0.,0.,0.,0.,0.,0.,0.,0.,0.,0.,0.,0.,0.,0.,0.,0.,0.,0.,0.,0.,0.,0.,0.,0.,0.,0.,0.,0.,0.
4,0.,0.,0.,0.,0.,0.,0.,0.,0.,0.,0.,0.,0.,0.,0.,0.,0.,0.,0.,0.,0.,0.,0.,0.,0.,0.,0.,0.,0.,0.,0.,0.,0.,0.,0.,0.,0.,0.,0.
8,0.,0.,0.,0.,0.,0.,0.,0.,0.,0.,0.,0.,0.,0.,0.,0.,0.,0.,0.,0.,0.,0.,0.,0.,0.,0.,0.,0.,0.,0.,0.,0.,0.,0.,0.,0.,0.,0.,0.
12,0.,0.,0.,0.,0.,0.,0.,0.,0.,0.,0.,0.,0.,0.,0.,0.,0.,0.,0.,0.,0.,0.,0.,0.,0.,0.,0.,0.,0.,0.,0.,0.,0.,0.,0.,0.,0.,0.,0.
16,0.,0.,0.,0.,0.,0.,0.,0.,0.,0.,0.,0.,0.,0.,0.,0.,0.,0.,0.,0.,0.,0.,0.,0.,0.,0.,0.,0.,0.,0.,0.,0.,0.,0.,0.,0.,0.,0.,0.
20,0.,0.,0.,0.,0.,0.,0.,0.,0.,0.,0.,0.,0.,0.,0.,0.,0.,0.,0.,0.,0.,0.,0.,0.,0.,0.,0.,0.,0.,0.,0.,0.,0.,0.,0.,0.,0.,0.,0.
24,0.,0.,0.,0.,0.,0.,0.,0.,0.,0.,0.,0.,0.,0.,0.,0.,0.,0.,0.,0.,0.,0.,0.,0.,0.,0.,0.,0.,0.,0.,0.,0.,0.,0.,0.,0.,0.,0.,0.
28,0.,0.,0.,0.,0.,0.,0.,0.,0.,0.,0.,0.,0.,0.,0.,0.,0.,0.,0.,0.,0.,0.,0.,0.,0.,0.,0.,0.,0.,0.,0.,0.,0.,0.,0.,0.,0.,0.,0.
32,0.,0.,0.,0.,0.,0.,0.,0.,0.,0.,0.,0.,0.,0.,0.,0.,0.,0.,0.,0.,0.,0.,0.,0.,0.,0.,0.,0.,0.,0.,0.,0.,0.,0.,0.,0.,0.,0.,0.
36,0.,0.,0.,0.,0.,0.,0.,0.,0.,0.,0.,0.,0.,0.,0.,0.,0.,0.,0.,0.,0.,0.,0.,0.,0.,0.,0.,0.,0.,0.,0.,0.,0.,0.,0.,0.,0.,0.,0.
40,0.,0.,0.,0.,0.,0.,0.,0.,0.,0.,0.,0.,0.,0.,0.,0.,0.,0.,0.,0.,0.,0.,0.,0.,0.,0.,0.,0.,0.,0.,0.,0.,0.,0.,0.,0.,0.,0.,0.
44,0.,0.,0.,0.,0.,0.,0.,0.,0.,0.,0.,0.,0.,0.,0.,0.,0.,0.,0.,0.,0.,0.,0.,0.,0.,0.,0.,0.,0.,0.,0.,0.,0.,0.,0.,0.,0.,0.,0.
48,0.,0.,0.,0.,0.,0.,0.,0.,0.,0.,0.,0.,0.,0.,0.,0.,0.,0.,0.,0.,0.,0.,0.,0.,0.,0.,0.,0.,0.,0.,0.,0.,0.,0.,0.,0.,0.,0.,0.
50,0.,0.,0.,0.,0.,0.,0.,0.,0.,0.,0.,0.,0.,0.,0.,0.,0.,0.,0.,0.,0.,0.,0.,0.,0.,0.,0.,0.,0.,0.,0.,0.,0.,0.,0.,0.,0.,0.,0.
52,0.,0.,0.,0.,0.,0.,0.,0.,0.,0.,0.,0.,0.,0.,0.,0.,0.,0.,0.,0.,0.,0.,0.,0.,0.,0.,0.,0.,0.,0.,0.,0.,0.,0.,0.,0.,0.,0.,0.
56,0.,0.,0.,0.,0.,0.,0.,0.,0.,0.,0.,0.,0.,0.,0.,0.,0.,0.,0.,0.,0.,0.,0.,0.,0.,0.,0.,0.,0.,0.,0.,0.,0.,0.,0.,0.,0.,0.,0.
60,0.,0.,0.,0.,0.,0.,0.,0.,0.,0.,0.,0.,0.,0.,0.,0.,0.,0.,0.,0.,0.,0.,0.,0.,0.,0.,0.,0.,0.,0.,0.,0.,0.,0.,0.,0.,0.,0.,0.
64,0.,0.,0.,0.,0.,0.,0.,0.,0.,0.,0.,0.,0.,0.,0.,0.,0.,0.,0.,0.,0.,0.,0.,0.,0.,0.,0.,0.,0.,0.,0.,0.,0.,0.,0.,0.,0.,0.,0.
68,0.,0.,0.,0.,0.,0.,0.,0.,0.,0.,0.,0.,0.,0.,0.,0.,0.,0.,0.,0.,0.,0.,0.,0.,0.,0.,0.,0.,0.,0.,0.,0.,0.,0.,0.,0.,0.,0.,0.
72,0.,0.,0.,0.,0.,0.,0.,0.,0.,0.,0.,0.,0.,0.,0.,0.,0.,0.,0.,0.,0.,0.,0.,0.,0.,0.,0.,0.,0.,0.,0.,0.,0.,0.,0.,0.,0.,0.,0.
76,0.,0.,0.,0.,0.,0.,0.,0.,0.,0.,0.,0.,0.,0.,0.,0.,0.,0.,0.,0.,0.,0.,0.,0.,0.,0.,0.,0.,0.,0.,0.,0.,0.,0.,0.,0.,0.,0.,0.
80,0.,0.,0.,0.008,0.,0.008,0.,0.,0.,0.001,0.,0.001,0.,0.,0.,0.,0.,0.,0.,0.,0.,0.,0.,0.,0.,0.,0.,0.,0.,0.,0.,0.,0.,0.,0.,0.,0.,0.,0.
84,0.,0.,0.,0.,0.,0.,0.,0.,0.,0.,0.,0.,0.,0.,0.,0.,0.,0.,0.,0.,0.,0.,0.,0.,0.,0.,0.,0.,0.,0.,0.,0.,0.,0.,0.,0.,0.,0.,0.
88,0.,0.,0.,0.001,0.,0.001,0.,0.,0.,0.001,0.,0.001,0.,0.,0.,0.001,0.,0.001,0.,0.,0.,0.,0.,0.,0.,0.,0.,0.,0.,0.,0.,0.,0.,0.,0.,0.,0.,0.,0.
92,0.,0.,0.,0.001,0.,0.001,0.,0.,0.,0.001,0.,0.001,0.,0.,0.,0.001,0.,0.001,0.,0.,0.,0.,0.,0.,0.,0.,0.,0.,0.,0.,0.,0.,0.,0.,0.,0.,0.,0.,0.
96,0.,0.,0.,0.001,0.,0.001,0.,0.,0.,0.001,0.,0.001,0.,0.,0.,0.001,0.,0.001,0.,0.,0.,0.,0.,0.,0.,0.,0.,0.,0.,0.,0.,0.,0.,0.,0.,0.,0.,0.,0.
100,0.,0.,0.,0.001,0.,0.001,0.,0.,0.,0.001,0.,0.001,0.,0.,0.,0.001,0.,0.001,0.,0.,0.,0.,0.,0.,0.,0.,0.,0.,0.,0.,0.,0.,0.,0.,0.,0.,0.,0.,0.
104,0.,0.,0.,0.001,0.,0.001,0.,0.,0.,0.001,0.,0.001,0.,0.,0.,0.001,0.,0.001,0.,0.,0.,0.,0.,0.,0.,0.,0.,0.,0.,0.,0.,0.,0.,0.,0.,0.,0.,0.,0.
108,0.,0.,0.,0.001,0.,0.,0.,0.,0.,0.001,0.,0.001,0.,0.,0.,0.001,0.,0.001,0.,0.,0.,0.,0.,0.,0.,0.,0.,0.,0.,0.,0.,0.,0.,0.,0.,0.,0.,0.,0.
112,0.,0.,0.,0.001,0.,0.001,0.,0.,0.,0.001,0.,0.001,0.,0.,0.,0.001,0.,0.001,0.,0.,0.,0.,0.,0.,0.,0.,0.,0.,0.,0.,0.,0.,0.,0.,0.,0.,0.,0.,0.
116,0.,0.,0.,0.001,0.,0.001,0.,0.,0.,0.001,0.,0.001,0.,0.,0.,0.001,0.,0.001,0.,0.,0.,0.,0.,0.,0.,0.,0.,0.,0.,0.,0.,0.,0.,0.,0.,0.,0.,0.,0.
120,0.,0.,0.,0.001,0.,0.001,0.,0.,0.,0.001,0.,0.001,0.,0.,0.,0.001,0.,0.001,0.,0.,0.,0.,0.,0.,0.,0.,0.,0.,0.,0.,0.,0.,0.,0.,0.,0.,0.,0.,0.
124,0.,0.,0.,0.001,0.,0.001,0.,0.,0.,0.001,0.,0.001,0.,0.,0.,0.001,0.,0.001,0.,0.,0.,0.,0.,0.,0.,0.,0.,0.,0.,0.,0.,0.,0.,0.,0.,0.,0.,0.,0.
128,0.,0.,0.,0.001,0.,0.001,0.,0.,0.,0.001,0.,0.001,0.,0.,0.,0.001,0.,0.001,0.,0.,0.,0.,0.,0.,0.,0.,0.,0.,0.,0.,0.,0.,0.,0.,0.,0.,0.,0.,0.
132,0.,0.,0.,0.001,0.,0.001,0.,0.,0.,0.001,0.,0.001,0.,0.,0.,0.001,0.,0.001,0.,0.,0.,0.,0.,0.,0.,0.,0.,0.,0.,0.,0.,0.,0.,0.,0.,0.,0.,0.,0.
136,0.,0.,0.,0.081,0.,0.081,0.,0.,0.,0.001,0.,0.001,0.,0.,0.,0.001,0.,0.001,0.,0.,0.,0.,0.,0.,0.,0.,0.,0.,0.,0.,0.,0.,0.,0.,0.,0.,0.,0.,0.
140,0.,0.,0.,0.001,0.,0.001,0.,0.,0.,0.001,0.,0.001,0.,0.,0.,0.001,0.,0.001,0.,0.,0.,0.,0.,0.,0.,0.,0.,0.,0.,0.,0.,0.,0.,0.,0.,0.,0.,0.,0.
144,0.,0.,0.,0.001,0.,0.001,0.,0.,0.,0.001,0.,0.001,0.,0.,0.,0.001,0.,0.001,0.,0.,0.,0.,0.,0.,0.,0.,0.,0.,0.,0.,0.,0.,0.,0.,0.,0.,0.,0.,0.
148,0.,0.,0.,0.001,0.,0.001,0.,0.,0.,0.001,0.,0.001,0.,0.,0.,0.002,0.,0.002,0.,0.,0.,0.,0.,0.,0.,0.,0.,0.,0.,0.,0.,0.,0.,0.,0.,0.,0.,0.,0.
150,0.001,0.001,0.,0.002,0.,0.002,0.001,0.,0.001,0.002,0.,0.001,0.001,0.,0.,0.002,0.,0.002,0.001,0.001,0.,0.,0.,0.,0.,0.,0.,0.,0.,0.,0.,0.,0.,0.,0.,0.,0.,0.,0.
152,0.001,0.,0.001,0.001,0.,0.001,0.001,0.,0.001,0.001,0.,0.001,0.001,0.,0.001,0.001,0.,0.001,0.,0.,0.,0.,0.,0.,0.,0.,0.,0.,0.,0.,0.,0.,0.,0.,0.,0.,0.,0.,0.
156,0.001,0.,0.001,0.001,0.,0.001,0.001,0.,0.001,0.001,0.,0.001,0.001,0.,0.001,0.001,0.,0.001,0.001,0.,0.001,0.,0.,0.,0.,0.,0.,0.,0.,0.,0.,0.,0.,0.,0.,0.,0.,0.,0.
160,0.001,0.,0.001,0.001,0.,0.001,0.001,0.,0.001,0.002,0.,0.002,0.001,0.,0.001,0.002,0.,0.002,0.001,0.,0.001,0.,0.,0.,0.,0.,0.,0.,0.,0.,0.,0.,0.,0.,0.,0.,0.,0.,0.
164,0.001,0.,0.001,0.002,0.,0.002,0.001,0.,0.001,0.002,0.,0.002,0.001,0.,0.001,0.002,0.,0.002,0.001,0.,0.001,0.,0.,0.,0.,0.,0.,0.,0.,0.,0.,0.,0.,0.,0.,0.,0.,0.,0.
168,0.001,0.,0.001,0.002,0.,0.002,0.001,0.,0.001,0.002,0.,0.002,0.001,0.,0.001,0.002,0.,0.002,0.001,0.,0.001,0.,0.,0.,0.,0.,0.,0.,0.,0.,0.,0.,0.,0.,0.,0.,0.,0.,0.
172,0.001,0.,0.001,0.002,0.,0.002,0.001,0.,0.001,0.002,0.,0.002,0.001,0.,0.001,0.002,0.,0.002,0.001,0.,0.001,0.,0.,0.,0.,0.,0.,0.,0.,0.,0.,0.,0.,0.,0.,0.,0.,0.,0.
176,0.001,0.,0.001,0.002,0.,0.002,0.001,0.,0.001,0.002,0.,0.002,0.001,0.,0.001,0.002,0.,0.002,0.001,0.,0.001,0.,0.,0.,0.,0.,0.,0.,0.,0.,0.,0.,0.,0.,0.,0.,0.,0.,0.
180,0.001,0.,0.001,0.002,0.,0.002,0.001,0.,0.001,0.002,0.,0.002,0.001,0.,0.001,0.002,0.,0.002,0.001,0.,0.001,0.,0.,0.,0.,0.,0.,0.,0.,0.,0.,0.,0.,0.,0.,0.,0.,0.,0.
184,0.001,0.,0.001,0.013,0.,0.013,0.001,0.,0.001,0.002,0.,0.002,0.001,0.,0.001,0.002,0.,0.002,0.001,0.,0.001,0.,0.,0.,0.,0.,0.,0.,0.,0.,0.,0.,0.,0.,0.,0.,0.,0.,0.
188,0.001,0.,0.001,0.002,0.,0.002,0.001,0.,0.001,0.002,0.,0.002,0.001,0.,0.001,0.002,0.,0.002,0.001,0.,0.001,0.,0.,0.,0.,0.,0.,0.,0.,0.,0.,0.,0.,0.,0.,0.,0.,0.,0.
192,0.001,0.,0.001,0.002,0.,0.002,0.001,0.,0.001,0.002,0.,0.002,0.001,0.,0.001,0.002,0.,0.002,0.001,0.,0.001,0.,0.,0.,0.,0.,0.,0.,0.,0.,0.,0.,0.,0.,0.,0.,0.,0.,0.
196,0.001,0.,0.001,0.002,0.,0.002,0.001,0.,0.001,0.002,0.,0.002,0.001,0.,0.001,0.002,0.,0.002,0.001,0.,0.001,0.,0.,0.,0.,0.,0.,0.,0.,0.,0.,0.,0.,0.,0.,0.,0.,0.,0.
200,0.044,0.003,0.04,0.002,0.,0.002,0.001,0.,0.001,0.002,0.,0.002,0.001,0.,0.001,0.002,0.,0.002,0.001,0.,0.001,0.,0.,0.,0.,0.,0.,0.,0.,0.,0.,0.,0.,0.,0.,0.,0.,0.,0.
204,0.001,0.,0.001,0.002,0.,0.002,0.001,0.,0.001,0.002,0.,0.002,0.001,0.,0.001,0.002,0.,0.002,0.001,0.,0.001,0.,0.,0.,0.,0.,0.,0.,0.,0.,0.,0.,0.,0.,0.,0.,0.,0.,0.
208,0.001,0.,0.001,0.002,0.,0.002,0.001,0.,0.001,0.002,0.,0.002,0.001,0.,0.001,0.002,0.,0.002,0.001,0.,0.001,0.,0.,0.,0.,0.,0.,0.,0.,0.,0.,0.,0.,0.,0.,0.,0.,0.,0.
212,0.001,0.,0.001,0.002,0.,0.002,0.001,0.,0.001,0.002,0.,0.002,0.001,0.,0.001,0.002,0.,0.002,0.001,0.,0.001,0.,0.,0.,0.,0.,0.,0.,0.,0.,0.,0.,0.,0.,0.,0.,0.,0.,0.
216,0.001,0.,0.001,0.002,0.,0.002,0.001,0.,0.001,0.003,0.,0.003,0.001,0.,0.001,0.003,0.,0.003,0.001,0.,0.001,0.,0.,0.,0.,0.,0.,0.,0.,0.,0.,0.,0.,0.,0.,0.,0.,0.,0.
220,0.001,0.,0.001,0.003,0.,0.003,0.001,0.,0.001,0.003,0.,0.003,0.001,0.,0.001,0.003,0.,0.003,0.001,0.,0.001,0.,0.,0.,0.,0.,0.,0.,0.,0.,0.,0.,0.,0.,0.,0.,0.,0.,0.
224,0.001,0.,0.001,0.003,0.,0.003,0.001,0.,0.001,0.003,0.,0.003,0.001,0.,0.001,0.003,0.,0.003,0.001,0.,0.001,0.,0.,0.,0.,0.,0.,0.,0.,0.,0.,0.,0.,0.,0.,0.,0.,0.,0.
228,0.008,0.,0.008,0.003,0.,0.003,0.001,0.,0.001,0.003,0.,0.003,0.001,0.,0.001,0.003,0.,0.003,0.001,0.,0.001,0.,0.,0.,0.,0.,0.,0.,0.,0.,0.,0.,0.,0.,0.,0.,0.,0.,0.
232,0.001,0.,0.001,0.003,0.,0.003,0.001,0.,0.001,0.003,0.,0.003,0.001,0.,0.001,0.003,0.,0.003,0.001,0.,0.001,0.,0.,0.,0.,0.,0.,0.,0.,0.,0.,0.,0.,0.,0.,0.,0.,0.,0.
236,0.001,0.,0.001,0.003,0.,0.003,0.001,0.,0.001,0.003,0.,0.003,0.001,0.,0.001,0.003,0.,0.003,0.001,0.,0.001,0.,0.,0.,0.,0.,0.,0.,0.,0.,0.,0.,0.,0.,0.,0.,0.,0.,0.
240,0.001,0.,0.001,0.003,0.,0.003,0.001,0.,0.001,0.003,0.,0.003,0.001,0.,0.001,0.003,0.,0.003,0.001,0.,0.001,0.,0.,0.,0.,0.,0.,0.,0.,0.,0.,0.,0.,0.,0.,0.,0.,0.,0.
244,0.001,0.,0.001,0.003,0.,0.003,0.001,0.,0.001,0.003,0.,0.003,0.008,0.,0.008,0.003,0.,0.003,0.001,0.,0.001,0.,0.,0.,0.,0.,0.,0.,0.,0.,0.,0.,0.,0.,0.,0.,0.,0.,0.
248,0.001,0.,0.001,0.003,0.,0.003,0.001,0.,0.001,0.003,0.,0.003,0.001,0.,0.001,0.003,0.,0.003,0.001,0.,0.001,0.,0.,0.,0.,0.,0.,0.,0.,0.,0.,0.,0.,0.,0.,0.,0.,0.,0.
250,0.001,0.,0.001,0.003,0.,0.003,0.001,0.,0.001,0.003,0.,0.003,0.001,0.,0.001,0.003,0.,0.003,0.001,0.,0.001,0.,0.,0.,0.,0.,0.,0.,0.,0.,0.,0.,0.,0.,0.,0.,0.,0.,0.
252,0.001,0.,0.001,0.003,0.,0.003,0.001,0.,0.001,0.003,0.,0.003,0.001,0.,0.001,0.003,0.,0.003,0.001,0.,0.001,0.,0.,0.,0.,0.,0.,0.,0.,0.,0.,0.,0.,0.,0.,0.,0.,0.,0.
256,0.001,0.,0.001,0.003,0.,0.003,0.001,0.,0.001,0.003,0.,0.003,0.001,0.,0.001,0.003,0.,0.003,0.001,0.,0.001,0.,0.,0.,0.,0.,0.,0.,0.,0.,0.,0.,0.,0.,0.,0.,0.,0.,0.
260,0.001,0.,0.001,0.003,0.,0.003,0.002,0.,0.002,0.003,0.,0.003,0.001,0.,0.001,0.004,0.,0.004,0.001,0.,0.001,0.,0.,0.,0.,0.,0.,0.,0.,0.,0.,0.,0.,0.,0.,0.,0.,0.,0.
264,0.001,0.,0.001,0.004,0.,0.004,0.001,0.,0.001,0.003,0.,0.003,0.001,0.,0.001,0.003,0.,0.003,0.001,0.,0.001,0.,0.,0.,0.,0.,0.,0.,0.,0.,0.,0.,0.,0.,0.,0.,0.,0.,0.
268,0.083,0.,0.083,0.003,0.,0.003,0.001,0.,0.001,0.003,0.,0.003,0.001,0.,0.001,0.003,0.,0.003,0.001,0.,0.001,0.,0.,0.,0.,0.,0.,0.,0.,0.,0.,0.,0.,0.,0.,0.,0.,0.,0.
272,0.001,0.,0.001,0.004,0.,0.004,0.001,0.,0.001,0.004,0.,0.004,0.001,0.,0.001,0.004,0.,0.004,0.001,0.,0.001,0.,0.,0.,0.,0.,0.,0.,0.,0.,0.,0.,0.,0.,0.,0.,0.,0.,0.
276,0.001,0.,0.001,0.004,0.,0.004,0.001,0.,0.001,0.004,0.,0.004,0.001,0.,0.001,0.004,0.,0.004,0.001,0.,0.001,0.,0.,0.,0.,0.,0.,0.,0.,0.,0.,0.,0.,0.,0.,0.,0.,0.,0.
280,0.001,0.,0.001,0.004,0.,0.004,0.001,0.,0.001,0.033,0.,0.033,0.001,0.,0.001,0.004,0.,0.004,0.001,0.,0.001,0.,0.,0.,0.,0.,0.,0.,0.,0.,0.,0.,0.,0.,0.,0.,0.,0.,0.
284,0.001,0.,0.001,0.004,0.,0.004,0.001,0.,0.001,0.004,0.,0.004,0.001,0.,0.001,0.004,0.,0.004,0.001,0.,0.001,0.,0.,0.,0.,0.,0.,0.,0.,0.,0.,0.,0.,0.,0.,0.,0.,0.,0.
288,0.001,0.,0.001,0.004,0.,0.004,0.001,0.,0.001,0.004,0.,0.004,0.001,0.,0.001,0.004,0.,0.004,0.002,0.,0.002,0.,0.,0.,0.,0.,0.,0.,0.,0.,0.,0.,0.,0.,0.,0.,0.,0.,0.
292,0.001,0.,0.001,0.004,0.,0.004,0.001,0.,0.001,0.004,0.,0.004,0.001,0.,0.001,0.004,0.,0.004,0.001,0.,0.001,0.,0.,0.,0.,0.,0.,0.,0.,0.,0.,0.,0.,0.,0.,0.,0.,0.,0.
296,0.013,0.,0.013,0.004,0.,0.004,0.001,0.,0.001,0.004,0.,0.004,0.001,0.,0.001,0.004,0.,0.004,0.001,0.,0.001,0.,0.,0.,0.,0.,0.,0.,0.,0.,0.,0.,0.,0.,0.,0.,0.,0.,0.
300,0.001,0.,0.001,0.004,0.,0.004,0.015,0.,0.015,0.004,0.,0.004,0.001,0.,0.001,0.004,0.,0.004,0.001,0.,0.001,0.,0.,0.,0.,0.,0.,0.,0.,0.,0.,0.,0.,0.,0.,0.,0.,0.,0.
304,0.001,0.,0.001,0.004,0.,0.004,0.001,0.,0.001,0.004,0.,0.004,0.001,0.,0.001,0.005,0.,0.005,0.001,0.,0.001,0.,0.,0.,0.,0.,0.,0.,0.,0.,0.,0.,0.,0.,0.,0.,0.,0.,0.
308,0.001,0.,0.001,0.005,0.,0.005,0.001,0.,0.001,0.005,0.,0.005,0.001,0.,0.001,0.005,0.,0.005,0.001,0.,0.001,0.,0.,0.,0.,0.,0.,0.,0.,0.,0.,0.,0.,0.,0.,0.,0.,0.,0.
312,0.001,0.,0.001,0.004,0.,0.004,0.001,0.,0.001,0.004,0.,0.004,0.001,0.,0.001,0.004,0.,0.004,0.002,0.,0.001,0.,0.,0.,0.,0.,0.,0.,0.,0.,0.,0.,0.,0.,0.,0.,0.,0.,0.
316,0.001,0.,0.001,0.004,0.,0.004,0.001,0.,0.001,0.004,0.,0.004,0.001,0.,0.001,0.004,0.,0.004,0.001,0.,0.001,0.,0.,0.,0.,0.,0.,0.,0.,0.,0.,0.,0.,0.,0.,0.,0.,0.,0.
320,0.002,0.,0.002,0.004,0.,0.004,0.002,0.,0.002,0.004,0.,0.004,0.002,0.,0.002,0.004,0.,0.004,0.002,0.,0.002,0.,0.,0.,0.,0.,0.,0.,0.,0.,0.,0.,0.,0.,0.,0.,0.,0.,0.
324,0.002,0.,0.002,0.011,0.,0.011,0.002,0.,0.002,0.005,0.,0.005,0.002,0.,0.002,0.005,0.,0.005,0.002,0.,0.002,0.,0.,0.,0.,0.,0.,0.,0.,0.,0.,0.,0.,0.,0.,0.,0.,0.,0.
328,0.002,0.,0.002,0.005,0.,0.005,0.002,0.,0.002,0.005,0.,0.005,0.002,0.,0.002,0.005,0.,0.005,0.002,0.,0.002,0.,0.,0.,0.,0.,0.,0.,0.,0.,0.,0.,0.,0.,0.,0.,0.,0.,0.
332,0.002,0.,0.002,0.004,0.,0.004,0.002,0.,0.002,0.004,0.,0.004,0.002,0.,0.002,0.005,0.,0.005,0.002,0.,0.002,0.,0.,0.,0.,0.,0.,0.,0.,0.,0.,0.,0.,0.,0.,0.,0.,0.,0.
336,0.002,0.,0.002,0.006,0.,0.006,0.002,0.,0.002,0.005,0.,0.005,0.002,0.,0.002,0.005,0.,0.005,0.002,0.,0.002,0.,0.,0.,0.,0.,0.,0.,0.,0.,0.,0.,0.,0.,0.,0.,0.,0.,0.
340,0.002,0.,0.002,0.005,0.,0.005,0.002,0.,0.002,0.005,0.,0.005,0.002,0.,0.002,0.005,0.,0.005,0.002,0.,0.002,0.,0.,0.,0.,0.,0.,0.,0.,0.,0.,0.,0.,0.,0.,0.,0.,0.,0.
344,0.002,0.,0.002,0.005,0.,0.005,0.002,0.,0.002,0.005,0.,0.005,0.002,0.,0.002,0.005,0.,0.005,0.002,0.,0.002,0.,0.,0.,0.,0.,0.,0.,0.,0.,0.,0.,0.,0.,0.,0.,0.,0.,0.
348,0.002,0.,0.002,0.005,0.,0.005,0.002,0.,0.002,0.005,0.,0.005,0.002,0.,0.002,0.005,0.,0.005,0.002,0.,0.002,0.,0.,0.,0.,0.,0.,0.,0.,0.,0.,0.,0.,0.,0.,0.,0.,0.,0.
350,0.002,0.,0.002,0.005,0.,0.005,0.002,0.,0.002,0.006,0.,0.006,0.002,0.,0.002,0.005,0.,0.005,0.002,0.,0.002,0.,0.,0.,0.,0.,0.,0.,0.,0.,0.,0.,0.,0.,0.,0.,0.,0.,0.
352,0.002,0.,0.002,0.005,0.,0.005,0.002,0.,0.002,0.005,0.,0.005,0.002,0.,0.002,0.005,0.,0.005,0.002,0.,0.002,0.,0.,0.,0.,0.,0.,0.,0.,0.,0.,0.,0.,0.,0.,0.,0.,0.,0.
356,0.002,0.,0.002,0.005,0.,0.005,0.002,0.,0.002,0.006,0.,0.006,0.002,0.,0.002,0.005,0.,0.005,0.002,0.,0.002,0.,0.,0.,0.,0.,0.,0.,0.,0.,0.,0.,0.,0.,0.,0.,0.,0.,0.
360,0.002,0.,0.002,0.005,0.,0.005,0.002,0.,0.002,0.006,0.,0.006,0.002,0.,0.002,0.005,0.,0.005,0.002,0.,0.002,0.,0.,0.,0.,0.,0.,0.,0.,0.,0.,0.,0.,0.,0.,0.,0.,0.,0.
364,0.002,0.,0.002,0.006,0.,0.005,0.002,0.,0.001,0.006,0.,0.006,0.002,0.,0.002,0.006,0.,0.006,0.002,0.,0.002,0.,0.,0.,0.,0.,0.,0.,0.,0.,0.,0.,0.,0.,0.,0.,0.,0.,0.
368,0.002,0.,0.002,0.006,0.,0.006,0.002,0.,0.002,0.005,0.,0.005,0.002,0.,0.002,0.006,0.,0.006,0.002,0.,0.002,0.,0.,0.,0.,0.,0.,0.,0.,0.,0.,0.,0.,0.,0.,0.,0.,0.,0.
372,0.002,0.,0.002,0.006,0.,0.006,0.002,0.,0.002,0.006,0.,0.006,0.002,0.,0.002,0.006,0.,0.006,0.002,0.,0.002,0.,0.,0.,0.,0.,0.,0.,0.,0.,0.,0.,0.,0.,0.,0.,0.,0.,0.
376,0.002,0.,0.002,0.006,0.,0.006,0.002,0.,0.002,0.006,0.,0.006,0.002,0.,0.002,0.006,0.,0.006,0.002,0.,0.002,0.,0.,0.,0.,0.,0.,0.,0.,0.,0.,0.,0.,0.,0.,0.,0.,0.,0.
380,0.002,0.,0.002,0.006,0.,0.005,0.002,0.,0.002,0.006,0.,0.006,0.002,0.,0.002,0.006,0.,0.006,0.002,0.,0.002,0.,0.,0.,0.,0.,0.,0.,0.,0.,0.,0.,0.,0.,0.,0.,0.,0.,0.
384,0.002,0.,0.002,0.006,0.,0.006,0.002,0.,0.002,0.006,0.,0.006,0.002,0.,0.002,0.006,0.,0.006,0.002,0.,0.002,0.,0.,0.,0.,0.,0.,0.,0.,0.,0.,0.,0.,0.,0.,0.,0.,0.,0.
388,0.002,0.,0.002,0.006,0.,0.006,0.002,0.,0.002,0.006,0.,0.006,0.002,0.,0.002,0.006,0.,0.006,0.002,0.,0.002,0.,0.,0.,0.,0.,0.,0.,0.,0.,0.,0.,0.,0.,0.,0.,0.,0.,0.
392,0.002,0.,0.002,0.006,0.,0.006,0.002,0.,0.002,0.006,0.,0.006,0.002,0.,0.002,0.006,0.,0.006,0.002,0.,0.002,0.,0.,0.,0.,0.,0.,0.,0.,0.,0.,0.,0.,0.,0.,0.,0.,0.,0.
396,0.002,0.,0.002,0.006,0.,0.006,0.002,0.,0.002,0.006,0.,0.006,0.002,0.,0.001,0.006,0.,0.006,0.002,0.,0.002,0.,0.,0.,0.,0.,0.,0.,0.,0.,0.,0.,0.,0.,0.,0.,0.,0.,0.
400,0.002,0.,0.002,0.007,0.,0.007,0.002,0.,0.002,0.006,0.,0.006,0.002,0.,0.002,0.007,0.,0.007,0.002,0.,0.002,0.,0.,0.,0.,0.,0.,0.,0.,0.,0.,0.,0.,0.,0.,0.,0.,0.,0.
404,0.002,0.,0.002,0.006,0.,0.006,0.002,0.,0.002,0.006,0.,0.006,0.002,0.,0.002,0.007,0.,0.007,0.002,0.,0.002,0.,0.,0.,0.,0.,0.,0.,0.,0.,0.,0.,0.,0.,0.,0.,0.,0.,0.
408,0.002,0.,0.002,0.007,0.,0.007,0.002,0.,0.002,0.007,0.,0.007,0.002,0.,0.002,0.006,0.,0.005,0.002,0.,0.002,0.,0.,0.,0.,0.,0.,0.,0.,0.,0.,0.,0.,0.,0.,0.,0.,0.,0.
412,0.002,0.,0.002,0.006,0.,0.006,0.002,0.,0.002,0.006,0.,0.006,0.002,0.,0.002,0.007,0.,0.007,0.002,0.,0.002,0.,0.,0.,0.,0.,0.,0.,0.,0.,0.,0.,0.,0.,0.,0.,0.,0.,0.
416,0.002,0.,0.002,0.006,0.,0.006,0.002,0.,0.002,0.007,0.,0.007,0.002,0.,0.002,0.007,0.,0.007,0.002,0.,0.002,0.,0.,0.,0.,0.,0.,0.,0.,0.,0.,0.,0.,0.,0.,0.,0.,0.,0.
420,0.002,0.,0.002,0.007,0.,0.007,0.002,0.,0.002,0.007,0.,0.007,0.002,0.,0.002,0.006,0.,0.006,0.003,0.,0.003,0.,0.,0.,0.,0.,0.,0.,0.,0.,0.,0.,0.,0.,0.,0.,0.,0.,0.
424,0.002,0.,0.002,0.008,0.,0.007,0.002,0.,0.002,0.007,0.,0.007,0.002,0.,0.002,0.007,0.,0.007,0.002,0.,0.002,0.,0.,0.,0.,0.,0.,0.,0.,0.,0.,0.,0.,0.,0.,0.,0.,0.,0.
428,0.002,0.,0.002,0.007,0.,0.007,0.002,0.,0.002,0.007,0.,0.007,0.002,0.,0.002,0.007,0.,0.007,0.002,0.,0.002,0.,0.,0.,0.,0.,0.,0.,0.,0.,0.,0.,0.,0.,0.,0.,0.,0.,0.
432,0.002,0.,0.002,0.008,0.,0.008,0.002,0.,0.002,0.007,0.,0.007,0.002,0.,0.002,0.007,0.,0.007,0.002,0.,0.002,0.,0.,0.,0.,0.,0.,0.,0.,0.,0.,0.,0.,0.,0.,0.,0.,0.,0.
436,0.002,0.,0.002,0.008,0.,0.008,0.002,0.,0.002,0.008,0.,0.008,0.002,0.,0.002,0.007,0.,0.007,0.002,0.,0.002,0.,0.,0.,0.,0.,0.,0.,0.,0.,0.,0.,0.,0.,0.,0.,0.,0.,0.
440,0.003,0.,0.003,0.007,0.,0.007,0.002,0.,0.002,0.007,0.,0.007,0.002,0.,0.002,0.008,0.,0.008,0.002,0.,0.002,0.,0.,0.,0.,0.,0.,0.,0.,0.,0.,0.,0.,0.,0.,0.,0.,0.,0.
444,0.002,0.,0.002,0.007,0.,0.007,0.002,0.,0.002,0.007,0.,0.007,0.002,0.,0.002,0.008,0.,0.008,0.002,0.,0.002,0.,0.,0.,0.,0.,0.,0.,0.,0.,0.,0.,0.,0.,0.,0.,0.,0.,0.
448,0.002,0.,0.002,0.007,0.,0.007,0.002,0.,0.002,0.008,0.,0.008,0.003,0.,0.003,0.007,0.,0.007,0.002,0.,0.002,0.,0.,0.,0.,0.,0.,0.,0.,0.,0.,0.,0.,0.,0.,0.,0.,0.,0.
452,0.002,0.,0.002,0.007,0.,0.007,0.002,0.,0.002,0.008,0.,0.008,0.002,0.,0.002,0.008,0.,0.008,0.002,0.,0.001,0.,0.,0.,0.,0.,0.,0.,0.,0.,0.,0.,0.,0.,0.,0.,0.,0.,0.
456,0.002,0.,0.002,0.008,0.,0.008,0.002,0.,0.002,0.008,0.,0.008,0.002,0.,0.002,0.008,0.,0.008,0.002,0.,0.002,0.,0.,0.,0.,0.,0.,0.,0.,0.,0.,0.,0.,0.,0.,0.,0.,0.,0.
460,0.002,0.,0.002,0.008,0.,0.008,0.002,0.,0.002,0.008,0.,0.008,0.002,0.,0.002,0.008,0.,0.008,0.002,0.,0.002,0.,0.,0.,0.,0.,0.,0.,0.,0.,0.,0.,0.,0.,0.,0.,0.,0.,0.
464,0.002,0.,0.002,0.008,0.,0.008,0.002,0.,0.002,0.009,0.,0.009,0.002,0.,0.002,0.009,0.,0.009,0.002,0.,0.002,0.,0.,0.,0.,0.,0.,0.,0.,0.,0.,0.,0.,0.,0.,0.,0.,0.,0.
468,0.002,0.,0.002,0.009,0.,0.009,0.003,0.,0.003,0.009,0.,0.009,0.002,0.,0.002,0.008,0.,0.008,0.002,0.,0.002,0.,0.,0.,0.,0.,0.,0.,0.,0.,0.,0.,0.,0.,0.,0.,0.,0.,0.
472,0.002,0.,0.002,0.008,0.,0.008,0.003,0.,0.003,0.008,0.,0.008,0.003,0.,0.003,0.009,0.,0.009,0.003,0.,0.003,0.,0.,0.,0.,0.,0.,0.,0.,0.,0.,0.,0.,0.,0.,0.,0.,0.,0.
476,0.003,0.,0.003,0.008,0.,0.008,0.003,0.,0.003,0.008,0.,0.008,0.003,0.,0.003,0.008,0.,0.008,0.003,0.,0.002,0.,0.,0.,0.,0.,0.,0.,0.,0.,0.,0.,0.,0.,0.,0.,0.,0.,0.
480,0.002,0.,0.002,0.008,0.,0.008,0.003,0.,0.003,0.008,0.,0.008,0.003,0.,0.003,0.009,0.,0.009,0.003,0.,0.003,0.,0.,0.,0.,0.,0.,0.,0.,0.,0.,0.,0.,0.,0.,0.,0.,0.,0.
484,0.003,0.,0.003,0.009,0.,0.009,0.003,0.,0.003,0.009,0.,0.009,0.003,0.,0.003,0.009,0.,0.009,0.003,0.,0.003,0.,0.,0.,0.,0.,0.,0.,0.,0.,0.,0.,0.,0.,0.,0.,0.,0.,0.
488,0.003,0.,0.003,0.009,0.,0.009,0.003,0.,0.003,0.009,0.,0.009,0.003,0.,0.003,0.009,0.,0.009,0.003,0.,0.003,0.,0.,0.,0.,0.,0.,0.,0.,0.,0.,0.,0.,0.,0.,0.,0.,0.,0.
492,0.003,0.,0.003,0.008,0.,0.008,0.003,0.,0.003,0.009,0.,0.009,0.003,0.,0.003,0.009,0.,0.009,0.003,0.,0.003,0.,0.,0.,0.,0.,0.,0.,0.,0.,0.,0.,0.,0.,0.,0.,0.,0.,0.
496,0.003,0.,0.003,0.009,0.,0.009,0.003,0.,0.003,0.009,0.,0.009,0.003,0.,0.003,0.009,0.,0.009,0.003,0.,0.003,0.,0.,0.,0.,0.,0.,0.,0.,0.,0.,0.,0.,0.,0.,0.,0.,0.,0.
500,0.003,0.,0.003,0.008,0.,0.008,0.003,0.,0.003,0.008,0.,0.008,0.003,0.,0.003,0.01,0.,0.01,0.003,0.,0.003,0.,0.,0.,0.,0.,0.,0.,0.,0.,0.,0.,0.,0.,0.,0.,0.,0.,0.
504,0.003,0.,0.003,0.008,0.,0.008,0.003,0.,0.003,0.009,0.,0.009,0.003,0.,0.003,0.009,0.,0.009,0.003,0.,0.003,0.,0.,0.,0.,0.,0.,0.,0.,0.,0.,0.,0.,0.,0.,0.,0.,0.,0.
508,0.003,0.,0.003,0.008,0.,0.008,0.003,0.,0.003,0.009,0.,0.009,0.003,0.,0.003,0.009,0.,0.009,0.003,0.,0.003,0.,0.,0.,0.,0.,0.,0.,0.,0.,0.,0.,0.,0.,0.,0.,0.,0.,0.
512,0.003,0.,0.003,0.009,0.,0.009,0.003,0.,0.003,0.01,0.,0.01,0.003,0.,0.003,0.01,0.,0.01,0.003,0.,0.003,0.,0.,0.,0.,0.,0.,0.,0.,0.,0.,0.,0.,0.,0.,0.,0.,0.,0.
516,0.003,0.,0.003,0.009,0.,0.009,0.003,0.,0.003,0.009,0.,0.009,0.003,0.,0.003,0.009,0.,0.009,0.003,0.,0.003,0.,0.,0.,0.,0.,0.,0.,0.,0.,0.,0.,0.,0.,0.,0.,0.,0.,0.
520,0.003,0.,0.003,0.009,0.,0.009,0.003,0.,0.003,0.009,0.,0.009,0.003,0.,0.003,0.009,0.,0.009,0.003,0.,0.003,0.,0.,0.,0.,0.,0.,0.,0.,0.,0.,0.,0.,0.,0.,0.,0.,0.,0.
524,0.003,0.,0.003,0.009,0.,0.009,0.003,0.,0.003,0.009,0.,0.009,0.003,0.,0.003,0.009,0.,0.009,0.003,0.,0.003,0.,0.,0.,0.,0.,0.,0.,0.,0.,0.,0.,0.,0.,0.,0.,0.,0.,0.
528,0.003,0.,0.003,0.009,0.,0.009,0.003,0.,0.003,0.01,0.,0.01,0.003,0.,0.003,0.01,0.,0.01,0.003,0.,0.003,0.,0.,0.,0.,0.,0.,0.,0.,0.,0.,0.,0.,0.,0.,0.,0.,0.,0.
532,0.003,0.,0.003,0.01,0.,0.01,0.003,0.,0.003,0.011,0.,0.011,0.003,0.,0.003,0.011,0.,0.011,0.003,0.,0.003,0.,0.,0.,0.,0.,0.,0.,0.,0.,0.,0.,0.,0.,0.,0.,0.,0.,0.
536,0.003,0.,0.003,0.01,0.,0.01,0.003,0.,0.003,0.009,0.,0.009,0.003,0.,0.003,0.01,0.,0.01,0.003,0.,0.003,0.,0.,0.,0.,0.,0.,0.,0.,0.,0.,0.,0.,0.,0.,0.,0.,0.,0.
540,0.003,0.,0.003,0.01,0.,0.01,0.003,0.,0.003,0.011,0.,0.011,0.003,0.,0.003,0.01,0.,0.01,0.003,0.,0.003,0.,0.,0.,0.,0.,0.,0.,0.,0.,0.,0.,0.,0.,0.,0.,0.,0.,0.
544,0.003,0.,0.003,0.01,0.,0.01,0.003,0.,0.003,0.011,0.,0.011,0.003,0.,0.003,0.011,0.,0.011,0.003,0.,0.003,0.,0.,0.,0.,0.,0.,0.,0.,0.,0.,0.,0.,0.,0.,0.,0.,0.,0.
548,0.003,0.,0.003,0.01,0.,0.01,0.003,0.,0.003,0.01,0.,0.01,0.003,0.,0.003,0.011,0.,0.011,0.003,0.,0.003,0.,0.,0.,0.,0.,0.,0.,0.,0.,0.,0.,0.,0.,0.,0.,0.,0.,0.
552,0.003,0.,0.003,0.011,0.,0.011,0.003,0.,0.003,0.011,0.,0.011,0.003,0.,0.003,0.01,0.,0.01,0.003,0.,0.003,0.,0.,0.,0.,0.,0.,0.,0.,0.,0.,0.,0.,0.,0.,0.,0.,0.,0.
556,0.003,0.,0.003,0.01,0.,0.01,0.003,0.,0.003,0.011,0.,0.011,0.003,0.,0.002,0.01,0.,0.01,0.003,0.,0.003,0.,0.,0.,0.,0.,0.,0.,0.,0.,0.,0.,0.,0.,0.,0.,0.,0.,0.
560,0.003,0.,0.003,0.011,0.,0.011,0.003,0.,0.003,0.011,0.,0.011,0.003,0.,0.003,0.011,0.,0.011,0.003,0.,0.003,0.,0.,0.,0.,0.,0.,0.,0.,0.,0.,0.,0.,0.,0.,0.,0.,0.,0.
564,0.003,0.,0.003,0.011,0.,0.011,0.003,0.,0.003,0.011,0.,0.011,0.003,0.,0.003,0.01,0.,0.01,0.003,0.,0.003,0.,0.,0.,0.,0.,0.,0.,0.,0.,0.,0.,0.,0.,0.,0.,0.,0.,0.
568,0.003,0.,0.003,0.011,0.,0.01,0.003,0.,0.003,0.011,0.,0.011,0.003,0.,0.003,0.01,0.,0.01,0.003,0.,0.003,0.,0.,0.,0.,0.,0.,0.,0.,0.,0.,0.,0.,0.,0.,0.,0.,0.,0.
572,0.003,0.,0.003,0.011,0.,0.011,0.003,0.,0.003,0.011,0.,0.011,0.003,0.,0.003,0.012,0.,0.012,0.003,0.,0.003,0.,0.,0.,0.,0.,0.,0.,0.,0.,0.,0.,0.,0.,0.,0.,0.,0.,0.
576,0.003,0.,0.003,0.012,0.,0.012,0.003,0.,0.003,0.011,0.,0.011,0.003,0.,0.003,0.011,0.,0.011,0.003,0.,0.003,0.,0.,0.,0.,0.,0.,0.,0.,0.,0.,0.,0.,0.,0.,0.,0.,0.,0.
580,0.003,0.,0.003,0.012,0.,0.012,0.003,0.,0.003,0.012,0.,0.012,0.003,0.,0.003,0.011,0.,0.011,0.003,0.,0.003,0.,0.,0.,0.,0.,0.,0.,0.,0.,0.,0.,0.,0.,0.,0.,0.,0.,0.
584,0.003,0.,0.003,0.012,0.,0.012,0.003,0.,0.003,0.012,0.,0.012,0.003,0.,0.003,0.011,0.,0.011,0.003,0.,0.003,0.,0.,0.,0.,0.,0.,0.,0.,0.,0.,0.,0.,0.,0.,0.,0.,0.,0.
588,0.003,0.,0.003,0.011,0.,0.011,0.003,0.,0.003,0.012,0.,0.012,0.004,0.,0.004,0.011,0.,0.011,0.003,0.,0.003,0.,0.,0.,0.,0.,0.,0.,0.,0.,0.,0.,0.,0.,0.,0.,0.,0.,0.
592,0.003,0.,0.003,0.012,0.,0.012,0.003,0.,0.003,0.012,0.,0.012,0.003,0.,0.003,0.011,0.,0.011,0.003,0.,0.003,0.,0.,0.,0.,0.,0.,0.,0.,0.,0.,0.,0.,0.,0.,0.,0.,0.,0.
596,0.003,0.,0.003,0.012,0.,0.012,0.003,0.,0.003,0.012,0.,0.012,0.003,0.,0.003,0.012,0.,0.012,0.003,0.,0.003,0.,0.,0.,0.,0.,0.,0.,0.,0.,0.,0.,0.,0.,0.,0.,0.,0.,0.
600,0.003,0.,0.003,0.012,0.,0.012,0.003,0.,0.003,0.013,0.,0.013,0.003,0.,0.003,0.011,0.,0.011,0.003,0.,0.003,0.,0.,0.,0.,0.,0.,0.,0.,0.,0.,0.,0.,0.,0.,0.,0.,0.,0.
604,0.003,0.,0.003,0.014,0.,0.014,0.003,0.,0.003,0.014,0.,0.014,0.003,0.,0.003,0.013,0.,0.013,0.003,0.,0.003,0.,0.,0.,0.,0.,0.,0.,0.,0.,0.,0.,0.,0.,0.,0.,0.,0.,0.
608,0.003,0.,0.003,0.011,0.,0.011,0.003,0.,0.003,0.011,0.,0.011,0.003,0.,0.003,0.011,0.,0.011,0.004,0.,0.004,0.,0.,0.,0.,0.,0.,0.,0.,0.,0.,0.,0.,0.,0.,0.,0.,0.,0.
612,0.003,0.,0.003,0.013,0.,0.013,0.004,0.,0.004,0.013,0.,0.013,0.003,0.,0.003,0.013,0.,0.013,0.003,0.,0.003,0.,0.,0.,0.,0.,0.,0.,0.,0.,0.,0.,0.,0.,0.,0.,0.,0.,0.
616,0.003,0.,0.003,0.011,0.,0.011,0.003,0.,0.003,0.013,0.,0.013,0.003,0.,0.003,0.013,0.,0.013,0.003,0.,0.003,0.,0.,0.,0.,0.,0.,0.,0.,0.,0.,0.,0.,0.,0.,0.,0.,0.,0.
620,0.003,0.,0.003,0.013,0.,0.012,0.003,0.,0.003,0.013,0.,0.013,0.003,0.,0.003,0.013,0.,0.013,0.003,0.,0.003,0.,0.,0.,0.,0.,0.,0.,0.,0.,0.,0.,0.,0.,0.,0.,0.,0.,0.
624,0.003,0.,0.003,0.014,0.,0.014,0.003,0.,0.003,0.012,0.,0.012,0.004,0.,0.004,0.013,0.,0.013,0.003,0.,0.003,0.,0.,0.,0.,0.,0.,0.,0.,0.,0.,0.,0.,0.,0.,0.,0.,0.,0.
628,0.003,0.,0.003,0.013,0.,0.013,0.003,0.,0.003,0.013,0.,0.013,0.004,0.,0.003,0.013,0.,0.013,0.003,0.,0.003,0.,0.,0.,0.,0.,0.,0.,0.,0.,0.,0.,0.,0.,0.,0.,0.,0.,0.
632,0.004,0.,0.004,0.014,0.,0.014,0.003,0.,0.003,0.014,0.,0.014,0.003,0.,0.003,0.013,0.,0.013,0.003,0.,0.003,0.,0.,0.,0.,0.,0.,0.,0.,0.,0.,0.,0.,0.,0.,0.,0.,0.,0.
636,0.003,0.,0.003,0.014,0.,0.014,0.004,0.,0.004,0.015,0.,0.015,0.004,0.,0.004,0.015,0.,0.015,0.004,0.,0.004,0.,0.,0.,0.,0.,0.,0.,0.,0.,0.,0.,0.,0.,0.,0.,0.,0.,0.
640,0.004,0.,0.004,0.014,0.,0.014,0.004,0.,0.004,0.014,0.,0.014,0.004,0.,0.004,0.014,0.,0.014,0.004,0.,0.004,0.,0.,0.,0.,0.,0.,0.,0.,0.,0.,0.,0.,0.,0.,0.,0.,0.,0.
644,0.004,0.,0.004,0.015,0.,0.015,0.004,0.,0.004,0.015,0.,0.015,0.004,0.,0.004,0.014,0.,0.014,0.004,0.,0.004,0.,0.,0.,0.,0.,0.,0.,0.,0.,0.,0.,0.,0.,0.,0.,0.,0.,0.
648,0.004,0.,0.004,0.012,0.,0.012,0.004,0.,0.004,0.014,0.,0.014,0.004,0.,0.004,0.013,0.,0.013,0.004,0.,0.004,0.,0.,0.,0.,0.,0.,0.,0.,0.,0.,0.,0.,0.,0.,0.,0.,0.,0.
652,0.004,0.,0.004,0.016,0.,0.016,0.004,0.,0.004,0.014,0.,0.014,0.004,0.,0.004,0.013,0.,0.013,0.004,0.,0.004,0.,0.,0.,0.,0.,0.,0.,0.,0.,0.,0.,0.,0.,0.,0.,0.,0.,0.
656,0.004,0.,0.004,0.015,0.,0.015,0.004,0.,0.004,0.015,0.,0.014,0.004,0.,0.004,0.015,0.,0.015,0.004,0.,0.004,0.,0.,0.,0.,0.,0.,0.,0.,0.,0.,0.,0.,0.,0.,0.,0.,0.,0.
660,0.004,0.,0.004,0.016,0.,0.016,0.004,0.,0.004,0.016,0.,0.016,0.004,0.,0.004,0.016,0.,0.016,0.004,0.,0.004,0.,0.,0.,0.,0.,0.,0.,0.,0.,0.,0.,0.,0.,0.,0.,0.,0.,0.
664,0.004,0.,0.004,0.013,0.,0.013,0.004,0.,0.004,0.014,0.,0.014,0.004,0.,0.004,0.014,0.,0.014,0.004,0.,0.004,0.,0.,0.,0.,0.,0.,0.,0.,0.,0.,0.,0.,0.,0.,0.,0.,0.,0.
668,0.004,0.,0.004,0.014,0.,0.014,0.004,0.,0.004,0.014,0.,0.014,0.004,0.,0.004,0.014,0.,0.014,0.004,0.,0.004,0.,0.,0.,0.,0.,0.,0.,0.,0.,0.,0.,0.,0.,0.,0.,0.,0.,0.
672,0.004,0.,0.004,0.014,0.,0.014,0.004,0.,0.004,0.014,0.,0.014,0.004,0.,0.004,0.013,0.,0.013,0.004,0.,0.004,0.,0.,0.,0.,0.,0.,0.,0.,0.,0.,0.,0.,0.,0.,0.,0.,0.,0.
676,0.004,0.,0.004,0.013,0.,0.013,0.004,0.,0.004,0.016,0.,0.016,0.004,0.,0.004,0.013,0.,0.013,0.004,0.,0.004,0.,0.,0.,0.,0.,0.,0.,0.,0.,0.,0.,0.,0.,0.,0.,0.,0.,0.
680,0.004,0.,0.004,0.013,0.,0.013,0.004,0.,0.004,0.013,0.,0.013,0.004,0.,0.004,0.015,0.,0.015,0.004,0.,0.004,0.,0.,0.,0.,0.,0.,0.,0.,0.,0.,0.,0.,0.,0.,0.,0.,0.,0.
684,0.004,0.,0.004,0.015,0.,0.015,0.004,0.,0.004,0.015,0.,0.015,0.004,0.,0.004,0.015,0.,0.015,0.004,0.,0.004,0.,0.,0.,0.,0.,0.,0.,0.,0.,0.,0.,0.,0.,0.,0.,0.,0.,0.
688,0.004,0.,0.004,0.014,0.,0.014,0.004,0.,0.004,0.015,0.,0.015,0.004,0.,0.004,0.014,0.,0.014,0.004,0.,0.004,0.,0.,0.,0.,0.,0.,0.,0.,0.,0.,0.,0.,0.,0.,0.,0.,0.,0.
692,0.004,0.,0.004,0.015,0.,0.015,0.004,0.,0.004,0.015,0.,0.015,0.004,0.,0.004,0.015,0.,0.015,0.004,0.,0.004,0.,0.,0.,0.,0.,0.,0.,0.,0.,0.,0.,0.,0.,0.,0.,0.,0.,0.
696,0.004,0.,0.004,0.016,0.,0.016,0.004,0.,0.004,0.015,0.,0.015,0.004,0.,0.004,0.016,0.,0.016,0.004,0.,0.004,0.,0.,0.,0.,0.,0.,0.,0.,0.,0.,0.,0.,0.,0.,0.,0.,0.,0.
700,0.004,0.,0.004,0.015,0.,0.015,0.004,0.,0.004,0.017,0.,0.017,0.004,0.,0.004,0.015,0.,0.015,0.004,0.,0.004,0.,0.,0.,0.,0.,0.,0.,0.,0.,0.,0.,0.,0.,0.,0.,0.,0.,0.
704,0.004,0.,0.004,0.014,0.,0.014,0.004,0.,0.004,0.017,0.,0.017,0.004,0.,0.004,0.016,0.,0.016,0.004,0.,0.004,0.,0.,0.,0.,0.,0.,0.,0.,0.,0.,0.,0.,0.,0.,0.,0.,0.,0.
708,0.004,0.,0.004,0.016,0.,0.016,0.004,0.,0.004,0.016,0.,0.016,0.004,0.,0.004,0.016,0.,0.016,0.004,0.,0.004,0.,0.,0.,0.,0.,0.,0.,0.,0.,0.,0.,0.,0.,0.,0.,0.,0.,0.
712,0.004,0.,0.004,0.017,0.,0.017,0.004,0.,0.004,0.016,0.,0.016,0.004,0.,0.004,0.016,0.,0.016,0.004,0.,0.004,0.,0.,0.,0.,0.,0.,0.,0.,0.,0.,0.,0.,0.,0.,0.,0.,0.,0.
716,0.004,0.,0.004,0.014,0.,0.014,0.004,0.,0.004,0.015,0.,0.015,0.004,0.,0.004,0.016,0.,0.016,0.004,0.,0.004,0.,0.,0.,0.,0.,0.,0.,0.,0.,0.,0.,0.,0.,0.,0.,0.,0.,0.
720,0.004,0.,0.004,0.018,0.,0.018,0.004,0.,0.004,0.018,0.,0.018,0.004,0.,0.004,0.016,0.,0.016,0.004,0.,0.004,0.,0.,0.,0.,0.,0.,0.,0.,0.,0.,0.,0.,0.,0.,0.,0.,0.,0.
724,0.004,0.,0.004,0.017,0.,0.017,0.004,0.,0.004,0.018,0.,0.018,0.004,0.,0.004,0.019,0.,0.019,0.004,0.,0.004,0.,0.,0.,0.,0.,0.,0.,0.,0.,0.,0.,0.,0.,0.,0.,0.,0.,0.
728,0.004,0.,0.004,0.019,0.,0.019,0.004,0.,0.004,0.016,0.,0.016,0.004,0.,0.004,0.016,0.,0.016,0.004,0.,0.004,0.,0.,0.,0.,0.,0.,0.,0.,0.,0.,0.,0.,0.,0.,0.,0.,0.,0.
732,0.004,0.,0.004,0.018,0.,0.018,0.004,0.,0.004,0.018,0.,0.018,0.004,0.,0.004,0.018,0.,0.018,0.004,0.,0.004,0.,0.,0.,0.,0.,0.,0.,0.,0.,0.,0.,0.,0.,0.,0.,0.,0.,0.
736,0.004,0.,0.004,0.017,0.,0.017,0.004,0.,0.004,0.019,0.,0.019,0.004,0.,0.004,0.018,0.,0.018,0.004,0.,0.004,0.,0.,0.,0.,0.,0.,0.,0.,0.,0.,0.,0.,0.,0.,0.,0.,0.,0.
740,0.004,0.,0.004,0.019,0.,0.019,0.004,0.,0.004,0.018,0.,0.018,0.004,0.,0.004,0.016,0.,0.016,0.005,0.,0.004,0.,0.,0.,0.,0.,0.,0.,0.,0.,0.,0.,0.,0.,0.,0.,0.,0.,0.
744,0.004,0.,0.004,0.016,0.,0.016,0.004,0.,0.004,0.018,0.,0.018,0.004,0.,0.004,0.016,0.,0.016,0.004,0.,0.004,0.,0.,0.,0.,0.,0.,0.,0.,0.,0.,0.,0.,0.,0.,0.,0.,0.,0.
748,0.004,0.,0.004,0.017,0.,0.017,0.004,0.,0.004,0.017,0.,0.017,0.004,0.,0.004,0.016,0.,0.016,0.004,0.,0.004,0.,0.,0.,0.,0.,0.,0.,0.,0.,0.,0.,0.,0.,0.,0.,0.,0.,0.
752,0.005,0.,0.005,0.018,0.,0.018,0.004,0.,0.004,0.017,0.,0.017,0.004,0.,0.004,0.018,0.,0.018,0.004,0.,0.004,0.,0.,0.,0.,0.,0.,0.,0.,0.,0.,0.,0.,0.,0.,0.,0.,0.,0.
756,0.004,0.,0.004,0.017,0.,0.017,0.004,0.,0.004,0.018,0.,0.018,0.004,0.,0.004,0.018,0.,0.018,0.005,0.,0.005,0.,0.,0.,0.,0.,0.,0.,0.,0.,0.,0.,0.,0.,0.,0.,0.,0.,0.
760,0.004,0.,0.004,0.018,0.,0.018,0.004,0.,0.004,0.018,0.,0.018,0.004,0.,0.004,0.016,0.,0.016,0.004,0.,0.004,0.,0.,0.,0.,0.,0.,0.,0.,0.,0.,0.,0.,0.,0.,0.,0.,0.,0.
764,0.004,0.,0.004,0.017,0.,0.017,0.004,0.,0.004,0.018,0.,0.018,0.004,0.,0.004,0.018,0.,0.018,0.004,0.,0.004,0.,0.,0.,0.,0.,0.,0.,0.,0.,0.,0.,0.,0.,0.,0.,0.,0.,0.
768,0.005,0.,0.005,0.02,0.,0.02,0.004,0.,0.004,0.019,0.,0.019,0.004,0.,0.004,0.019,0.,0.019,0.004,0.,0.004,0.,0.,0.,0.,0.,0.,0.,0.,0.,0.,0.,0.,0.,0.,0.,0.,0.,0.
772,0.004,0.,0.004,0.016,0.,0.016,0.004,0.,0.004,0.017,0.,0.017,0.004,0.,0.004,0.018,0.,0.018,0.005,0.,0.005,0.,0.,0.,0.,0.,0.,0.,0.,0.,0.,0.,0.,0.,0.,0.,0.,0.,0.
776,0.004,0.,0.004,0.021,0.,0.021,0.004,0.,0.004,0.022,0.,0.022,0.004,0.,0.004,0.018,0.,0.018,0.004,0.,0.004,0.,0.,0.,0.,0.,0.,0.,0.,0.,0.,0.,0.,0.,0.,0.,0.,0.,0.
780,0.004,0.,0.004,0.018,0.,0.018,0.004,0.,0.004,0.019,0.,0.019,0.004,0.,0.004,0.019,0.,0.019,0.005,0.,0.005,0.,0.,0.,0.,0.,0.,0.,0.,0.,0.,0.,0.,0.,0.,0.,0.,0.,0.
784,0.004,0.,0.004,0.018,0.,0.018,0.004,0.,0.004,0.017,0.,0.017,0.004,0.,0.004,0.018,0.,0.018,0.004,0.,0.004,0.,0.,0.,0.,0.,0.,0.,0.,0.,0.,0.,0.,0.,0.,0.,0.,0.,0.
788,0.004,0.,0.004,0.017,0.,0.017,0.004,0.,0.004,0.018,0.,0.018,0.005,0.,0.005,0.02,0.,0.02,0.004,0.,0.004,0.,0.,0.,0.,0.,0.,0.,0.,0.,0.,0.,0.,0.,0.,0.,0.,0.,0.
792,0.004,0.,0.004,0.019,0.,0.019,0.004,0.,0.004,0.019,0.,0.019,0.004,0.,0.004,0.018,0.,0.018,0.005,0.,0.005,0.,0.,0.,0.,0.,0.,0.,0.,0.,0.,0.,0.,0.,0.,0.,0.,0.,0.
796,0.004,0.,0.004,0.02,0.,0.02,0.005,0.,0.005,0.02,0.,0.02,0.005,0.,0.005,0.021,0.,0.021,0.005,0.,0.005,0.,0.,0.,0.,0.,0.,0.,0.,0.,0.,0.,0.,0.,0.,0.,0.,0.,0.
800,0.004,0.,0.004,0.018,0.,0.018,0.005,0.,0.005,0.023,0.,0.023,0.004,0.,0.004,0.021,0.,0.021,0.004,0.,0.004,0.,0.,0.,0.,0.,0.,0.,0.,0.,0.,0.,0.,0.,0.,0.,0.,0.,0.
804,0.005,0.,0.005,0.02,0.,0.02,0.005,0.,0.005,0.022,0.,0.022,0.005,0.,0.005,0.018,0.,0.018,0.005,0.,0.005,0.,0.,0.,0.,0.,0.,0.,0.,0.,0.,0.,0.,0.,0.,0.,0.,0.,0.
808,0.004,0.,0.004,0.02,0.,0.02,0.005,0.,0.005,0.018,0.,0.018,0.005,0.,0.005,0.018,0.,0.018,0.005,0.,0.005,0.,0.,0.,0.,0.,0.,0.,0.,0.,0.,0.,0.,0.,0.,0.,0.,0.,0.
812,0.005,0.,0.005,0.02,0.,0.02,0.005,0.,0.005,0.019,0.,0.019,0.005,0.,0.005,0.018,0.,0.018,0.005,0.,0.005,0.,0.,0.,0.,0.,0.,0.,0.,0.,0.,0.,0.,0.,0.,0.,0.,0.,0.
816,0.005,0.,0.005,0.022,0.,0.022,0.005,0.,0.005,0.018,0.,0.018,0.005,0.,0.005,0.019,0.,0.019,0.005,0.,0.005,0.,0.,0.,0.,0.,0.,0.,0.,0.,0.,0.,0.,0.,0.,0.,0.,0.,0.
820,0.005,0.,0.005,0.02,0.,0.02,0.005,0.,0.005,0.019,0.,0.019,0.005,0.,0.005,0.018,0.,0.018,0.005,0.,0.005,0.,0.,0.,0.,0.,0.,0.,0.,0.,0.,0.,0.,0.,0.,0.,0.,0.,0.
824,0.005,0.,0.005,0.018,0.,0.018,0.005,0.,0.005,0.02,0.,0.02,0.005,0.,0.005,0.018,0.,0.018,0.005,0.,0.005,0.,0.,0.,0.,0.,0.,0.,0.,0.,0.,0.,0.,0.,0.,0.,0.,0.,0.
828,0.005,0.,0.005,0.021,0.,0.021,0.005,0.,0.005,0.021,0.,0.021,0.006,0.,0.006,0.021,0.,0.021,0.005,0.,0.005,0.,0.,0.,0.,0.,0.,0.,0.,0.,0.,0.,0.,0.,0.,0.,0.,0.,0.
832,0.005,0.,0.005,0.019,0.,0.019,0.005,0.,0.005,0.018,0.,0.018,0.005,0.,0.005,0.021,0.,0.021,0.005,0.,0.005,0.,0.,0.,0.,0.,0.,0.,0.,0.,0.,0.,0.,0.,0.,0.,0.,0.,0.
836,0.005,0.,0.005,0.021,0.,0.021,0.005,0.,0.005,0.022,0.,0.022,0.005,0.,0.005,0.021,0.,0.021,0.005,0.,0.005,0.,0.,0.,0.,0.,0.,0.,0.,0.,0.,0.,0.,0.,0.,0.,0.,0.,0.
840,0.005,0.,0.005,0.022,0.,0.022,0.005,0.,0.005,0.022,0.,0.022,0.005,0.,0.005,0.021,0.,0.021,0.005,0.,0.005,0.,0.,0.,0.,0.,0.,0.,0.,0.,0.,0.,0.,0.,0.,0.,0.,0.,0.
844,0.005,0.,0.005,0.02,0.,0.02,0.005,0.,0.005,0.021,0.,0.021,0.005,0.,0.005,0.024,0.,0.024,0.005,0.,0.005,0.,0.,0.,0.,0.,0.,0.,0.,0.,0.,0.,0.,0.,0.,0.,0.,0.,0.
848,0.005,0.,0.005,0.021,0.,0.021,0.006,0.,0.006,0.023,0.,0.023,0.005,0.,0.005,0.023,0.,0.023,0.005,0.,0.005,0.,0.,0.,0.,0.,0.,0.,0.,0.,0.,0.,0.,0.,0.,0.,0.,0.,0.
852,0.005,0.,0.005,0.024,0.,0.024,0.005,0.,0.005,0.024,0.,0.024,0.005,0.,0.005,0.023,0.,0.023,0.005,0.,0.005,0.,0.,0.,0.,0.,0.,0.,0.,0.,0.,0.,0.,0.,0.,0.,0.,0.,0.
856,0.005,0.,0.005,0.021,0.,0.021,0.005,0.,0.005,0.019,0.,0.019,0.005,0.,0.005,0.02,0.,0.02,0.005,0.,0.005,0.,0.,0.,0.,0.,0.,0.,0.,0.,0.,0.,0.,0.,0.,0.,0.,0.,0.
860,0.005,0.,0.005,0.023,0.,0.023,0.005,0.,0.005,0.024,0.,0.024,0.005,0.,0.005,0.023,0.,0.023,0.005,0.,0.005,0.,0.,0.,0.,0.,0.,0.,0.,0.,0.,0.,0.,0.,0.,0.,0.,0.,0.
864,0.005,0.,0.005,0.023,0.,0.023,0.005,0.,0.005,0.023,0.,0.023,0.006,0.,0.006,0.026,0.,0.026,0.005,0.,0.005,0.,0.,0.,0.,0.,0.,0.,0.,0.,0.,0.,0.,0.,0.,0.,0.,0.,0.
868,0.005,0.,0.005,0.026,0.,0.026,0.005,0.,0.005,0.02,0.,0.02,0.005,0.,0.005,0.02,0.,0.02,0.005,0.,0.005,0.,0.,0.,0.,0.,0.,0.,0.,0.,0.,0.,0.,0.,0.,0.,0.,0.,0.
872,0.006,0.,0.006,0.024,0.,0.024,0.005,0.,0.005,0.024,0.,0.024,0.005,0.,0.005,0.025,0.,0.025,0.005,0.,0.005,0.,0.,0.,0.,0.,0.,0.,0.,0.,0.,0.,0.,0.,0.,0.,0.,0.,0.
876,0.005,0.,0.005,0.023,0.,0.023,0.006,0.,0.006,0.02,0.,0.02,0.005,0.,0.005,0.021,0.,0.021,0.005,0.,0.005,0.,0.,0.,0.,0.,0.,0.,0.,0.,0.,0.,0.,0.,0.,0.,0.,0.,0.
880,0.005,0.,0.005,0.023,0.,0.023,0.005,0.,0.005,0.021,0.,0.021,0.005,0.,0.005,0.023,0.,0.023,0.006,0.,0.006,0.,0.,0.,0.,0.,0.,0.,0.,0.,0.,0.,0.,0.,0.,0.,0.,0.,0.
884,0.005,0.,0.005,0.024,0.,0.024,0.005,0.,0.005,0.023,0.,0.023,0.005,0.,0.005,0.021,0.,0.021,0.005,0.,0.005,0.,0.,0.,0.,0.,0.,0.,0.,0.,0.,0.,0.,0.,0.,0.,0.,0.,0.
888,0.005,0.,0.005,0.025,0.,0.025,0.005,0.,0.005,0.024,0.,0.024,0.005,0.,0.004,0.022,0.,0.022,0.005,0.,0.005,0.,0.,0.,0.,0.,0.,0.,0.,0.,0.,0.,0.,0.,0.,0.,0.,0.,0.
892,0.005,0.,0.005,0.024,0.,0.024,0.006,0.,0.006,0.028,0.,0.028,0.005,0.,0.005,0.021,0.,0.021,0.005,0.,0.005,0.,0.,0.,0.,0.,0.,0.,0.,0.,0.,0.,0.,0.,0.,0.,0.,0.,0.
896,0.005,0.,0.005,0.025,0.,0.025,0.005,0.,0.005,0.024,0.,0.024,0.005,0.,0.005,0.023,0.,0.023,0.006,0.,0.006,0.,0.,0.,0.,0.,0.,0.,0.,0.,0.,0.,0.,0.,0.,0.,0.,0.,0.
900,0.005,0.,0.005,0.024,0.,0.023,0.005,0.,0.005,0.024,0.,0.024,0.005,0.,0.005,0.025,0.,0.025,0.005,0.,0.005,0.,0.,0.,0.,0.,0.,0.,0.,0.,0.,0.,0.,0.,0.,0.,0.,0.,0.
904,0.006,0.,0.006,0.024,0.,0.024,0.005,0.,0.005,0.025,0.,0.025,0.005,0.,0.005,0.024,0.,0.024,0.005,0.,0.005,0.,0.,0.,0.,0.,0.,0.,0.,0.,0.,0.,0.,0.,0.,0.,0.,0.,0.
908,0.005,0.,0.005,0.025,0.,0.025,0.006,0.,0.006,0.024,0.,0.024,0.005,0.,0.005,0.024,0.,0.024,0.005,0.,0.005,0.,0.,0.,0.,0.,0.,0.,0.,0.,0.,0.,0.,0.,0.,0.,0.,0.,0.
912,0.005,0.,0.005,0.024,0.,0.024,0.005,0.,0.005,0.025,0.,0.025,0.006,0.,0.006,0.022,0.,0.022,0.005,0.,0.005,0.,0.,0.,0.,0.,0.,0.,0.,0.,0.,0.,0.,0.,0.,0.,0.,0.,0.
916,0.005,0.,0.005,0.024,0.,0.024,0.005,0.,0.005,0.023,0.,0.023,0.005,0.,0.005,0.024,0.,0.024,0.006,0.,0.006,0.,0.,0.,0.,0.,0.,0.,0.,0.,0.,0.,0.,0.,0.,0.,0.,0.,0.
920,0.005,0.,0.005,0.026,0.,0.026,0.005,0.,0.005,0.025,0.,0.025,0.005,0.,0.005,0.026,0.,0.026,0.005,0.,0.005,0.,0.,0.,0.,0.,0.,0.,0.,0.,0.,0.,0.,0.,0.,0.,0.,0.,0.
924,0.006,0.,0.006,0.026,0.,0.026,0.005,0.,0.005,0.024,0.,0.024,0.005,0.,0.005,0.024,0.,0.024,0.005,0.,0.005,0.,0.,0.,0.,0.,0.,0.,0.,0.,0.,0.,0.,0.,0.,0.,0.,0.,0.
928,0.005,0.,0.005,0.028,0.,0.028,0.006,0.,0.006,0.026,0.,0.026,0.005,0.,0.005,0.024,0.,0.024,0.005,0.,0.005,0.,0.,0.,0.,0.,0.,0.,0.,0.,0.,0.,0.,0.,0.,0.,0.,0.,0.
932,0.005,0.,0.005,0.026,0.,0.026,0.005,0.,0.005,0.023,0.,0.023,0.006,0.,0.006,0.026,0.,0.026,0.005,0.,0.005,0.,0.,0.,0.,0.,0.,0.,0.,0.,0.,0.,0.,0.,0.,0.,0.,0.,0.
936,0.005,0.,0.005,0.026,0.,0.026,0.005,0.,0.005,0.024,0.,0.024,0.006,0.,0.006,0.026,0.,0.026,0.005,0.,0.005,0.,0.,0.,0.,0.,0.,0.,0.,0.,0.,0.,0.,0.,0.,0.,0.,0.,0.
940,0.005,0.,0.005,0.025,0.,0.025,0.005,0.,0.005,0.025,0.,0.025,0.005,0.,0.005,0.025,0.,0.025,0.006,0.,0.006,0.,0.,0.,0.,0.,0.,0.,0.,0.,0.,0.,0.,0.,0.,0.,0.,0.,0.
944,0.005,0.,0.005,0.026,0.,0.026,0.005,0.,0.005,0.027,0.,0.027,0.005,0.,0.005,0.027,0.,0.027,0.005,0.,0.005,0.,0.,0.,0.,0.,0.,0.,0.,0.,0.,0.,0.,0.,0.,0.,0.,0.,0.
948,0.005,0.,0.005,0.026,0.,0.026,0.005,0.,0.005,0.026,0.,0.026,0.005,0.,0.005,0.023,0.,0.023,0.005,0.,0.005,0.,0.,0.,0.,0.,0.,0.,0.,0.,0.,0.,0.,0.,0.,0.,0.,0.,0.
952,0.006,0.,0.006,0.023,0.,0.023,0.006,0.,0.006,0.024,0.,0.024,0.006,0.,0.006,0.028,0.,0.028,0.006,0.,0.006,0.,0.,0.,0.,0.,0.,0.,0.,0.,0.,0.,0.,0.,0.,0.,0.,0.,0.
956,0.005,0.,0.005,0.024,0.,0.024,0.006,0.,0.006,0.025,0.,0.025,0.006,0.,0.006,0.026,0.,0.026,0.006,0.,0.006,0.,0.,0.,0.,0.,0.,0.,0.,0.,0.,0.,0.,0.,0.,0.,0.,0.,0.
960,0.005,0.,0.005,0.026,0.,0.026,0.006,0.,0.006,0.027,0.,0.026,0.006,0.,0.006,0.024,0.,0.024,0.006,0.,0.006,0.,0.,0.,0.,0.,0.,0.,0.,0.,0.,0.,0.,0.,0.,0.,0.,0.,0.
964,0.005,0.,0.005,0.024,0.,0.024,0.006,0.,0.006,0.025,0.,0.025,0.006,0.,0.006,0.026,0.,0.026,0.006,0.,0.006,0.,0.,0.,0.,0.,0.,0.,0.,0.,0.,0.,0.,0.,0.,0.,0.,0.,0.
968,0.005,0.,0.005,0.024,0.,0.024,0.006,0.,0.006,0.027,0.,0.027,0.006,0.,0.006,0.027,0.,0.027,0.006,0.,0.006,0.,0.,0.,0.,0.,0.,0.,0.,0.,0.,0.,0.,0.,0.,0.,0.,0.,0.
972,0.005,0.,0.005,0.026,0.,0.026,0.006,0.,0.006,0.026,0.,0.026,0.006,0.,0.006,0.027,0.,0.027,0.006,0.,0.006,0.,0.,0.,0.,0.,0.,0.,0.,0.,0.,0.,0.,0.,0.,0.,0.,0.,0.
976,0.005,0.,0.005,0.03,0.,0.03,0.006,0.,0.006,0.027,0.,0.027,0.006,0.,0.006,0.025,0.,0.025,0.006,0.,0.006,0.,0.,0.,0.,0.,0.,0.,0.,0.,0.,0.,0.,0.,0.,0.,0.,0.,0.
980,0.006,0.,0.006,0.03,0.,0.03,0.006,0.,0.006,0.029,0.,0.029,0.006,0.,0.006,0.028,0.,0.028,0.006,0.,0.006,0.,0.,0.,0.,0.,0.,0.,0.,0.,0.001,0.,0.001,0.,0.,0.,0.,0.,0.
984,0.006,0.,0.006,0.032,0.,0.032,0.006,0.,0.006,0.031,0.,0.031,0.006,0.,0.006,0.03,0.,0.03,0.006,0.,0.006,0.,0.,0.,0.,0.,0.,0.,0.,0.,0.,0.,0.,0.,0.,0.,0.,0.,0.
988,0.006,0.,0.006,0.028,0.,0.028,0.006,0.,0.006,0.026,0.,0.026,0.006,0.,0.006,0.026,0.,0.026,0.006,0.,0.006,0.,0.,0.,0.,0.,0.,0.,0.,0.,0.,0.,0.,0.,0.,0.,0.,0.,0.
992,0.006,0.,0.006,0.026,0.,0.026,0.006,0.,0.006,0.028,0.,0.028,0.006,0.,0.006,0.029,0.,0.029,0.006,0.,0.006,0.,0.,0.,0.,0.,0.,0.,0.,0.,0.,0.,0.,0.,0.,0.,0.,0.,0.
996,0.006,0.,0.006,0.029,0.,0.029,0.006,0.,0.006,0.028,0.,0.028,0.006,0.,0.006,0.028,0.,0.028,0.006,0.,0.006,0.,0.,0.,0.,0.,0.,0.,0.,0.,0.,0.,0.,0.,0.,0.,0.,0.,0.
1000,0.006,0.,0.006,0.026,0.,0.026,0.006,0.,0.006,0.028,0.,0.028,0.006,0.,0.006,0.027,0.,0.027,0.006,0.,0.006,0.,0.,0.,0.,0.,0.,0.,0.,0.,0.,0.,0.,0.,0.,0.,0.,0.,0.
1100,0.007,0.,0.007,0.033,0.,0.033,0.006,0.,0.006,0.032,0.,0.032,0.006,0.,0.006,0.032,0.,0.032,0.006,0.,0.006,0.,0.,0.,0.,0.,0.,0.,0.,0.,0.,0.,0.,0.,0.,0.,0.,0.,0.
1200,0.007,0.,0.007,0.041,0.,0.041,0.007,0.,0.007,0.043,0.,0.043,0.007,0.,0.007,0.041,0.,0.041,0.008,0.,0.008,0.,0.,0.,0.,0.,0.,0.,0.,0.,0.,0.,0.,0.,0.,0.,0.,0.,0.
1300,0.007,0.,0.007,0.044,0.,0.044,0.009,0.,0.009,0.046,0.,0.046,0.008,0.,0.008,0.046,0.,0.046,0.008,0.,0.008,0.,0.,0.,0.,0.,0.,0.,0.,0.,0.,0.,0.,0.,0.,0.,0.,0.,0.
1400,0.008,0.,0.008,0.049,0.,0.049,0.008,0.,0.008,0.05,0.,0.05,0.008,0.,0.008,0.049,0.,0.049,0.009,0.,0.009,0.,0.,0.,0.,0.,0.,0.,0.,0.,0.,0.,0.,0.,0.,0.,0.,0.,0.
1500,0.009,0.,0.009,0.053,0.,0.053,0.009,0.,0.009,0.066,0.,0.066,0.009,0.,0.009,0.057,0.,0.057,0.01,0.,0.01,0.,0.,0.,0.,0.,0.,0.,0.,0.,0.,0.,0.,0.,0.,0.,0.,0.,0.
1600,0.01,0.,0.01,0.064,0.,0.064,0.009,0.,0.009,0.066,0.,0.066,0.009,0.,0.009,0.065,0.,0.065,0.01,0.,0.01,0.,0.,0.,0.,0.,0.,0.,0.,0.,0.,0.,0.,0.,0.,0.,0.,0.,0.
1700,0.011,0.,0.011,0.067,0.,0.067,0.01,0.,0.01,0.067,0.,0.067,0.01,0.,0.01,0.068,0.,0.068,0.012,0.,0.012,0.,0.,0.,0.,0.,0.,0.,0.,0.,0.,0.,0.,0.,0.,0.,0.,0.,0.
1800,0.011,0.,0.011,0.078,0.,0.078,0.011,0.,0.011,0.09,0.,0.089,0.011,0.,0.011,0.081,0.,0.081,0.011,0.,0.011,0.,0.,0.,0.,0.,0.,0.,0.,0.,0.,0.,0.,0.,0.,0.,0.,0.,0.
1900,0.012,0.,0.012,0.09,0.,0.09,0.011,0.,0.011,0.087,0.,0.087,0.011,0.,0.011,0.091,0.,0.091,0.012,0.,0.012,0.,0.,0.,0.,0.,0.,0.,0.,0.,0.,0.,0.,0.,0.,0.,0.,0.,0.
2000,0.012,0.,0.012,0.097,0.,0.097,0.012,0.,0.012,0.098,0.,0.098,0.012,0.,0.012,0.096,0.,0.096,0.013,0.,0.013,0.,0.,0.,0.,0.,0.,0.,0.,0.,0.,0.,0.,0.,0.,0.,0.,0.,0.
2100,0.012,0.,0.012,0.111,0.,0.111,0.013,0.,0.013,0.114,0.,0.114,0.013,0.,0.013,0.111,0.,0.111,0.014,0.,0.013,0.,0.,0.,0.001,0.,0.001,0.,0.,0.,0.,0.,0.,0.,0.,0.,0.,0.,0.
2200,0.013,0.,0.013,0.122,0.,0.122,0.013,0.,0.013,0.12,0.,0.12,0.013,0.,0.013,0.121,0.,0.121,0.014,0.,0.014,0.,0.,0.,0.,0.,0.,0.,0.,0.,0.,0.,0.,0.,0.,0.,0.,0.,0.
2300,0.014,0.,0.014,0.131,0.,0.131,0.014,0.,0.014,0.122,0.,0.122,0.015,0.,0.015,0.13,0.,0.13,0.014,0.,0.014,0.001,0.,0.001,0.001,0.,0.001,0.001,0.,0.001,0.,0.,0.,0.,0.,0.,0.,0.,0.
2400,0.015,0.,0.015,0.144,0.,0.144,0.015,0.,0.015,0.144,0.,0.144,0.014,0.,0.014,0.145,0.,0.145,0.016,0.,0.016,0.001,0.,0.001,0.001,0.,0.001,0.,0.,0.,0.,0.,0.,0.,0.,0.,0.,0.,0.
2500,0.015,0.,0.015,0.155,0.,0.155,0.017,0.,0.017,0.157,0.,0.157,0.015,0.,0.015,0.151,0.,0.15,0.017,0.,0.017,0.001,0.,0.001,0.001,0.,0.001,0.,0.,0.,0.,0.,0.,0.001,0.,0.001,0.,0.,0.
2600,0.015,0.,0.015,0.163,0.,0.163,0.017,0.,0.017,0.16,0.,0.16,0.016,0.,0.016,0.164,0.,0.164,0.018,0.,0.018,0.001,0.,0.001,0.001,0.,0.001,0.001,0.,0.001,0.001,0.,0.001,0.001,0.,0.001,0.001,0.,0.001
2700,0.016,0.,0.016,0.179,0.,0.179,0.017,0.,0.017,0.176,0.,0.176,0.016,0.,0.016,0.178,0.,0.178,0.017,0.,0.017,0.001,0.,0.001,0.001,0.,0.001,0.001,0.,0.001,0.001,0.,0.001,0.001,0.,0.001,0.001,0.,0.001
2800,0.017,0.,0.017,0.206,0.,0.206,0.017,0.,0.016,0.186,0.,0.186,0.019,0.,0.019,0.184,0.,0.184,0.017,0.,0.017,0.001,0.,0.001,0.001,0.,0.001,0.001,0.,0.001,0.001,0.,0.001,0.001,0.,0.001,0.001,0.,0.
2900,0.017,0.,0.017,0.21,0.,0.21,0.018,0.,0.018,0.213,0.,0.213,0.017,0.,0.017,0.197,0.,0.197,0.02,0.,0.02,0.001,0.,0.001,0.001,0.,0.001,0.001,0.,0.001,0.001,0.,0.001,0.001,0.,0.001,0.001,0.,0.001
3000,0.018,0.,0.018,0.232,0.,0.232,0.018,0.,0.018,0.238,0.,0.238,0.019,0.,0.019,0.214,0.,0.214,0.02,0.,0.02,0.001,0.,0.001,0.001,0.,0.001,0.001,0.,0.001,0.001,0.,0.001,0.001,0.,0.001,0.001,0.,0.001
3100,0.019,0.,0.019,0.235,0.,0.235,0.019,0.,0.019,0.221,0.,0.221,0.02,0.,0.019,0.228,0.,0.228,0.021,0.,0.021,0.001,0.,0.001,0.001,0.,0.001,0.001,0.,0.001,0.001,0.,0.001,0.001,0.,0.001,0.001,0.,0.001
3200,0.019,0.,0.019,0.234,0.,0.234,0.02,0.,0.02,0.235,0.,0.234,0.019,0.,0.019,0.243,0.,0.243,0.021,0.,0.021,0.001,0.,0.001,0.001,0.,0.001,0.001,0.,0.001,0.001,0.,0.001,0.001,0.,0.001,0.001,0.,0.001
3300,0.019,0.,0.019,0.224,0.,0.224,0.021,0.,0.021,0.228,0.,0.228,0.023,0.,0.023,0.229,0.,0.229,0.02,0.,0.02,0.001,0.,0.001,0.001,0.,0.001,0.001,0.,0.001,0.001,0.,0.001,0.001,0.,0.001,0.001,0.,0.001
3400,0.021,0.,0.02,0.245,0.,0.245,0.021,0.,0.021,0.248,0.,0.248,0.023,0.,0.023,0.244,0.,0.244,0.021,0.,0.021,0.001,0.,0.001,0.001,0.,0.001,0.001,0.,0.001,0.001,0.,0.001,0.001,0.,0.001,0.001,0.,0.001
3500,0.021,0.,0.021,0.248,0.,0.248,0.023,0.,0.023,0.244,0.,0.244,0.022,0.,0.021,0.248,0.,0.248,0.021,0.,0.021,0.001,0.,0.001,0.003,0.,0.003,0.001,0.,0.001,0.001,0.,0.001,0.001,0.,0.001,0.001,0.,0.001
3600,0.021,0.,0.021,0.298,0.,0.298,0.023,0.,0.023,0.299,0.,0.299,0.025,0.,0.025,0.303,0.,0.303,0.022,0.,0.022,0.001,0.,0.001,0.001,0.,0.001,0.001,0.,0.001,0.001,0.,0.001,0.001,0.,0.001,0.001,0.,0.001
3700,0.022,0.,0.022,0.318,0.,0.318,0.023,0.,0.023,0.321,0.,0.321,0.024,0.,0.024,0.321,0.,0.321,0.025,0.,0.025,0.001,0.,0.001,0.001,0.,0.001,0.001,0.,0.001,0.001,0.,0.001,0.001,0.,0.001,0.001,0.,0.001
3800,0.024,0.,0.024,0.319,0.,0.319,0.023,0.,0.023,0.324,0.,0.324,0.025,0.,0.025,0.332,0.,0.332,0.024,0.,0.024,0.001,0.,0.001,0.001,0.,0.001,0.001,0.,0.001,0.001,0.,0.001,0.001,0.,0.001,0.001,0.,0.001
3900,0.023,0.,0.023,0.306,0.,0.306,0.025,0.,0.025,0.302,0.,0.302,0.025,0.,0.025,0.303,0.,0.303,0.023,0.,0.023,0.001,0.,0.001,0.001,0.,0.001,0.001,0.,0.001,0.001,0.,0.001,0.001,0.,0.001,0.001,0.,0.001
4000,0.025,0.,0.025,0.326,0.,0.326,0.025,0.,0.025,0.325,0.,0.325,0.024,0.,0.024,0.327,0.,0.326,0.026,0.,0.026,0.001,0.,0.001,0.001,0.,0.001,0.001,0.,0.001,0.001,0.,0.001,0.001,0.,0.001,0.001,0.,0.001
4100,0.025,0.,0.025,0.357,0.,0.357,0.025,0.,0.025,0.354,0.,0.354,0.027,0.,0.026,0.355,0.,0.355,0.027,0.,0.027,0.001,0.,0.001,0.001,0.,0.001,0.001,0.,0.001,0.001,0.,0.001,0.001,0.,0.001,0.001,0.,0.001
4200,0.026,0.,0.026,0.421,0.,0.421,0.027,0.,0.027,0.419,0.,0.419,0.026,0.,0.026,0.415,0.,0.415,0.028,0.,0.028,0.001,0.,0.001,0.001,0.,0.001,0.001,0.,0.001,0.001,0.,0.001,0.001,0.,0.001,0.001,0.,0.001
4300,0.027,0.,0.027,0.443,0.,0.443,0.028,0.,0.028,0.429,0.,0.429,0.028,0.,0.028,0.431,0.,0.431,0.027,0.,0.027,0.002,0.,0.002,0.001,0.,0.001,0.001,0.,0.001,0.001,0.,0.001,0.001,0.,0.001,0.001,0.,0.001
4400,0.026,0.,0.026,0.459,0.,0.459,0.028,0.,0.028,0.458,0.,0.458,0.029,0.,0.029,0.452,0.,0.452,0.028,0.,0.028,0.001,0.,0.001,0.001,0.,0.001,0.001,0.,0.001,0.001,0.,0.001,0.001,0.,0.001,0.001,0.,0.001
4500,0.028,0.,0.028,0.473,0.,0.473,0.03,0.,0.03,0.465,0.,0.465,0.028,0.,0.028,0.47,0.,0.47,0.028,0.,0.028,0.001,0.,0.001,0.001,0.,0.001,0.001,0.,0.001,0.001,0.,0.001,0.001,0.,0.001,0.001,0.,0.001
4600,0.028,0.,0.028,0.491,0.,0.491,0.029,0.,0.029,0.489,0.,0.489,0.029,0.,0.029,0.494,0.,0.494,0.028,0.,0.028,0.002,0.,0.002,0.001,0.,0.,0.001,0.,0.001,0.001,0.,0.001,0.001,0.,0.001,0.001,0.,0.001
4700,0.029,0.,0.029,0.505,0.,0.505,0.029,0.,0.029,0.539,0.,0.539,0.029,0.,0.029,0.516,0.,0.516,0.029,0.,0.028,0.001,0.,0.001,0.002,0.,0.002,0.001,0.,0.001,0.001,0.,0.001,0.001,0.,0.001,0.001,0.,0.001
4800,0.029,0.,0.029,0.536,0.,0.536,0.031,0.,0.031,0.565,0.,0.565,0.03,0.,0.03,0.537,0.,0.537,0.03,0.,0.03,0.002,0.,0.002,0.001,0.,0.001,0.002,0.,0.002,0.001,0.,0.001,0.001,0.,0.001,0.001,0.,0.001
4900,0.029,0.,0.029,0.464,0.,0.464,0.03,0.,0.03,0.459,0.,0.458,0.03,0.,0.03,0.47,0.,0.47,0.03,0.,0.03,0.002,0.,0.002,0.002,0.,0.002,0.001,0.,0.001,0.001,0.,0.001,0.001,0.,0.001,0.001,0.,0.001
5000,0.032,0.,0.032,0.498,0.,0.497,0.031,0.,0.031,0.519,0.,0.519,0.032,0.,0.031,0.511,0.,0.511,0.031,0.,0.031,0.002,0.,0.002,0.002,0.,0.002,0.001,0.,0.001,0.001,0.,0.001,0.001,0.,0.001,0.001,0.,0.001
5500,0.034,0.,0.034,0.679,0.,0.679,0.035,0.,0.034,0.572,0.,0.572,0.034,0.,0.034,0.624,0.,0.624,0.034,0.,0.034,0.002,0.,0.002,0.002,0.,0.002,0.002,0.,0.002,0.002,0.,0.002,0.002,0.,0.002,0.002,0.,0.002
6000,0.036,0.,0.036,0.808,0.,0.808,0.039,0.,0.038,0.806,0.,0.806,0.038,0.,0.038,0.803,0.,0.803,0.037,0.,0.037,0.002,0.,0.002,0.002,0.,0.002,0.002,0.,0.001,0.002,0.,0.002,0.002,0.,0.002,0.002,0.,0.002
6500,0.039,0.,0.039,0.792,0.,0.792,0.041,0.,0.041,0.788,0.,0.788,0.041,0.,0.041,0.78,0.,0.779,0.04,0.,0.04,0.002,0.,0.002,0.002,0.,0.002,0.002,0.,0.002,0.002,0.,0.002,0.002,0.,0.002,0.002,0.,0.002
7000,0.044,0.,0.044,1.204,0.,1.204,0.044,0.,0.044,1.129,0.,1.129,0.044,0.,0.044,1.146,0.,1.146,0.043,0.,0.043,0.003,0.,0.003,0.002,0.,0.002,0.002,0.,0.002,0.002,0.,0.002,0.002,0.,0.002,0.002,0.,0.002
7500,0.047,0.,0.047,1.263,0.,1.263,0.047,0.,0.047,1.296,0.,1.296,0.047,0.,0.047,1.298,0.,1.297,0.047,0.,0.047,0.003,0.,0.003,0.003,0.,0.003,0.002,0.,0.002,0.003,0.,0.003,0.003,0.,0.003,0.002,0.,0.002
8000,0.051,0.,0.051,1.331,0.,1.331,0.05,0.,0.05,1.443,0.001,1.442,0.05,0.,0.05,1.442,0.,1.442,0.05,0.,0.05,0.003,0.,0.003,0.003,0.,0.003,0.003,0.,0.003,0.003,0.,0.003,0.003,0.,0.003,0.003,0.,0.003
8500,0.053,0.,0.052,1.461,0.,1.461,0.06,0.,0.06,1.417,0.,1.416,0.055,0.,0.055,1.376,0.,1.376,0.055,0.,0.055,0.003,0.,0.003,0.003,0.,0.003,0.004,0.,0.004,0.003,0.,0.003,0.003,0.,0.003,0.003,0.,0.003
9000,0.056,0.,0.056,1.77,0.,1.77,0.062,0.,0.062,1.769,0.,1.769,0.057,0.,0.057,1.732,0.,1.731,0.056,0.,0.056,0.003,0.,0.003,0.003,0.,0.003,0.003,0.,0.003,0.003,0.,0.003,0.003,0.,0.003,0.003,0.,0.003
9500,0.064,0.001,0.063,1.907,0.,1.907,0.064,0.,0.064,1.874,0.,1.874,0.06,0.,0.06,1.844,0.,1.844,0.059,0.,0.059,0.004,0.,0.004,0.004,0.,0.004,0.004,0.,0.004,0.003,0.,0.003,0.003,0.,0.003,0.003,0.,0.003
10000,0.07,0.,0.07,2.413,0.,2.412,0.065,0.,0.064,2.263,0.,2.263,0.066,0.,0.066,2.016,0.,2.016,0.065,0.,0.065,0.004,0.,0.004,0.004,0.,0.004,0.004,0.,0.004,0.003,0.,0.003,0.003,0.,0.003,0.003,0.,0.003