param-n,abstract-regression-cubic-real,abstract-regression-cubic-sys,abstract-regression-cubic-user,close-abstract-regression-cubic-real,close-abstract-regression-cubic-sys,close-abstract-regression-cubic-user,fast-rewrite-regression-cubic-real,fast-rewrite-regression-cubic-sys,fast-rewrite-regression-cubic-user,pose-build-and-refine-regression-cubic-real,pose-build-and-refine-regression-cubic-sys,pose-build-and-refine-regression-cubic-user,refine-regression-quadratic-regression-linear-real,refine-regression-quadratic-regression-linear-sys,refine-regression-quadratic-regression-linear-user
1,0.,0.,0.,0.,0.,0.,0.,0.,0.,0.,0.,0.,0.,0.,0.
2,0.,0.,0.,0.,0.,0.,0.,0.,0.,0.,0.,0.,0.,0.,0.
3,0.,0.,0.,0.,0.,0.,0.,0.,0.,0.,0.,0.,0.,0.,0.
4,0.,0.,0.,0.,0.,0.,0.,0.,0.,0.,0.,0.,0.,0.,0.
5,0.,0.,0.,0.,0.,0.,0.,0.,0.,0.,0.,0.,0.,0.,0.
6,0.001,0.,0.,0.,0.,0.,0.,0.,0.,0.,0.,0.,0.,0.,0.
7,0.001,0.,0.,0.,0.,0.,0.,0.,0.,0.,0.,0.,0.,0.,0.
8,0.001,0.,0.,0.,0.,0.,0.,0.,0.,0.,0.,0.,0.,0.,0.
9,0.001,0.,0.001,0.,0.,0.,0.001,0.,0.,0.,0.,0.,0.,0.,0.
10,0.001,0.,0.,0.,0.,0.,0.,0.,0.,0.,0.,0.,0.,0.,0.
11,0.001,0.,0.001,0.,0.,0.,0.001,0.,0.001,0.001,0.,0.001,0.,0.,0.
12,0.001,0.,0.001,0.,0.,0.,0.001,0.,0.001,0.001,0.,0.001,0.,0.,0.
13,0.001,0.,0.001,0.,0.,0.,0.001,0.,0.,0.001,0.,0.,0.,0.,0.
14,0.001,0.,0.,0.,0.,0.,0.001,0.,0.,0.001,0.,0.,0.,0.,0.
15,0.001,0.,0.001,0.,0.,0.,0.001,0.,0.001,0.001,0.,0.001,0.,0.,0.
16,0.046,0.001,0.044,0.,0.,0.,0.045,0.001,0.043,0.045,0.001,0.043,0.,0.,0.
17,0.001,0.,0.001,0.,0.,0.,0.001,0.,0.001,0.001,0.,0.001,0.,0.,0.
18,0.001,0.,0.001,0.,0.,0.,0.001,0.,0.001,0.001,0.,0.001,0.,0.,0.
19,0.001,0.,0.001,0.,0.,0.,0.001,0.,0.001,0.001,0.,0.001,0.,0.,0.
20,0.002,0.,0.002,0.,0.,0.,0.001,0.,0.001,0.001,0.,0.001,0.,0.,0.
21,0.002,0.,0.002,0.,0.,0.,0.001,0.,0.001,0.001,0.,0.001,0.,0.,0.
22,0.002,0.,0.002,0.,0.,0.,0.001,0.,0.001,0.001,0.,0.001,0.,0.,0.
23,0.002,0.,0.002,0.,0.,0.,0.001,0.,0.001,0.001,0.,0.001,0.,0.,0.
24,0.002,0.,0.002,0.,0.,0.,0.001,0.,0.001,0.001,0.,0.001,0.,0.,0.
25,0.002,0.,0.002,0.,0.,0.,0.001,0.,0.001,0.001,0.,0.001,0.,0.,0.
26,0.002,0.,0.002,0.,0.,0.,0.001,0.,0.001,0.001,0.,0.001,0.,0.,0.
27,0.002,0.,0.002,0.,0.,0.,0.001,0.,0.001,0.001,0.,0.001,0.,0.,0.
28,0.002,0.,0.002,0.,0.,0.,0.001,0.,0.001,0.001,0.,0.001,0.,0.,0.
29,0.016,0.,0.016,0.,0.,0.,0.015,0.,0.015,0.015,0.,0.015,0.,0.,0.
30,0.003,0.,0.003,0.,0.,0.,0.002,0.,0.002,0.002,0.,0.002,0.,0.,0.
31,0.003,0.,0.003,0.,0.,0.,0.002,0.,0.002,0.002,0.,0.002,0.,0.,0.
32,0.003,0.,0.003,0.,0.,0.,0.002,0.,0.002,0.002,0.,0.002,0.,0.,0.
33,0.003,0.,0.003,0.,0.,0.,0.002,0.,0.002,0.002,0.,0.002,0.,0.,0.
34,0.003,0.,0.003,0.,0.,0.,0.002,0.,0.002,0.002,0.,0.002,0.,0.,0.
35,0.003,0.,0.003,0.001,0.,0.001,0.002,0.,0.002,0.002,0.,0.002,0.,0.,0.
36,0.003,0.,0.003,0.001,0.,0.001,0.002,0.,0.002,0.002,0.,0.002,0.,0.,0.
37,0.003,0.,0.003,0.001,0.,0.001,0.002,0.,0.002,0.002,0.,0.002,0.,0.,0.
38,0.005,0.,0.004,0.001,0.,0.001,0.003,0.,0.002,0.003,0.,0.002,0.,0.,0.
39,0.004,0.,0.004,0.001,0.,0.001,0.002,0.,0.002,0.002,0.,0.002,0.,0.,0.
40,0.004,0.,0.004,0.001,0.,0.001,0.002,0.,0.002,0.002,0.,0.002,0.,0.,0.
41,0.004,0.,0.004,0.001,0.,0.001,0.002,0.,0.002,0.002,0.,0.002,0.,0.,0.
42,0.004,0.,0.004,0.001,0.,0.001,0.002,0.,0.002,0.002,0.,0.002,0.,0.,0.
43,0.004,0.,0.004,0.001,0.,0.001,0.002,0.,0.002,0.002,0.,0.002,0.,0.,0.
44,0.004,0.,0.004,0.001,0.,0.001,0.003,0.,0.003,0.003,0.,0.003,0.,0.,0.
45,0.005,0.,0.005,0.001,0.,0.001,0.003,0.,0.003,0.003,0.,0.003,0.,0.,0.
46,0.005,0.,0.005,0.001,0.,0.001,0.003,0.,0.003,0.003,0.,0.003,0.,0.,0.
47,0.005,0.,0.005,0.001,0.,0.001,0.003,0.,0.003,0.003,0.,0.003,0.,0.,0.
48,0.005,0.,0.005,0.001,0.,0.001,0.003,0.,0.003,0.003,0.,0.003,0.,0.,0.
49,0.005,0.,0.005,0.001,0.,0.001,0.003,0.,0.003,0.003,0.,0.003,0.,0.,0.
50,0.007,0.,0.007,0.002,0.,0.002,0.004,0.,0.004,0.004,0.,0.004,0.,0.,0.
51,0.006,0.,0.006,0.002,0.,0.002,0.003,0.,0.003,0.003,0.,0.003,0.,0.,0.
52,0.007,0.,0.007,0.002,0.,0.002,0.004,0.,0.004,0.004,0.,0.004,0.,0.,0.
53,0.006,0.,0.006,0.002,0.,0.002,0.003,0.,0.003,0.003,0.,0.003,0.,0.,0.
54,0.006,0.,0.006,0.002,0.,0.002,0.003,0.,0.003,0.003,0.,0.003,0.,0.,0.
55,0.006,0.,0.006,0.002,0.,0.002,0.004,0.,0.004,0.004,0.,0.004,0.,0.,0.
56,0.006,0.,0.006,0.002,0.,0.002,0.004,0.,0.004,0.004,0.,0.004,0.,0.,0.
57,0.011,0.,0.011,0.002,0.,0.002,0.008,0.,0.008,0.008,0.,0.008,0.004,0.,0.004
58,0.007,0.,0.007,0.002,0.,0.002,0.004,0.,0.004,0.004,0.,0.004,0.,0.,0.
59,0.007,0.,0.007,0.002,0.,0.002,0.004,0.,0.004,0.004,0.,0.004,0.,0.,0.
60,0.007,0.,0.007,0.002,0.,0.002,0.004,0.,0.004,0.004,0.,0.004,0.,0.,0.
61,0.008,0.,0.008,0.002,0.,0.002,0.004,0.,0.004,0.004,0.,0.004,0.,0.,0.
62,0.01,0.,0.01,0.003,0.,0.003,0.006,0.,0.006,0.006,0.,0.006,0.,0.,0.
63,0.008,0.,0.008,0.003,0.,0.003,0.004,0.,0.004,0.004,0.,0.004,0.,0.,0.
64,0.008,0.,0.008,0.003,0.,0.003,0.005,0.,0.005,0.005,0.,0.005,0.,0.,0.
65,0.009,0.,0.009,0.003,0.,0.003,0.005,0.,0.005,0.005,0.,0.005,0.,0.,0.
66,0.015,0.,0.015,0.01,0.,0.01,0.005,0.,0.005,0.005,0.,0.005,0.,0.,0.
67,0.009,0.,0.009,0.003,0.,0.003,0.005,0.,0.005,0.005,0.,0.005,0.,0.,0.
68,0.009,0.,0.009,0.003,0.,0.003,0.005,0.,0.005,0.005,0.,0.005,0.,0.,0.
69,0.009,0.,0.009,0.004,0.,0.004,0.005,0.,0.005,0.005,0.,0.005,0.,0.,0.
70,0.01,0.,0.01,0.003,0.,0.003,0.005,0.,0.005,0.005,0.,0.005,0.,0.,0.
71,0.01,0.,0.01,0.004,0.,0.004,0.005,0.,0.005,0.005,0.,0.005,0.,0.,0.
72,0.01,0.,0.01,0.004,0.,0.004,0.005,0.,0.005,0.005,0.,0.005,0.,0.,0.
73,0.011,0.,0.01,0.004,0.,0.004,0.006,0.,0.006,0.006,0.,0.006,0.,0.,0.
74,0.012,0.,0.011,0.004,0.,0.004,0.008,0.,0.007,0.008,0.,0.007,0.002,0.,0.001
75,0.011,0.,0.011,0.004,0.,0.004,0.006,0.,0.006,0.006,0.,0.006,0.,0.,0.
76,0.011,0.,0.011,0.004,0.,0.004,0.006,0.,0.006,0.006,0.,0.006,0.,0.,0.
77,0.011,0.,0.011,0.004,0.,0.004,0.006,0.,0.006,0.006,0.,0.006,0.,0.,0.
78,0.075,0.,0.074,0.005,0.,0.004,0.07,0.,0.07,0.07,0.,0.07,0.,0.,0.
79,0.012,0.,0.011,0.005,0.,0.004,0.006,0.,0.006,0.006,0.,0.006,0.,0.,0.
80,0.012,0.,0.012,0.005,0.,0.005,0.006,0.,0.006,0.006,0.,0.006,0.,0.,0.
81,0.014,0.,0.013,0.005,0.,0.005,0.008,0.,0.007,0.008,0.,0.007,0.002,0.,0.001
82,0.013,0.,0.013,0.005,0.,0.005,0.006,0.,0.006,0.006,0.,0.006,0.,0.,0.
83,0.013,0.,0.013,0.006,0.,0.006,0.007,0.,0.007,0.007,0.,0.007,0.,0.,0.
84,0.046,0.,0.046,0.038,0.,0.038,0.007,0.,0.007,0.007,0.,0.007,0.,0.,0.
85,0.014,0.,0.014,0.006,0.,0.006,0.007,0.,0.007,0.007,0.,0.007,0.,0.,0.
86,0.014,0.,0.014,0.006,0.,0.006,0.007,0.,0.007,0.007,0.,0.007,0.,0.,0.
87,0.014,0.,0.014,0.006,0.,0.006,0.007,0.,0.007,0.007,0.,0.007,0.,0.,0.
88,0.014,0.,0.014,0.006,0.,0.006,0.007,0.,0.007,0.007,0.,0.007,0.,0.,0.
89,0.015,0.,0.015,0.006,0.,0.006,0.007,0.,0.007,0.007,0.,0.007,0.,0.,0.
90,0.031,0.,0.031,0.023,0.,0.023,0.007,0.,0.007,0.007,0.,0.007,0.,0.,0.
91,0.015,0.,0.015,0.007,0.,0.007,0.008,0.,0.008,0.008,0.,0.008,0.,0.,0.
92,0.016,0.,0.016,0.007,0.,0.007,0.008,0.,0.008,0.008,0.,0.008,0.,0.,0.
93,0.017,0.,0.017,0.008,0.,0.008,0.008,0.,0.008,0.008,0.,0.008,0.,0.,0.
94,0.016,0.,0.016,0.007,0.,0.007,0.008,0.,0.008,0.008,0.,0.008,0.,0.,0.
95,0.017,0.,0.016,0.008,0.,0.008,0.008,0.,0.008,0.008,0.,0.008,0.,0.,0.
96,0.017,0.,0.017,0.008,0.,0.008,0.008,0.,0.008,0.008,0.,0.008,0.,0.,0.
97,0.017,0.,0.017,0.008,0.,0.008,0.008,0.,0.008,0.008,0.,0.008,0.,0.,0.
98,0.018,0.,0.018,0.008,0.,0.008,0.008,0.,0.008,0.008,0.,0.008,0.,0.,0.
99,0.018,0.,0.018,0.008,0.,0.008,0.009,0.,0.009,0.009,0.,0.009,0.,0.,0.
100,0.021,0.002,0.018,0.009,0.001,0.008,0.011,0.,0.01,0.011,0.,0.01,0.001,0.,0.001
110,0.022,0.,0.022,0.011,0.,0.011,0.01,0.,0.01,0.01,0.,0.01,0.,0.,0.
120,0.03,0.,0.03,0.013,0.,0.013,0.016,0.,0.016,0.016,0.,0.016,0.001,0.,0.001
130,0.03,0.,0.03,0.016,0.,0.016,0.012,0.,0.012,0.012,0.,0.012,0.001,0.,0.001
140,0.038,0.,0.038,0.021,0.,0.021,0.016,0.,0.016,0.016,0.,0.016,0.001,0.,0.001
150,0.084,0.005,0.079,0.025,0.,0.025,0.058,0.004,0.053,0.058,0.004,0.053,0.001,0.,0.001
160,0.054,0.,0.054,0.036,0.,0.036,0.017,0.,0.017,0.017,0.,0.017,0.001,0.,0.001
170,0.052,0.,0.052,0.032,0.,0.032,0.018,0.,0.018,0.018,0.,0.018,0.001,0.,0.001
180,0.059,0.,0.059,0.038,0.,0.038,0.02,0.,0.02,0.02,0.,0.02,0.001,0.,0.001
190,0.069,0.,0.069,0.043,0.,0.043,0.025,0.,0.025,0.025,0.,0.025,0.001,0.,0.001
200,0.086,0.,0.086,0.049,0.,0.049,0.037,0.,0.037,0.037,0.,0.037,0.015,0.,0.015
210,0.146,0.,0.146,0.057,0.,0.057,0.088,0.,0.088,0.088,0.,0.088,0.001,0.,0.001
220,0.096,0.,0.096,0.064,0.,0.064,0.03,0.,0.03,0.03,0.,0.03,0.001,0.,0.001
230,0.135,0.,0.135,0.073,0.,0.073,0.061,0.,0.061,0.061,0.,0.061,0.002,0.,0.002
240,0.131,0.,0.131,0.099,0.,0.099,0.031,0.,0.031,0.031,0.,0.031,0.002,0.,0.002
250,0.129,0.,0.129,0.09,0.,0.09,0.038,0.,0.038,0.038,0.,0.038,0.001,0.,0.001
260,0.144,0.,0.143,0.101,0.,0.101,0.042,0.,0.041,0.042,0.,0.041,0.002,0.,0.002
270,0.155,0.,0.154,0.117,0.,0.116,0.037,0.,0.037,0.037,0.,0.037,0.002,0.,0.002
280,0.17,0.,0.17,0.127,0.,0.127,0.042,0.,0.042,0.042,0.,0.042,0.002,0.,0.002
290,0.182,0.,0.182,0.139,0.,0.139,0.042,0.,0.042,0.042,0.,0.042,0.002,0.,0.002
300,0.2,0.,0.2,0.154,0.,0.154,0.045,0.,0.045,0.045,0.,0.045,0.002,0.,0.002
310,0.217,0.,0.217,0.165,0.,0.165,0.051,0.,0.051,0.051,0.,0.051,0.002,0.,0.002
320,0.234,0.,0.234,0.18,0.,0.18,0.053,0.,0.053,0.053,0.,0.053,0.002,0.,0.002
330,0.253,0.,0.252,0.196,0.,0.196,0.055,0.,0.055,0.055,0.,0.055,0.002,0.,0.002
340,0.27,0.,0.269,0.213,0.,0.213,0.057,0.,0.056,0.057,0.,0.056,0.002,0.,0.002
350,0.294,0.,0.294,0.231,0.,0.231,0.062,0.,0.062,0.062,0.,0.062,0.002,0.,0.002
360,0.321,0.,0.321,0.258,0.,0.258,0.062,0.,0.062,0.062,0.,0.062,0.003,0.,0.003
370,0.34,0.,0.34,0.272,0.,0.272,0.067,0.,0.067,0.067,0.,0.067,0.003,0.,0.003
380,0.372,0.002,0.369,0.296,0.002,0.293,0.075,0.,0.075,0.075,0.,0.075,0.01,0.,0.01
390,0.409,0.,0.408,0.335,0.,0.334,0.072,0.,0.072,0.072,0.,0.072,0.003,0.,0.003
400,0.434,0.,0.434,0.353,0.,0.353,0.08,0.,0.08,0.08,0.,0.08,0.003,0.,0.003
500,0.784,0.,0.784,0.655,0.,0.655,0.118,0.,0.118,0.118,0.,0.118,0.004,0.,0.004
600,1.249,0.004,1.244,1.08,0.003,1.076,0.168,0.001,0.166,0.168,0.001,0.166,0.005,0.,0.005
700,1.889,0.002,1.886,1.67,0.002,1.667,0.217,0.,0.217,0.217,0.,0.217,0.005,0.,0.005
800,2.742,0.003,2.738,2.464,0.002,2.461,0.276,0.,0.275,0.276,0.,0.275,0.006,0.,0.006
900,3.884,0.002,3.881,3.537,0.002,3.534,0.345,0.,0.345,0.345,0.,0.345,0.007,0.,0.007
1000,5.165,0.009,5.155,4.731,0.007,4.723,0.432,0.001,0.431,0.432,0.001,0.431,0.008,0.,0.008