param-n,cbn-regression-cubic-real,cbn-regression-cubic-sys,cbn-regression-cubic-user,cbv-regression-quadratic-real,cbv-regression-quadratic-sys,cbv-regression-quadratic-user,lazy-regression-quadratic-real,lazy-regression-quadratic-sys,lazy-regression-quadratic-user,native-compute(1)-native-compute-compilation-real,native-compute(1)-native-compute-conversion-to-native-code-real,native-compute(1)-native-compute-evaluation-real,native-compute(1)-native-compute-reification-real,native-compute(1)-regression-quadratic-real,native-compute(1)-regression-quadratic-sys,native-compute(1)-regression-quadratic-user,native-compute(2)-native-compute-compilation-real,native-compute(2)-native-compute-conversion-to-native-code-real,native-compute(2)-native-compute-evaluation-real,native-compute(2)-native-compute-reification-real,native-compute(2)-regression-quadratic-real,native-compute(2)-regression-quadratic-sys,native-compute(2)-regression-quadratic-user,simpl-regression-cubic-real,simpl-regression-cubic-sys,simpl-regression-cubic-user,vm-compute-regression-quadratic-real,vm-compute-regression-quadratic-sys,vm-compute-regression-quadratic-user
2,0.,0.,0.,0.,0.,0.,0.,0.,0.,0.08416,0.00015,0.00037,0.00005,0.19,0.023,0.082,0.08354,0.00016,0.00035,0.00005,0.084,0.,0.001,0.,0.,0.,0.,0.,0.
3,0.001,0.,0.001,0.,0.,0.,0.,0.,0.,0.08241,0.00012,0.00037,0.00005,0.083,0.,0.001,0.08271,0.00015,0.00034,0.00005,0.083,0.,0.001,0.001,0.,0.001,0.,0.,0.
4,0.003,0.,0.003,0.,0.,0.,0.,0.,0.,0.08306,0.00013,0.00037,0.00005,0.083,0.,0.001,0.08382,0.00015,0.00037,0.00005,0.084,0.,0.001,0.003,0.,0.003,0.,0.,0.
5,0.004,0.,0.004,0.,0.,0.,0.,0.,0.,0.08322,0.00013,0.00037,0.00006,0.083,0.,0.001,0.08258,0.00016,0.00037,0.00005,0.083,0.001,0.,0.005,0.,0.005,0.,0.,0.
6,0.008,0.,0.008,0.,0.,0.,0.,0.,0.,0.08270,0.00013,0.00035,0.00005,0.083,0.,0.001,0.08603,0.00015,0.00036,0.00005,0.086,0.,0.001,0.008,0.,0.008,0.,0.,0.
7,0.023,0.,0.023,0.,0.,0.,0.,0.,0.,0.08444,0.00013,0.00037,0.00005,0.085,0.,0.001,0.08775,0.00016,0.00042,0.00006,0.088,0.,0.001,0.023,0.,0.023,0.,0.,0.
8,0.015,0.,0.015,0.,0.,0.,0.,0.,0.,0.08390,0.00013,0.00036,0.00006,0.084,0.,0.001,0.08321,0.00015,0.00038,0.00006,0.083,0.,0.001,0.016,0.,0.016,0.,0.,0.
9,0.026,0.,0.026,0.,0.,0.,0.,0.,0.,0.08296,0.00013,0.00037,0.00006,0.083,0.,0.001,0.08350,0.00016,0.00036,0.00005,0.084,0.,0.001,0.021,0.,0.021,0.,0.,0.
10,0.026,0.,0.026,0.,0.,0.,0.,0.,0.,0.08294,0.00013,0.00037,0.00006,0.083,0.,0.001,0.08317,0.00015,0.00039,0.00006,0.083,0.,0.001,0.034,0.,0.034,0.,0.,0.
11,0.046,0.,0.046,0.,0.,0.,,,,,,,,,,,,,,,,,,0.046,0.,0.046,,,
12,0.053,0.,0.053,,,,0.,0.,0.,,,,,,,,,,,,,,,0.049,0.003,0.045,,,
13,0.056,0.,0.056,,,,,,,,,,,,,,,,,,,,,0.05,0.,0.049,,,
14,0.062,0.,0.062,,,,,,,,,,,,,,,,,,,,,0.077,0.,0.077,,,
15,0.082,0.,0.082,,,,,,,,,,,,,,,,,,,,,0.082,0.,0.082,,,
16,0.089,0.,0.089,,,,,,,,,,,,,,,,,,,,,0.096,0.,0.096,,,
17,,,,,,,,,,,,,,,,,,,,,,,,0.102,0.,0.102,,,
18,0.119,0.,0.119,,,,0.,0.,0.,,,,,,,,,,,,,,,0.127,0.,0.127,,,
19,0.139,0.,0.139,0.,0.,0.,,,,,,,,,,,,,,,,,,,,,,,
20,,,,,,,,,,,,,,,,,,,,,,,,0.256,0.,0.256,,,
22,0.325,0.,0.325,,,,,,,,,,,,,,,,,,,,,0.217,0.,0.217,,,
23,,,,,,,0.,0.,0.,,,,,,,,,,,,,,,,,,,,
24,,,,,,,,,,,,,,,,,,,,,,,,0.275,0.,0.275,,,
25,0.275,0.,0.275,,,,,,,,,,,,,,,,,,,,,,,,,,
26,,,,,,,,,,,,,,,,,,,,,,,,0.412,0.,0.412,,,
28,0.479,0.,0.479,0.,0.,0.,0.,0.,0.,,,,,,,,,,,,,,,0.388,0.,0.388,,,
30,0.434,0.,0.434,,,,,,,,,,,,,,,,,,,,,0.446,0.,0.446,,,
32,,,,,,,,,,,,,,,,,,,,,,,,0.523,0.,0.523,,,
33,0.535,0.,0.535,,,,0.,0.,0.,,,,,,,,,,,,,,,,,,,,
34,,,,,,,,,,,,,,,,,,,,,,,,0.619,0.,0.619,,,
36,0.688,0.,0.688,0.001,0.,0.001,,,,,,,,,,,,,,,,,,,,,,,
39,,,,,,,0.001,0.,0.001,,,,,,,,,,,,,,,,,,,,
41,,,,,,,,,,,,,,,,,,,,,,,,0.978,0.003,0.974,0.,0.,0.
43,1.106,0.,1.106,,,,,,,,,,,,,,,,,,,,,,,,,,
44,,,,,,,0.001,0.,0.001,,,,,,,,,,,,,,,,,,,,
45,,,,0.001,0.,0.001,,,,,,,,,,,,,,,,,,,,,,,
47,,,,,,,,,,,,,,,,,,,,,,,,1.452,0.,1.451,,,
49,,,,,,,0.001,0.,0.001,,,,,,,,,,,,,,,,,,,,
50,1.646,0.,1.646,,,,,,,,,,,,,,,,,,,,,,,,,,
53,,,,0.001,0.,0.001,,,,,,,,,,,,,,,,,,,,,,,
54,,,,,,,0.001,0.,0.001,,,,,,,,,,,,,,,2.083,0.,2.083,,,
56,2.27,0.,2.27,,,,,,,,,,,,,,,,,,,,,,,,,,
59,,,,,,,0.002,0.,0.002,,,,,,,,,,,,,,,,,,,,
60,,,,,,,,,,,,,,,,,,,,,,,,2.814,0.,2.814,,,
62,,,,0.002,0.,0.002,,,,,,,,,,,,,,,,,,,,,,,
63,3.258,0.,3.258,,,,,,,,,,,,,,,,,,,,,,,,,,
65,,,,,,,0.015,0.,0.015,,,,,,,,,,,,,,,,,,,,
67,,,,,,,,,,,,,,,,,,,,,,,,3.896,0.011,3.883,,,
70,4.404,0.,4.404,,,,0.002,0.,0.002,,,,,,,,,,,,,,,,,,,,
71,,,,0.002,0.,0.002,,,,,,,,,,,,,,,,,,,,,,,
75,,,,,,,0.003,0.,0.003,,,,,,,,,,,,,,,,,,,,
79,,,,0.016,0.,0.016,,,,,,,,,,,,,,,,,,,,,,,
80,,,,,,,0.003,0.,0.003,,,,,,,,,,,,,,,,,,0.,0.,0.
86,,,,,,,0.003,0.,0.003,,,,,,,,,,,,,,,,,,,,
88,,,,0.003,0.,0.003,,,,,,,,,,,,,,,,,,,,,,,
91,,,,,,,0.004,0.,0.004,,,,,,,,,,,,,,,,,,,,
96,,,,0.004,0.,0.004,0.004,0.,0.004,,,,,,,,,,,,,,,,,,,,
101,,,,,,,0.004,0.,0.004,,,,,,,,,,,,,,,,,,,,
105,,,,0.004,0.,0.004,,,,,,,,,,,,,,,,,,,,,,,
106,,,,,,,0.005,0.,0.005,,,,,,,,,,,,,,,,,,,,
112,,,,,,,0.005,0.,0.005,,,,,,,,,,,,,,,,,,,,
113,,,,0.005,0.,0.005,,,,,,,,,,,,,,,,,,,,,,,
116,,,,,,,,,,0.08389,0.00015,0.00053,0.00019,0.188,0.026,0.078,0.08292,0.00016,0.00046,0.00016,0.083,0.,0.001,,,,,,
117,,,,,,,0.006,0.,0.006,,,,,,,,,,,,,,,,,,,,
120,,,,,,,,,,,,,,,,,,,,,,,,,,,0.,0.,0.
122,,,,0.012,0.,0.012,0.006,0.,0.006,,,,,,,,,,,,,,,,,,,,
127,,,,,,,0.007,0.,0.007,,,,,,,,,,,,,,,,,,,,
130,,,,0.006,0.,0.006,,,,,,,,,,,,,,,,,,,,,,,
133,,,,,,,0.007,0.,0.007,,,,,,,,,,,,,,,,,,,,
138,,,,,,,0.008,0.,0.008,,,,,,,,,,,,,,,,,,,,
139,,,,0.007,0.,0.007,,,,,,,,,,,,,,,,,,,,,,,
143,,,,,,,0.014,0.,0.014,,,,,,,,,,,,,,,,,,,,
148,,,,0.008,0.,0.008,0.009,0.,0.009,,,,,,,,,,,,,,,,,,,,
153,,,,,,,0.01,0.,0.01,,,,,,,,,,,,,,,,,,,,
156,,,,0.008,0.,0.008,,,,,,,,,,,,,,,,,,,,,,,
159,,,,,,,0.01,0.,0.01,,,,,,,,,,,,,,,,,,0.,0.,0.
164,,,,,,,0.02,0.,0.02,,,,,,,,,,,,,,,,,,,,
165,,,,0.009,0.,0.009,,,,,,,,,,,,,,,,,,,,,,,
169,,,,,,,0.011,0.,0.011,,,,,,,,,,,,,,,,,,,,
173,,,,0.01,0.,0.01,,,,,,,,,,,,,,,,,,,,,,,
174,,,,,,,0.012,0.,0.012,,,,,,,,,,,,,,,,,,,,
180,,,,,,,0.015,0.,0.015,,,,,,,,,,,,,,,,,,,,
182,,,,0.017,0.,0.017,,,,,,,,,,,,,,,,,,,,,,,
185,,,,,,,0.079,0.,0.079,,,,,,,,,,,,,,,,,,,,
190,,,,0.012,0.,0.012,0.014,0.,0.014,,,,,,,,,,,,,,,,,,,,
195,,,,,,,0.019,0.,0.019,,,,,,,,,,,,,,,,,,,,
198,,,,,,,,,,,,,,,,,,,,,,,,,,,0.001,0.,0.001
199,,,,0.013,0.,0.013,,,,,,,,,,,,,,,,,,,,,,,
200,,,,,,,0.06,0.,0.06,,,,,,,,,,,,,,,,,,,,
206,,,,,,,0.019,0.,0.019,,,,,,,,,,,,,,,,,,,,
208,,,,0.02,0.,0.02,,,,,,,,,,,,,,,,,,,,,,,
211,,,,,,,0.017,0.,0.017,,,,,,,,,,,,,,,,,,,,
216,,,,0.015,0.,0.015,0.034,0.,0.034,,,,,,,,,,,,,,,,,,,,
221,,,,,,,0.019,0.,0.019,,,,,,,,,,,,,,,,,,,,
225,,,,0.016,0.,0.016,,,,,,,,,,,,,,,,,,,,,,,
227,,,,,,,0.019,0.,0.019,,,,,,,,,,,,,,,,,,,,
229,,,,,,,,,,0.08420,0.00013,0.00063,0.00031,0.085,0.,0.001,0.08245,0.00018,0.00057,0.00026,0.083,0.,0.001,,,,,,
232,,,,,,,0.023,0.,0.023,,,,,,,,,,,,,,,,,,,,
233,,,,0.017,0.,0.017,,,,,,,,,,,,,,,,,,,,,,,
237,,,,,,,0.028,0.,0.028,,,,,,,,,,,,,,,,,,0.001,0.,0.001
242,,,,0.085,0.,0.085,0.03,0.,0.03,,,,,,,,,,,,,,,,,,,,
247,,,,,,,0.034,0.,0.034,,,,,,,,,,,,,,,,,,,,
250,,,,0.019,0.,0.019,,,,,,,,,,,,,,,,,,,,,,,
253,,,,,,,0.026,0.,0.026,,,,,,,,,,,,,,,,,,,,
258,,,,,,,0.103,0.,0.103,,,,,,,,,,,,,,,,,,,,
259,,,,0.059,0.,0.059,,,,,,,,,,,,,,,,,,,,,,,
263,,,,,,,0.027,0.,0.027,,,,,,,,,,,,,,,,,,,,
268,,,,0.021,0.,0.021,0.068,0.,0.068,,,,,,,,,,,,,,,,,,,,
273,,,,,,,0.038,0.,0.038,,,,,,,,,,,,,,,,,,,,
276,,,,0.044,0.,0.044,,,,,,,,,,,,,,,,,,,,,0.002,0.,0.002
279,,,,,,,0.032,0.,0.032,,,,,,,,,,,,,,,,,,,,
284,,,,,,,0.033,0.,0.033,,,,,,,,,,,,,,,,,,,,
285,,,,0.024,0.,0.024,,,,,,,,,,,,,,,,,,,,,,,
289,,,,,,,0.039,0.,0.039,,,,,,,,,,,,,,,,,,,,
292,,,,,,,0.042,0.,0.042,,,,,,,,,,,,,,,,,,,,
293,,,,0.025,0.,0.025,,,,,,,,,,,,,,,,,,,,,,,
294,,,,,,,0.041,0.,0.041,,,,,,,,,,,,,,,,,,,,
300,,,,,,,0.039,0.,0.039,,,,,,,,,,,,,,,,,,,,
302,,,,0.033,0.,0.033,,,,,,,,,,,,,,,,,,,,,,,
305,,,,,,,0.037,0.,0.037,,,,,,,,,,,,,,,,,,,,
310,,,,0.029,0.,0.029,0.035,0.,0.035,,,,,,,,,,,,,,,,,,,,
315,,,,,,,0.036,0.,0.036,,,,,,,,,,,,,,,,,,,,
316,,,,,,,,,,,,,,,,,,,,,,,,,,,0.002,0.,0.002
319,,,,0.036,0.,0.036,,,,,,,,,,,,,,,,,,,,,,,
320,,,,,,,0.041,0.,0.041,,,,,,,,,,,,,,,,,,,,
326,,,,,,,0.051,0.003,0.048,,,,,,,,,,,,,,,,,,,,
328,,,,0.03,0.,0.03,,,,,,,,,,,,,,,,,,,,,,,
331,,,,,,,0.04,0.,0.04,,,,,,,,,,,,,,,,,,,,
336,,,,0.098,0.,0.098,0.044,0.,0.044,,,,,,,,,,,,,,,,,,,,
341,,,,,,,0.041,0.,0.041,,,,,,,,,,,,,,,,,,,,
343,,,,,,,,,,0.08378,0.00013,0.00084,0.00035,0.085,0.002,0.,0.08407,0.00015,0.00075,0.00034,0.085,0.,0.001,,,,,,
345,,,,0.07,0.,0.07,,,,,,,,,,,,,,,,,,,,,,,
347,,,,,,,0.046,0.,0.046,,,,,,,,,,,,,,,,,,,,
352,,,,,,,0.049,0.,0.049,,,,,,,,,,,,,,,,,,,,
353,,,,0.057,0.,0.057,,,,,,,,,,,,,,,,,,,,,,,
355,,,,,,,,,,,,,,,,,,,,,,,,,,,0.002,0.,0.002
357,,,,,,,0.047,0.,0.047,,,,,,,,,,,,,,,,,,,,
362,,,,0.035,0.,0.035,0.048,0.,0.048,,,,,,,,,,,,,,,,,,,,
367,,,,,,,0.051,0.,0.051,,,,,,,,,,,,,,,,,,,,
370,,,,0.037,0.,0.037,,,,,,,,,,,,,,,,,,,,,,,
373,,,,,,,0.057,0.,0.057,,,,,,,,,,,,,,,,,,,,
378,,,,,,,0.074,0.,0.074,,,,,,,,,,,,,,,,,,,,
379,,,,0.038,0.,0.038,,,,,,,,,,,,,,,,,,,,,,,
383,,,,,,,0.073,0.,0.073,,,,,,,,,,,,,,,,,,,,
387,,,,0.039,0.,0.039,,,,,,,,,,,,,,,,,,,,,,,
388,,,,,,,0.072,0.,0.072,,,,,,,,,,,,,,,,,,,,
394,,,,,,,0.058,0.,0.058,,,,,,,,,,,,,,,,,,0.003,0.,0.003
396,,,,0.042,0.,0.042,,,,,,,,,,,,,,,,,,,,,,,
399,,,,,,,0.076,0.,0.076,,,,,,,,,,,,,,,,,,,,
404,,,,,,,0.079,0.,0.079,,,,,,,,,,,,,,,,,,,,
405,,,,0.043,0.,0.043,,,,,,,,,,,,,,,,,,,,,,,
409,,,,,,,0.07,0.,0.07,,,,,,,,,,,,,,,,,,,,
413,,,,0.044,0.,0.044,,,,,,,,,,,,,,,,,,,,,,,
414,,,,,,,0.086,0.,0.086,,,,,,,,,,,,,,,,,,,,
420,,,,,,,0.09,0.,0.09,,,,,,,,,,,,,,,,,,,,
422,,,,0.047,0.,0.047,,,,,,,,,,,,,,,,,,,,,,,
425,,,,,,,0.074,0.,0.074,,,,,,,,,,,,,,,,,,,,
430,,,,0.048,0.,0.048,0.085,0.,0.085,,,,,,,,,,,,,,,,,,,,
433,,,,,,,,,,,,,,,,,,,,,,,,,,,0.004,0.,0.004
435,,,,,,,0.07,0.,0.07,,,,,,,,,,,,,,,,,,,,
439,,,,0.05,0.,0.05,,,,,,,,,,,,,,,,,,,,,,,
441,,,,,,,0.088,0.,0.088,,,,,,,,,,,,,,,,,,,,
446,,,,,,,0.076,0.,0.076,,,,,,,,,,,,,,,,,,,,
447,,,,0.052,0.,0.052,,,,,,,,,,,,,,,,,,,,,,,
451,,,,,,,0.085,0.,0.085,,,,,,,,,,,,,,,,,,,,
456,,,,0.053,0.,0.053,,,,0.08323,0.00013,0.00100,0.00044,0.084,0.,0.002,0.08560,0.00016,0.00099,0.00044,0.087,0.002,0.,,,,,,
458,,,,0.072,0.,0.072,,,,,,,,,,,,,,,,,,,,,,,
465,,,,0.055,0.,0.055,,,,,,,,,,,,,,,,,,,,,,,
469,,,,,,,0.104,0.,0.104,,,,,,,,,,,,,,,,,,,,
472,,,,,,,,,,,,,,,,,,,,,,,,,,,0.004,0.,0.004
473,,,,0.057,0.,0.057,,,,,,,,,,,,,,,,,,,,,,,
482,,,,0.058,0.,0.058,,,,,,,,,,,,,,,,,,,,,,,
487,,,,,,,0.09,0.,0.09,,,,,,,,,,,,,,,,,,,,
490,,,,0.06,0.,0.06,,,,,,,,,,,,,,,,,,,,,,,
499,,,,0.062,0.,0.062,,,,,,,,,,,,,,,,,,,,,,,
505,,,,,,,0.103,0.,0.103,,,,,,,,,,,,,,,,,,,,
507,,,,0.064,0.,0.064,,,,,,,,,,,,,,,,,,,,,,,
511,,,,,,,,,,,,,,,,,,,,,,,,,,,0.005,0.,0.005
516,,,,0.066,0.,0.066,,,,,,,,,,,,,,,,,,,,,,,
523,,,,,,,0.132,0.,0.132,,,,,,,,,,,,,,,,,,,,
525,,,,0.069,0.,0.069,,,,,,,,,,,,,,,,,,,,,,,
533,,,,0.07,0.,0.07,,,,,,,,,,,,,,,,,,,,,,,
541,,,,,,,0.139,0.,0.139,,,,,,,,,,,,,,,,,,,,
542,,,,0.073,0.003,0.07,,,,,,,,,,,,,,,,,,,,,,,
550,,,,0.074,0.,0.074,,,,,,,,,,,,,,,,,,,,,,,
551,,,,,,,,,,,,,,,,,,,,,,,,,,,0.005,0.,0.005
559,,,,0.077,0.,0.077,0.167,0.007,0.159,,,,,,,,,,,,,,,,,,,,
567,,,,0.08,0.,0.08,,,,,,,,,,,,,,,,,,,,,,,
570,,,,,,,,,,0.08489,0.00014,0.00129,0.00054,0.087,0.,0.002,0.08512,0.00016,0.00129,0.00054,0.087,0.,0.002,,,,,,
576,,,,0.081,0.,0.081,,,,,,,,,,,,,,,,,,,,,,,
577,,,,,,,0.175,0.003,0.171,,,,,,,,,,,,,,,,,,,,
583,,,,,,,0.152,0.,0.152,,,,,,,,,,,,,,,,,,,,
585,,,,0.083,0.,0.083,,,,,,,,,,,,,,,,,,,,,,,
590,,,,,,,,,,,,,,,,,,,,,,,,,,,0.006,0.,0.006
593,,,,0.084,0.,0.084,,,,,,,,,,,,,,,,,,,,,,,
595,,,,,,,0.181,0.,0.181,,,,,,,,,,,,,,,,,,,,
602,,,,0.088,0.,0.088,,,,,,,,,,,,,,,,,,,,,,,
610,,,,0.089,0.,0.089,,,,,,,,,,,,,,,,,,,,,,,
613,,,,,,,0.158,0.004,0.154,,,,,,,,,,,,,,,,,,,,
619,,,,0.092,0.,0.092,,,,,,,,,,,,,,,,,,,,,,,
627,,,,0.095,0.,0.095,,,,,,,,,,,,,,,,,,,,,,,
629,,,,,,,,,,,,,,,,,,,,,,,,,,,0.007,0.,0.007
631,,,,,,,0.174,0.003,0.17,,,,,,,,,,,,,,,,,,,,
636,,,,0.099,0.,0.099,,,,,,,,,,,,,,,,,,,,,,,
644,,,,0.098,0.,0.098,,,,,,,,,,,,,,,,,,,,,,,
649,,,,,,,0.209,0.,0.209,,,,,,,,,,,,,,,,,,,,
653,,,,0.103,0.,0.103,,,,,,,,,,,,,,,,,,,,,,,
662,,,,0.106,0.,0.106,,,,,,,,,,,,,,,,,,,,,,,
667,,,,,,,0.224,0.,0.224,,,,,,,,,,,,,,,,,,,,
668,,,,,,,,,,,,,,,,,,,,,,,,,,,0.008,0.,0.008
670,,,,0.111,0.,0.111,,,,,,,,,,,,,,,,,,,,,,,
679,,,,0.111,0.,0.111,,,,,,,,,,,,,,,,,,,,,,,
684,,,,,,,,,,0.08492,0.00013,0.00177,0.00065,0.087,0.003,0.,0.08436,0.00016,0.00164,0.00064,0.087,0.003,0.,,,,,,
685,,,,,,,0.256,0.,0.256,,,,,,,,,,,,,,,,,,,,
687,,,,0.111,0.,0.111,,,,,,,,,,,,,,,,,,,,,,,
696,,,,0.114,0.,0.114,,,,,,,,,,,,,,,,,,,,,,,
703,,,,,,,0.263,0.,0.263,,,,,,,,,,,,,,,,,,,,
704,,,,0.115,0.,0.115,,,,,,,,,,,,,,,,,,,,,,,
707,,,,,,,,,,,,,,,,,,,,,,,,,,,0.009,0.,0.009
713,,,,0.118,0.,0.118,,,,,,,,,,,,,,,,,,,,,,,
721,,,,,,,0.248,0.,0.248,,,,,,,,,,,,,,,,,,,,
739,,,,,,,0.25,0.,0.25,,,,,,,,,,,,,,,,,,,,
744,,,,0.126,0.,0.126,,,,,,,,,,,,,,,,,,,,,,,
747,,,,,,,,,,,,,,,,,,,,,,,,,,,0.022,0.,0.022
757,,,,,,,0.273,0.,0.273,,,,,,,,,,,,,,,,,,,,
775,,,,0.136,0.,0.136,0.332,0.,0.332,,,,,,,,,,,,,,,,,,,,
786,,,,,,,,,,,,,,,,,,,,,,,,,,,0.01,0.,0.01
793,,,,,,,0.3,0.003,0.296,,,,,,,,,,,,,,,,,,,,
797,,,,,,,,,,0.08363,0.00013,0.00203,0.00076,0.086,0.002,0.001,0.08471,0.00016,0.01451,0.00071,0.1,0.,0.016,,,,,,
806,,,,0.149,0.,0.149,,,,,,,,,,,,,,,,,,,,,,,
811,,,,,,,0.343,0.003,0.339,,,,,,,,,,,,,,,,,,,,
825,,,,,,,,,,,,,,,,,,,,,,,,,,,0.011,0.,0.011
829,,,,,,,0.366,0.,0.366,,,,,,,,,,,,,,,,,,,,
837,,,,0.159,0.,0.159,,,,,,,,,,,,,,,,,,,,,,,
847,,,,,,,0.398,0.,0.398,,,,,,,,,,,,,,,,,,,,
864,,,,,,,,,,,,,,,,,,,,,,,,,,,0.012,0.,0.012
865,,,,,,,0.342,0.,0.342,,,,,,,,,,,,,,,,,,,,
868,,,,0.172,0.,0.172,,,,,,,,,,,,,,,,,,,,,,,
873,,,,,,,0.474,0.007,0.466,,,,,,,,,,,,,,,,,,,,
883,,,,,,,0.372,0.,0.372,,,,,,,,,,,,,,,,,,,,
898,,,,0.179,0.,0.179,,,,,,,,,,,,,,,,,,,,,,,
901,,,,,,,0.461,0.,0.461,,,,,,,,,,,,,,,,,,,,
903,,,,,,,,,,,,,,,,,,,,,,,,,,,0.013,0.,0.013
911,,,,,,,,,,0.08510,0.00013,0.00248,0.00083,0.088,0.,0.003,0.08432,0.00019,0.00246,0.00082,0.087,0.,0.004,,,,,,
914,,,,0.302,0.,0.302,,,,,,,,,,,,,,,,,,,,,,,
929,,,,0.19,0.,0.19,,,,,,,,,,,,,,,,,,,,,,,
943,,,,,,,,,,,,,,,,,,,,,,,,,,,0.014,0.,0.014
960,,,,0.204,0.,0.204,,,,,,,,,,,,,,,,,,,,,,,
982,,,,,,,,,,,,,,,,,,,,,,,,,,,0.016,0.,0.016
991,,,,0.221,0.,0.221,0.462,0.,0.462,,,,,,,,,,,,,,,,,,,,
1021,,,,,,,,,,,,,,,,,,,,,,,,,,,0.017,0.,0.017
1022,,,,0.23,0.,0.23,,,,,,,,,,,,,,,,,,,,,,,
1025,,,,,,,,,,0.08439,0.00013,0.00299,0.00092,0.088,0.,0.005,0.08416,0.00016,0.00304,0.00091,0.088,0.,0.004,,,,,,
1053,,,,0.242,0.003,0.238,,,,,,,,,,,,,,,,,,,,,,,
1060,,,,,,,,,,,,,,,,,,,,,,,,,,,0.018,0.,0.018
1081,,,,,,,0.604,0.,0.604,,,,,,,,,,,,,,,,,,,,
1084,,,,0.252,0.003,0.248,,,,,,,,,,,,,,,,,,,,,,,
1099,,,,,,,,,,,,,,,,,,,,,,,,,,,0.019,0.,0.019
1115,,,,0.269,0.,0.269,,,,,,,,,,,,,,,,,,,,,,,
1138,,,,,,,,,,0.08244,0.00014,0.00364,0.00102,0.087,0.,0.005,0.08471,0.00016,0.00360,0.00102,0.089,0.,0.005,,,,0.028,0.,0.028
1146,,,,0.281,0.003,0.277,,,,,,,,,,,,,,,,,,,,,,,
1164,,,,,,,0.87,0.008,0.862,,,,,,,,,,,,,,,,,,,,
1171,,,,,,,0.659,0.,0.659,,,,,,,,,,,,,,,,,,,,
1177,,,,0.298,0.,0.298,,,,,,,,,,,,,,,,,,,,,,,
1178,,,,,,,,,,,,,,,,,,,,,,,,,,,0.022,0.,0.022
1208,,,,0.313,0.,0.313,,,,,,,,,,,,,,,,,,,,,,,
1217,,,,,,,,,,,,,,,,,,,,,,,,,,,0.023,0.,0.023
1239,,,,0.331,0.003,0.327,,,,,,,,,,,,,,,,,,,,,,,
1252,,,,,,,,,,0.08376,0.00013,0.00428,0.00111,0.089,0.,0.006,0.08294,0.00016,0.00418,0.01208,0.099,0.,0.017,,,,,,
1256,,,,,,,,,,,,,,,,,,,,,,,,,,,0.025,0.,0.025
1261,,,,,,,0.831,0.,0.831,,,,,,,,,,,,,,,,,,,,
1269,,,,0.356,0.003,0.352,,,,,,,,,,,,,,,,,,,,,,,
1295,,,,,,,,,,,,,,,,,,,,,,,,,,,0.026,0.,0.026
1300,,,,0.368,0.,0.368,,,,,,,,,,,,,,,,,,,,,,,
1331,,,,0.378,0.003,0.374,,,,,,,,,,,,,,,,,,,,,,,
1334,,,,,,,,,,,,,,,,,,,,,,,,,,,0.027,0.,0.027
1351,,,,,,,0.966,0.003,0.962,,,,,,,,,,,,,,,,,,,,
1362,,,,0.39,0.,0.39,,,,,,,,,,,,,,,,,,,,,,,
1365,,,,,,,,,,0.08314,0.00013,0.00483,0.00123,0.089,0.,0.007,0.08430,0.00016,0.00481,0.00120,0.09,0.,0.006,,,,,,
1370,,,,0.557,0.,0.557,,,,,,,,,,,,,,,,,,,,,,,
1374,,,,,,,,,,,,,,,,,,,,,,,,,,,0.029,0.,0.029
1393,,,,0.407,0.,0.407,,,,,,,,,,,,,,,,,,,,,,,
1413,,,,,,,,,,,,,,,,,,,,,,,,,,,0.03,0.,0.03
1424,,,,0.436,0.,0.436,,,,,,,,,,,,,,,,,,,,,,,
1441,,,,,,,1.046,0.,1.046,,,,,,,,,,,,,,,,,,,,
1452,,,,,,,,,,,,,,,,,,,,,,,,,,,0.032,0.,0.032
1454,,,,,,,1.149,0.003,1.145,,,,,,,,,,,,,,,,,,,,
1479,,,,,,,,,,0.08463,0.00016,0.00572,0.00128,0.091,0.,0.007,0.08376,0.00018,0.00585,0.00128,0.091,0.,0.008,,,,,,
1491,,,,,,,,,,,,,,,,,,,,,,,,,,,0.034,0.,0.034
1530,,,,,,,,,,,,,,,,,,,,,,,,,,,0.035,0.,0.035
1531,,,,,,,1.271,0.,1.271,,,,,,,,,,,,,,,,,,,,
1566,,,,0.53,0.,0.529,,,,,,,,,,,,,,,,,,,,,,,
1570,,,,,,,,,,,,,,,,,,,,,,,,,,,0.037,0.,0.037
1593,,,,,,,,,,0.08411,0.00014,0.00634,0.00142,0.092,0.006,0.002,0.08411,0.00016,0.00646,0.00139,0.092,0.,0.008,,,,,,
1609,,,,,,,,,,,,,,,,,,,,,,,,,,,0.039,0.,0.039
1621,,,,,,,1.381,0.,1.381,,,,,,,,,,,,,,,,,,,,
1648,,,,,,,,,,,,,,,,,,,,,,,,,,,0.04,0.,0.04
1687,,,,,,,,,,,,,,,,,,,,,,,,,,,0.042,0.,0.042
1706,,,,,,,,,,0.08399,0.00013,0.00718,0.00147,0.092,0.,0.009,0.08457,0.00016,0.00732,0.00181,0.094,0.,0.009,,,,,,
1709,,,,0.604,0.,0.604,,,,,,,,,,,,,,,,,,,,,,,
1711,,,,,,,1.519,0.003,1.515,,,,,,,,,,,,,,,,,,,,
1726,,,,,,,,,,,,,,,,,,,,,,,,,,,0.044,0.,0.044
1765,,,,,,,,,,,,,,,,,,,,,,,,,,,0.051,0.,0.051
1801,,,,,,,1.669,0.011,1.656,,,,,,,,,,,,,,,,,,,,
1805,,,,,,,,,,,,,,,,,,,,,,,,,,,0.049,0.,0.048
1820,,,,,,,,,,0.08566,0.00013,0.00805,0.00157,0.095,0.,0.01,0.08398,0.00016,0.01075,0.00155,0.096,0.,0.013,,,,,,
1826,,,,0.696,0.,0.696,,,,,,,,,,,,,,,,,,,,,,,
1844,,,,,,,,,,,,,,,,,,,,,,,,,,,0.05,0.003,0.047
1851,,,,0.705,0.,0.705,,,,,,,,,,,,,,,,,,,,,,,
1883,,,,,,,,,,,,,,,,,,,,,,,,,,,0.052,0.,0.052
1922,,,,,,,,,,,,,,,,,,,,,,,,,,,0.054,0.,0.054
1933,,,,,,,,,,0.08484,0.00013,0.00918,0.00164,0.095,0.,0.011,0.08458,0.00016,0.00919,0.00165,0.095,0.,0.012,,,,,,
1961,,,,,,,,,,,,,,,,,,,,,,,,,,,0.056,0.,0.056
1993,,,,0.822,0.,0.822,,,,,,,,,,,,,,,,,,,,,,,
2001,,,,,,,,,,,,,,,,,,,,,,,,,,,0.058,0.,0.058
2013,,,,,,,,,,,,,,,,,,,,,,,,,,,0.061,0.,0.061
2040,,,,,,,,,,,,,,,,,,,,,,,,,,,0.068,0.,0.068
2047,,,,,,,,,,0.08375,0.00013,0.01618,0.00175,0.101,0.003,0.015,0.08491,0.00016,0.01021,0.00171,0.097,0.,0.012,,,,,,
2079,,,,,,,,,,,,,,,,,,,,,,,,,,,0.063,0.,0.063
2118,,,,,,,,,,,,,,,,,,,,,,,,,,,0.065,0.,0.065
2136,,,,0.938,0.,0.938,,,,,,,,,,,,,,,,,,,,,,,
2157,,,,,,,,,,,,,,,,,,,,,,,,,,,0.067,0.,0.067
2161,,,,,,,2.435,0.,2.435,0.08428,0.00013,0.01121,0.00184,0.097,0.006,0.007,0.08470,0.00016,0.01311,0.00185,0.099,0.,0.015,,,,,,
2197,,,,,,,,,,,,,,,,,,,,,,,,,,,0.069,0.,0.069
2236,,,,,,,,,,,,,,,,,,,,,,,,,,,0.072,0.,0.072
2274,,,,,,,,,,0.08439,0.00013,0.01191,0.00202,0.098,0.,0.014,0.08454,0.00016,0.01244,0.00195,0.099,0.,0.014,,,,,,
2275,,,,,,,,,,,,,,,,,,,,,,,,,,,0.074,0.,0.074
2278,,,,1.067,0.,1.067,,,,,,,,,,,,,,,,,,,,,,,
2282,,,,1.036,0.,1.036,,,,,,,,,,,,,,,,,,,,,,,
2314,,,,,,,,,,,,,,,,,,,,,,,,,,,0.077,0.,0.077
2353,,,,,,,,,,,,,,,,,,,,,,,,,,,0.143,0.,0.143
2388,,,,,,,,,,0.08370,0.00013,0.02323,0.00217,0.109,0.,0.026,0.08424,0.00016,0.01340,0.00205,0.1,0.,0.016,,,,,,
2392,,,,,,,,,,,,,,,,,,,,,,,,,,,0.081,0.,0.081
2420,,,,1.212,0.,1.212,,,,,,,,,,,,,,,,,,,,,,,
2432,,,,,,,,,,,,,,,,,,,,,,,,,,,0.085,0.,0.085
2471,,,,,,,,,,,,,,,,,,,,,,,,,,,0.087,0.,0.087
2502,,,,,,,,,,0.08563,0.00013,0.01437,0.00215,0.102,0.,0.017,0.08435,0.00016,0.01506,0.00211,0.101,0.,0.018,,,,,,
2510,,,,,,,,,,,,,,,,,,,,,,,,,,,0.125,0.,0.125
2521,,,,,,,3.31,0.,3.31,,,,,,,,,,,,,,,,,,,,
2549,,,,,,,,,,,,,,,,,,,,,,,,,,,0.092,0.,0.092
2562,,,,1.341,0.,1.341,,,,,,,,,,,,,,,,,,,,,,,
2588,,,,,,,,,,,,,,,,,,,,,,,,,,,0.093,0.,0.093
2615,,,,,,,,,,0.08484,0.00013,0.01711,0.00234,0.104,0.,0.02,0.08477,0.00016,0.01587,0.00223,0.103,0.,0.019,,,,,,
2628,,,,,,,,,,,,,,,,,,,,,,,,,,,0.097,0.,0.097
2667,,,,,,,,,,,,,,,,,,,,,,,,,,,0.122,0.,0.122
2705,,,,1.489,0.,1.489,,,,,,,,,,,,,,,,,,,,,,,
2706,,,,,,,,,,,,,,,,,,,,,,,,,,,0.101,0.,0.101
2729,,,,,,,,,,0.08407,0.00013,0.09253,0.00229,0.179,0.,0.095,0.08347,0.00015,0.01702,0.00232,0.103,0.,0.019,,,,,,
2745,,,,,,,,,,,,,,,,,,,,,,,,,,,0.104,0.,0.104
2784,,,,,,,,,,,,,,,,,,,,,,,,,,,0.107,0.,0.107
2824,,,,,,,,,,,,,,,,,,,,,,,,,,,0.111,0.,0.111
2842,,,,,,,,,,0.08280,0.00013,0.02043,0.00240,0.105,0.003,0.02,0.08431,0.00015,0.01858,0.00243,0.105,0.,0.022,,,,,,
2847,,,,1.627,0.003,1.623,,,,,,,,,,,,,,,,,,,,,,,
2863,,,,,,,,,,,,,,,,,,,,,,,,,,,0.114,0.,0.114
2881,,,,,,,4.285,0.02,4.265,,,,,,,,,,,,,,,,,,,,
2902,,,,,,,,,,,,,,,,,,,,,,,,,,,0.116,0.,0.116
2941,,,,,,,,,,,,,,,,,,,,,,,,,,,0.128,0.,0.128
2956,,,,,,,,,,0.08510,0.00013,0.05921,0.00247,0.147,0.,0.062,0.08433,0.00018,0.02008,0.00250,0.107,0.,0.023,,,,,,
2980,,,,,,,,,,,,,,,,,,,,,,,,,,,0.124,0.,0.124
3019,,,,,,,,,,,,,,,,,,,,,,,,,,,0.128,0.,0.128
3059,,,,,,,,,,,,,,,,,,,,,,,,,,,0.137,0.,0.137
3070,,,,,,,,,,0.08533,0.00013,0.02239,0.00258,0.11,0.,0.026,0.08515,0.00017,0.03294,0.00257,0.121,0.,0.036,,,,,,
3098,,,,,,,,,,,,,,,,,,,,,,,,,,,0.131,0.,0.131
3137,,,,,,,,,,,,,,,,,,,,,,,,,,,0.136,0.,0.136
3183,,,,,,,,,,0.08486,0.00013,0.02323,0.00267,0.111,0.,0.026,0.08483,0.00016,0.02489,0.00268,0.112,0.,0.028,,,,,,
3241,,,,,,,5.487,0.023,5.463,,,,,,,,,,,,,,,,,,,,
3268,,,,,,,,,,,,,,,,,,,,,,,,,,,0.149,0.,0.149
3297,,,,,,,,,,0.08467,0.00013,0.02570,0.00273,0.113,0.,0.029,0.08422,0.00016,0.02638,0.00271,0.113,0.,0.03,,,,,,
3398,,,,,,,,,,,,,,,,,,,,,,,,,,,0.224,0.,0.224
3410,,,,,,,,,,0.08550,0.00013,0.02590,0.00279,0.114,0.,0.029,0.08432,0.00016,0.03422,0.00298,0.121,0.004,0.033,,,,,,
3416,,,,2.321,0.,2.321,,,,,,,,,,,,,,,,,,,,,,,
3524,,,,,,,,,,0.08496,0.00015,0.03270,0.00292,0.12,0.003,0.033,0.08495,0.00017,0.03978,0.00295,0.128,0.,0.043,,,,,,
3529,,,,,,,,,,,,,,,,,,,,,,,,,,,0.171,0.,0.171
3601,,,,,,,6.544,0.039,6.504,,,,,,,,,,,,,,,,,,,,
3638,,,,,,,,,,0.08571,0.00014,0.02921,0.00307,0.118,0.003,0.029,0.08458,0.00017,0.03205,0.00300,0.119,0.,0.035,,,,,,
3660,,,,,,,,,,,,,,,,,,,,,,,,,,,0.184,0.,0.184
3674,,,,,,,,,,0.08372,0.00015,0.04347,0.00295,0.233,0.031,0.119,0.08380,0.00016,0.04015,0.00293,0.127,0.,0.044,,,,,,
3751,,,,,,,,,,0.08489,0.00013,0.03236,0.07920,0.196,0.,0.112,0.08652,0.00016,0.03117,0.00313,0.121,0.,0.035,,,,,,
3790,,,,,,,,,,,,,,,,,,,,,,,,,,,0.234,0.,0.234
3865,,,,,,,,,,0.08472,0.00013,0.04140,0.00318,0.129,0.,0.045,0.08562,0.00016,0.07339,0.00316,0.162,0.,0.077,,,,,,
3921,,,,,,,,,,,,,,,,,,,,,,,,,,,0.21,0.,0.21
3979,,,,,,,,,,0.08446,0.00013,0.04261,0.00327,0.13,0.,0.046,0.08397,0.00021,0.04917,0.00330,0.136,0.003,0.049,,,,,,
3985,,,,3.122,0.,3.121,,,,,,,,,,,,,,,,,,,,,,,
4024,,,,,,,,,,,,,,,,,,,,,,,,,,,0.247,0.,0.247
4052,,,,,,,,,,,,,,,,,,,,,,,,,,,0.239,0.,0.239
4092,,,,,,,,,,0.08507,0.00013,0.04517,0.00337,0.133,0.,0.049,0.08487,0.00016,0.03897,0.00336,0.127,0.,0.043,,,,,,
4182,,,,,,,,,,,,,,,,,,,,,,,,,,,0.233,0.,0.233
4206,,,,,,,,,,0.08514,0.00013,0.04514,0.00348,0.134,0.,0.049,0.08483,0.00016,0.04482,0.00339,0.133,0.,0.049,,,,,,
4313,,,,,,,,,,,,,,,,,,,,,,,,,,,0.252,0.,0.252
4319,,,,,,,,,,0.08520,0.00013,0.04112,0.00352,0.13,0.,0.045,0.08530,0.00016,0.04636,0.00356,0.135,0.,0.05,,,,,,
4433,,,,,,,,,,0.08490,0.00013,0.04560,0.00354,0.134,0.,0.05,0.08494,0.00016,0.04454,0.00361,0.133,0.,0.048,,,,,,
4444,,,,,,,,,,,,,,,,,,,,,,,,,,,0.267,0.,0.267
4547,,,,,,,,,,0.08545,0.00013,0.04496,0.00371,0.134,0.,0.049,0.08456,0.00016,0.04744,0.00368,0.136,0.,0.052,,,,,,
4555,,,,4.092,0.,4.091,,,,,,,,,,,,,,,,,,,,,,,
4574,,,,,,,,,,,,,,,,,,,,,,,,,,,0.282,0.,0.282
4660,,,,,,,,,,0.08654,0.00014,0.04831,0.00390,0.139,0.,0.053,0.08526,0.00016,0.05124,0.00381,0.14,0.,0.056,,,,,,
4705,,,,,,,,,,,,,,,,,,,,,,,,,,,0.297,0.,0.297
4774,,,,,,,,,,0.08640,0.00013,0.05198,0.00382,0.142,0.,0.056,0.08515,0.00016,0.05067,0.00385,0.14,0.,0.055,,,,,,
4836,,,,,,,,,,,,,,,,,,,,,,,,,,,0.308,0.,0.308
4887,,,,,,,,,,0.08547,0.00013,0.05514,0.00400,0.144,0.,0.059,0.08555,0.00016,0.05597,0.00396,0.145,0.,0.06,,,,,,
4966,,,,,,,,,,,,,,,,,,,,,,,,,,,0.331,0.,0.331
5001,,,,,,,,,,0.08647,0.00013,0.05595,0.00409,0.146,0.,0.061,0.08566,0.00015,0.05537,0.00404,0.145,0.,0.06,,,,,,
5097,,,,,,,,,,,,,,,,,,,,,,,,,,,0.348,0.,0.348
5115,,,,,,,,,,0.08712,0.00014,0.05995,0.00420,0.151,0.003,0.061,0.08649,0.00015,0.06172,0.00484,0.153,0.,0.067,,,,,,
5124,,,,5.162,0.007,5.153,,,,,,,,,,,,,,,,,,,,,,,
5228,,,,,,,,,,0.08689,0.00017,0.06212,0.00420,0.153,0.,0.067,0.08572,0.00015,0.06444,0.00429,0.154,0.,0.069,,,,0.359,0.,0.359
5342,,,,,,,,,,0.08676,0.00014,0.06425,0.00430,0.155,0.,0.069,0.08655,0.00016,0.06526,0.00666,0.158,0.003,0.069,,,,,,
5358,,,,,,,,,,,,,,,,,,,,,,,,,,,0.383,0.,0.383
5456,,,,,,,,,,0.08660,0.00013,0.06566,0.00440,0.156,0.,0.071,0.08577,0.00017,0.07228,0.00443,0.162,0.,0.077,,,,,,
5489,,,,,,,,,,,,,,,,,,,,,,,,,,,0.401,0.,0.401
5569,,,,,,,,,,0.08554,0.00013,0.07014,0.00452,0.16,0.,0.075,0.08704,0.00016,0.07305,0.00452,0.164,0.,0.078,,,,,,
5620,,,,,,,,,,,,,,,,,,,,,,,,,,,0.42,0.,0.42
5683,,,,,,,,,,0.08681,0.00014,0.06888,0.00459,0.16,0.003,0.07,0.08663,0.00016,0.07608,0.00498,0.168,0.,0.081,,,,,,
5693,,,,6.307,0.004,6.302,,,,,,,,,,,,,,,,,,,,,,,
5750,,,,,,,,,,,,,,,,,,,,,,,,,,,0.439,0.,0.439
5796,,,,,,,,,,0.08696,0.00013,0.07457,0.00481,0.166,0.,0.08,0.08665,0.00016,0.07694,0.00469,0.168,0.,0.082,,,,,,
5881,,,,,,,,,,,,,,,,,,,,,,,,,,,0.464,0.,0.464
5910,,,,,,,,,,0.08731,0.00014,0.07836,0.00479,0.17,0.004,0.08,0.08860,0.00016,0.08415,0.00483,0.177,0.,0.091,,,,,,
6012,,,,,,,,,,,,,,,,,,,,,,,,,,,0.501,0.,0.501
6034,,,,,,,,,,,,,,,,,,,,,,,,,,,0.518,0.,0.518
6142,,,,,,,,,,,,,,,,,,,,,,,,,,,0.514,0.,0.513
6221,,,,,,,,,,0.08696,0.00013,0.08667,0.00503,0.178,0.003,0.088,0.08656,0.00016,0.09090,0.00507,0.182,0.,0.097,,,,,,
6273,,,,,,,,,,,,,,,,,,,,,,,,,,,0.545,0.,0.545
6532,,,,,,,,,,0.08694,0.00013,0.09265,0.00534,0.185,0.,0.098,0.08728,0.00019,0.09549,0.00857,0.191,0.,0.105,,,,,,
6843,,,,,,,,,,0.08606,0.00013,0.10471,0.00562,0.196,0.,0.111,0.08701,0.00016,0.10713,0.00554,0.2,0.,0.113,,,,,,
6900,,,,,,,,,,,,,,,,,,,,,,,,,,,0.664,0.,0.664
7154,,,,,,,,,,0.08664,0.00013,0.11355,0.00582,0.206,0.,0.12,0.08753,0.00015,0.11739,0.00582,0.211,0.,0.124,,,,,,
7346,,,,,,,,,,0.08351,0.00013,0.12486,0.00572,0.214,0.,0.131,0.08383,0.00015,0.12531,0.00579,0.215,0.,0.132,,,,,,
7465,,,,,,,,,,0.08664,0.00013,0.12857,0.00600,0.221,0.004,0.131,0.08558,0.00016,0.12983,0.00595,0.221,0.003,0.132,,,,,,
7527,,,,,,,,,,,,,,,,,,,,,,,,,,,0.776,0.,0.776
7776,,,,,,,,,,0.08722,0.00013,0.12887,0.00630,0.222,0.,0.136,0.08570,0.00016,0.13762,0.00630,0.229,0.,0.144,,,,,,
8045,,,,,,,,,,,,,,,,,,,,,,,,,,,0.934,0.,0.934
8087,,,,,,,,,,0.08647,0.00013,0.14316,0.00681,0.236,0.,0.151,0.08652,0.00016,0.15103,0.00664,0.244,0.,0.158,,,,,,
8154,,,,,,,,,,,,,,,,,,,,,,,,,,,0.896,0.,0.896
8398,,,,,,,,,,0.08628,0.00013,0.15130,0.00740,0.245,0.,0.159,0.08715,0.00016,0.16305,0.00690,0.257,0.,0.17,,,,,,
8709,,,,,,,,,,0.08750,0.00014,0.16595,0.00711,0.26,0.,0.174,0.08741,0.00015,0.17120,0.00695,0.265,0.,0.179,,,,,,
8781,,,,,,,,,,,,,,,,,,,,,,,,,,,1.051,0.,1.051
9019,,,,,,,,,,0.08695,0.00014,0.17267,0.00820,0.268,0.,0.181,0.08805,0.00016,0.18283,0.00742,0.278,0.,0.191,,,,,,
9330,,,,,,,,,,0.08711,0.00014,0.19488,0.00885,0.291,0.,0.204,0.08736,0.00016,0.20110,0.00797,0.296,0.,0.21,,,,,,
9409,,,,,,,,,,,,,,,,,,,,,,,,,,,1.205,0.,1.205
9641,,,,,,,,,,0.08645,0.00014,0.20720,0.00801,0.302,0.004,0.212,0.08551,0.00016,0.20963,0.00878,0.304,0.,0.219,,,,,,
9952,,,,,,,,,,0.08669,0.00013,0.21985,0.00899,0.315,0.,0.229,0.08669,0.00016,0.22151,0.00832,0.316,0.,0.23,,,,,,
10036,,,,,,,,,,,,,,,,,,,,,,,,,,,1.381,0.,1.381
10056,,,,,,,,,,,,,,,,,,,,,,,,,,,1.497,0.,1.497
10263,,,,,,,,,,0.08701,0.00014,0.22290,0.00896,0.319,0.,0.232,0.08611,0.00016,0.23360,0.00896,0.329,0.,0.243,,,,,,
10574,,,,,,,,,,0.08688,0.00013,0.24373,0.00886,0.339,0.,0.253,0.08776,0.00016,0.24666,0.00830,0.343,0.,0.256,,,,,,
10663,,,,,,,,,,,,,,,,,,,,,,,,,,,1.494,0.003,1.49
10885,,,,,,,,,,0.08759,0.00013,0.26499,0.00885,0.361,0.,0.274,0.08684,0.00016,0.25789,0.00912,0.354,0.,0.268,,,,,,
11017,,,,,,,,,,0.08536,0.00013,0.37856,0.00855,0.472,0.,0.387,0.08748,0.00015,0.30091,0.00892,0.397,0.,0.31,,,,,,
11196,,,,,,,,,,0.08827,0.00013,0.27680,0.00926,0.374,0.,0.287,0.08656,0.00016,0.27293,0.00920,0.369,0.,0.283,,,,,,
11290,,,,,,,,,,,,,,,,,,,,,,,,,,,1.756,0.,1.756
11507,,,,,,,,,,0.08760,0.00014,0.27568,0.00952,0.373,0.,0.286,0.08672,0.00016,0.28749,0.00909,0.383,0.,0.297,,,,,,
11818,,,,,,,,,,0.08696,0.00014,0.30682,0.00973,0.403,0.,0.317,0.08732,0.00016,0.34163,0.00972,0.439,0.,0.352,,,,,,
11917,,,,,,,,,,,,,,,,,,,,,,,,,,,1.915,0.003,1.909
12544,,,,,,,,,,,,,,,,,,,,,,,,,,,2.156,0.,2.156
13000,,,,,,,,,,0.08644,0.00013,0.44610,0.01024,0.543,0.,0.457,0.08715,0.00016,0.43512,0.01220,0.534,0.,0.448,,,,,,
14181,,,,,,,,,,0.08695,0.00014,0.45346,0.01169,0.552,0.003,0.462,0.09345,0.00016,0.46821,0.01168,0.573,0.,0.48,,,,,,
14689,,,,,,,,,,0.08484,0.00013,0.83875,0.01157,0.935,0.,0.851,0.08320,0.00015,0.53765,0.01147,0.632,0.,0.55,,,,,,
15052,,,,,,,,,,,,,,,,,,,,,,,,,,,3.014,0.,3.014
15363,,,,,,,,,,0.08687,0.00014,0.49154,0.01260,0.591,0.,0.505,0.08678,0.00016,0.51616,0.01272,0.616,0.,0.529,,,,,,
16544,,,,,,,,,,0.08840,0.00014,0.59458,0.01459,0.697,0.007,0.602,0.08757,0.00016,0.59782,0.01343,0.699,0.004,0.608,,,,,,
17561,,,,,,,,,,,,,,,,,,,,,,,,,,,4.155,0.,4.155
17726,,,,,,,,,,0.08645,0.00014,0.65991,0.01443,0.761,0.003,0.671,0.08767,0.00016,0.68597,0.01448,0.788,0.004,0.697,,,,,,
18361,,,,,,,,,,0.08414,0.00013,0.77373,0.01444,0.872,0.,0.789,0.08653,0.00016,0.70056,0.01790,0.805,0.,0.719,,,,,,
18908,,,,,,,,,,0.08712,0.00014,0.77805,0.01631,0.881,0.,0.795,0.08855,0.00016,0.78557,0.01559,0.89,0.,0.802,,,,,,
20069,,,,,,,,,,,,,,,,,,,,,,,,,,,5.38,0.003,5.375
20089,,,,,,,,,,0.08798,0.00014,0.85211,0.01571,0.956,0.,0.868,0.08670,0.00016,0.87996,0.01644,0.983,0.,0.897,,,,,,
21271,,,,,,,,,,0.08798,0.00014,0.96257,0.01800,1.068,0.,0.981,0.08679,0.00016,0.98224,0.01654,1.085,0.003,0.995,,,,,,
22452,,,,,,,,,,0.08681,0.00014,1.06764,0.01825,1.173,0.003,1.082,0.08727,0.00016,1.07372,0.01828,1.179,0.004,1.089,,,,,,
22578,,,,,,,,,,,,,,,,,,,,,,,,,,,6.75,0.003,6.746
23634,,,,,,,,,,0.08756,0.00014,1.20271,0.01889,1.309,0.,1.222,0.08715,0.00016,1.32187,0.01854,1.427,0.,1.341,,,,,,
25086,,,,,,,,,,,,,,,,,,,,,,,,,,,8.255,0.004,8.25
28361,,,,,,,,,,0.08670,0.00014,2.11004,0.02526,2.222,0.,2.136,0.08696,0.00016,1.98488,0.02257,2.094,0.,2.008,,,,,,
33087,,,,,,,,,,0.08798,0.00014,2.76164,0.02708,2.877,0.003,2.785,0.09250,0.00017,2.43979,0.02657,2.559,0.,2.467,,,,,,
37814,,,,,,,,,,0.08910,0.00014,3.54428,0.03074,3.664,0.,3.576,0.08874,0.00016,3.14681,0.02987,3.265,0.,3.177,,,,,,
42540,,,,,,,,,,0.08885,0.00014,3.92180,0.04640,4.057,0.,3.969,0.08873,0.00016,4.03353,0.03307,4.155,0.,4.067,,,,,,
47267,,,,,,,,,,0.08844,0.00014,6.00928,0.03593,6.134,0.,6.045,0.08840,0.00016,5.58957,0.04237,5.72,0.,5.632,,,,,,