param-n,abstract-regression-linear-real,abstract-regression-linear-sys,abstract-regression-linear-user,reify-regression-cubic-real,reify-regression-cubic-sys,reify-regression-cubic-user
1,0.,0.,0.,0.001,0.,0.001
2,0.,0.,0.,0.002,0.002,0.
3,0.,0.,0.,0.002,0.002,0.
4,0.,0.,0.,0.003,0.,0.003
5,0.,0.,0.,0.004,0.,0.004
6,0.,0.,0.,0.005,0.,0.005
7,0.,0.,0.,0.006,0.,0.006
8,0.,0.,0.,0.007,0.,0.007
9,0.,0.,0.,0.008,0.,0.007
10,0.,0.,0.,0.047,0.006,0.041
11,0.,0.,0.,0.008,0.,0.008
12,0.,0.,0.,0.008,0.,0.008
13,0.,0.,0.,0.009,0.,0.009
14,0.,0.,0.,0.023,0.,0.023
15,0.,0.,0.,0.011,0.,0.011
16,0.,0.,0.,0.012,0.,0.012
17,0.,0.,0.,0.013,0.,0.013
18,0.,0.,0.,0.015,0.,0.015
19,0.,0.,0.,0.015,0.,0.014
20,0.,0.,0.,0.016,0.,0.016
21,0.001,0.,0.001,0.018,0.001,0.017
22,0.001,0.,0.001,0.02,0.,0.02
23,0.001,0.,0.001,0.02,0.,0.02
24,0.001,0.,0.001,0.026,0.,0.026
25,0.001,0.,0.,0.023,0.,0.023
26,0.001,0.,0.001,0.025,0.,0.024
27,0.001,0.,0.001,0.026,0.,0.026
28,0.001,0.,0.001,0.034,0.,0.034
29,0.001,0.,0.001,0.029,0.,0.029
30,0.001,0.,0.001,0.033,0.,0.033
31,0.001,0.,0.001,0.032,0.,0.032
32,0.001,0.,0.001,0.094,0.,0.094
33,0.001,0.,0.001,0.037,0.,0.037
34,0.001,0.,0.001,0.067,0.,0.067
35,0.001,0.,0.001,0.041,0.,0.041
36,0.001,0.,0.001,0.055,0.,0.055
37,0.001,0.,0.001,0.045,0.,0.045
38,0.001,0.,0.001,0.045,0.,0.045
39,0.001,0.,0.001,0.048,0.,0.048
40,0.001,0.,0.001,0.059,0.,0.059
41,0.001,0.,0.001,0.061,0.,0.06
42,0.001,0.,0.001,0.054,0.,0.054
43,0.001,0.,0.001,0.057,0.,0.057
44,0.001,0.,0.001,0.123,0.,0.123
45,0.001,0.,0.001,0.097,0.,0.097
46,0.001,0.,0.001,0.075,0.,0.075
47,0.001,0.,0.001,0.068,0.,0.068
48,0.001,0.,0.001,0.072,0.001,0.07
49,0.001,0.,0.001,0.078,0.,0.078
50,0.001,0.,0.001,0.077,0.,0.077
51,0.002,0.,0.002,0.077,0.,0.077
52,0.002,0.,0.002,0.08,0.,0.079
53,0.002,0.,0.002,0.083,0.,0.083
54,0.002,0.,0.002,0.086,0.,0.086
55,0.002,0.,0.002,0.089,0.,0.089
56,0.002,0.,0.002,0.091,0.,0.091
57,0.002,0.,0.002,0.096,0.,0.096
58,0.002,0.,0.002,0.102,0.,0.102
59,0.002,0.,0.002,0.106,0.,0.105
60,0.002,0.,0.002,0.111,0.,0.111
61,0.002,0.,0.002,0.111,0.,0.111
62,0.002,0.,0.002,0.126,0.,0.125
63,0.002,0.,0.002,0.119,0.,0.119
64,0.002,0.,0.002,0.123,0.,0.123
65,0.002,0.,0.002,0.137,0.,0.136
66,0.004,0.001,0.003,0.128,0.,0.127
67,0.002,0.,0.002,0.133,0.,0.133
68,0.002,0.,0.002,0.144,0.,0.143
69,0.011,0.,0.011,0.139,0.,0.139
70,0.002,0.,0.002,0.148,0.,0.147
71,0.002,0.,0.002,0.158,0.,0.157
72,0.002,0.,0.002,0.152,0.001,0.15
73,0.002,0.,0.002,0.166,0.,0.166
74,0.002,0.,0.002,0.167,0.,0.167
75,0.002,0.,0.002,0.16,0.001,0.158
76,0.002,0.,0.002,0.165,0.,0.165
77,0.002,0.,0.002,0.171,0.001,0.169
78,0.002,0.,0.002,0.174,0.001,0.173
79,0.002,0.,0.002,0.177,0.,0.177
80,0.002,0.,0.002,0.188,0.,0.188
81,0.002,0.,0.002,0.189,0.,0.189
82,0.003,0.,0.003,0.193,0.,0.193
83,0.004,0.,0.004,0.195,0.,0.195
84,0.003,0.,0.003,0.22,0.,0.219
85,0.003,0.,0.003,0.215,0.,0.215
86,0.003,0.,0.003,0.233,0.001,0.231
87,0.003,0.,0.003,0.233,0.001,0.231
88,0.003,0.,0.003,0.241,0.,0.24
89,0.003,0.,0.003,0.241,0.002,0.238
90,0.003,0.,0.003,0.241,0.004,0.237
91,0.003,0.,0.003,0.238,0.,0.238
92,0.003,0.,0.003,0.254,0.,0.253
93,0.003,0.,0.003,0.25,0.,0.249
94,0.003,0.,0.003,0.255,0.,0.255
95,0.003,0.,0.003,0.264,0.,0.264
96,0.003,0.,0.003,0.283,0.,0.283
97,0.003,0.,0.003,0.287,0.,0.287
98,0.003,0.,0.003,0.295,0.,0.295
99,0.003,0.,0.003,0.296,0.,0.296
100,0.003,0.,0.003,0.299,0.,0.299
110,0.003,0.,0.003,0.633,0.01,0.623
120,0.004,0.,0.004,0.409,0.001,0.406
130,0.004,0.,0.004,0.525,0.002,0.522
140,0.005,0.,0.005,0.599,0.003,0.595
150,0.005,0.,0.005,0.657,0.001,0.655
160,0.005,0.,0.005,0.736,0.005,0.731
170,0.005,0.,0.005,0.883,0.003,0.879
180,0.006,0.,0.006,0.939,0.002,0.936
190,0.007,0.,0.007,1.085,0.,1.084
200,0.006,0.,0.006,1.17,0.,1.17
210,0.007,0.,0.007,1.341,0.001,1.34
220,0.007,0.,0.007,1.4,0.,1.399
230,0.007,0.,0.007,1.595,0.,1.595
240,0.008,0.,0.008,1.723,0.002,1.719
250,0.008,0.,0.008,1.86,0.008,1.851
260,0.008,0.,0.008,2.036,0.,2.036
270,0.009,0.,0.009,2.199,0.,2.198
280,0.009,0.,0.009,2.392,0.,2.391
290,0.009,0.,0.009,2.533,0.001,2.531
300,0.009,0.001,0.008,2.75,0.001,2.747
350,0.011,0.,0.011,3.773,0.001,3.772
400,0.013,0.,0.013,5.035,0.014,5.019
450,0.015,0.,0.015,6.415,0.01,6.404
500,0.015,0.,0.015,8.06,0.019,8.04