param-n,autorewrite-noop-regression-quadratic-real,autorewrite-noop-regression-quadratic-sys,autorewrite-noop-regression-quadratic-user,try-rewrite!-evar-noop-regression-quadratic-real,try-rewrite!-evar-noop-regression-quadratic-sys,try-rewrite!-evar-noop-regression-quadratic-user,try-rewrite!-noop-regression-quadratic-real,try-rewrite!-noop-regression-quadratic-sys,try-rewrite!-noop-regression-quadratic-user,try-rewrite-evar-noop-regression-quadratic-real,try-rewrite-evar-noop-regression-quadratic-sys,try-rewrite-evar-noop-regression-quadratic-user,try-rewrite-noop-regression-quadratic-real,try-rewrite-noop-regression-quadratic-sys,try-rewrite-noop-regression-quadratic-user,try-rewrite?-evar-noop-regression-quadratic-real,try-rewrite?-evar-noop-regression-quadratic-sys,try-rewrite?-evar-noop-regression-quadratic-user,try-rewrite?-noop-regression-quadratic-real,try-rewrite?-noop-regression-quadratic-sys,try-rewrite?-noop-regression-quadratic-user,try-ssr-rewrite!-evar-noop-regression-linear-real,try-ssr-rewrite!-evar-noop-regression-linear-sys,try-ssr-rewrite!-evar-noop-regression-linear-user,try-ssr-rewrite!-noop-regression-linear-real,try-ssr-rewrite!-noop-regression-linear-sys,try-ssr-rewrite!-noop-regression-linear-user,try-ssr-rewrite-evar-noop-regression-linear-real,try-ssr-rewrite-evar-noop-regression-linear-sys,try-ssr-rewrite-evar-noop-regression-linear-user,try-ssr-rewrite-noop-regression-linear-real,try-ssr-rewrite-noop-regression-linear-sys,try-ssr-rewrite-noop-regression-linear-user,try-ssr-rewrite?-evar-noop-regression-linear-real,try-ssr-rewrite?-evar-noop-regression-linear-sys,try-ssr-rewrite?-evar-noop-regression-linear-user,try-ssr-rewrite?-noop-regression-linear-real,try-ssr-rewrite?-noop-regression-linear-sys,try-ssr-rewrite?-noop-regression-linear-user
1,0.,0.,0.,0.,0.,0.,0.,0.,0.,0.,0.,0.,0.,0.,0.,0.,0.,0.,0.,0.,0.,0.,0.,0.,0.,0.,0.,0.,0.,0.,0.,0.,0.,0.,0.,0.,0.,0.,0.
2,0.,0.,0.,0.,0.,0.,0.,0.,0.,0.,0.,0.,0.,0.,0.,0.,0.,0.,0.,0.,0.,0.,0.,0.,0.,0.,0.,0.,0.,0.,0.,0.,0.,0.,0.,0.,0.,0.,0.
3,0.,0.,0.,0.,0.,0.,0.,0.,0.,0.,0.,0.,0.,0.,0.,0.,0.,0.,0.,0.,0.,0.,0.,0.,0.,0.,0.,0.,0.,0.,0.,0.,0.,0.,0.,0.,0.,0.,0.
4,0.,0.,0.,0.,0.,0.,0.,0.,0.,0.,0.,0.,0.,0.,0.,0.,0.,0.,0.,0.,0.,0.,0.,0.,0.,0.,0.,0.,0.,0.,0.,0.,0.,0.,0.,0.,0.,0.,0.
8,0.,0.,0.,0.,0.,0.,0.,0.,0.,0.,0.,0.,0.,0.,0.,0.,0.,0.,0.,0.,0.,0.,0.,0.,0.,0.,0.,0.,0.,0.,0.,0.,0.,0.,0.,0.,0.,0.,0.
12,0.,0.,0.,0.,0.,0.,0.,0.,0.,0.,0.,0.,0.,0.,0.,0.,0.,0.,0.,0.,0.,0.,0.,0.,0.,0.,0.,0.,0.,0.,0.,0.,0.,0.,0.,0.,0.,0.,0.
16,0.,0.,0.,0.,0.,0.,0.,0.,0.,0.,0.,0.,0.,0.,0.,0.,0.,0.,0.,0.,0.,0.,0.,0.,0.,0.,0.,0.,0.,0.,0.,0.,0.,0.,0.,0.,0.,0.,0.
20,0.,0.,0.,0.,0.,0.,0.,0.,0.,0.,0.,0.,0.,0.,0.,0.,0.,0.,0.,0.,0.,0.,0.,0.,0.,0.,0.,0.,0.,0.,0.,0.,0.,0.,0.,0.,0.,0.,0.
24,0.,0.,0.,0.,0.,0.,0.,0.,0.,0.,0.,0.,0.,0.,0.,0.,0.,0.,0.,0.,0.,0.,0.,0.,0.,0.,0.,0.,0.,0.,0.,0.,0.,0.,0.,0.,0.,0.,0.
28,0.,0.,0.,0.,0.,0.,0.,0.,0.,0.,0.,0.,0.,0.,0.,0.,0.,0.,0.,0.,0.,0.,0.,0.,0.,0.,0.,0.,0.,0.,0.,0.,0.,0.,0.,0.,0.,0.,0.
32,0.,0.,0.,0.,0.,0.,0.,0.,0.,0.,0.,0.,0.,0.,0.,0.,0.,0.,0.,0.,0.,0.,0.,0.,0.,0.,0.,0.,0.,0.,0.,0.,0.,0.,0.,0.,0.,0.,0.
36,0.,0.,0.,0.,0.,0.,0.,0.,0.,0.,0.,0.,0.,0.,0.,0.,0.,0.,0.,0.,0.,0.,0.,0.,0.,0.,0.,0.,0.,0.,0.,0.,0.,0.,0.,0.,0.,0.,0.
40,0.,0.,0.,0.,0.,0.,0.,0.,0.,0.,0.,0.,0.,0.,0.,0.,0.,0.,0.,0.,0.,0.,0.,0.,0.,0.,0.,0.,0.,0.,0.,0.,0.,0.,0.,0.,0.,0.,0.
44,0.,0.,0.,0.,0.,0.,0.,0.,0.,0.,0.,0.,0.,0.,0.,0.,0.,0.,0.,0.,0.,0.,0.,0.,0.,0.,0.,0.,0.,0.,0.,0.,0.,0.,0.,0.,0.,0.,0.
48,0.,0.,0.,0.,0.,0.,0.,0.,0.,0.,0.,0.,0.,0.,0.,0.,0.,0.,0.,0.,0.,0.,0.,0.,0.,0.,0.,0.,0.,0.,0.,0.,0.,0.,0.,0.,0.,0.,0.
50,0.,0.,0.,0.,0.,0.,0.,0.,0.,0.,0.,0.,0.,0.,0.,0.,0.,0.,0.,0.,0.,0.,0.,0.,0.,0.,0.,0.,0.,0.,0.,0.,0.,0.,0.,0.,0.,0.,0.
52,0.,0.,0.,0.,0.,0.,0.,0.,0.,0.,0.,0.,0.,0.,0.,0.,0.,0.,0.,0.,0.,0.,0.,0.,0.,0.,0.,0.,0.,0.,0.,0.,0.,0.,0.,0.,0.,0.,0.
56,0.,0.,0.,0.,0.,0.,0.,0.,0.,0.,0.,0.,0.,0.,0.,0.,0.,0.,0.,0.,0.,0.,0.,0.,0.,0.,0.,0.,0.,0.,0.,0.,0.,0.,0.,0.,0.,0.,0.
60,0.,0.,0.,0.,0.,0.,0.,0.,0.,0.,0.,0.,0.,0.,0.,0.,0.,0.,0.,0.,0.,0.,0.,0.,0.,0.,0.,0.,0.,0.,0.,0.,0.,0.,0.,0.,0.,0.,0.
64,0.,0.,0.,0.,0.,0.,0.,0.,0.,0.,0.,0.,0.,0.,0.,0.,0.,0.,0.,0.,0.,0.,0.,0.,0.,0.,0.,0.,0.,0.,0.,0.,0.,0.,0.,0.,0.,0.,0.
68,0.,0.,0.,0.,0.,0.,0.,0.,0.,0.,0.,0.,0.,0.,0.,0.,0.,0.,0.,0.,0.,0.,0.,0.,0.,0.,0.,0.,0.,0.,0.,0.,0.,0.,0.,0.,0.,0.,0.
72,0.,0.,0.,0.,0.,0.,0.,0.,0.,0.,0.,0.,0.,0.,0.,0.,0.,0.,0.,0.,0.,0.,0.,0.,0.,0.,0.,0.,0.,0.,0.,0.,0.,0.,0.,0.,0.008,0.,0.007
76,0.,0.,0.,0.,0.,0.,0.,0.,0.,0.,0.,0.,0.,0.,0.,0.,0.,0.,0.,0.,0.,0.,0.,0.,0.,0.,0.,0.,0.,0.,0.,0.,0.,0.,0.,0.,0.,0.,0.
80,0.,0.,0.,0.,0.,0.,0.,0.,0.,0.,0.,0.,0.,0.,0.,0.,0.,0.,0.,0.,0.,0.,0.,0.,0.,0.,0.,0.,0.,0.,0.,0.,0.,0.,0.,0.,0.,0.,0.
84,0.,0.,0.,0.001,0.,0.001,0.,0.,0.,0.001,0.,0.001,0.,0.,0.,0.001,0.,0.001,0.,0.,0.,0.,0.,0.,0.,0.,0.,0.,0.,0.,0.,0.,0.,0.,0.,0.,0.,0.,0.
88,0.,0.,0.,0.001,0.,0.001,0.,0.,0.,0.001,0.,0.001,0.,0.,0.,0.001,0.,0.001,0.,0.,0.,0.,0.,0.,0.,0.,0.,0.,0.,0.,0.,0.,0.,0.,0.,0.,0.,0.,0.
92,0.,0.,0.,0.001,0.,0.001,0.,0.,0.,0.001,0.,0.001,0.,0.,0.,0.001,0.,0.001,0.,0.,0.,0.,0.,0.,0.,0.,0.,0.,0.,0.,0.,0.,0.,0.,0.,0.,0.,0.,0.
96,0.,0.,0.,0.001,0.,0.001,0.007,0.,0.007,0.001,0.,0.001,0.,0.,0.,0.001,0.,0.001,0.,0.,0.,0.,0.,0.,0.,0.,0.,0.,0.,0.,0.,0.,0.,0.,0.,0.,0.,0.,0.
100,0.001,0.,0.001,0.001,0.,0.001,0.,0.,0.,0.001,0.,0.,0.,0.,0.,0.001,0.,0.001,0.001,0.,0.,0.,0.,0.,0.,0.,0.,0.,0.,0.,0.,0.,0.,0.,0.,0.,0.,0.,0.
104,0.,0.,0.,0.001,0.,0.001,0.,0.,0.,0.001,0.,0.001,0.,0.,0.,0.001,0.,0.001,0.,0.,0.,0.,0.,0.,0.,0.,0.,0.,0.,0.,0.,0.,0.,0.,0.,0.,0.,0.,0.
108,0.,0.,0.,0.001,0.,0.001,0.,0.,0.,0.001,0.,0.001,0.,0.,0.,0.001,0.,0.001,0.,0.,0.,0.,0.,0.,0.,0.,0.,0.,0.,0.,0.,0.,0.,0.,0.,0.,0.,0.,0.
112,0.,0.,0.,0.001,0.,0.001,0.,0.,0.,0.001,0.,0.001,0.,0.,0.,0.001,0.,0.001,0.,0.,0.,0.,0.,0.,0.,0.,0.,0.,0.,0.,0.,0.,0.,0.,0.,0.,0.,0.,0.
116,0.,0.,0.,0.001,0.,0.001,0.,0.,0.,0.001,0.,0.001,0.,0.,0.,0.001,0.,0.001,0.,0.,0.,0.,0.,0.,0.,0.,0.,0.,0.,0.,0.,0.,0.,0.,0.,0.,0.,0.,0.
120,0.,0.,0.,0.001,0.,0.001,0.,0.,0.,0.001,0.,0.001,0.,0.,0.,0.001,0.,0.001,0.,0.,0.,0.,0.,0.,0.,0.,0.,0.,0.,0.,0.,0.,0.,0.,0.,0.,0.,0.,0.
124,0.,0.,0.,0.001,0.,0.001,0.,0.,0.,0.001,0.,0.001,0.,0.,0.,0.001,0.,0.001,0.,0.,0.,0.,0.,0.,0.,0.,0.,0.,0.,0.,0.,0.,0.,0.,0.,0.,0.,0.,0.
128,0.,0.,0.,0.001,0.,0.001,0.,0.,0.,0.001,0.,0.001,0.,0.,0.,0.001,0.,0.001,0.,0.,0.,0.,0.,0.,0.,0.,0.,0.,0.,0.,0.,0.,0.,0.,0.,0.,0.,0.,0.
132,0.,0.,0.,0.001,0.,0.001,0.,0.,0.,0.009,0.,0.009,0.,0.,0.,0.001,0.,0.001,0.,0.,0.,0.,0.,0.,0.,0.,0.,0.,0.,0.,0.,0.,0.,0.,0.,0.,0.,0.,0.
136,0.,0.,0.,0.001,0.,0.001,0.,0.,0.,0.001,0.,0.001,0.,0.,0.,0.001,0.,0.001,0.,0.,0.,0.,0.,0.,0.,0.,0.,0.,0.,0.,0.,0.,0.,0.,0.,0.,0.,0.,0.
140,0.,0.,0.,0.001,0.,0.001,0.,0.,0.,0.001,0.,0.001,0.,0.,0.,0.001,0.,0.001,0.,0.,0.,0.,0.,0.,0.,0.,0.,0.,0.,0.,0.,0.,0.,0.,0.,0.,0.,0.,0.
144,0.001,0.,0.001,0.001,0.,0.001,0.001,0.,0.001,0.001,0.,0.001,0.,0.,0.,0.001,0.,0.001,0.001,0.,0.001,0.,0.,0.,0.,0.,0.,0.,0.,0.,0.,0.,0.,0.,0.,0.,0.,0.,0.
148,0.001,0.,0.001,0.001,0.,0.001,0.001,0.,0.001,0.001,0.,0.001,0.001,0.,0.001,0.001,0.,0.001,0.001,0.,0.001,0.,0.,0.,0.,0.,0.,0.,0.,0.,0.,0.,0.,0.,0.,0.,0.,0.,0.
150,0.001,0.,0.001,0.002,0.,0.002,0.001,0.,0.,0.002,0.,0.002,0.001,0.,0.001,0.002,0.,0.002,0.001,0.,0.001,0.,0.,0.,0.,0.,0.,0.,0.,0.,0.,0.,0.,0.,0.,0.,0.,0.,0.
152,0.001,0.,0.001,0.001,0.,0.001,0.001,0.,0.001,0.001,0.,0.001,0.001,0.,0.001,0.001,0.,0.001,0.001,0.,0.001,0.,0.,0.,0.,0.,0.,0.,0.,0.,0.,0.,0.,0.,0.,0.,0.,0.,0.
156,0.001,0.,0.001,0.002,0.,0.002,0.001,0.,0.001,0.002,0.,0.002,0.001,0.,0.001,0.002,0.,0.002,0.001,0.,0.001,0.,0.,0.,0.,0.,0.,0.,0.,0.,0.,0.,0.,0.,0.,0.,0.,0.,0.
160,0.001,0.,0.001,0.002,0.,0.002,0.001,0.,0.001,0.002,0.,0.002,0.001,0.,0.001,0.002,0.,0.002,0.001,0.,0.001,0.,0.,0.,0.,0.,0.,0.,0.,0.,0.,0.,0.,0.,0.,0.,0.,0.,0.
164,0.001,0.,0.001,0.002,0.,0.002,0.001,0.,0.001,0.002,0.,0.002,0.001,0.,0.001,0.002,0.,0.002,0.001,0.,0.001,0.,0.,0.,0.,0.,0.,0.,0.,0.,0.,0.,0.,0.,0.,0.,0.,0.,0.
168,0.001,0.,0.001,0.002,0.,0.002,0.001,0.,0.001,0.002,0.,0.002,0.001,0.,0.001,0.002,0.,0.002,0.001,0.,0.,0.,0.,0.,0.,0.,0.,0.,0.,0.,0.,0.,0.,0.,0.,0.,0.,0.,0.
172,0.001,0.,0.001,0.083,0.,0.083,0.001,0.,0.001,0.002,0.,0.002,0.001,0.,0.001,0.002,0.,0.002,0.001,0.,0.001,0.,0.,0.,0.,0.,0.,0.,0.,0.,0.,0.,0.,0.,0.,0.,0.,0.,0.
176,0.001,0.,0.001,0.002,0.,0.002,0.001,0.,0.001,0.002,0.,0.002,0.001,0.,0.001,0.002,0.,0.002,0.001,0.,0.001,0.,0.,0.,0.,0.,0.,0.,0.,0.,0.,0.,0.,0.,0.,0.,0.,0.,0.
180,0.001,0.,0.001,0.002,0.,0.002,0.001,0.,0.001,0.002,0.,0.002,0.001,0.,0.001,0.002,0.,0.002,0.001,0.,0.001,0.,0.,0.,0.,0.,0.,0.,0.,0.,0.,0.,0.,0.,0.,0.,0.,0.,0.
184,0.001,0.,0.001,0.002,0.,0.002,0.001,0.,0.001,0.002,0.,0.002,0.001,0.,0.001,0.002,0.,0.002,0.001,0.,0.001,0.,0.,0.,0.,0.,0.,0.,0.,0.,0.,0.,0.,0.,0.,0.,0.,0.,0.
188,0.001,0.,0.001,0.002,0.,0.002,0.001,0.,0.001,0.002,0.,0.002,0.001,0.,0.001,0.002,0.,0.002,0.001,0.,0.001,0.,0.,0.,0.,0.,0.,0.,0.,0.,0.,0.,0.,0.,0.,0.,0.,0.,0.
192,0.001,0.,0.001,0.002,0.,0.002,0.001,0.,0.001,0.002,0.,0.002,0.001,0.,0.001,0.002,0.,0.002,0.001,0.,0.001,0.,0.,0.,0.,0.,0.,0.,0.,0.,0.,0.,0.,0.,0.,0.,0.,0.,0.
196,0.028,0.,0.028,0.002,0.,0.002,0.001,0.,0.001,0.002,0.,0.002,0.001,0.,0.001,0.002,0.,0.002,0.001,0.,0.001,0.,0.,0.,0.,0.,0.,0.,0.,0.,0.,0.,0.,0.,0.,0.,0.,0.,0.
200,0.001,0.,0.001,0.036,0.001,0.034,0.001,0.001,0.,0.002,0.,0.002,0.001,0.,0.001,0.002,0.,0.002,0.001,0.,0.001,0.,0.,0.,0.,0.,0.,0.,0.,0.,0.,0.,0.,0.,0.,0.,0.,0.,0.
204,0.001,0.,0.001,0.002,0.,0.002,0.001,0.,0.001,0.002,0.,0.002,0.001,0.,0.001,0.002,0.,0.002,0.001,0.,0.001,0.,0.,0.,0.,0.,0.,0.,0.,0.,0.,0.,0.,0.,0.,0.,0.,0.,0.
208,0.001,0.,0.001,0.003,0.,0.003,0.001,0.,0.001,0.002,0.,0.002,0.001,0.,0.001,0.002,0.,0.002,0.001,0.,0.001,0.,0.,0.,0.,0.,0.,0.,0.,0.,0.,0.,0.,0.,0.,0.,0.,0.,0.
212,0.001,0.,0.001,0.002,0.,0.002,0.001,0.,0.001,0.002,0.,0.002,0.001,0.,0.001,0.002,0.,0.002,0.001,0.,0.001,0.,0.,0.,0.,0.,0.,0.,0.,0.,0.,0.,0.,0.,0.,0.,0.,0.,0.
216,0.001,0.,0.001,0.002,0.,0.002,0.001,0.,0.001,0.002,0.,0.002,0.001,0.,0.001,0.002,0.,0.002,0.001,0.,0.001,0.,0.,0.,0.,0.,0.,0.,0.,0.,0.,0.,0.,0.,0.,0.,0.,0.,0.
220,0.001,0.,0.001,0.002,0.,0.002,0.001,0.,0.001,0.002,0.,0.002,0.001,0.,0.001,0.002,0.,0.002,0.001,0.,0.001,0.,0.,0.,0.,0.,0.,0.,0.,0.,0.,0.,0.,0.,0.,0.,0.,0.,0.
224,0.001,0.,0.001,0.003,0.,0.003,0.001,0.,0.001,0.003,0.,0.003,0.001,0.,0.001,0.003,0.,0.003,0.001,0.,0.001,0.,0.,0.,0.,0.,0.,0.,0.,0.,0.,0.,0.,0.,0.,0.,0.,0.,0.
228,0.001,0.,0.001,0.003,0.,0.003,0.001,0.,0.001,0.003,0.,0.003,0.001,0.,0.001,0.003,0.,0.003,0.001,0.,0.001,0.,0.,0.,0.,0.,0.,0.,0.,0.,0.,0.,0.,0.,0.,0.,0.,0.,0.
232,0.001,0.,0.001,0.003,0.,0.003,0.001,0.,0.001,0.003,0.,0.003,0.001,0.,0.001,0.003,0.,0.003,0.001,0.,0.001,0.,0.,0.,0.,0.,0.,0.,0.,0.,0.,0.,0.,0.,0.,0.,0.,0.,0.
236,0.001,0.,0.001,0.003,0.,0.003,0.001,0.,0.001,0.003,0.,0.003,0.001,0.,0.001,0.003,0.,0.003,0.001,0.,0.001,0.,0.,0.,0.,0.,0.,0.,0.,0.,0.,0.,0.,0.,0.,0.,0.,0.,0.
240,0.001,0.,0.001,0.003,0.,0.003,0.001,0.,0.001,0.003,0.,0.003,0.001,0.,0.001,0.003,0.,0.003,0.001,0.,0.001,0.,0.,0.,0.,0.,0.,0.,0.,0.,0.,0.,0.,0.,0.,0.,0.,0.,0.
244,0.001,0.,0.001,0.003,0.,0.003,0.001,0.,0.001,0.003,0.,0.003,0.001,0.,0.001,0.003,0.,0.003,0.001,0.,0.001,0.,0.,0.,0.,0.,0.,0.,0.,0.,0.,0.,0.,0.,0.,0.,0.,0.,0.
248,0.001,0.,0.001,0.003,0.,0.003,0.001,0.,0.001,0.003,0.,0.003,0.001,0.,0.001,0.003,0.,0.003,0.001,0.,0.001,0.,0.,0.,0.,0.,0.,0.,0.,0.,0.,0.,0.,0.,0.,0.,0.,0.,0.
250,0.001,0.,0.001,0.003,0.,0.003,0.001,0.,0.001,0.003,0.,0.003,0.001,0.,0.001,0.003,0.,0.003,0.001,0.,0.001,0.,0.,0.,0.,0.,0.,0.,0.,0.,0.,0.,0.,0.,0.,0.,0.,0.,0.
252,0.001,0.,0.001,0.003,0.,0.003,0.001,0.,0.001,0.01,0.,0.01,0.001,0.,0.001,0.003,0.,0.003,0.001,0.,0.001,0.,0.,0.,0.,0.,0.,0.,0.,0.,0.,0.,0.,0.,0.,0.,0.,0.,0.
256,0.001,0.,0.001,0.003,0.,0.003,0.001,0.,0.001,0.003,0.,0.003,0.001,0.,0.001,0.003,0.,0.003,0.001,0.,0.001,0.,0.,0.,0.,0.,0.,0.,0.,0.,0.,0.,0.,0.,0.,0.,0.,0.,0.
260,0.001,0.,0.001,0.003,0.,0.003,0.001,0.,0.001,0.004,0.,0.004,0.001,0.,0.,0.003,0.,0.003,0.001,0.,0.001,0.,0.,0.,0.,0.,0.,0.,0.,0.,0.,0.,0.,0.,0.,0.,0.,0.,0.
264,0.001,0.,0.001,0.003,0.,0.003,0.001,0.,0.001,0.003,0.,0.003,0.001,0.,0.001,0.003,0.,0.003,0.001,0.,0.001,0.,0.,0.,0.,0.,0.,0.,0.,0.,0.,0.,0.,0.,0.,0.,0.,0.,0.
268,0.001,0.,0.001,0.011,0.,0.011,0.001,0.,0.001,0.003,0.,0.003,0.001,0.,0.001,0.003,0.,0.003,0.001,0.,0.001,0.,0.,0.,0.,0.,0.,0.,0.,0.,0.,0.,0.,0.,0.,0.,0.,0.,0.
272,0.001,0.,0.001,0.003,0.,0.003,0.001,0.,0.001,0.003,0.,0.003,0.001,0.,0.001,0.003,0.,0.003,0.001,0.,0.001,0.,0.,0.,0.,0.,0.,0.,0.,0.,0.,0.,0.,0.,0.,0.,0.,0.,0.
276,0.001,0.,0.001,0.004,0.,0.004,0.001,0.,0.001,0.004,0.,0.004,0.001,0.,0.001,0.004,0.,0.004,0.001,0.,0.001,0.,0.,0.,0.,0.,0.,0.,0.,0.,0.,0.,0.,0.,0.,0.,0.,0.,0.
280,0.001,0.,0.001,0.004,0.,0.004,0.001,0.,0.001,0.004,0.,0.004,0.001,0.,0.001,0.004,0.,0.004,0.001,0.,0.001,0.,0.,0.,0.,0.,0.,0.,0.,0.,0.,0.,0.,0.,0.,0.,0.,0.,0.
284,0.001,0.,0.001,0.004,0.,0.004,0.001,0.,0.001,0.004,0.,0.004,0.002,0.,0.002,0.004,0.,0.004,0.001,0.,0.001,0.,0.,0.,0.,0.,0.,0.,0.,0.,0.,0.,0.,0.,0.,0.,0.,0.,0.
288,0.001,0.,0.001,0.004,0.,0.004,0.001,0.,0.001,0.004,0.,0.004,0.001,0.,0.001,0.004,0.,0.004,0.001,0.,0.001,0.,0.,0.,0.,0.,0.,0.,0.,0.,0.,0.,0.,0.,0.,0.,0.,0.,0.
292,0.081,0.,0.081,0.004,0.,0.004,0.001,0.,0.001,0.004,0.,0.004,0.001,0.,0.001,0.004,0.,0.004,0.001,0.,0.001,0.,0.,0.,0.,0.,0.,0.,0.,0.,0.,0.,0.,0.,0.,0.,0.,0.,0.
296,0.001,0.,0.001,0.004,0.,0.004,0.001,0.,0.001,0.004,0.,0.004,0.001,0.,0.001,0.004,0.,0.004,0.001,0.,0.001,0.,0.,0.,0.,0.,0.,0.,0.,0.,0.,0.,0.,0.,0.,0.,0.,0.,0.
300,0.001,0.,0.001,0.018,0.,0.018,0.001,0.,0.001,0.004,0.,0.004,0.001,0.,0.001,0.004,0.,0.004,0.001,0.,0.001,0.,0.,0.,0.,0.,0.,0.,0.,0.,0.,0.,0.,0.,0.,0.,0.,0.,0.
304,0.002,0.,0.002,0.004,0.,0.004,0.002,0.,0.002,0.004,0.,0.004,0.002,0.,0.002,0.004,0.,0.004,0.002,0.,0.002,0.,0.,0.,0.,0.,0.,0.,0.,0.,0.,0.,0.,0.,0.,0.,0.,0.,0.
308,0.002,0.,0.002,0.032,0.,0.032,0.002,0.,0.002,0.004,0.,0.004,0.002,0.,0.002,0.004,0.,0.004,0.002,0.,0.002,0.,0.,0.,0.,0.,0.,0.,0.,0.,0.,0.,0.,0.,0.,0.,0.,0.,0.
312,0.002,0.,0.002,0.004,0.,0.004,0.002,0.,0.002,0.004,0.,0.004,0.002,0.,0.002,0.004,0.,0.004,0.002,0.,0.002,0.,0.,0.,0.,0.,0.,0.,0.,0.,0.,0.,0.,0.,0.,0.,0.,0.,0.
316,0.002,0.,0.002,0.004,0.,0.004,0.002,0.,0.002,0.004,0.,0.004,0.002,0.,0.002,0.004,0.,0.004,0.002,0.,0.002,0.,0.,0.,0.,0.,0.,0.,0.,0.,0.,0.,0.,0.,0.,0.,0.,0.,0.
320,0.002,0.,0.002,0.004,0.,0.004,0.002,0.,0.002,0.004,0.,0.004,0.002,0.,0.002,0.014,0.,0.014,0.002,0.,0.002,0.,0.,0.,0.,0.,0.,0.,0.,0.,0.,0.,0.,0.,0.,0.,0.,0.,0.
324,0.002,0.,0.002,0.004,0.,0.004,0.002,0.,0.002,0.005,0.,0.005,0.002,0.,0.002,0.004,0.,0.004,0.002,0.,0.002,0.,0.,0.,0.,0.,0.,0.,0.,0.,0.,0.,0.,0.,0.,0.,0.,0.,0.
328,0.002,0.,0.002,0.004,0.,0.004,0.002,0.,0.002,0.004,0.,0.003,0.002,0.,0.002,0.004,0.,0.004,0.002,0.,0.002,0.,0.,0.,0.,0.,0.,0.,0.,0.,0.,0.,0.,0.,0.,0.,0.,0.,0.
332,0.002,0.,0.002,0.005,0.,0.005,0.002,0.,0.002,0.005,0.,0.005,0.002,0.,0.002,0.005,0.,0.005,0.002,0.,0.002,0.,0.,0.,0.,0.,0.,0.,0.,0.,0.,0.,0.,0.,0.,0.,0.,0.,0.
336,0.002,0.,0.002,0.005,0.,0.005,0.002,0.,0.001,0.005,0.,0.005,0.002,0.,0.002,0.005,0.,0.005,0.002,0.,0.002,0.,0.,0.,0.,0.,0.,0.,0.,0.,0.,0.,0.,0.,0.,0.,0.,0.,0.
340,0.002,0.,0.002,0.005,0.,0.005,0.002,0.,0.002,0.005,0.,0.005,0.002,0.,0.002,0.005,0.,0.005,0.002,0.,0.002,0.,0.,0.,0.,0.,0.,0.,0.,0.,0.,0.,0.,0.,0.,0.,0.,0.,0.
344,0.002,0.,0.002,0.005,0.,0.005,0.002,0.,0.002,0.005,0.,0.005,0.002,0.,0.002,0.005,0.,0.005,0.002,0.,0.002,0.,0.,0.,0.,0.,0.,0.,0.,0.,0.,0.,0.,0.,0.,0.,0.,0.,0.
348,0.005,0.,0.005,0.005,0.,0.005,0.002,0.,0.002,0.005,0.,0.005,0.002,0.,0.002,0.005,0.,0.005,0.002,0.,0.002,0.,0.,0.,0.,0.,0.,0.,0.,0.,0.,0.,0.,0.,0.,0.,0.,0.,0.
350,0.002,0.,0.002,0.005,0.,0.005,0.002,0.,0.002,0.005,0.,0.005,0.002,0.,0.002,0.005,0.,0.005,0.002,0.,0.002,0.,0.,0.,0.,0.,0.,0.,0.,0.,0.,0.,0.,0.,0.,0.,0.,0.,0.
352,0.002,0.,0.002,0.005,0.,0.005,0.002,0.,0.002,0.005,0.,0.005,0.002,0.,0.002,0.005,0.,0.005,0.002,0.,0.002,0.,0.,0.,0.,0.,0.,0.,0.,0.,0.,0.,0.,0.,0.,0.,0.,0.,0.
356,0.002,0.,0.002,0.005,0.,0.005,0.002,0.,0.002,0.005,0.,0.005,0.002,0.,0.002,0.005,0.,0.005,0.002,0.,0.002,0.,0.,0.,0.,0.,0.,0.,0.,0.,0.,0.,0.,0.,0.,0.,0.,0.,0.
360,0.002,0.,0.002,0.005,0.,0.005,0.002,0.,0.002,0.005,0.,0.005,0.002,0.,0.002,0.005,0.,0.005,0.002,0.,0.002,0.,0.,0.,0.,0.,0.,0.,0.,0.,0.,0.,0.,0.,0.,0.,0.,0.,0.
364,0.002,0.,0.002,0.005,0.,0.005,0.002,0.,0.002,0.005,0.,0.005,0.002,0.,0.002,0.005,0.,0.005,0.002,0.,0.002,0.,0.,0.,0.,0.,0.,0.,0.,0.,0.,0.,0.,0.,0.,0.,0.,0.,0.
368,0.002,0.,0.002,0.005,0.,0.005,0.002,0.,0.002,0.006,0.,0.006,0.002,0.,0.002,0.006,0.,0.006,0.002,0.,0.002,0.,0.,0.,0.,0.,0.,0.,0.,0.,0.,0.,0.,0.,0.,0.,0.,0.,0.
372,0.002,0.,0.002,0.006,0.,0.006,0.002,0.,0.002,0.006,0.,0.006,0.002,0.,0.002,0.006,0.,0.006,0.002,0.,0.002,0.,0.,0.,0.,0.,0.,0.,0.,0.,0.,0.,0.,0.,0.,0.,0.,0.,0.
376,0.002,0.,0.002,0.006,0.,0.006,0.002,0.,0.002,0.006,0.,0.006,0.002,0.,0.002,0.006,0.,0.006,0.002,0.,0.002,0.,0.,0.,0.,0.,0.,0.,0.,0.,0.,0.,0.,0.,0.,0.,0.,0.,0.
380,0.002,0.,0.002,0.006,0.,0.006,0.002,0.,0.002,0.006,0.,0.006,0.002,0.,0.002,0.006,0.,0.006,0.002,0.,0.002,0.,0.,0.,0.,0.,0.,0.,0.,0.,0.,0.,0.,0.,0.,0.,0.,0.,0.
384,0.002,0.,0.002,0.006,0.,0.006,0.002,0.,0.002,0.006,0.,0.006,0.002,0.,0.002,0.006,0.,0.006,0.002,0.,0.002,0.,0.,0.,0.,0.,0.,0.,0.,0.,0.,0.,0.,0.,0.,0.,0.,0.,0.
388,0.002,0.,0.002,0.006,0.,0.006,0.002,0.,0.002,0.006,0.,0.006,0.002,0.,0.002,0.006,0.,0.006,0.002,0.,0.002,0.,0.,0.,0.,0.,0.,0.,0.,0.,0.,0.,0.,0.,0.,0.,0.,0.,0.
392,0.002,0.,0.002,0.006,0.,0.006,0.002,0.,0.002,0.006,0.,0.006,0.002,0.,0.002,0.006,0.,0.006,0.002,0.,0.002,0.,0.,0.,0.,0.,0.,0.,0.,0.,0.,0.,0.,0.,0.,0.,0.,0.,0.
396,0.002,0.,0.002,0.006,0.,0.006,0.002,0.,0.002,0.006,0.,0.006,0.002,0.,0.002,0.006,0.,0.006,0.002,0.,0.002,0.,0.,0.,0.,0.,0.,0.,0.,0.,0.,0.,0.,0.,0.,0.,0.,0.,0.
400,0.002,0.,0.002,0.006,0.,0.006,0.002,0.,0.002,0.006,0.,0.006,0.002,0.,0.002,0.006,0.,0.006,0.002,0.,0.002,0.,0.,0.,0.,0.,0.,0.,0.,0.,0.,0.,0.,0.,0.,0.,0.,0.,0.
404,0.002,0.,0.002,0.006,0.,0.006,0.002,0.,0.002,0.006,0.,0.006,0.002,0.,0.002,0.006,0.,0.006,0.002,0.,0.002,0.,0.,0.,0.,0.,0.,0.,0.,0.,0.,0.,0.,0.,0.,0.,0.,0.,0.
408,0.002,0.,0.002,0.007,0.,0.007,0.002,0.,0.002,0.006,0.,0.006,0.002,0.,0.002,0.007,0.,0.007,0.002,0.,0.002,0.,0.,0.,0.,0.,0.,0.,0.,0.,0.,0.,0.,0.,0.,0.,0.,0.,0.
412,0.002,0.,0.002,0.006,0.,0.006,0.003,0.,0.003,0.006,0.,0.006,0.002,0.,0.002,0.006,0.,0.006,0.002,0.,0.002,0.,0.,0.,0.,0.,0.,0.,0.,0.,0.,0.,0.,0.,0.,0.,0.,0.,0.
416,0.002,0.,0.002,0.007,0.,0.007,0.002,0.,0.002,0.007,0.,0.007,0.002,0.,0.002,0.006,0.,0.006,0.002,0.,0.002,0.,0.,0.,0.,0.,0.,0.,0.,0.,0.,0.,0.,0.,0.,0.,0.,0.,0.
420,0.002,0.,0.002,0.007,0.,0.007,0.002,0.,0.002,0.007,0.,0.007,0.002,0.,0.002,0.007,0.,0.007,0.002,0.,0.002,0.,0.,0.,0.,0.,0.,0.,0.,0.,0.,0.,0.,0.,0.,0.,0.,0.,0.
424,0.002,0.,0.002,0.007,0.,0.007,0.002,0.,0.002,0.007,0.,0.007,0.002,0.,0.002,0.007,0.,0.007,0.002,0.,0.002,0.,0.,0.,0.,0.,0.,0.,0.,0.,0.,0.,0.,0.,0.,0.,0.,0.,0.
428,0.002,0.,0.002,0.007,0.,0.007,0.002,0.,0.002,0.007,0.,0.007,0.002,0.,0.002,0.007,0.,0.007,0.002,0.,0.002,0.,0.,0.,0.,0.,0.,0.,0.,0.,0.,0.,0.,0.,0.,0.,0.,0.,0.
432,0.002,0.,0.002,0.007,0.,0.007,0.003,0.,0.003,0.007,0.,0.007,0.002,0.,0.002,0.008,0.,0.008,0.002,0.,0.002,0.,0.,0.,0.,0.,0.,0.,0.,0.,0.,0.,0.,0.,0.,0.,0.,0.,0.
436,0.002,0.,0.002,0.007,0.,0.007,0.002,0.,0.002,0.007,0.,0.007,0.002,0.,0.002,0.007,0.,0.007,0.003,0.,0.003,0.,0.,0.,0.,0.,0.,0.,0.,0.,0.,0.,0.,0.,0.,0.,0.,0.,0.
440,0.002,0.,0.002,0.007,0.,0.007,0.002,0.,0.002,0.007,0.,0.007,0.002,0.,0.002,0.007,0.,0.007,0.002,0.,0.002,0.,0.,0.,0.,0.,0.,0.,0.,0.,0.,0.,0.,0.,0.,0.,0.,0.,0.
444,0.002,0.,0.002,0.007,0.,0.007,0.002,0.,0.002,0.007,0.,0.007,0.002,0.,0.002,0.007,0.,0.007,0.002,0.,0.002,0.,0.,0.,0.,0.,0.,0.,0.,0.,0.,0.,0.,0.,0.,0.,0.,0.,0.
448,0.002,0.,0.002,0.007,0.,0.007,0.002,0.,0.002,0.007,0.,0.007,0.003,0.,0.003,0.007,0.,0.007,0.002,0.,0.002,0.,0.,0.,0.,0.,0.,0.,0.,0.,0.,0.,0.,0.,0.,0.,0.,0.,0.
452,0.002,0.,0.002,0.008,0.,0.008,0.003,0.,0.003,0.008,0.,0.008,0.003,0.,0.003,0.007,0.,0.007,0.002,0.,0.002,0.,0.,0.,0.,0.,0.,0.,0.,0.,0.,0.,0.,0.,0.,0.,0.,0.,0.
456,0.003,0.,0.003,0.007,0.,0.007,0.002,0.,0.002,0.007,0.,0.007,0.002,0.,0.002,0.007,0.,0.007,0.003,0.,0.003,0.,0.,0.,0.,0.,0.,0.,0.,0.,0.,0.,0.,0.,0.,0.,0.,0.,0.
460,0.002,0.,0.002,0.007,0.,0.007,0.003,0.,0.003,0.007,0.,0.007,0.003,0.,0.003,0.007,0.,0.007,0.003,0.,0.003,0.,0.,0.,0.,0.,0.,0.,0.,0.,0.,0.,0.,0.,0.,0.,0.,0.,0.
464,0.003,0.,0.003,0.008,0.,0.008,0.003,0.,0.003,0.008,0.,0.008,0.003,0.,0.003,0.008,0.,0.008,0.003,0.,0.003,0.,0.,0.,0.,0.,0.,0.,0.,0.,0.,0.,0.,0.,0.,0.,0.,0.,0.
468,0.003,0.,0.003,0.007,0.,0.007,0.003,0.,0.003,0.007,0.,0.007,0.003,0.,0.003,0.007,0.,0.007,0.003,0.,0.003,0.,0.,0.,0.,0.,0.,0.,0.,0.,0.,0.,0.,0.,0.,0.,0.,0.,0.
472,0.003,0.,0.003,0.008,0.,0.008,0.003,0.,0.003,0.008,0.,0.008,0.003,0.,0.003,0.008,0.,0.008,0.003,0.,0.003,0.,0.,0.,0.,0.,0.,0.,0.,0.,0.,0.,0.,0.,0.,0.,0.,0.,0.
476,0.003,0.,0.003,0.008,0.,0.008,0.003,0.,0.003,0.008,0.,0.008,0.003,0.,0.003,0.008,0.,0.008,0.003,0.,0.003,0.,0.,0.,0.,0.,0.,0.,0.,0.,0.,0.,0.,0.,0.,0.,0.,0.,0.
480,0.003,0.,0.003,0.008,0.,0.008,0.003,0.,0.003,0.008,0.,0.008,0.003,0.,0.003,0.008,0.,0.008,0.003,0.,0.003,0.,0.,0.,0.,0.,0.,0.,0.,0.,0.,0.,0.,0.,0.,0.,0.,0.,0.
484,0.003,0.,0.003,0.008,0.,0.008,0.003,0.,0.003,0.008,0.,0.008,0.003,0.,0.003,0.008,0.,0.008,0.003,0.,0.003,0.,0.,0.,0.,0.,0.,0.,0.,0.,0.,0.,0.,0.,0.,0.,0.,0.,0.
488,0.003,0.,0.003,0.008,0.,0.008,0.003,0.,0.003,0.008,0.,0.008,0.003,0.,0.003,0.008,0.,0.008,0.003,0.,0.003,0.,0.,0.,0.,0.,0.,0.,0.,0.,0.,0.,0.,0.,0.,0.,0.,0.,0.
492,0.003,0.,0.003,0.008,0.,0.008,0.003,0.,0.003,0.008,0.,0.008,0.003,0.,0.003,0.008,0.,0.008,0.003,0.,0.003,0.,0.,0.,0.,0.,0.,0.,0.,0.,0.,0.,0.,0.,0.,0.,0.,0.,0.
496,0.003,0.,0.003,0.008,0.,0.008,0.003,0.,0.003,0.009,0.,0.009,0.003,0.,0.003,0.009,0.,0.009,0.003,0.,0.003,0.,0.,0.,0.,0.,0.,0.,0.,0.,0.,0.,0.,0.,0.,0.,0.,0.,0.
500,0.003,0.,0.003,0.009,0.,0.009,0.003,0.,0.003,0.008,0.,0.008,0.003,0.,0.003,0.009,0.,0.009,0.003,0.,0.003,0.,0.,0.,0.,0.,0.,0.,0.,0.,0.,0.,0.,0.,0.,0.,0.,0.,0.
504,0.003,0.,0.003,0.009,0.,0.009,0.003,0.,0.003,0.009,0.,0.009,0.003,0.,0.003,0.009,0.,0.009,0.003,0.,0.003,0.,0.,0.,0.,0.,0.,0.,0.,0.,0.,0.,0.,0.,0.,0.,0.,0.,0.
508,0.003,0.,0.003,0.009,0.,0.009,0.003,0.,0.003,0.009,0.,0.009,0.003,0.,0.003,0.009,0.,0.009,0.003,0.,0.003,0.,0.,0.,0.,0.,0.,0.,0.,0.,0.,0.,0.,0.,0.,0.,0.,0.,0.
512,0.003,0.,0.003,0.009,0.,0.009,0.003,0.,0.003,0.009,0.,0.009,0.003,0.,0.003,0.009,0.,0.009,0.003,0.,0.003,0.,0.,0.,0.,0.,0.,0.,0.,0.,0.,0.,0.,0.,0.,0.,0.,0.,0.
516,0.003,0.,0.003,0.009,0.,0.009,0.003,0.,0.003,0.009,0.,0.009,0.003,0.,0.003,0.009,0.,0.009,0.003,0.,0.003,0.,0.,0.,0.,0.,0.,0.,0.,0.,0.,0.,0.,0.,0.,0.,0.,0.,0.
520,0.003,0.,0.003,0.009,0.,0.009,0.003,0.,0.003,0.009,0.,0.009,0.003,0.,0.003,0.009,0.,0.009,0.003,0.,0.003,0.,0.,0.,0.,0.,0.,0.,0.,0.,0.,0.,0.,0.,0.,0.,0.,0.,0.
524,0.003,0.,0.003,0.009,0.,0.009,0.003,0.,0.003,0.009,0.,0.009,0.003,0.,0.003,0.009,0.,0.009,0.003,0.,0.003,0.,0.,0.,0.,0.,0.,0.,0.,0.,0.,0.,0.,0.,0.,0.,0.,0.,0.
528,0.003,0.,0.003,0.009,0.,0.009,0.003,0.,0.003,0.01,0.,0.01,0.003,0.,0.003,0.01,0.,0.01,0.003,0.,0.003,0.,0.,0.,0.,0.,0.,0.,0.,0.,0.,0.,0.,0.,0.,0.,0.,0.,0.
532,0.003,0.,0.003,0.01,0.,0.01,0.003,0.,0.003,0.01,0.,0.01,0.003,0.,0.003,0.01,0.,0.01,0.003,0.,0.003,0.,0.,0.,0.,0.,0.,0.,0.,0.,0.,0.,0.,0.,0.,0.,0.,0.,0.
536,0.003,0.,0.003,0.009,0.,0.009,0.003,0.,0.003,0.009,0.,0.009,0.003,0.,0.003,0.009,0.,0.009,0.003,0.,0.003,0.,0.,0.,0.,0.,0.,0.,0.,0.,0.,0.,0.,0.,0.,0.,0.,0.,0.
540,0.003,0.,0.003,0.01,0.,0.01,0.003,0.,0.003,0.01,0.,0.01,0.003,0.,0.003,0.01,0.,0.01,0.003,0.,0.003,0.,0.,0.,0.,0.,0.,0.,0.,0.,0.,0.,0.,0.,0.,0.,0.,0.,0.
544,0.003,0.,0.003,0.01,0.,0.01,0.003,0.,0.003,0.01,0.,0.01,0.003,0.,0.003,0.01,0.,0.01,0.003,0.,0.003,0.,0.,0.,0.,0.,0.,0.,0.,0.,0.,0.,0.,0.,0.,0.,0.,0.,0.
548,0.003,0.,0.003,0.01,0.,0.01,0.003,0.,0.003,0.01,0.,0.01,0.003,0.,0.003,0.01,0.,0.01,0.003,0.,0.002,0.,0.,0.,0.,0.,0.,0.,0.,0.,0.,0.,0.,0.,0.,0.,0.,0.,0.
552,0.003,0.,0.003,0.01,0.,0.01,0.003,0.,0.003,0.01,0.,0.01,0.003,0.,0.003,0.01,0.,0.01,0.003,0.,0.003,0.,0.,0.,0.,0.,0.,0.,0.,0.,0.,0.,0.,0.,0.,0.,0.,0.,0.
556,0.003,0.,0.003,0.01,0.,0.01,0.003,0.,0.003,0.01,0.,0.01,0.003,0.,0.003,0.01,0.,0.01,0.003,0.,0.003,0.,0.,0.,0.,0.,0.,0.,0.,0.,0.,0.,0.,0.,0.,0.,0.,0.,0.
560,0.003,0.,0.003,0.009,0.,0.009,0.003,0.,0.003,0.01,0.,0.01,0.003,0.,0.003,0.01,0.,0.01,0.003,0.,0.003,0.,0.,0.,0.,0.,0.,0.,0.,0.,0.,0.,0.,0.,0.,0.,0.,0.,0.
564,0.003,0.,0.003,0.011,0.,0.011,0.003,0.,0.003,0.011,0.,0.011,0.003,0.,0.003,0.011,0.,0.011,0.003,0.,0.003,0.,0.,0.,0.,0.,0.,0.,0.,0.,0.,0.,0.,0.,0.,0.,0.,0.,0.
568,0.003,0.,0.003,0.01,0.,0.01,0.003,0.,0.003,0.01,0.,0.01,0.003,0.,0.003,0.01,0.,0.01,0.003,0.,0.003,0.,0.,0.,0.,0.,0.,0.,0.,0.,0.,0.,0.,0.,0.,0.,0.,0.,0.
572,0.003,0.,0.003,0.01,0.,0.01,0.003,0.,0.003,0.012,0.,0.012,0.003,0.,0.003,0.011,0.,0.011,0.003,0.,0.003,0.,0.,0.,0.,0.,0.,0.,0.,0.,0.,0.,0.,0.,0.,0.,0.,0.,0.
576,0.003,0.,0.003,0.011,0.,0.011,0.003,0.,0.003,0.011,0.,0.011,0.003,0.,0.003,0.011,0.,0.011,0.003,0.,0.003,0.,0.,0.,0.,0.,0.,0.,0.,0.,0.,0.,0.,0.,0.,0.,0.,0.,0.
580,0.003,0.,0.003,0.012,0.,0.012,0.003,0.,0.003,0.012,0.,0.011,0.003,0.,0.003,0.012,0.,0.012,0.003,0.,0.003,0.,0.,0.,0.,0.,0.,0.,0.,0.,0.,0.,0.,0.,0.,0.,0.,0.,0.
584,0.003,0.,0.003,0.011,0.,0.011,0.003,0.,0.003,0.011,0.,0.011,0.003,0.,0.003,0.011,0.,0.011,0.003,0.,0.002,0.,0.,0.,0.,0.,0.,0.,0.,0.,0.,0.,0.,0.,0.,0.,0.,0.,0.
588,0.003,0.,0.003,0.013,0.,0.013,0.003,0.,0.003,0.011,0.,0.011,0.004,0.,0.004,0.012,0.,0.012,0.003,0.,0.003,0.,0.,0.,0.,0.,0.,0.,0.,0.,0.,0.,0.,0.,0.,0.,0.,0.,0.
592,0.003,0.,0.003,0.011,0.,0.011,0.003,0.,0.003,0.011,0.,0.011,0.003,0.,0.003,0.012,0.,0.012,0.003,0.,0.003,0.,0.,0.,0.,0.,0.,0.,0.,0.,0.,0.,0.,0.,0.,0.,0.,0.,0.
596,0.003,0.,0.003,0.012,0.,0.012,0.003,0.,0.003,0.011,0.,0.011,0.003,0.,0.003,0.011,0.,0.011,0.003,0.,0.003,0.,0.,0.,0.,0.,0.,0.,0.,0.,0.,0.,0.,0.,0.,0.,0.,0.,0.
600,0.003,0.,0.003,0.011,0.,0.011,0.003,0.,0.003,0.011,0.,0.011,0.003,0.,0.003,0.012,0.,0.012,0.003,0.,0.003,0.,0.,0.,0.,0.,0.,0.,0.,0.,0.,0.,0.,0.,0.,0.,0.,0.,0.
604,0.003,0.,0.003,0.011,0.,0.011,0.003,0.,0.003,0.011,0.,0.011,0.003,0.,0.003,0.011,0.,0.01,0.003,0.,0.003,0.,0.,0.,0.,0.,0.,0.,0.,0.,0.,0.,0.,0.,0.,0.,0.,0.,0.
608,0.003,0.,0.003,0.012,0.,0.012,0.003,0.,0.003,0.012,0.,0.012,0.003,0.,0.003,0.012,0.,0.012,0.004,0.,0.004,0.,0.,0.,0.,0.,0.,0.,0.,0.,0.,0.,0.,0.,0.,0.,0.,0.,0.
612,0.003,0.,0.003,0.012,0.,0.012,0.004,0.,0.004,0.012,0.,0.012,0.004,0.,0.004,0.012,0.,0.012,0.004,0.,0.004,0.,0.,0.,0.,0.,0.,0.,0.,0.,0.,0.,0.,0.,0.,0.,0.,0.,0.
616,0.003,0.,0.003,0.012,0.,0.012,0.004,0.,0.004,0.012,0.,0.012,0.004,0.,0.004,0.012,0.,0.012,0.004,0.,0.004,0.,0.,0.,0.,0.,0.,0.,0.,0.,0.,0.,0.,0.,0.,0.,0.,0.,0.
620,0.004,0.,0.004,0.012,0.,0.012,0.004,0.,0.004,0.012,0.,0.012,0.004,0.,0.004,0.012,0.,0.012,0.004,0.,0.004,0.,0.,0.,0.,0.,0.,0.,0.,0.,0.,0.,0.,0.,0.,0.,0.,0.,0.
624,0.004,0.,0.004,0.012,0.,0.012,0.004,0.,0.004,0.012,0.,0.012,0.004,0.,0.004,0.012,0.,0.012,0.004,0.,0.004,0.,0.,0.,0.,0.,0.,0.,0.,0.,0.,0.,0.,0.,0.,0.,0.,0.,0.
628,0.004,0.,0.004,0.013,0.,0.012,0.004,0.,0.004,0.013,0.,0.013,0.004,0.,0.004,0.013,0.,0.013,0.004,0.,0.004,0.,0.,0.,0.,0.,0.,0.,0.,0.,0.,0.,0.,0.,0.,0.,0.,0.,0.
632,0.004,0.,0.004,0.012,0.,0.012,0.004,0.,0.004,0.012,0.,0.012,0.004,0.,0.004,0.012,0.,0.012,0.004,0.,0.004,0.,0.,0.,0.,0.,0.,0.,0.,0.,0.,0.,0.,0.,0.,0.,0.,0.,0.
636,0.004,0.,0.004,0.012,0.,0.012,0.004,0.,0.004,0.013,0.,0.013,0.004,0.,0.004,0.012,0.,0.012,0.004,0.,0.004,0.,0.,0.,0.,0.,0.,0.,0.,0.,0.,0.,0.,0.,0.,0.,0.,0.,0.
640,0.004,0.,0.004,0.013,0.,0.013,0.004,0.,0.004,0.013,0.,0.013,0.004,0.,0.004,0.014,0.,0.014,0.004,0.,0.004,0.,0.,0.,0.,0.,0.,0.,0.,0.,0.,0.,0.,0.,0.,0.,0.,0.,0.
644,0.004,0.,0.004,0.013,0.,0.013,0.004,0.,0.004,0.013,0.,0.013,0.004,0.,0.004,0.013,0.,0.013,0.004,0.,0.004,0.,0.,0.,0.,0.,0.,0.,0.,0.,0.,0.,0.,0.,0.,0.,0.,0.,0.
648,0.004,0.,0.004,0.013,0.,0.013,0.004,0.,0.004,0.013,0.,0.013,0.004,0.,0.004,0.013,0.,0.013,0.004,0.,0.004,0.,0.,0.,0.,0.,0.,0.,0.,0.,0.,0.,0.,0.,0.,0.,0.,0.,0.
652,0.004,0.,0.004,0.013,0.,0.013,0.004,0.,0.004,0.014,0.,0.014,0.004,0.,0.004,0.013,0.,0.013,0.004,0.,0.004,0.,0.,0.,0.,0.,0.,0.,0.,0.,0.,0.,0.,0.,0.,0.,0.,0.,0.
656,0.004,0.,0.004,0.013,0.,0.013,0.004,0.,0.004,0.013,0.,0.013,0.004,0.,0.004,0.013,0.,0.013,0.005,0.,0.005,0.,0.,0.,0.,0.,0.,0.,0.,0.,0.,0.,0.,0.,0.,0.,0.,0.,0.
660,0.004,0.,0.004,0.013,0.,0.013,0.004,0.,0.004,0.013,0.,0.013,0.004,0.,0.004,0.013,0.,0.013,0.004,0.,0.004,0.,0.,0.,0.,0.,0.,0.,0.,0.,0.,0.,0.,0.,0.,0.,0.,0.,0.
664,0.004,0.,0.004,0.014,0.,0.014,0.004,0.,0.004,0.014,0.,0.014,0.004,0.,0.004,0.014,0.,0.014,0.004,0.,0.004,0.,0.,0.,0.,0.,0.,0.,0.,0.,0.,0.,0.,0.,0.,0.,0.,0.,0.
668,0.004,0.,0.004,0.015,0.,0.015,0.004,0.,0.004,0.014,0.,0.014,0.004,0.,0.004,0.013,0.,0.013,0.004,0.,0.004,0.,0.,0.,0.,0.,0.,0.,0.,0.,0.,0.,0.,0.,0.,0.,0.,0.,0.
672,0.004,0.,0.004,0.013,0.,0.013,0.004,0.,0.004,0.013,0.,0.013,0.004,0.,0.004,0.013,0.,0.013,0.004,0.,0.004,0.,0.,0.,0.,0.,0.,0.,0.,0.,0.,0.,0.,0.,0.,0.,0.,0.,0.
676,0.004,0.,0.004,0.014,0.,0.014,0.004,0.,0.004,0.015,0.,0.015,0.004,0.,0.004,0.014,0.,0.014,0.004,0.,0.004,0.,0.,0.,0.,0.,0.,0.,0.,0.,0.,0.,0.,0.,0.,0.,0.,0.,0.
680,0.004,0.,0.004,0.013,0.,0.013,0.004,0.,0.004,0.013,0.,0.013,0.004,0.,0.004,0.013,0.,0.013,0.004,0.,0.004,0.,0.,0.,0.,0.,0.,0.,0.,0.,0.,0.,0.,0.,0.,0.,0.,0.,0.
684,0.004,0.,0.004,0.014,0.,0.014,0.004,0.,0.004,0.014,0.,0.014,0.004,0.,0.004,0.014,0.,0.014,0.004,0.,0.004,0.,0.,0.,0.,0.,0.,0.,0.,0.,0.,0.,0.,0.,0.,0.,0.,0.,0.
688,0.004,0.,0.004,0.014,0.,0.014,0.004,0.,0.004,0.014,0.,0.014,0.004,0.,0.004,0.014,0.,0.014,0.004,0.,0.004,0.,0.,0.,0.,0.,0.,0.,0.,0.,0.,0.,0.,0.,0.,0.,0.,0.,0.
692,0.004,0.,0.004,0.014,0.,0.014,0.004,0.,0.004,0.014,0.,0.014,0.004,0.,0.004,0.014,0.,0.014,0.004,0.,0.004,0.,0.,0.,0.,0.,0.,0.,0.,0.,0.,0.,0.,0.,0.,0.,0.,0.,0.
696,0.004,0.,0.004,0.015,0.,0.015,0.004,0.,0.004,0.016,0.,0.015,0.004,0.,0.004,0.015,0.,0.015,0.004,0.,0.004,0.,0.,0.,0.,0.,0.,0.,0.,0.,0.,0.,0.,0.,0.,0.,0.,0.,0.
700,0.004,0.,0.004,0.014,0.,0.014,0.004,0.,0.004,0.014,0.,0.014,0.004,0.,0.004,0.015,0.,0.015,0.004,0.,0.004,0.,0.,0.,0.,0.,0.,0.,0.,0.,0.,0.,0.,0.,0.,0.,0.,0.,0.
704,0.004,0.,0.004,0.014,0.,0.014,0.004,0.,0.004,0.015,0.,0.015,0.004,0.,0.004,0.015,0.,0.015,0.004,0.,0.004,0.,0.,0.,0.,0.,0.,0.,0.,0.,0.,0.,0.,0.,0.,0.,0.,0.,0.
708,0.004,0.,0.004,0.016,0.,0.016,0.004,0.,0.004,0.015,0.,0.015,0.004,0.,0.004,0.015,0.,0.015,0.004,0.,0.004,0.,0.,0.,0.,0.,0.,0.,0.,0.,0.,0.,0.,0.,0.,0.,0.,0.,0.
712,0.004,0.,0.004,0.015,0.,0.015,0.004,0.,0.004,0.015,0.,0.015,0.004,0.,0.004,0.015,0.,0.015,0.004,0.,0.004,0.,0.,0.,0.,0.,0.,0.,0.,0.,0.,0.,0.,0.,0.,0.,0.,0.,0.
716,0.004,0.,0.004,0.015,0.,0.015,0.004,0.,0.004,0.015,0.,0.015,0.004,0.,0.004,0.016,0.,0.016,0.004,0.,0.004,0.,0.,0.,0.,0.,0.,0.,0.,0.,0.,0.,0.,0.,0.,0.,0.,0.,0.
720,0.004,0.,0.004,0.015,0.,0.014,0.004,0.,0.004,0.016,0.,0.016,0.004,0.,0.004,0.016,0.,0.016,0.004,0.,0.004,0.,0.,0.,0.,0.,0.,0.,0.,0.,0.,0.,0.,0.,0.,0.,0.,0.,0.
724,0.004,0.,0.004,0.015,0.,0.015,0.004,0.,0.004,0.015,0.,0.015,0.004,0.,0.004,0.015,0.,0.015,0.004,0.,0.004,0.,0.,0.,0.,0.,0.,0.,0.,0.,0.,0.,0.,0.,0.,0.,0.,0.,0.
728,0.004,0.,0.004,0.015,0.,0.015,0.004,0.,0.004,0.015,0.,0.015,0.004,0.,0.004,0.015,0.,0.015,0.005,0.,0.005,0.,0.,0.,0.,0.,0.,0.,0.,0.,0.,0.,0.,0.,0.,0.,0.,0.,0.
732,0.004,0.,0.004,0.016,0.,0.016,0.004,0.,0.004,0.016,0.,0.016,0.004,0.,0.004,0.016,0.,0.016,0.004,0.,0.003,0.,0.,0.,0.,0.,0.,0.,0.,0.,0.,0.,0.,0.,0.,0.,0.,0.,0.
736,0.004,0.,0.004,0.015,0.,0.015,0.004,0.,0.004,0.016,0.,0.016,0.004,0.,0.004,0.016,0.,0.016,0.004,0.,0.004,0.,0.,0.,0.,0.,0.,0.,0.,0.,0.,0.,0.,0.,0.,0.,0.,0.,0.
740,0.004,0.,0.004,0.016,0.,0.016,0.004,0.,0.004,0.016,0.,0.016,0.005,0.,0.005,0.016,0.,0.016,0.004,0.,0.004,0.,0.,0.,0.,0.,0.,0.,0.,0.,0.,0.,0.,0.,0.,0.,0.,0.,0.
744,0.004,0.,0.004,0.016,0.,0.016,0.004,0.,0.003,0.017,0.,0.017,0.004,0.,0.004,0.016,0.,0.016,0.004,0.,0.004,0.,0.,0.,0.,0.,0.,0.,0.,0.,0.,0.,0.,0.,0.,0.,0.,0.,0.
748,0.004,0.,0.004,0.016,0.,0.016,0.004,0.,0.004,0.016,0.,0.015,0.004,0.,0.004,0.016,0.,0.016,0.005,0.,0.005,0.,0.,0.,0.,0.,0.,0.,0.,0.,0.,0.,0.,0.,0.,0.,0.,0.,0.
752,0.005,0.,0.004,0.017,0.,0.017,0.004,0.,0.004,0.016,0.,0.016,0.004,0.,0.004,0.016,0.,0.016,0.004,0.,0.004,0.,0.,0.,0.,0.,0.,0.,0.,0.,0.,0.,0.,0.,0.,0.,0.,0.,0.
756,0.004,0.,0.004,0.016,0.,0.016,0.004,0.,0.004,0.017,0.,0.017,0.004,0.,0.004,0.017,0.,0.017,0.005,0.,0.005,0.,0.,0.,0.,0.,0.,0.,0.,0.,0.,0.,0.,0.,0.,0.,0.,0.,0.
760,0.004,0.,0.004,0.016,0.,0.016,0.005,0.,0.005,0.017,0.,0.017,0.004,0.,0.004,0.017,0.,0.017,0.004,0.,0.004,0.,0.,0.,0.,0.,0.,0.,0.,0.,0.,0.,0.,0.,0.,0.,0.,0.,0.
764,0.004,0.,0.004,0.017,0.,0.017,0.004,0.,0.004,0.017,0.,0.017,0.005,0.,0.005,0.019,0.,0.019,0.005,0.,0.005,0.,0.,0.,0.,0.,0.,0.,0.,0.,0.,0.,0.,0.,0.,0.,0.,0.,0.
768,0.004,0.,0.004,0.018,0.,0.018,0.005,0.,0.005,0.018,0.,0.018,0.005,0.,0.005,0.018,0.,0.018,0.005,0.,0.005,0.,0.,0.,0.,0.,0.,0.,0.,0.,0.,0.,0.,0.,0.,0.,0.,0.,0.
772,0.004,0.,0.004,0.017,0.,0.017,0.005,0.,0.005,0.017,0.,0.017,0.005,0.,0.005,0.017,0.,0.017,0.005,0.,0.005,0.,0.,0.,0.,0.,0.,0.,0.,0.,0.,0.,0.,0.,0.,0.,0.,0.,0.
776,0.004,0.,0.004,0.017,0.,0.017,0.005,0.,0.005,0.018,0.,0.018,0.005,0.,0.005,0.017,0.,0.017,0.005,0.,0.005,0.,0.,0.,0.,0.,0.,0.,0.,0.,0.,0.,0.,0.,0.,0.,0.,0.,0.
780,0.004,0.,0.004,0.017,0.,0.017,0.005,0.,0.005,0.017,0.,0.017,0.005,0.,0.005,0.018,0.,0.018,0.005,0.,0.005,0.,0.,0.,0.,0.,0.,0.,0.,0.,0.,0.,0.,0.,0.,0.,0.,0.,0.
784,0.005,0.,0.005,0.018,0.,0.018,0.005,0.,0.005,0.018,0.,0.018,0.005,0.,0.005,0.019,0.,0.019,0.005,0.,0.005,0.,0.,0.,0.,0.,0.,0.,0.,0.,0.,0.,0.,0.,0.,0.,0.,0.,0.
788,0.005,0.,0.005,0.018,0.,0.018,0.005,0.,0.005,0.018,0.,0.018,0.005,0.,0.005,0.017,0.,0.017,0.005,0.,0.005,0.,0.,0.,0.,0.,0.,0.,0.,0.,0.,0.,0.,0.,0.,0.,0.,0.,0.
792,0.005,0.,0.005,0.018,0.,0.018,0.005,0.,0.005,0.018,0.,0.018,0.005,0.,0.005,0.018,0.,0.018,0.005,0.,0.005,0.,0.,0.,0.,0.,0.,0.,0.,0.,0.,0.,0.,0.,0.,0.,0.,0.,0.
796,0.005,0.,0.005,0.018,0.,0.018,0.005,0.,0.005,0.018,0.,0.018,0.005,0.,0.005,0.018,0.,0.018,0.005,0.,0.005,0.,0.,0.,0.,0.,0.,0.,0.,0.,0.,0.,0.,0.,0.,0.,0.,0.,0.
800,0.005,0.,0.005,0.018,0.,0.018,0.005,0.,0.005,0.018,0.,0.018,0.005,0.,0.005,0.018,0.,0.018,0.005,0.,0.005,0.,0.,0.,0.,0.,0.,0.,0.,0.,0.,0.,0.,0.,0.,0.,0.,0.,0.
804,0.005,0.,0.005,0.018,0.,0.018,0.005,0.,0.005,0.017,0.,0.017,0.005,0.,0.005,0.018,0.,0.018,0.005,0.,0.005,0.,0.,0.,0.,0.,0.,0.,0.,0.,0.,0.,0.,0.,0.,0.,0.,0.,0.
808,0.005,0.,0.005,0.018,0.,0.018,0.005,0.,0.005,0.019,0.,0.019,0.005,0.,0.005,0.019,0.,0.019,0.005,0.,0.005,0.,0.,0.,0.,0.,0.,0.,0.,0.,0.,0.,0.,0.,0.,0.,0.,0.,0.
812,0.005,0.,0.005,0.018,0.,0.018,0.005,0.,0.005,0.018,0.,0.018,0.005,0.,0.005,0.018,0.,0.018,0.005,0.,0.005,0.,0.,0.,0.,0.,0.,0.,0.,0.,0.,0.,0.,0.,0.,0.,0.,0.,0.
816,0.005,0.,0.005,0.019,0.,0.019,0.005,0.,0.005,0.02,0.,0.02,0.005,0.,0.005,0.02,0.,0.02,0.005,0.,0.005,0.,0.,0.,0.,0.,0.,0.,0.,0.,0.,0.,0.,0.,0.,0.,0.,0.,0.
820,0.005,0.,0.005,0.019,0.,0.019,0.005,0.,0.005,0.018,0.,0.018,0.005,0.,0.005,0.018,0.,0.018,0.005,0.,0.005,0.,0.,0.,0.,0.,0.,0.,0.,0.,0.,0.,0.,0.,0.,0.,0.,0.,0.
824,0.005,0.,0.005,0.019,0.,0.019,0.005,0.,0.005,0.019,0.,0.019,0.005,0.,0.005,0.019,0.,0.019,0.005,0.,0.005,0.,0.,0.,0.,0.,0.,0.,0.,0.,0.,0.,0.,0.,0.,0.,0.,0.,0.
828,0.005,0.,0.005,0.019,0.,0.019,0.005,0.,0.005,0.019,0.,0.019,0.005,0.,0.005,0.019,0.,0.019,0.005,0.,0.005,0.,0.,0.,0.,0.,0.,0.,0.,0.,0.,0.,0.,0.,0.,0.,0.,0.,0.
832,0.005,0.,0.005,0.018,0.,0.018,0.005,0.,0.005,0.019,0.,0.019,0.005,0.,0.005,0.018,0.,0.018,0.005,0.,0.005,0.,0.,0.,0.,0.,0.,0.,0.,0.,0.,0.,0.,0.,0.,0.,0.,0.,0.
836,0.005,0.,0.005,0.019,0.,0.019,0.005,0.,0.005,0.019,0.,0.019,0.005,0.,0.005,0.019,0.,0.019,0.005,0.,0.005,0.,0.,0.,0.,0.,0.,0.,0.,0.,0.,0.,0.,0.,0.,0.,0.,0.,0.
840,0.005,0.,0.005,0.019,0.,0.019,0.005,0.,0.005,0.02,0.,0.019,0.005,0.,0.005,0.02,0.,0.02,0.005,0.,0.005,0.,0.,0.,0.,0.,0.,0.,0.,0.,0.,0.,0.,0.,0.,0.,0.,0.,0.
844,0.005,0.,0.005,0.019,0.,0.019,0.005,0.,0.005,0.02,0.,0.02,0.005,0.,0.005,0.02,0.,0.02,0.005,0.,0.005,0.,0.,0.,0.,0.,0.,0.,0.,0.,0.,0.,0.,0.,0.,0.,0.,0.,0.
848,0.005,0.,0.005,0.021,0.,0.021,0.005,0.,0.005,0.021,0.,0.021,0.005,0.,0.005,0.021,0.,0.02,0.005,0.,0.005,0.,0.,0.,0.,0.,0.,0.,0.,0.,0.,0.,0.,0.,0.,0.,0.,0.,0.
852,0.005,0.,0.005,0.02,0.,0.02,0.005,0.,0.005,0.02,0.,0.02,0.005,0.,0.005,0.02,0.,0.02,0.005,0.,0.005,0.,0.,0.,0.,0.,0.,0.,0.,0.,0.,0.,0.,0.,0.,0.,0.,0.,0.
856,0.005,0.,0.005,0.02,0.,0.02,0.005,0.,0.005,0.02,0.,0.02,0.005,0.,0.005,0.02,0.,0.02,0.006,0.,0.006,0.,0.,0.,0.,0.,0.,0.,0.,0.,0.,0.,0.,0.,0.,0.,0.,0.,0.
860,0.005,0.,0.005,0.021,0.,0.021,0.005,0.,0.005,0.021,0.,0.021,0.005,0.,0.005,0.022,0.,0.022,0.005,0.,0.005,0.,0.,0.,0.,0.,0.,0.,0.,0.,0.,0.,0.,0.,0.,0.,0.,0.,0.
864,0.005,0.,0.005,0.02,0.,0.02,0.005,0.,0.005,0.02,0.,0.02,0.005,0.,0.005,0.02,0.,0.019,0.005,0.,0.005,0.,0.,0.,0.,0.,0.,0.,0.,0.,0.,0.,0.,0.,0.,0.,0.,0.,0.
868,0.005,0.,0.005,0.021,0.,0.021,0.005,0.,0.005,0.02,0.,0.02,0.005,0.,0.005,0.021,0.,0.021,0.005,0.,0.005,0.,0.,0.,0.,0.,0.,0.,0.,0.,0.,0.,0.,0.,0.,0.,0.,0.,0.
872,0.005,0.,0.005,0.02,0.,0.02,0.005,0.,0.005,0.02,0.,0.02,0.005,0.,0.005,0.02,0.,0.02,0.005,0.,0.005,0.,0.,0.,0.,0.,0.,0.,0.,0.,0.,0.,0.,0.,0.,0.,0.,0.,0.
876,0.005,0.,0.005,0.02,0.,0.02,0.005,0.,0.005,0.02,0.,0.02,0.006,0.,0.006,0.02,0.,0.02,0.005,0.,0.005,0.,0.,0.,0.,0.,0.,0.,0.,0.,0.,0.,0.,0.,0.,0.,0.,0.,0.
880,0.005,0.,0.005,0.02,0.,0.02,0.005,0.,0.005,0.02,0.,0.02,0.005,0.,0.005,0.02,0.,0.02,0.005,0.,0.005,0.,0.,0.,0.,0.,0.,0.,0.,0.,0.,0.,0.,0.,0.,0.,0.,0.,0.
884,0.005,0.,0.005,0.022,0.,0.022,0.005,0.,0.005,0.022,0.,0.022,0.005,0.,0.005,0.023,0.,0.023,0.005,0.,0.005,0.,0.,0.,0.,0.,0.,0.,0.,0.,0.,0.,0.,0.,0.,0.,0.,0.,0.
888,0.005,0.,0.005,0.022,0.,0.022,0.005,0.,0.005,0.021,0.,0.021,0.005,0.,0.005,0.022,0.,0.022,0.005,0.,0.005,0.,0.,0.,0.,0.,0.,0.,0.,0.,0.,0.,0.,0.,0.,0.,0.,0.,0.
892,0.005,0.,0.005,0.022,0.,0.022,0.005,0.,0.005,0.022,0.,0.022,0.005,0.,0.005,0.022,0.,0.022,0.006,0.,0.006,0.,0.,0.,0.,0.,0.,0.,0.,0.,0.,0.,0.,0.,0.,0.,0.,0.,0.
896,0.005,0.,0.005,0.023,0.,0.023,0.005,0.,0.005,0.023,0.,0.023,0.005,0.,0.005,0.023,0.,0.023,0.005,0.,0.005,0.,0.,0.,0.,0.,0.,0.,0.,0.,0.,0.,0.,0.,0.,0.,0.,0.,0.
900,0.005,0.,0.005,0.022,0.,0.022,0.006,0.,0.006,0.024,0.,0.024,0.005,0.,0.005,0.025,0.,0.025,0.005,0.,0.005,0.,0.,0.,0.,0.,0.,0.,0.,0.,0.,0.,0.,0.,0.,0.,0.,0.,0.
904,0.005,0.,0.005,0.023,0.,0.022,0.005,0.,0.005,0.023,0.,0.023,0.005,0.,0.005,0.023,0.,0.023,0.006,0.,0.006,0.,0.,0.,0.,0.,0.,0.,0.,0.,0.,0.,0.,0.,0.,0.,0.,0.,0.
908,0.005,0.,0.005,0.023,0.,0.023,0.005,0.,0.005,0.024,0.,0.024,0.005,0.,0.005,0.022,0.,0.022,0.005,0.,0.005,0.,0.,0.,0.,0.,0.,0.,0.,0.,0.,0.,0.,0.,0.,0.,0.,0.,0.
912,0.005,0.,0.005,0.022,0.,0.022,0.005,0.,0.005,0.022,0.,0.022,0.005,0.,0.005,0.022,0.,0.022,0.005,0.,0.005,0.,0.,0.,0.,0.,0.,0.,0.,0.,0.,0.,0.,0.,0.,0.,0.,0.,0.
916,0.005,0.,0.005,0.024,0.,0.024,0.005,0.,0.005,0.024,0.,0.024,0.006,0.,0.006,0.025,0.,0.025,0.005,0.,0.005,0.,0.,0.,0.,0.,0.,0.,0.,0.,0.,0.,0.,0.,0.,0.,0.,0.,0.
920,0.005,0.,0.005,0.023,0.,0.023,0.006,0.,0.006,0.023,0.,0.023,0.006,0.,0.006,0.023,0.,0.023,0.006,0.,0.006,0.,0.,0.,0.,0.,0.,0.,0.,0.,0.,0.,0.,0.,0.,0.,0.,0.,0.
924,0.005,0.,0.005,0.023,0.,0.023,0.006,0.,0.006,0.022,0.,0.022,0.006,0.,0.006,0.023,0.,0.023,0.006,0.,0.006,0.,0.,0.,0.,0.,0.,0.,0.,0.,0.,0.,0.,0.,0.,0.,0.,0.,0.
928,0.006,0.,0.006,0.025,0.,0.025,0.006,0.,0.006,0.024,0.,0.024,0.006,0.,0.006,0.024,0.,0.024,0.006,0.,0.006,0.,0.,0.,0.,0.,0.,0.,0.,0.,0.,0.,0.,0.,0.,0.,0.,0.,0.
932,0.005,0.,0.005,0.023,0.,0.023,0.006,0.,0.006,0.023,0.,0.023,0.006,0.,0.006,0.025,0.,0.025,0.006,0.,0.006,0.,0.,0.,0.,0.,0.,0.,0.,0.,0.,0.,0.,0.,0.,0.,0.,0.,0.
936,0.005,0.,0.005,0.023,0.,0.023,0.006,0.,0.006,0.024,0.,0.024,0.006,0.,0.006,0.026,0.,0.026,0.006,0.,0.006,0.,0.,0.,0.,0.,0.,0.,0.,0.,0.,0.,0.,0.,0.,0.,0.,0.,0.
940,0.005,0.,0.005,0.024,0.,0.024,0.006,0.,0.006,0.023,0.,0.023,0.006,0.,0.006,0.024,0.,0.024,0.006,0.,0.005,0.,0.,0.,0.,0.,0.,0.,0.,0.,0.,0.,0.,0.,0.,0.,0.,0.,0.
944,0.006,0.,0.006,0.024,0.,0.024,0.006,0.,0.006,0.023,0.,0.023,0.006,0.,0.006,0.024,0.,0.024,0.006,0.,0.006,0.,0.,0.,0.,0.,0.,0.,0.,0.,0.,0.,0.,0.,0.,0.,0.,0.,0.
948,0.006,0.,0.006,0.024,0.,0.024,0.006,0.,0.006,0.024,0.,0.024,0.006,0.,0.006,0.027,0.,0.027,0.006,0.,0.006,0.,0.,0.,0.,0.,0.,0.,0.,0.,0.,0.,0.,0.,0.,0.,0.,0.,0.
952,0.006,0.,0.006,0.025,0.,0.025,0.006,0.,0.006,0.024,0.,0.024,0.006,0.,0.006,0.025,0.,0.025,0.006,0.,0.006,0.,0.,0.,0.,0.,0.,0.,0.,0.,0.,0.,0.,0.,0.,0.,0.,0.,0.
956,0.006,0.,0.006,0.024,0.,0.024,0.006,0.,0.006,0.024,0.,0.024,0.006,0.,0.006,0.024,0.,0.024,0.006,0.,0.006,0.,0.,0.,0.,0.,0.,0.,0.,0.,0.,0.,0.,0.,0.,0.,0.,0.,0.
960,0.006,0.,0.006,0.027,0.,0.027,0.006,0.,0.006,0.026,0.,0.026,0.006,0.,0.006,0.026,0.,0.026,0.006,0.,0.006,0.,0.,0.,0.,0.,0.,0.,0.,0.,0.,0.,0.,0.,0.,0.,0.,0.,0.
964,0.007,0.,0.007,0.024,0.,0.024,0.006,0.,0.006,0.025,0.,0.025,0.006,0.,0.006,0.028,0.,0.028,0.006,0.,0.006,0.,0.,0.,0.,0.,0.,0.,0.,0.,0.,0.,0.,0.,0.,0.,0.,0.,0.
968,0.006,0.,0.006,0.026,0.,0.026,0.007,0.,0.007,0.026,0.,0.026,0.006,0.,0.006,0.026,0.,0.025,0.006,0.,0.006,0.,0.,0.,0.,0.,0.,0.,0.,0.,0.,0.,0.,0.,0.,0.,0.,0.,0.
972,0.006,0.,0.006,0.025,0.,0.025,0.006,0.,0.006,0.025,0.,0.025,0.007,0.,0.007,0.025,0.,0.024,0.006,0.,0.006,0.,0.,0.,0.,0.,0.,0.,0.,0.,0.,0.,0.,0.,0.,0.,0.,0.,0.
976,0.006,0.,0.006,0.028,0.,0.028,0.006,0.,0.006,0.026,0.,0.026,0.006,0.,0.006,0.028,0.,0.028,0.007,0.,0.007,0.,0.,0.,0.,0.,0.,0.,0.,0.,0.,0.,0.,0.,0.,0.,0.,0.,0.
980,0.006,0.,0.006,0.025,0.,0.025,0.006,0.,0.006,0.025,0.,0.024,0.006,0.,0.006,0.026,0.,0.026,0.007,0.,0.007,0.,0.,0.,0.,0.,0.,0.,0.,0.,0.,0.,0.,0.,0.,0.,0.,0.,0.
984,0.006,0.,0.006,0.025,0.,0.025,0.006,0.,0.006,0.024,0.,0.024,0.006,0.,0.006,0.024,0.,0.024,0.006,0.,0.006,0.,0.,0.,0.,0.,0.,0.,0.,0.,0.,0.,0.,0.,0.,0.,0.,0.,0.
988,0.006,0.,0.006,0.026,0.,0.026,0.006,0.,0.006,0.027,0.,0.027,0.006,0.,0.006,0.025,0.,0.025,0.006,0.,0.006,0.,0.,0.,0.,0.,0.,0.,0.,0.,0.,0.,0.,0.,0.,0.,0.,0.,0.
992,0.006,0.,0.006,0.026,0.,0.026,0.006,0.,0.006,0.028,0.,0.028,0.006,0.,0.006,0.027,0.,0.027,0.006,0.,0.006,0.,0.,0.,0.,0.,0.,0.,0.,0.,0.,0.,0.,0.,0.,0.,0.,0.,0.
996,0.006,0.,0.006,0.027,0.,0.027,0.007,0.,0.007,0.029,0.,0.029,0.006,0.,0.006,0.027,0.,0.027,0.006,0.,0.006,0.,0.,0.,0.,0.,0.,0.,0.,0.,0.,0.,0.,0.,0.,0.,0.,0.,0.
1000,0.006,0.,0.006,0.027,0.,0.027,0.006,0.,0.006,0.027,0.,0.027,0.006,0.,0.006,0.028,0.,0.028,0.006,0.,0.006,0.,0.,0.,0.,0.,0.,0.,0.,0.,0.,0.,0.,0.,0.,0.,0.,0.,0.
1100,0.006,0.,0.006,0.031,0.,0.031,0.007,0.,0.007,0.032,0.,0.032,0.007,0.,0.007,0.034,0.,0.034,0.007,0.,0.007,0.,0.,0.,0.,0.,0.,0.,0.,0.,0.,0.,0.,0.,0.,0.,0.,0.,0.
1200,0.007,0.,0.007,0.038,0.,0.038,0.008,0.,0.008,0.038,0.,0.038,0.007,0.,0.007,0.036,0.,0.036,0.007,0.,0.007,0.,0.,0.,0.,0.,0.,0.,0.,0.,0.,0.,0.,0.,0.,0.,0.,0.,0.
1300,0.009,0.,0.008,0.046,0.,0.046,0.008,0.,0.008,0.045,0.,0.045,0.008,0.,0.008,0.045,0.,0.045,0.008,0.,0.008,0.,0.,0.,0.,0.,0.,0.,0.,0.,0.,0.,0.,0.,0.,0.,0.,0.,0.
1400,0.008,0.,0.008,0.051,0.,0.051,0.009,0.,0.009,0.054,0.,0.054,0.009,0.,0.009,0.057,0.,0.057,0.009,0.,0.009,0.,0.,0.,0.,0.,0.,0.,0.,0.,0.,0.,0.,0.,0.,0.,0.,0.,0.
1500,0.009,0.,0.009,0.054,0.,0.054,0.009,0.,0.009,0.059,0.,0.059,0.009,0.,0.009,0.055,0.,0.055,0.01,0.,0.01,0.,0.,0.,0.,0.,0.,0.,0.,0.,0.,0.,0.,0.,0.,0.,0.,0.,0.
1600,0.01,0.,0.01,0.062,0.,0.062,0.01,0.,0.01,0.066,0.,0.066,0.01,0.,0.01,0.065,0.,0.065,0.011,0.,0.011,0.,0.,0.,0.,0.,0.,0.,0.,0.,0.,0.,0.,0.,0.,0.,0.,0.,0.
1700,0.01,0.,0.01,0.071,0.,0.071,0.011,0.,0.011,0.071,0.,0.071,0.011,0.,0.011,0.07,0.,0.07,0.011,0.,0.011,0.,0.,0.,0.,0.,0.,0.,0.,0.,0.,0.,0.,0.,0.,0.,0.,0.,0.
1800,0.011,0.,0.011,0.082,0.,0.082,0.011,0.,0.011,0.083,0.,0.083,0.012,0.,0.012,0.087,0.,0.087,0.011,0.,0.011,0.,0.,0.,0.,0.,0.,0.,0.,0.,0.,0.,0.,0.,0.,0.,0.,0.,0.
1900,0.012,0.,0.012,0.092,0.,0.092,0.013,0.,0.013,0.086,0.,0.086,0.012,0.,0.012,0.087,0.,0.087,0.013,0.,0.013,0.,0.,0.,0.,0.,0.,0.,0.,0.,0.,0.,0.,0.,0.,0.,0.,0.,0.
2000,0.012,0.,0.012,0.104,0.,0.104,0.013,0.,0.013,0.104,0.,0.104,0.013,0.,0.013,0.102,0.,0.102,0.012,0.,0.012,0.,0.,0.,0.,0.,0.,0.,0.,0.,0.,0.,0.,0.,0.,0.,0.,0.,0.
2100,0.014,0.,0.014,0.107,0.,0.107,0.013,0.,0.013,0.102,0.,0.102,0.014,0.,0.014,0.103,0.,0.103,0.013,0.,0.013,0.,0.,0.,0.,0.,0.,0.,0.,0.,0.,0.,0.,0.,0.,0.,0.,0.,0.
2200,0.014,0.,0.014,0.125,0.,0.125,0.014,0.,0.014,0.119,0.,0.119,0.015,0.,0.015,0.124,0.,0.124,0.014,0.,0.014,0.,0.,0.,0.,0.,0.,0.,0.,0.,0.,0.,0.,0.,0.,0.,0.,0.,0.
2300,0.014,0.,0.014,0.129,0.,0.129,0.014,0.,0.014,0.123,0.,0.123,0.015,0.,0.015,0.127,0.,0.127,0.014,0.,0.014,0.,0.,0.,0.,0.,0.,0.,0.,0.,0.,0.,0.,0.,0.,0.,0.,0.,0.
2400,0.015,0.,0.015,0.129,0.,0.129,0.016,0.,0.016,0.129,0.,0.128,0.015,0.,0.015,0.136,0.,0.136,0.017,0.,0.017,0.001,0.,0.001,0.,0.,0.,0.,0.,0.,0.,0.,0.,0.,0.,0.,0.,0.,0.
2500,0.016,0.,0.016,0.149,0.,0.149,0.016,0.,0.016,0.149,0.,0.149,0.018,0.,0.018,0.16,0.,0.16,0.016,0.,0.016,0.001,0.,0.001,0.001,0.,0.001,0.001,0.,0.001,0.,0.,0.,0.,0.,0.,0.001,0.,0.001
2600,0.016,0.,0.016,0.157,0.,0.157,0.016,0.,0.016,0.157,0.,0.157,0.017,0.,0.017,0.158,0.,0.157,0.016,0.,0.016,0.001,0.,0.001,0.001,0.,0.001,0.001,0.,0.001,0.001,0.,0.001,0.001,0.,0.001,0.001,0.,0.001
2700,0.017,0.,0.017,0.167,0.,0.167,0.017,0.,0.017,0.168,0.,0.168,0.019,0.,0.019,0.168,0.,0.168,0.017,0.,0.017,0.001,0.,0.001,0.001,0.,0.001,0.001,0.,0.001,0.001,0.,0.001,0.001,0.,0.001,0.001,0.,0.001
2800,0.017,0.,0.017,0.186,0.,0.186,0.018,0.,0.018,0.18,0.,0.18,0.019,0.,0.019,0.178,0.,0.178,0.018,0.,0.018,0.001,0.,0.001,0.001,0.,0.001,0.001,0.,0.001,0.001,0.,0.001,0.001,0.,0.001,0.001,0.,0.001
2900,0.018,0.,0.018,0.197,0.001,0.196,0.02,0.,0.02,0.193,0.,0.193,0.018,0.,0.018,0.189,0.,0.189,0.019,0.,0.019,0.001,0.,0.001,0.001,0.,0.001,0.001,0.,0.001,0.001,0.,0.001,0.001,0.,0.001,0.001,0.,0.
3000,0.019,0.,0.019,0.214,0.,0.214,0.019,0.,0.019,0.217,0.,0.217,0.021,0.,0.021,0.208,0.,0.208,0.019,0.,0.019,0.001,0.,0.001,0.001,0.,0.001,0.001,0.,0.001,0.001,0.,0.001,0.001,0.,0.001,0.001,0.,0.001
3100,0.019,0.,0.019,0.232,0.,0.232,0.021,0.,0.021,0.228,0.,0.228,0.02,0.,0.02,0.216,0.,0.216,0.022,0.,0.022,0.001,0.,0.001,0.001,0.,0.001,0.001,0.,0.001,0.001,0.,0.001,0.001,0.,0.001,0.001,0.,0.001
3200,0.02,0.,0.02,0.23,0.,0.23,0.021,0.,0.021,0.228,0.,0.228,0.02,0.,0.02,0.22,0.,0.22,0.022,0.,0.022,0.001,0.,0.001,0.001,0.,0.001,0.001,0.,0.001,0.001,0.,0.001,0.001,0.,0.001,0.001,0.,0.001
3300,0.02,0.,0.02,0.243,0.,0.243,0.022,0.,0.022,0.237,0.,0.237,0.021,0.,0.021,0.232,0.,0.232,0.023,0.,0.023,0.001,0.,0.001,0.001,0.,0.001,0.001,0.,0.001,0.001,0.,0.001,0.001,0.,0.001,0.001,0.,0.001
3400,0.021,0.,0.021,0.247,0.,0.247,0.023,0.,0.023,0.269,0.,0.269,0.024,0.,0.024,0.251,0.,0.251,0.021,0.,0.021,0.001,0.,0.,0.001,0.,0.001,0.001,0.,0.001,0.001,0.,0.001,0.001,0.,0.001,0.001,0.,0.001
3500,0.023,0.,0.023,0.292,0.,0.292,0.022,0.,0.022,0.271,0.,0.271,0.024,0.,0.024,0.253,0.,0.253,0.023,0.,0.023,0.001,0.,0.001,0.001,0.,0.001,0.001,0.,0.001,0.001,0.,0.,0.001,0.,0.001,0.001,0.,0.001
3600,0.022,0.,0.022,0.295,0.,0.295,0.024,0.,0.024,0.276,0.,0.276,0.024,0.,0.024,0.289,0.,0.289,0.023,0.,0.023,0.001,0.,0.001,0.001,0.,0.001,0.001,0.,0.001,0.003,0.,0.003,0.001,0.,0.001,0.001,0.,0.001
3700,0.023,0.,0.023,0.303,0.,0.303,0.025,0.,0.025,0.294,0.,0.294,0.026,0.,0.026,0.283,0.,0.283,0.024,0.,0.024,0.001,0.,0.001,0.001,0.,0.,0.001,0.,0.001,0.001,0.,0.001,0.001,0.,0.001,0.001,0.,0.001
3800,0.025,0.,0.025,0.314,0.,0.314,0.026,0.,0.026,0.317,0.,0.317,0.024,0.,0.024,0.321,0.,0.321,0.025,0.,0.025,0.001,0.,0.001,0.001,0.,0.001,0.001,0.,0.001,0.001,0.,0.001,0.001,0.,0.001,0.001,0.,0.001
3900,0.024,0.,0.024,0.334,0.,0.334,0.026,0.,0.026,0.331,0.,0.331,0.028,0.,0.028,0.331,0.,0.331,0.025,0.,0.025,0.001,0.,0.,0.001,0.,0.001,0.001,0.,0.001,0.001,0.,0.001,0.001,0.,0.001,0.001,0.,0.001
4000,0.027,0.,0.027,0.368,0.,0.368,0.026,0.,0.026,0.349,0.,0.349,0.027,0.,0.026,0.349,0.,0.349,0.028,0.,0.028,0.003,0.,0.003,0.001,0.,0.001,0.001,0.,0.001,0.001,0.,0.001,0.001,0.,0.001,0.001,0.,0.001
4100,0.025,0.,0.025,0.364,0.,0.364,0.031,0.,0.031,0.371,0.,0.371,0.027,0.,0.027,0.361,0.,0.361,0.027,0.,0.027,0.001,0.,0.001,0.001,0.,0.001,0.001,0.,0.001,0.001,0.,0.001,0.001,0.,0.001,0.001,0.,0.001
4200,0.027,0.,0.027,0.368,0.,0.368,0.029,0.,0.029,0.382,0.,0.382,0.027,0.,0.027,0.385,0.001,0.383,0.027,0.,0.027,0.001,0.,0.001,0.001,0.,0.001,0.001,0.,0.001,0.001,0.,0.001,0.001,0.,0.001,0.001,0.,0.001
4300,0.028,0.,0.028,0.389,0.,0.389,0.029,0.,0.029,0.394,0.,0.394,0.028,0.,0.028,0.389,0.,0.389,0.027,0.,0.027,0.001,0.,0.001,0.001,0.,0.001,0.001,0.,0.001,0.001,0.,0.001,0.001,0.,0.001,0.001,0.,0.001
4400,0.029,0.,0.029,0.426,0.,0.426,0.03,0.,0.03,0.409,0.,0.409,0.028,0.,0.028,0.392,0.,0.392,0.028,0.,0.028,0.001,0.,0.001,0.001,0.,0.001,0.001,0.,0.001,0.001,0.,0.001,0.002,0.,0.002,0.001,0.,0.001
4500,0.028,0.,0.028,0.422,0.,0.421,0.032,0.,0.032,0.423,0.,0.423,0.029,0.,0.029,0.42,0.,0.42,0.03,0.,0.03,0.001,0.,0.001,0.001,0.,0.001,0.001,0.,0.001,0.001,0.,0.001,0.001,0.,0.001,0.001,0.,0.001
4600,0.031,0.,0.031,0.464,0.,0.464,0.031,0.,0.031,0.45,0.,0.45,0.031,0.,0.031,0.441,0.,0.441,0.03,0.,0.03,0.001,0.,0.001,0.001,0.,0.001,0.002,0.,0.002,0.002,0.,0.002,0.001,0.,0.001,0.001,0.,0.001
4700,0.03,0.,0.03,0.493,0.,0.493,0.03,0.,0.03,0.518,0.,0.518,0.032,0.,0.032,0.493,0.,0.493,0.031,0.,0.031,0.001,0.,0.001,0.001,0.,0.001,0.001,0.,0.001,0.001,0.,0.001,0.001,0.,0.001,0.001,0.,0.001
4800,0.03,0.,0.03,0.495,0.,0.494,0.033,0.,0.033,0.49,0.,0.49,0.032,0.,0.032,0.489,0.,0.489,0.033,0.,0.033,0.001,0.,0.001,0.002,0.,0.002,0.001,0.,0.001,0.001,0.,0.001,0.001,0.,0.001,0.001,0.,0.001
4900,0.03,0.,0.03,0.551,0.,0.551,0.033,0.,0.032,0.504,0.,0.504,0.033,0.,0.033,0.493,0.,0.493,0.032,0.,0.032,0.002,0.,0.002,0.001,0.,0.001,0.001,0.,0.001,0.001,0.,0.001,0.001,0.,0.001,0.001,0.,0.001
5000,0.031,0.,0.031,0.537,0.,0.537,0.034,0.,0.034,0.529,0.,0.529,0.033,0.,0.033,0.527,0.,0.526,0.032,0.,0.032,0.002,0.,0.002,0.002,0.,0.002,0.001,0.,0.001,0.002,0.,0.002,0.001,0.,0.001,0.001,0.,0.001
5500,0.036,0.,0.036,0.676,0.,0.676,0.036,0.,0.036,0.628,0.,0.628,0.036,0.,0.035,0.645,0.,0.645,0.035,0.,0.035,0.002,0.,0.002,0.002,0.,0.002,0.002,0.,0.002,0.002,0.,0.002,0.002,0.,0.002,0.002,0.,0.002
6000,0.038,0.,0.038,0.771,0.,0.771,0.039,0.,0.039,0.723,0.,0.722,0.039,0.,0.039,0.743,0.,0.743,0.039,0.,0.039,0.002,0.,0.002,0.002,0.,0.002,0.002,0.,0.002,0.002,0.,0.002,0.002,0.,0.002,0.002,0.,0.002
6500,0.042,0.,0.042,0.925,0.,0.925,0.042,0.,0.042,0.862,0.,0.862,0.043,0.,0.043,0.908,0.,0.908,0.042,0.,0.042,0.002,0.,0.002,0.002,0.,0.002,0.002,0.,0.002,0.002,0.,0.002,0.002,0.,0.002,0.002,0.,0.002
7000,0.047,0.,0.047,0.97,0.,0.97,0.045,0.,0.045,1.014,0.,1.014,0.045,0.,0.045,1.019,0.,1.019,0.045,0.001,0.044,0.002,0.,0.002,0.003,0.,0.002,0.002,0.,0.002,0.002,0.,0.002,0.002,0.,0.002,0.002,0.,0.002
7500,0.049,0.,0.049,1.155,0.,1.155,0.049,0.,0.049,1.154,0.,1.154,0.05,0.,0.05,1.161,0.,1.161,0.048,0.,0.047,0.003,0.,0.003,0.003,0.,0.003,0.002,0.,0.002,0.002,0.,0.002,0.003,0.,0.003,0.002,0.,0.002
8000,0.052,0.,0.052,1.382,0.,1.382,0.053,0.,0.053,1.329,0.,1.329,0.052,0.,0.052,1.312,0.,1.312,0.053,0.,0.053,0.003,0.,0.003,0.003,0.,0.003,0.003,0.,0.003,0.003,0.,0.003,0.003,0.,0.003,0.003,0.,0.003
8500,0.054,0.,0.054,1.59,0.,1.59,0.057,0.,0.057,1.482,0.,1.482,0.055,0.,0.055,1.468,0.,1.468,0.056,0.,0.056,0.003,0.,0.003,0.003,0.,0.003,0.003,0.,0.003,0.003,0.,0.003,0.003,0.,0.003,0.003,0.,0.003
9000,0.057,0.,0.057,1.632,0.,1.632,0.06,0.,0.06,1.596,0.,1.596,0.06,0.,0.059,1.648,0.,1.648,0.058,0.,0.058,0.003,0.,0.002,0.004,0.,0.004,0.003,0.,0.003,0.003,0.,0.003,0.003,0.,0.003,0.003,0.,0.003
9500,0.067,0.,0.067,1.923,0.001,1.921,0.064,0.,0.064,1.822,0.,1.822,0.066,0.,0.066,1.854,0.001,1.853,0.065,0.,0.065,0.003,0.,0.003,0.003,0.,0.003,0.003,0.,0.003,0.003,0.,0.003,0.003,0.,0.003,0.003,0.,0.003
10000,0.068,0.,0.067,2.024,0.,2.024,0.068,0.,0.068,2.046,0.,2.046,0.069,0.001,0.068,1.981,0.,1.981,0.069,0.001,0.068,0.004,0.,0.004,0.004,0.,0.004,0.004,0.,0.004,0.004,0.,0.004,0.003,0.,0.003,0.004,0.,0.004