param-n,abstract+rewrite-strat-bottomup-real,abstract+rewrite-strat-bottomup-sys,abstract+rewrite-strat-bottomup-user,abstract+rewrite-strat-topdown-real,abstract+rewrite-strat-topdown-sys,abstract+rewrite-strat-topdown-user,close-abstract+rewrite-strat-bottomup-real,close-abstract+rewrite-strat-bottomup-sys,close-abstract+rewrite-strat-bottomup-user,close-abstract+rewrite-strat-topdown-real,close-abstract+rewrite-strat-topdown-sys,close-abstract+rewrite-strat-topdown-user,rewrite-strat-bottomup-real,rewrite-strat-bottomup-sys,rewrite-strat-bottomup-user,rewrite-strat-bottomup-noop-real,rewrite-strat-bottomup-noop-sys,rewrite-strat-bottomup-noop-user,rewrite-strat-topdown-real,rewrite-strat-topdown-sys,rewrite-strat-topdown-user,rewrite-strat-topdown-noop-real,rewrite-strat-topdown-noop-sys,rewrite-strat-topdown-noop-user
1,0.001,0.001,0.,0.001,0.,0.001,0.,0.,0.,0.,0.,0.,0.001,0.001,0.,0.,0.,0.,0.001,0.,0.,0.,0.,0.
2,0.001,0.001,0.,0.,0.,0.,0.,0.,0.,0.,0.,0.,0.,0.,0.,0.,0.,0.,0.,0.,0.,0.,0.,0.
3,0.001,0.,0.,0.,0.,0.,0.,0.,0.,0.,0.,0.,0.,0.,0.,0.,0.,0.,0.,0.,0.,0.,0.,0.
4,0.003,0.,0.003,0.002,0.,0.001,0.,0.,0.,0.,0.,0.,0.002,0.,0.002,0.,0.,0.,0.001,0.,0.001,0.,0.,0.
5,0.002,0.,0.001,0.001,0.,0.001,0.,0.,0.,0.,0.,0.,0.001,0.,0.001,0.,0.,0.,0.,0.,0.,0.,0.,0.
6,0.002,0.002,0.,0.001,0.,0.001,0.,0.,0.,0.,0.,0.,0.001,0.001,0.,0.,0.,0.,0.001,0.,0.001,0.,0.,0.
7,0.003,0.,0.003,0.001,0.,0.001,0.,0.,0.,0.,0.,0.,0.002,0.,0.002,0.,0.,0.,0.001,0.,0.001,0.,0.,0.
8,0.003,0.,0.003,0.002,0.,0.002,0.,0.,0.,0.,0.,0.,0.002,0.,0.002,0.,0.,0.,0.001,0.,0.001,0.,0.,0.
9,0.003,0.,0.003,0.002,0.,0.002,0.,0.,0.,0.,0.,0.,0.003,0.,0.003,0.,0.,0.,0.001,0.,0.001,0.,0.,0.
10,0.004,0.003,0.,0.002,0.,0.002,0.,0.,0.,0.,0.,0.,0.003,0.003,0.,0.,0.,0.,0.001,0.,0.001,0.,0.,0.
11,0.005,0.,0.005,0.003,0.,0.003,0.,0.,0.,0.,0.,0.,0.004,0.,0.004,0.,0.,0.,0.002,0.,0.002,0.,0.,0.
12,0.005,0.,0.005,0.003,0.003,0.,0.001,0.,0.,0.,0.,0.,0.004,0.,0.004,0.,0.,0.,0.002,0.002,0.,0.,0.,0.
13,0.04,0.,0.04,0.003,0.,0.003,0.,0.,0.,0.,0.,0.,0.038,0.,0.038,0.,0.,0.,0.002,0.,0.002,0.,0.,0.
14,0.005,0.,0.005,0.004,0.,0.004,0.,0.,0.,0.,0.,0.,0.004,0.,0.004,0.,0.,0.,0.003,0.,0.003,0.,0.,0.
15,0.006,0.,0.006,0.039,0.003,0.035,0.,0.,0.,0.,0.,0.,0.004,0.,0.004,0.,0.,0.,0.038,0.003,0.034,0.,0.,0.
16,0.006,0.,0.006,0.003,0.,0.003,0.001,0.,0.001,0.,0.,0.,0.005,0.,0.005,0.,0.,0.,0.002,0.,0.002,0.,0.,0.
17,0.007,0.,0.007,0.004,0.,0.003,0.001,0.,0.001,0.,0.,0.,0.005,0.,0.005,0.,0.,0.,0.002,0.,0.002,0.,0.,0.
18,0.022,0.,0.022,0.004,0.,0.004,0.001,0.,0.001,0.,0.,0.,0.021,0.,0.021,0.,0.,0.,0.003,0.,0.003,0.,0.,0.
19,0.008,0.,0.008,0.004,0.,0.004,0.001,0.,0.001,0.001,0.,0.001,0.006,0.,0.006,0.,0.,0.,0.003,0.,0.003,0.,0.,0.
20,0.009,0.,0.009,0.005,0.,0.005,0.001,0.,0.001,0.001,0.,0.001,0.007,0.,0.007,0.,0.,0.,0.003,0.,0.003,0.,0.,0.
21,0.009,0.,0.009,0.005,0.,0.005,0.001,0.,0.001,0.001,0.,0.001,0.007,0.,0.007,0.,0.,0.,0.003,0.,0.003,0.,0.,0.
22,0.011,0.,0.011,0.02,0.,0.02,0.001,0.,0.001,0.001,0.,0.001,0.009,0.,0.009,0.,0.,0.,0.018,0.,0.018,0.,0.,0.
23,0.011,0.,0.011,0.006,0.,0.006,0.001,0.,0.001,0.001,0.,0.001,0.009,0.,0.009,0.,0.,0.,0.004,0.,0.004,0.,0.,0.
24,0.012,0.,0.012,0.006,0.,0.006,0.001,0.,0.001,0.001,0.,0.001,0.009,0.,0.009,0.,0.,0.,0.004,0.,0.004,0.,0.,0.
25,0.012,0.,0.012,0.007,0.,0.006,0.002,0.,0.002,0.001,0.,0.001,0.01,0.,0.01,0.,0.,0.,0.005,0.,0.005,0.,0.,0.
26,0.013,0.,0.013,0.008,0.,0.008,0.002,0.,0.002,0.001,0.,0.001,0.01,0.,0.01,0.,0.,0.,0.006,0.,0.006,0.,0.,0.
27,0.015,0.,0.015,0.007,0.,0.007,0.002,0.,0.002,0.001,0.,0.001,0.012,0.,0.012,0.,0.,0.,0.005,0.,0.005,0.,0.,0.
28,0.015,0.,0.015,0.008,0.,0.008,0.002,0.,0.002,0.001,0.,0.001,0.012,0.,0.012,0.,0.,0.,0.006,0.,0.006,0.,0.,0.
29,0.02,0.,0.02,0.008,0.,0.008,0.007,0.,0.007,0.001,0.,0.001,0.012,0.,0.012,0.,0.,0.,0.006,0.,0.006,0.,0.,0.
30,0.017,0.,0.017,0.009,0.,0.009,0.002,0.,0.002,0.001,0.,0.001,0.013,0.,0.013,0.,0.,0.,0.006,0.,0.006,0.,0.,0.
31,0.018,0.,0.018,0.009,0.,0.009,0.003,0.,0.003,0.002,0.,0.002,0.014,0.,0.014,0.,0.,0.,0.007,0.,0.007,0.,0.,0.
32,0.018,0.,0.018,0.011,0.,0.011,0.003,0.,0.003,0.003,0.,0.003,0.015,0.,0.015,0.,0.,0.,0.007,0.,0.007,0.,0.,0.
33,0.026,0.,0.026,0.01,0.,0.01,0.003,0.,0.003,0.002,0.,0.002,0.022,0.,0.022,0.,0.,0.,0.008,0.,0.008,0.,0.,0.
34,0.02,0.,0.02,0.011,0.,0.011,0.003,0.,0.003,0.002,0.,0.002,0.016,0.,0.016,0.,0.,0.,0.008,0.,0.008,0.,0.,0.
35,0.021,0.,0.021,0.016,0.,0.016,0.003,0.,0.003,0.002,0.,0.002,0.017,0.,0.017,0.,0.,0.,0.013,0.,0.013,0.,0.,0.
36,0.024,0.,0.024,0.012,0.,0.012,0.003,0.,0.003,0.002,0.,0.002,0.019,0.,0.019,0.,0.,0.,0.009,0.,0.009,0.,0.,0.
37,0.023,0.,0.023,0.013,0.,0.013,0.003,0.,0.003,0.002,0.,0.002,0.019,0.,0.019,0.,0.,0.,0.01,0.,0.01,0.,0.,0.
38,0.085,0.,0.085,0.013,0.,0.013,0.004,0.,0.004,0.002,0.,0.002,0.08,0.,0.08,0.,0.,0.,0.01,0.,0.01,0.,0.,0.
39,0.027,0.,0.027,0.021,0.,0.021,0.004,0.,0.004,0.003,0.,0.003,0.022,0.,0.022,0.,0.,0.,0.017,0.,0.017,0.,0.,0.
40,0.057,0.,0.057,0.015,0.,0.015,0.004,0.,0.004,0.003,0.,0.003,0.052,0.,0.052,0.,0.,0.,0.011,0.,0.011,0.,0.,0.
41,0.029,0.,0.029,0.015,0.,0.015,0.005,0.,0.005,0.003,0.,0.003,0.022,0.,0.022,0.,0.,0.,0.011,0.,0.011,0.,0.,0.
42,0.04,0.,0.04,0.016,0.,0.016,0.016,0.,0.016,0.003,0.,0.003,0.023,0.,0.023,0.,0.,0.,0.012,0.,0.012,0.,0.,0.
43,0.03,0.,0.03,0.017,0.,0.017,0.005,0.,0.005,0.003,0.,0.003,0.024,0.,0.024,0.,0.,0.,0.013,0.,0.013,0.,0.,0.
44,0.032,0.,0.032,0.078,0.,0.078,0.005,0.,0.005,0.064,0.,0.064,0.025,0.,0.025,0.,0.,0.,0.013,0.,0.013,0.,0.,0.
45,0.032,0.,0.032,0.019,0.,0.019,0.005,0.,0.005,0.004,0.,0.004,0.026,0.,0.026,0.,0.,0.,0.014,0.,0.014,0.,0.,0.
46,0.034,0.,0.034,0.02,0.,0.02,0.005,0.,0.005,0.004,0.,0.004,0.027,0.,0.027,0.,0.,0.,0.015,0.,0.015,0.,0.,0.
47,0.04,0.,0.04,0.071,0.,0.07,0.006,0.,0.006,0.054,0.,0.054,0.032,0.,0.032,0.,0.,0.,0.016,0.,0.016,0.,0.,0.
48,0.043,0.,0.043,0.021,0.,0.021,0.012,0.,0.012,0.004,0.,0.004,0.029,0.,0.029,0.,0.,0.,0.015,0.,0.015,0.,0.,0.
49,0.038,0.,0.038,0.023,0.,0.023,0.006,0.,0.006,0.004,0.,0.004,0.03,0.,0.03,0.,0.,0.,0.018,0.,0.018,0.,0.,0.
50,0.085,0.011,0.074,0.031,0.015,0.015,0.006,0.,0.006,0.006,0.003,0.003,0.078,0.011,0.067,0.,0.,0.,0.023,0.011,0.011,0.,0.,0.
51,0.042,0.,0.042,0.033,0.,0.033,0.006,0.,0.006,0.004,0.,0.004,0.034,0.,0.034,0.,0.,0.,0.027,0.,0.027,0.,0.,0.
52,0.104,0.,0.104,0.024,0.003,0.02,0.007,0.,0.007,0.005,0.003,0.001,0.096,0.,0.096,0.,0.,0.,0.017,0.,0.017,0.,0.,0.
53,0.077,0.,0.077,0.024,0.,0.024,0.04,0.,0.04,0.005,0.,0.005,0.035,0.,0.035,0.,0.,0.,0.018,0.,0.018,0.,0.,0.
54,0.045,0.,0.045,0.025,0.,0.025,0.007,0.,0.007,0.005,0.,0.005,0.037,0.,0.037,0.,0.,0.,0.018,0.,0.018,0.,0.,0.
55,0.057,0.,0.057,0.026,0.,0.026,0.008,0.,0.008,0.005,0.,0.005,0.048,0.,0.048,0.,0.,0.,0.019,0.,0.019,0.,0.,0.
56,0.048,0.,0.048,0.031,0.,0.031,0.008,0.,0.008,0.005,0.,0.005,0.038,0.,0.038,0.,0.,0.,0.024,0.,0.024,0.,0.,0.
57,0.051,0.,0.051,0.028,0.,0.028,0.009,0.,0.009,0.006,0.,0.006,0.041,0.,0.041,0.,0.,0.,0.021,0.,0.021,0.,0.,0.
58,0.053,0.,0.053,0.036,0.003,0.032,0.008,0.,0.008,0.006,0.003,0.002,0.044,0.,0.044,0.,0.,0.,0.029,0.,0.029,0.,0.,0.
59,0.053,0.,0.053,0.029,0.,0.029,0.01,0.,0.01,0.006,0.,0.006,0.042,0.,0.042,0.,0.,0.,0.022,0.,0.022,0.,0.,0.
60,0.053,0.,0.053,0.031,0.,0.031,0.009,0.,0.009,0.006,0.,0.006,0.043,0.,0.043,0.,0.,0.,0.023,0.,0.023,0.,0.,0.
61,0.054,0.,0.054,0.091,0.,0.091,0.009,0.,0.009,0.006,0.,0.006,0.044,0.,0.044,0.,0.,0.,0.083,0.,0.083,0.,0.,0.
62,0.058,0.,0.058,0.062,0.,0.061,0.011,0.,0.011,0.036,0.,0.036,0.046,0.,0.046,0.,0.,0.,0.024,0.,0.024,0.,0.,0.
63,0.062,0.,0.062,0.033,0.,0.033,0.011,0.,0.011,0.007,0.,0.007,0.05,0.,0.05,0.,0.,0.,0.024,0.,0.024,0.,0.,0.
64,0.061,0.,0.061,0.046,0.,0.046,0.01,0.,0.01,0.007,0.,0.007,0.05,0.,0.05,0.,0.,0.,0.037,0.,0.037,0.,0.,0.
65,0.066,0.003,0.062,0.036,0.,0.036,0.01,0.,0.01,0.007,0.,0.007,0.054,0.003,0.051,0.,0.,0.,0.027,0.,0.027,0.,0.,0.
66,0.068,0.,0.068,0.036,0.,0.036,0.011,0.,0.011,0.007,0.,0.007,0.056,0.,0.056,0.,0.,0.,0.027,0.,0.027,0.,0.,0.
67,0.069,0.,0.069,0.038,0.,0.038,0.011,0.,0.011,0.008,0.,0.008,0.057,0.,0.057,0.,0.,0.,0.029,0.,0.029,0.,0.,0.
68,0.07,0.004,0.066,0.039,0.,0.039,0.011,0.,0.011,0.008,0.,0.008,0.058,0.004,0.054,0.,0.,0.,0.03,0.,0.03,0.,0.,0.
69,0.072,0.,0.072,0.041,0.,0.04,0.011,0.,0.011,0.008,0.,0.008,0.059,0.,0.059,0.,0.,0.,0.031,0.,0.031,0.,0.,0.
70,0.078,0.,0.078,0.04,0.,0.04,0.014,0.,0.014,0.008,0.,0.008,0.062,0.,0.062,0.,0.,0.,0.031,0.,0.031,0.,0.,0.
71,0.076,0.,0.076,0.042,0.,0.042,0.014,0.,0.014,0.009,0.,0.009,0.061,0.,0.061,0.,0.,0.,0.032,0.,0.032,0.,0.,0.
72,0.1,0.,0.1,0.044,0.,0.044,0.019,0.,0.019,0.011,0.,0.011,0.08,0.,0.08,0.,0.,0.,0.032,0.,0.032,0.,0.,0.
73,0.081,0.,0.081,0.044,0.,0.044,0.015,0.,0.015,0.009,0.,0.009,0.065,0.,0.065,0.,0.,0.,0.033,0.,0.033,0.,0.,0.
74,0.079,0.,0.079,0.044,0.,0.044,0.014,0.,0.014,0.009,0.,0.009,0.063,0.,0.063,0.,0.,0.,0.033,0.,0.033,0.,0.,0.
75,0.082,0.,0.082,0.046,0.,0.046,0.014,0.,0.014,0.009,0.,0.009,0.067,0.,0.067,0.,0.,0.,0.035,0.,0.035,0.,0.,0.
76,0.084,0.003,0.08,0.051,0.,0.051,0.015,0.003,0.011,0.01,0.,0.01,0.067,0.,0.067,0.,0.,0.,0.04,0.,0.04,0.,0.,0.
77,0.098,0.003,0.093,0.05,0.,0.05,0.019,0.,0.019,0.011,0.,0.011,0.078,0.003,0.072,0.,0.,0.,0.037,0.,0.037,0.,0.,0.
78,0.095,0.,0.095,0.05,0.,0.05,0.016,0.,0.016,0.01,0.,0.01,0.078,0.,0.078,0.,0.,0.,0.038,0.,0.038,0.,0.,0.
79,0.09,0.003,0.086,0.051,0.,0.051,0.017,0.003,0.013,0.01,0.,0.01,0.071,0.,0.071,0.,0.,0.,0.039,0.,0.039,0.,0.,0.
80,0.099,0.,0.099,0.052,0.,0.052,0.019,0.,0.019,0.011,0.,0.011,0.079,0.,0.079,0.,0.,0.,0.039,0.,0.039,0.,0.,0.
81,0.098,0.,0.098,0.055,0.,0.055,0.017,0.,0.017,0.012,0.,0.012,0.079,0.,0.079,0.,0.,0.,0.041,0.,0.041,0.,0.,0.
82,0.104,0.,0.104,0.055,0.,0.055,0.02,0.,0.02,0.011,0.,0.011,0.082,0.,0.082,0.,0.,0.,0.042,0.,0.042,0.,0.,0.
83,0.105,0.,0.105,0.062,0.,0.062,0.018,0.,0.018,0.013,0.,0.013,0.086,0.,0.086,0.,0.,0.,0.048,0.,0.048,0.,0.,0.
84,0.106,0.,0.106,0.06,0.,0.06,0.022,0.,0.022,0.013,0.,0.013,0.083,0.,0.083,0.,0.,0.,0.046,0.,0.046,0.,0.,0.
85,0.111,0.003,0.107,0.063,0.,0.063,0.02,0.,0.02,0.013,0.,0.013,0.089,0.003,0.085,0.,0.,0.,0.048,0.,0.048,0.,0.,0.
86,0.113,0.004,0.109,0.063,0.,0.063,0.022,0.,0.022,0.013,0.,0.013,0.089,0.003,0.085,0.,0.,0.,0.048,0.,0.048,0.,0.,0.
87,0.109,0.003,0.106,0.063,0.,0.063,0.019,0.,0.019,0.013,0.,0.013,0.088,0.002,0.085,0.,0.,0.,0.048,0.,0.048,0.,0.,0.
88,0.125,0.,0.125,0.069,0.,0.069,0.02,0.,0.02,0.015,0.,0.015,0.103,0.,0.103,0.,0.,0.,0.053,0.,0.053,0.,0.,0.
89,0.118,0.,0.118,0.065,0.,0.065,0.024,0.,0.024,0.015,0.,0.015,0.092,0.,0.092,0.,0.,0.,0.049,0.,0.049,0.,0.,0.
90,0.115,0.,0.115,0.075,0.,0.075,0.022,0.,0.022,0.013,0.,0.013,0.092,0.,0.092,0.,0.,0.,0.06,0.,0.06,0.,0.,0.
91,0.131,0.,0.131,0.078,0.,0.078,0.023,0.,0.023,0.018,0.,0.018,0.107,0.,0.107,0.,0.,0.,0.058,0.,0.058,0.,0.,0.
92,0.137,0.,0.137,0.081,0.,0.081,0.02,0.,0.02,0.022,0.,0.022,0.115,0.,0.115,0.,0.,0.,0.057,0.,0.057,0.,0.,0.
93,0.125,0.,0.125,0.075,0.,0.075,0.025,0.,0.025,0.016,0.,0.016,0.099,0.,0.099,0.,0.,0.,0.057,0.,0.057,0.,0.,0.
94,0.127,0.,0.127,0.072,0.,0.072,0.021,0.,0.021,0.016,0.,0.016,0.104,0.,0.104,0.,0.,0.,0.054,0.,0.054,0.,0.,0.
95,0.126,0.,0.126,0.078,0.,0.078,0.022,0.,0.022,0.018,0.,0.018,0.103,0.,0.103,0.,0.,0.,0.058,0.,0.058,0.,0.,0.
96,0.13,0.,0.13,0.086,0.,0.086,0.022,0.,0.022,0.021,0.,0.021,0.106,0.,0.106,0.,0.,0.,0.063,0.,0.063,0.,0.,0.
97,0.136,0.,0.136,0.088,0.,0.088,0.022,0.,0.022,0.016,0.,0.016,0.112,0.,0.112,0.,0.,0.,0.071,0.,0.071,0.,0.,0.
98,0.14,0.003,0.136,0.077,0.,0.077,0.023,0.,0.023,0.017,0.,0.017,0.115,0.003,0.111,0.,0.,0.,0.059,0.,0.059,0.,0.,0.
99,0.144,0.,0.144,0.084,0.,0.084,0.03,0.,0.03,0.016,0.,0.016,0.112,0.,0.112,0.,0.,0.,0.066,0.,0.066,0.,0.,0.
100,0.157,0.,0.157,0.126,0.011,0.114,0.025,0.,0.025,0.018,0.,0.018,0.13,0.,0.13,0.,0.,0.,0.106,0.011,0.095,0.,0.,0.
110,0.17,0.,0.17,0.105,0.,0.105,0.035,0.,0.035,0.022,0.,0.022,0.134,0.,0.134,0.,0.,0.,0.081,0.,0.081,0.,0.,0.
120,0.206,0.,0.206,0.127,0.,0.127,0.039,0.,0.039,0.028,0.,0.028,0.165,0.,0.165,0.,0.,0.,0.097,0.,0.097,0.,0.,0.
130,0.233,0.,0.233,0.151,0.,0.15,0.04,0.,0.04,0.035,0.,0.035,0.191,0.,0.191,0.,0.,0.,0.114,0.,0.114,0.,0.,0.
140,0.291,0.,0.291,0.181,0.,0.181,0.062,0.,0.062,0.041,0.,0.041,0.227,0.,0.227,0.,0.,0.,0.138,0.,0.138,0.,0.,0.
150,0.406,0.,0.406,0.189,0.,0.189,0.087,0.,0.087,0.047,0.,0.047,0.317,0.,0.317,0.,0.,0.,0.14,0.,0.14,0.,0.,0.
160,0.395,0.003,0.391,0.215,0.,0.215,0.078,0.,0.078,0.047,0.,0.047,0.315,0.003,0.311,0.,0.,0.,0.166,0.,0.166,0.,0.,0.
170,0.425,0.,0.425,0.234,0.,0.234,0.082,0.,0.082,0.057,0.,0.057,0.341,0.,0.341,0.,0.,0.,0.175,0.,0.175,0.,0.,0.
180,0.462,0.,0.462,0.268,0.003,0.264,0.087,0.,0.087,0.064,0.,0.064,0.372,0.,0.372,0.,0.,0.,0.202,0.003,0.198,0.,0.,0.
190,0.507,0.,0.507,0.282,0.,0.282,0.098,0.,0.098,0.064,0.,0.064,0.406,0.,0.406,0.,0.,0.,0.215,0.,0.215,0.001,0.,0.001
200,0.669,0.,0.669,0.416,0.007,0.408,0.109,0.,0.109,0.078,0.003,0.074,0.559,0.,0.559,0.,0.,0.,0.336,0.003,0.333,0.,0.,0.
210,0.649,0.,0.649,0.408,0.004,0.404,0.124,0.,0.124,0.088,0.,0.088,0.523,0.,0.523,0.001,0.,0.001,0.317,0.003,0.313,0.001,0.,0.001
220,0.691,0.003,0.687,0.406,0.,0.406,0.133,0.,0.133,0.094,0.,0.094,0.555,0.003,0.551,0.001,0.,0.001,0.31,0.,0.31,0.001,0.,0.001
230,0.719,0.,0.719,0.421,0.003,0.417,0.131,0.,0.131,0.094,0.,0.094,0.586,0.,0.586,0.001,0.,0.001,0.325,0.003,0.321,0.001,0.,0.001
240,0.854,0.,0.854,0.491,0.,0.491,0.162,0.,0.162,0.101,0.,0.101,0.689,0.,0.689,0.001,0.,0.001,0.387,0.,0.387,0.001,0.,0.001
250,0.947,0.,0.947,0.71,0.004,0.706,0.159,0.,0.159,0.209,0.,0.209,0.785,0.,0.785,0.001,0.,0.001,0.498,0.003,0.495,0.001,0.,0.001
260,0.926,0.,0.925,0.584,0.,0.584,0.168,0.,0.168,0.13,0.,0.13,0.753,0.,0.753,0.002,0.,0.002,0.45,0.,0.45,0.001,0.,0.001
270,1.074,0.,1.074,0.632,0.,0.632,0.2,0.,0.199,0.14,0.,0.14,0.872,0.,0.872,0.001,0.,0.001,0.489,0.,0.489,0.001,0.,0.001
280,1.139,0.,1.139,0.665,0.,0.665,0.213,0.,0.213,0.147,0.,0.147,0.923,0.,0.923,0.001,0.,0.001,0.515,0.,0.515,0.001,0.,0.001
290,1.166,0.,1.166,0.71,0.,0.71,0.227,0.,0.227,0.155,0.,0.155,0.936,0.,0.936,0.001,0.,0.001,0.546,0.,0.546,0.007,0.,0.007
300,1.297,0.011,1.286,0.704,0.,0.704,0.248,0.,0.248,0.157,0.,0.157,1.047,0.011,1.035,0.001,0.,0.001,0.544,0.,0.544,0.001,0.,0.001
310,1.385,0.,1.385,0.748,0.,0.747,0.237,0.,0.237,0.165,0.,0.165,1.145,0.,1.145,0.001,0.,0.001,0.576,0.,0.576,0.004,0.,0.004
320,1.492,0.003,1.488,0.888,0.,0.888,0.273,0.,0.273,0.195,0.,0.195,1.211,0.003,1.207,0.001,0.,0.001,0.69,0.,0.69,0.001,0.,0.001
330,1.501,0.,1.501,0.89,0.003,0.886,0.265,0.,0.265,0.193,0.,0.193,1.233,0.,1.233,0.001,0.,0.001,0.694,0.003,0.69,0.001,0.,0.001
340,1.686,0.004,1.682,0.97,0.003,0.966,0.276,0.,0.276,0.218,0.003,0.214,1.407,0.003,1.403,0.001,0.,0.001,0.748,0.,0.748,0.001,0.,0.001
350,1.797,0.003,1.793,1.082,0.011,1.07,0.324,0.003,0.321,0.222,0.,0.222,1.469,0.,1.469,0.001,0.,0.001,0.857,0.011,0.845,0.001,0.,0.001
360,1.854,0.,1.853,1.071,0.,1.071,0.345,0.,0.344,0.237,0.,0.237,1.505,0.,1.505,0.001,0.,0.001,0.83,0.,0.83,0.001,0.,0.001
370,1.995,0.,1.995,1.165,0.,1.165,0.368,0.,0.368,0.258,0.,0.258,1.623,0.,1.623,0.001,0.,0.001,0.904,0.,0.904,0.001,0.,0.001
380,2.09,0.,2.09,1.171,0.004,1.167,0.387,0.,0.387,0.268,0.,0.268,1.7,0.,1.7,0.001,0.,0.001,0.899,0.003,0.895,0.001,0.,0.001
390,2.132,0.,2.132,1.197,0.,1.197,0.368,0.,0.368,0.275,0.,0.275,1.76,0.,1.76,0.001,0.,0.001,0.918,0.,0.918,0.001,0.,0.001
400,2.318,0.003,2.313,1.236,0.004,1.232,0.417,0.,0.417,0.274,0.,0.274,1.898,0.003,1.894,0.001,0.,0.001,0.959,0.003,0.955,0.001,0.,0.001