param-n,abstract-regression-quadratic-real,abstract-regression-quadratic-sys,abstract-regression-quadratic-user,build-I-regression-linear-real,build-I-regression-linear-sys,build-I-regression-linear-user,build-admit-cast-regression-linear-real,build-admit-cast-regression-linear-sys,build-admit-cast-regression-linear-user,build-admit-regression-linear-real,build-admit-regression-linear-sys,build-admit-regression-linear-user,build-eval-thunk-regression-linear-real,build-eval-thunk-regression-linear-sys,build-eval-thunk-regression-linear-user,build-pf-cast-regression-linear-real,build-pf-cast-regression-linear-sys,build-pf-cast-regression-linear-user,build-thunk-regression-linear-real,build-thunk-regression-linear-sys,build-thunk-regression-linear-user,check-I-regression-linear-real,check-I-regression-linear-sys,check-I-regression-linear-user,check-admit-cast-regression-quadratic-real,check-admit-cast-regression-quadratic-sys,check-admit-cast-regression-quadratic-user,check-admit-regression-quadratic-real,check-admit-regression-quadratic-sys,check-admit-regression-quadratic-user,check-pf-cast-regression-quadratic-real,check-pf-cast-regression-quadratic-sys,check-pf-cast-regression-quadratic-user,close-abstract-regression-quadratic-real,close-abstract-regression-quadratic-sys,close-abstract-regression-quadratic-user,eval-thunk-regression-linear-real,eval-thunk-regression-linear-sys,eval-thunk-regression-linear-user,fast-rewrite-regression-quadratic-real,fast-rewrite-regression-quadratic-sys,fast-rewrite-regression-quadratic-user,refine-regression-quadratic-regression-linear-real,refine-regression-quadratic-regression-linear-sys,refine-regression-quadratic-regression-linear-user,type-I-regression-linear-real,type-I-regression-linear-sys,type-I-regression-linear-user,type-admit-cast-regression-quadratic-real,type-admit-cast-regression-quadratic-sys,type-admit-cast-regression-quadratic-user,type-admit-regression-quadratic-real,type-admit-regression-quadratic-sys,type-admit-regression-quadratic-user,type-pf-cast-regression-quadratic-real,type-pf-cast-regression-quadratic-sys,type-pf-cast-regression-quadratic-user
1,0.001,0.,0.,0.,0.,0.,0.,0.,0.,0.,0.,0.,0.,0.,0.,0.,0.,0.,0.,0.,0.,0.,0.,0.,0.,0.,0.,0.,0.,0.,0.,0.,0.,0.,0.,0.,0.,0.,0.,0.,0.,0.,0.,0.,0.,0.,0.,0.,0.,0.,0.,0.,0.,0.,0.,0.,0.
2,0.001,0.,0.,0.,0.,0.,0.,0.,0.,0.,0.,0.,0.,0.,0.,0.,0.,0.,0.,0.,0.,0.,0.,0.,0.,0.,0.,0.,0.,0.,0.,0.,0.,0.,0.,0.,0.,0.,0.,0.001,0.,0.,0.,0.,0.,0.,0.,0.,0.,0.,0.,0.,0.,0.,0.,0.,0.
3,0.001,0.,0.001,0.,0.,0.,0.,0.,0.,0.,0.,0.,0.,0.,0.,0.,0.,0.,0.,0.,0.,0.,0.,0.,0.,0.,0.,0.,0.,0.,0.,0.,0.,0.,0.,0.,0.,0.,0.,0.001,0.,0.001,0.,0.,0.,0.,0.,0.,0.,0.,0.,0.,0.,0.,0.,0.,0.
4,0.002,0.,0.002,0.,0.,0.,0.,0.,0.,0.,0.,0.,0.,0.,0.,0.,0.,0.,0.,0.,0.,0.,0.,0.,0.,0.,0.,0.,0.,0.,0.,0.,0.,0.,0.,0.,0.,0.,0.,0.002,0.,0.002,0.,0.,0.,0.,0.,0.,0.,0.,0.,0.,0.,0.,0.,0.,0.
5,0.002,0.,0.002,0.,0.,0.,0.,0.,0.,0.,0.,0.,0.,0.,0.,0.,0.,0.,0.,0.,0.,0.,0.,0.,0.,0.,0.,0.,0.,0.,0.,0.,0.,0.,0.,0.,0.,0.,0.,0.002,0.,0.002,0.,0.,0.,0.,0.,0.,0.,0.,0.,0.,0.,0.,0.,0.,0.
6,0.003,0.,0.002,0.,0.,0.,0.,0.,0.,0.,0.,0.,0.,0.,0.,0.,0.,0.,0.,0.,0.,0.,0.,0.,0.,0.,0.,0.,0.,0.,0.,0.,0.,0.,0.,0.,0.,0.,0.,0.002,0.,0.002,0.,0.,0.,0.,0.,0.,0.,0.,0.,0.,0.,0.,0.,0.,0.
7,0.003,0.001,0.001,0.,0.,0.,0.,0.,0.,0.,0.,0.,0.,0.,0.,0.,0.,0.,0.,0.,0.,0.,0.,0.,0.,0.,0.,0.,0.,0.,0.,0.,0.,0.,0.,0.,0.,0.,0.,0.002,0.001,0.001,0.,0.,0.,0.,0.,0.,0.,0.,0.,0.,0.,0.,0.,0.,0.
8,0.003,0.001,0.001,0.,0.,0.,0.,0.,0.,0.,0.,0.,0.,0.,0.,0.,0.,0.,0.,0.,0.,0.,0.,0.,0.,0.,0.,0.,0.,0.,0.,0.,0.,0.,0.,0.,0.,0.,0.,0.002,0.001,0.001,0.,0.,0.,0.,0.,0.,0.,0.,0.,0.,0.,0.,0.,0.,0.
9,0.003,0.,0.003,0.,0.,0.,0.,0.,0.,0.,0.,0.,0.,0.,0.,0.,0.,0.,0.,0.,0.,0.,0.,0.,0.,0.,0.,0.,0.,0.,0.,0.,0.,0.,0.,0.,0.,0.,0.,0.003,0.,0.003,0.,0.,0.,0.,0.,0.,0.,0.,0.,0.,0.,0.,0.,0.,0.
10,0.003,0.,0.003,0.,0.,0.,0.,0.,0.,0.,0.,0.,0.,0.,0.,0.,0.,0.,0.,0.,0.,0.,0.,0.,0.,0.,0.,0.,0.,0.,0.,0.,0.,0.,0.,0.,0.,0.,0.,0.002,0.,0.002,0.,0.,0.,0.,0.,0.,0.,0.,0.,0.,0.,0.,0.,0.,0.
11,0.043,0.003,0.039,0.,0.,0.,0.,0.,0.,0.,0.,0.,0.,0.,0.,0.,0.,0.,0.,0.,0.,0.,0.,0.,0.,0.,0.,0.,0.,0.,0.,0.,0.,0.,0.,0.,0.,0.,0.,0.043,0.003,0.039,0.,0.,0.,0.04,0.003,0.036,0.,0.,0.,0.,0.,0.,0.,0.,0.
12,0.003,0.,0.003,0.,0.,0.,0.,0.,0.,0.,0.,0.,0.,0.,0.,0.,0.,0.,0.,0.,0.,0.,0.,0.,0.,0.,0.,0.,0.,0.,0.,0.,0.,0.,0.,0.,0.,0.,0.,0.002,0.,0.002,0.,0.,0.,0.,0.,0.,0.,0.,0.,0.,0.,0.,0.,0.,0.
13,0.003,0.,0.003,0.,0.,0.,0.,0.,0.,0.,0.,0.,0.,0.,0.,0.,0.,0.,0.,0.,0.,0.,0.,0.,0.,0.,0.,0.,0.,0.,0.,0.,0.,0.,0.,0.,0.,0.,0.,0.002,0.,0.002,0.,0.,0.,0.,0.,0.,0.,0.,0.,0.,0.,0.,0.,0.,0.
14,0.003,0.,0.003,0.,0.,0.,0.,0.,0.,0.,0.,0.,0.,0.,0.,0.,0.,0.,0.,0.,0.,0.,0.,0.,0.,0.,0.,0.,0.,0.,0.,0.,0.,0.,0.,0.,0.,0.,0.,0.003,0.,0.003,0.,0.,0.,0.,0.,0.,0.,0.,0.,0.,0.,0.,0.,0.,0.
15,0.003,0.,0.003,0.,0.,0.,0.,0.,0.,0.,0.,0.,0.,0.,0.,0.,0.,0.,0.,0.,0.,0.,0.,0.,0.,0.,0.,0.,0.,0.,0.,0.,0.,0.,0.,0.,0.,0.,0.,0.003,0.,0.003,0.,0.,0.,0.,0.,0.,0.,0.,0.,0.,0.,0.,0.,0.,0.
16,0.003,0.,0.003,0.,0.,0.,0.,0.,0.,0.,0.,0.,0.,0.,0.,0.,0.,0.,0.,0.,0.,0.,0.,0.,0.,0.,0.,0.,0.,0.,0.,0.,0.,0.,0.,0.,0.,0.,0.,0.003,0.,0.003,0.,0.,0.,0.,0.,0.,0.,0.,0.,0.,0.,0.,0.,0.,0.
17,0.004,0.,0.004,0.,0.,0.,0.,0.,0.,0.,0.,0.,0.001,0.,0.001,0.,0.,0.,0.001,0.,0.001,0.,0.,0.,0.,0.,0.,0.,0.,0.,0.,0.,0.,0.,0.,0.,0.,0.,0.,0.003,0.,0.003,0.,0.,0.,0.,0.,0.,0.,0.,0.,0.,0.,0.,0.,0.,0.
18,0.004,0.,0.004,0.,0.,0.,0.,0.,0.,0.,0.,0.,0.001,0.,0.001,0.,0.,0.,0.001,0.,0.001,0.,0.,0.,0.,0.,0.,0.,0.,0.,0.,0.,0.,0.,0.,0.,0.,0.,0.,0.003,0.,0.003,0.,0.,0.,0.,0.,0.,0.,0.,0.,0.,0.,0.,0.,0.,0.
19,0.019,0.,0.019,0.,0.,0.,0.,0.,0.,0.,0.,0.,0.001,0.,0.001,0.,0.,0.,0.001,0.,0.001,0.,0.,0.,0.,0.,0.,0.,0.,0.,0.,0.,0.,0.,0.,0.,0.,0.,0.,0.018,0.,0.018,0.,0.,0.,0.,0.,0.,0.,0.,0.,0.014,0.,0.014,0.,0.,0.
20,0.004,0.,0.004,0.,0.,0.,0.,0.,0.,0.,0.,0.,0.001,0.,0.001,0.,0.,0.,0.001,0.,0.001,0.,0.,0.,0.,0.,0.,0.,0.,0.,0.,0.,0.,0.,0.,0.,0.,0.,0.,0.004,0.,0.004,0.,0.,0.,0.,0.,0.,0.,0.,0.,0.,0.,0.,0.,0.,0.
21,0.005,0.,0.005,0.,0.,0.,0.,0.,0.,0.,0.,0.,0.001,0.,0.001,0.,0.,0.,0.001,0.,0.001,0.,0.,0.,0.,0.,0.,0.,0.,0.,0.,0.,0.,0.,0.,0.,0.,0.,0.,0.004,0.,0.004,0.,0.,0.,0.,0.,0.,0.,0.,0.,0.,0.,0.,0.,0.,0.
22,0.005,0.,0.005,0.,0.,0.,0.,0.,0.,0.,0.,0.,0.001,0.,0.001,0.,0.,0.,0.001,0.,0.001,0.,0.,0.,0.,0.,0.,0.,0.,0.,0.,0.,0.,0.,0.,0.,0.,0.,0.,0.004,0.,0.004,0.,0.,0.,0.,0.,0.,0.,0.,0.,0.,0.,0.,0.,0.,0.
23,0.005,0.,0.004,0.,0.,0.,0.,0.,0.,0.,0.,0.,0.001,0.,0.001,0.,0.,0.,0.001,0.,0.001,0.,0.,0.,0.,0.,0.,0.,0.,0.,0.,0.,0.,0.,0.,0.,0.,0.,0.,0.004,0.,0.004,0.,0.,0.,0.,0.,0.,0.,0.,0.,0.,0.,0.,0.,0.,0.
24,0.005,0.,0.005,0.,0.,0.,0.,0.,0.,0.,0.,0.,0.001,0.,0.001,0.,0.,0.,0.001,0.,0.001,0.,0.,0.,0.,0.,0.,0.,0.,0.,0.,0.,0.,0.,0.,0.,0.,0.,0.,0.005,0.,0.005,0.,0.,0.,0.,0.,0.,0.,0.,0.,0.,0.,0.,0.,0.,0.
25,0.006,0.,0.006,0.,0.,0.,0.,0.,0.,0.,0.,0.,0.002,0.,0.002,0.,0.,0.,0.002,0.,0.002,0.,0.,0.,0.,0.,0.,0.,0.,0.,0.,0.,0.,0.,0.,0.,0.,0.,0.,0.005,0.,0.005,0.,0.,0.,0.,0.,0.,0.,0.,0.,0.,0.,0.,0.,0.,0.
26,0.006,0.,0.005,0.,0.,0.,0.,0.,0.,0.,0.,0.,0.001,0.,0.001,0.,0.,0.,0.001,0.,0.001,0.,0.,0.,0.,0.,0.,0.,0.,0.,0.,0.,0.,0.,0.,0.,0.,0.,0.,0.005,0.,0.004,0.,0.,0.,0.,0.,0.,0.,0.,0.,0.,0.,0.,0.,0.,0.
27,0.006,0.,0.006,0.,0.,0.,0.,0.,0.,0.,0.,0.,0.001,0.,0.001,0.,0.,0.,0.001,0.,0.001,0.,0.,0.,0.,0.,0.,0.,0.,0.,0.,0.,0.,0.,0.,0.,0.,0.,0.,0.005,0.,0.005,0.,0.,0.,0.,0.,0.,0.,0.,0.,0.,0.,0.,0.,0.,0.
28,0.007,0.,0.007,0.,0.,0.,0.,0.,0.,0.,0.,0.,0.001,0.,0.001,0.,0.,0.,0.001,0.,0.001,0.,0.,0.,0.,0.,0.,0.,0.,0.,0.,0.,0.,0.,0.,0.,0.,0.,0.,0.006,0.,0.006,0.,0.,0.,0.,0.,0.,0.,0.,0.,0.,0.,0.,0.,0.,0.
29,0.008,0.,0.008,0.,0.,0.,0.,0.,0.,0.,0.,0.,0.001,0.,0.001,0.,0.,0.,0.001,0.,0.001,0.,0.,0.,0.,0.,0.,0.,0.,0.,0.,0.,0.,0.,0.,0.,0.,0.,0.,0.007,0.,0.007,0.,0.,0.,0.,0.,0.,0.,0.,0.,0.,0.,0.,0.,0.,0.
30,0.008,0.,0.008,0.,0.,0.,0.,0.,0.,0.,0.,0.,0.001,0.,0.001,0.,0.,0.,0.001,0.,0.001,0.,0.,0.,0.,0.,0.,0.,0.,0.,0.,0.,0.,0.,0.,0.,0.,0.,0.,0.007,0.,0.007,0.,0.,0.,0.,0.,0.,0.,0.,0.,0.,0.,0.,0.,0.,0.
31,0.008,0.,0.008,0.,0.,0.,0.,0.,0.,0.,0.,0.,0.001,0.,0.001,0.,0.,0.,0.001,0.,0.001,0.,0.,0.,0.,0.,0.,0.,0.,0.,0.,0.,0.,0.,0.,0.,0.,0.,0.,0.007,0.,0.007,0.,0.,0.,0.,0.,0.,0.,0.,0.,0.,0.,0.,0.,0.,0.
32,0.008,0.,0.008,0.,0.,0.,0.,0.,0.,0.,0.,0.,0.001,0.,0.001,0.,0.,0.,0.001,0.,0.001,0.,0.,0.,0.,0.,0.,0.,0.,0.,0.,0.,0.,0.,0.,0.,0.,0.,0.,0.007,0.,0.007,0.,0.,0.,0.,0.,0.,0.,0.,0.,0.,0.,0.,0.,0.,0.
33,0.008,0.,0.008,0.,0.,0.,0.,0.,0.,0.,0.,0.,0.002,0.,0.002,0.,0.,0.,0.001,0.,0.001,0.,0.,0.,0.,0.,0.,0.,0.,0.,0.,0.,0.,0.,0.,0.,0.,0.,0.,0.007,0.,0.007,0.,0.,0.,0.,0.,0.,0.,0.,0.,0.,0.,0.,0.,0.,0.
34,0.009,0.,0.009,0.,0.,0.,0.,0.,0.,0.,0.,0.,0.002,0.,0.002,0.,0.,0.,0.002,0.,0.002,0.,0.,0.,0.,0.,0.,0.,0.,0.,0.,0.,0.,0.,0.,0.,0.,0.,0.,0.008,0.,0.008,0.,0.,0.,0.,0.,0.,0.,0.,0.,0.,0.,0.,0.,0.,0.
35,0.009,0.001,0.007,0.,0.,0.,0.,0.,0.,0.,0.,0.,0.002,0.,0.001,0.,0.,0.,0.002,0.,0.001,0.,0.,0.,0.,0.,0.,0.,0.,0.,0.,0.,0.,0.,0.,0.,0.,0.,0.,0.007,0.001,0.006,0.,0.,0.,0.,0.,0.,0.,0.,0.,0.,0.,0.,0.,0.,0.
36,0.009,0.,0.009,0.,0.,0.,0.,0.,0.,0.,0.,0.,0.002,0.,0.002,0.,0.,0.,0.002,0.,0.002,0.,0.,0.,0.,0.,0.,0.,0.,0.,0.,0.,0.,0.001,0.,0.001,0.,0.,0.,0.008,0.,0.008,0.,0.,0.,0.,0.,0.,0.,0.,0.,0.,0.,0.,0.,0.,0.
37,0.014,0.,0.014,0.,0.,0.,0.,0.,0.,0.,0.,0.,0.002,0.,0.002,0.,0.,0.,0.002,0.,0.002,0.,0.,0.,0.,0.,0.,0.,0.,0.,0.,0.,0.,0.001,0.,0.001,0.,0.,0.,0.013,0.,0.013,0.,0.,0.,0.,0.,0.,0.,0.,0.,0.,0.,0.,0.005,0.,0.005
38,0.009,0.,0.009,0.,0.,0.,0.,0.,0.,0.,0.,0.,0.002,0.,0.002,0.,0.,0.,0.002,0.,0.002,0.,0.,0.,0.,0.,0.,0.,0.,0.,0.,0.,0.,0.001,0.,0.001,0.,0.,0.,0.008,0.,0.008,0.,0.,0.,0.,0.,0.,0.,0.,0.,0.,0.,0.,0.,0.,0.
39,0.01,0.,0.01,0.,0.,0.,0.,0.,0.,0.,0.,0.,0.002,0.,0.002,0.,0.,0.,0.002,0.,0.002,0.,0.,0.,0.,0.,0.,0.,0.,0.,0.,0.,0.,0.001,0.,0.001,0.,0.,0.,0.008,0.,0.008,0.,0.,0.,0.,0.,0.,0.,0.,0.,0.,0.,0.,0.,0.,0.
40,0.01,0.,0.01,0.,0.,0.,0.,0.,0.,0.,0.,0.,0.002,0.,0.002,0.,0.,0.,0.002,0.,0.002,0.,0.,0.,0.,0.,0.,0.,0.,0.,0.,0.,0.,0.001,0.,0.001,0.,0.,0.,0.008,0.,0.008,0.,0.,0.,0.,0.,0.,0.,0.,0.,0.,0.,0.,0.,0.,0.
41,0.011,0.,0.011,0.,0.,0.,0.,0.,0.,0.,0.,0.,0.003,0.,0.003,0.,0.,0.,0.003,0.,0.003,0.,0.,0.,0.,0.,0.,0.,0.,0.,0.,0.,0.,0.001,0.,0.001,0.,0.,0.,0.009,0.,0.009,0.,0.,0.,0.,0.,0.,0.,0.,0.,0.,0.,0.,0.,0.,0.
42,0.011,0.,0.011,0.,0.,0.,0.,0.,0.,0.,0.,0.,0.002,0.,0.002,0.,0.,0.,0.002,0.,0.002,0.,0.,0.,0.,0.,0.,0.,0.,0.,0.,0.,0.,0.001,0.,0.001,0.,0.,0.,0.009,0.,0.009,0.,0.,0.,0.,0.,0.,0.,0.,0.,0.,0.,0.,0.,0.,0.
43,0.011,0.,0.01,0.,0.,0.,0.,0.,0.,0.,0.,0.,0.002,0.,0.002,0.,0.,0.,0.002,0.,0.002,0.,0.,0.,0.,0.,0.,0.,0.,0.,0.,0.,0.,0.001,0.,0.001,0.,0.,0.,0.009,0.,0.008,0.,0.,0.,0.,0.,0.,0.,0.,0.,0.,0.,0.,0.,0.,0.
44,0.017,0.,0.017,0.006,0.,0.006,0.,0.,0.,0.,0.,0.,0.002,0.,0.002,0.,0.,0.,0.002,0.,0.002,0.,0.,0.,0.,0.,0.,0.,0.,0.,0.,0.,0.,0.001,0.,0.001,0.,0.,0.,0.015,0.,0.015,0.,0.,0.,0.,0.,0.,0.,0.,0.,0.,0.,0.,0.,0.,0.
45,0.011,0.,0.011,0.,0.,0.,0.,0.,0.,0.,0.,0.,0.002,0.,0.002,0.,0.,0.,0.002,0.,0.002,0.,0.,0.,0.,0.,0.,0.,0.,0.,0.,0.,0.,0.001,0.,0.001,0.,0.,0.,0.01,0.,0.01,0.,0.,0.,0.,0.,0.,0.,0.,0.,0.,0.,0.,0.,0.,0.
46,0.012,0.,0.012,0.,0.,0.,0.,0.,0.,0.,0.,0.,0.002,0.,0.002,0.,0.,0.,0.002,0.,0.002,0.,0.,0.,0.,0.,0.,0.,0.,0.,0.,0.,0.,0.001,0.,0.001,0.,0.,0.,0.01,0.,0.01,0.,0.,0.,0.,0.,0.,0.,0.,0.,0.,0.,0.,0.,0.,0.
47,0.012,0.,0.012,0.,0.,0.,0.,0.,0.,0.,0.,0.,0.002,0.,0.002,0.,0.,0.,0.002,0.,0.002,0.,0.,0.,0.,0.,0.,0.,0.,0.,0.,0.,0.,0.001,0.,0.001,0.,0.,0.,0.01,0.,0.01,0.,0.,0.,0.,0.,0.,0.,0.,0.,0.,0.,0.,0.,0.,0.
48,0.012,0.,0.012,0.,0.,0.,0.,0.,0.,0.,0.,0.,0.002,0.,0.002,0.,0.,0.,0.002,0.,0.002,0.,0.,0.,0.,0.,0.,0.,0.,0.,0.,0.,0.,0.001,0.,0.001,0.,0.,0.,0.01,0.,0.01,0.,0.,0.,0.,0.,0.,0.,0.,0.,0.,0.,0.,0.,0.,0.
49,0.012,0.,0.012,0.,0.,0.,0.,0.,0.,0.,0.,0.,0.002,0.,0.002,0.,0.,0.,0.002,0.,0.002,0.,0.,0.,0.,0.,0.,0.,0.,0.,0.,0.,0.,0.001,0.,0.001,0.,0.,0.,0.011,0.,0.011,0.,0.,0.,0.,0.,0.,0.,0.,0.,0.,0.,0.,0.,0.,0.
50,0.016,0.004,0.011,0.,0.,0.,0.,0.,0.,0.,0.,0.,0.003,0.,0.002,0.,0.,0.,0.003,0.,0.002,0.,0.,0.,0.001,0.,0.001,0.,0.,0.,0.001,0.,0.,0.001,0.,0.001,0.,0.,0.,0.014,0.004,0.01,0.001,0.,0.001,0.,0.,0.,0.001,0.,0.001,0.,0.,0.,0.,0.,0.
51,0.013,0.,0.013,0.,0.,0.,0.,0.,0.,0.,0.,0.,0.002,0.,0.002,0.,0.,0.,0.002,0.,0.002,0.,0.,0.,0.,0.,0.,0.,0.,0.,0.,0.,0.,0.001,0.,0.001,0.,0.,0.,0.011,0.,0.011,0.,0.,0.,0.,0.,0.,0.,0.,0.,0.,0.,0.,0.,0.,0.
52,0.013,0.,0.013,0.,0.,0.,0.,0.,0.,0.,0.,0.,0.003,0.,0.003,0.,0.,0.,0.003,0.,0.003,0.,0.,0.,0.,0.,0.,0.,0.,0.,0.,0.,0.,0.001,0.,0.001,0.,0.,0.,0.012,0.,0.012,0.,0.,0.001,0.,0.,0.,0.,0.,0.,0.,0.,0.,0.,0.,0.
53,0.074,0.,0.074,0.,0.,0.,0.06,0.,0.06,0.,0.,0.,0.003,0.,0.003,0.,0.,0.,0.003,0.,0.003,0.,0.,0.,0.001,0.,0.001,0.,0.,0.,0.,0.,0.,0.001,0.,0.001,0.,0.,0.,0.072,0.,0.072,0.,0.,0.,0.,0.,0.,0.,0.,0.,0.,0.,0.,0.,0.,0.
54,0.014,0.,0.014,0.,0.,0.,0.,0.,0.,0.,0.,0.,0.003,0.,0.003,0.,0.,0.,0.002,0.,0.002,0.,0.,0.,0.,0.,0.,0.,0.,0.,0.,0.,0.,0.001,0.,0.001,0.,0.,0.,0.012,0.,0.012,0.,0.,0.,0.,0.,0.,0.,0.,0.,0.,0.,0.,0.,0.,0.
55,0.014,0.,0.014,0.,0.,0.,0.,0.,0.,0.,0.,0.,0.003,0.,0.003,0.,0.,0.,0.003,0.,0.003,0.,0.,0.,0.,0.,0.,0.,0.,0.,0.,0.,0.,0.001,0.,0.001,0.,0.,0.,0.012,0.,0.012,0.001,0.,0.001,0.,0.,0.,0.,0.,0.,0.,0.,0.,0.,0.,0.
56,0.015,0.,0.015,0.,0.,0.,0.,0.,0.,0.,0.,0.,0.003,0.,0.003,0.,0.,0.,0.003,0.,0.003,0.,0.,0.,0.001,0.,0.001,0.,0.,0.,0.001,0.,0.001,0.001,0.,0.001,0.,0.,0.,0.012,0.,0.012,0.001,0.,0.001,0.,0.,0.,0.001,0.,0.001,0.,0.,0.,0.001,0.,0.001
57,0.015,0.,0.014,0.,0.,0.,0.,0.,0.,0.,0.,0.,0.003,0.,0.003,0.,0.,0.,0.003,0.,0.003,0.,0.,0.,0.001,0.,0.001,0.001,0.,0.001,0.001,0.,0.,0.001,0.,0.001,0.,0.,0.,0.013,0.,0.012,0.001,0.,0.001,0.,0.,0.,0.001,0.,0.001,0.,0.,0.,0.001,0.,0.001
58,0.045,0.,0.045,0.,0.,0.,0.,0.,0.,0.,0.,0.,0.003,0.,0.003,0.,0.,0.,0.003,0.,0.003,0.031,0.,0.031,0.001,0.,0.001,0.,0.,0.,0.001,0.,0.001,0.001,0.,0.001,0.,0.,0.,0.043,0.,0.043,0.001,0.,0.001,0.,0.,0.,0.001,0.,0.001,0.,0.,0.,0.001,0.,0.001
59,0.017,0.,0.017,0.,0.,0.,0.,0.,0.,0.,0.,0.,0.003,0.,0.003,0.,0.,0.,0.003,0.,0.003,0.,0.,0.,0.001,0.,0.001,0.001,0.,0.001,0.001,0.,0.001,0.002,0.,0.002,0.,0.,0.,0.014,0.,0.014,0.001,0.,0.001,0.,0.,0.,0.001,0.,0.001,0.001,0.,0.001,0.001,0.,0.001
60,0.017,0.,0.017,0.,0.,0.,0.,0.,0.,0.,0.,0.,0.003,0.,0.003,0.,0.,0.,0.003,0.,0.003,0.,0.,0.,0.001,0.,0.001,0.001,0.,0.001,0.001,0.,0.001,0.001,0.,0.001,0.,0.,0.,0.015,0.,0.015,0.001,0.,0.001,0.,0.,0.,0.001,0.,0.001,0.001,0.,0.001,0.001,0.,0.001
61,0.016,0.,0.016,0.,0.,0.,0.,0.,0.,0.,0.,0.,0.003,0.,0.003,0.,0.,0.,0.003,0.,0.003,0.,0.,0.,0.001,0.,0.001,0.001,0.,0.001,0.001,0.,0.001,0.002,0.,0.002,0.,0.,0.,0.013,0.,0.013,0.001,0.,0.001,0.,0.,0.,0.001,0.,0.001,0.001,0.,0.001,0.001,0.,0.001
62,0.031,0.,0.031,0.,0.,0.,0.,0.,0.,0.,0.,0.,0.003,0.,0.003,0.,0.,0.,0.003,0.,0.003,0.,0.,0.,0.001,0.,0.001,0.001,0.,0.001,0.001,0.,0.001,0.002,0.,0.002,0.,0.,0.,0.028,0.,0.028,0.001,0.,0.001,0.,0.,0.,0.001,0.,0.001,0.001,0.,0.001,0.015,0.,0.015
63,0.016,0.,0.016,0.,0.,0.,0.,0.,0.,0.,0.,0.,0.003,0.,0.003,0.,0.,0.,0.003,0.,0.003,0.,0.,0.,0.001,0.,0.001,0.001,0.,0.001,0.001,0.,0.001,0.002,0.,0.002,0.,0.,0.,0.014,0.,0.014,0.001,0.,0.001,0.,0.,0.,0.001,0.,0.001,0.001,0.,0.001,0.001,0.,0.001
64,0.017,0.,0.017,0.,0.,0.,0.,0.,0.,0.,0.,0.,0.003,0.,0.003,0.,0.,0.,0.003,0.,0.003,0.,0.,0.,0.001,0.,0.001,0.001,0.,0.001,0.001,0.,0.001,0.002,0.,0.002,0.,0.,0.,0.014,0.,0.014,0.001,0.,0.001,0.,0.,0.,0.001,0.,0.001,0.001,0.,0.001,0.001,0.,0.001
65,0.017,0.,0.017,0.,0.,0.,0.,0.,0.,0.,0.,0.,0.003,0.,0.003,0.,0.,0.,0.003,0.,0.003,0.,0.,0.,0.001,0.,0.001,0.001,0.,0.001,0.001,0.,0.001,0.002,0.,0.002,0.,0.,0.,0.014,0.,0.014,0.001,0.,0.001,0.,0.,0.,0.001,0.,0.001,0.001,0.,0.001,0.001,0.,0.001
66,0.018,0.,0.018,0.,0.,0.,0.,0.,0.,0.,0.,0.,0.003,0.,0.003,0.,0.,0.,0.003,0.,0.003,0.,0.,0.,0.001,0.,0.001,0.001,0.,0.001,0.001,0.,0.001,0.002,0.,0.002,0.,0.,0.,0.015,0.,0.015,0.001,0.,0.001,0.,0.,0.,0.001,0.,0.001,0.001,0.,0.001,0.001,0.,0.001
67,0.018,0.,0.017,0.,0.,0.,0.,0.,0.,0.,0.,0.,0.003,0.,0.003,0.,0.,0.,0.003,0.,0.003,0.,0.,0.,0.001,0.,0.001,0.001,0.,0.001,0.001,0.,0.001,0.002,0.,0.002,0.,0.,0.,0.015,0.,0.014,0.001,0.,0.001,0.,0.,0.,0.001,0.,0.001,0.001,0.,0.001,0.001,0.,0.
68,0.018,0.,0.018,0.,0.,0.,0.,0.,0.,0.,0.,0.,0.003,0.,0.003,0.,0.,0.,0.003,0.,0.003,0.,0.,0.,0.001,0.,0.001,0.001,0.,0.001,0.001,0.,0.001,0.002,0.,0.002,0.,0.,0.,0.015,0.,0.015,0.001,0.,0.001,0.,0.,0.,0.001,0.,0.001,0.001,0.,0.001,0.001,0.,0.001
69,0.018,0.,0.018,0.,0.,0.,0.,0.,0.,0.,0.,0.,0.003,0.,0.003,0.,0.,0.,0.003,0.,0.003,0.,0.,0.,0.001,0.,0.001,0.001,0.,0.001,0.001,0.,0.001,0.002,0.,0.002,0.,0.,0.,0.015,0.,0.015,0.001,0.,0.001,0.,0.,0.,0.001,0.,0.001,0.001,0.,0.001,0.001,0.,0.001
70,0.023,0.,0.023,0.,0.,0.,0.,0.,0.,0.,0.,0.,0.003,0.,0.003,0.,0.,0.,0.003,0.,0.003,0.,0.,0.,0.001,0.,0.001,0.001,0.,0.001,0.001,0.,0.001,0.002,0.,0.002,0.,0.,0.,0.021,0.,0.021,0.006,0.,0.006,0.,0.,0.,0.001,0.,0.001,0.001,0.,0.001,0.001,0.,0.001
71,0.019,0.,0.019,0.,0.,0.,0.,0.,0.,0.,0.,0.,0.003,0.,0.003,0.,0.,0.,0.003,0.,0.003,0.,0.,0.,0.001,0.,0.001,0.001,0.,0.001,0.001,0.,0.001,0.002,0.,0.002,0.,0.,0.,0.016,0.,0.016,0.001,0.,0.001,0.,0.,0.,0.001,0.,0.001,0.001,0.,0.001,0.001,0.,0.001
72,0.02,0.,0.02,0.,0.,0.,0.,0.,0.,0.,0.,0.,0.003,0.,0.003,0.,0.,0.,0.003,0.,0.003,0.,0.,0.,0.001,0.,0.001,0.001,0.,0.001,0.002,0.,0.002,0.002,0.,0.002,0.,0.,0.,0.017,0.,0.017,0.001,0.,0.001,0.,0.,0.,0.001,0.,0.001,0.001,0.,0.001,0.001,0.,0.001
73,0.02,0.,0.02,0.,0.,0.,0.,0.,0.,0.,0.,0.,0.004,0.,0.004,0.,0.,0.,0.004,0.,0.004,0.,0.,0.,0.001,0.,0.001,0.001,0.,0.001,0.001,0.,0.001,0.002,0.,0.002,0.,0.,0.,0.017,0.,0.017,0.001,0.,0.001,0.,0.,0.,0.001,0.,0.001,0.001,0.,0.001,0.001,0.,0.001
74,0.027,0.,0.027,0.,0.,0.,0.,0.,0.,0.,0.,0.,0.004,0.,0.004,0.,0.,0.,0.003,0.,0.003,0.,0.,0.,0.001,0.,0.001,0.001,0.,0.001,0.001,0.,0.001,0.002,0.,0.002,0.,0.,0.,0.024,0.,0.024,0.001,0.,0.001,0.,0.,0.,0.001,0.,0.001,0.007,0.,0.007,0.001,0.,0.001
75,0.02,0.,0.02,0.,0.,0.,0.,0.,0.,0.,0.,0.,0.004,0.,0.004,0.,0.,0.,0.003,0.,0.003,0.,0.,0.,0.001,0.,0.001,0.001,0.,0.001,0.001,0.,0.001,0.002,0.,0.002,0.,0.,0.,0.017,0.,0.017,0.001,0.,0.001,0.,0.,0.,0.001,0.,0.001,0.001,0.,0.001,0.001,0.,0.001
76,0.021,0.,0.021,0.,0.,0.,0.,0.,0.,0.,0.,0.,0.004,0.,0.004,0.,0.,0.,0.004,0.,0.004,0.,0.,0.,0.001,0.,0.001,0.001,0.,0.001,0.001,0.,0.001,0.002,0.,0.002,0.,0.,0.,0.018,0.,0.018,0.001,0.,0.001,0.,0.,0.,0.001,0.,0.001,0.001,0.,0.001,0.001,0.,0.001
77,0.022,0.,0.022,0.,0.,0.,0.,0.,0.,0.,0.,0.,0.004,0.,0.004,0.,0.,0.,0.004,0.,0.004,0.,0.,0.,0.001,0.,0.001,0.001,0.,0.001,0.001,0.,0.001,0.002,0.,0.002,0.,0.,0.,0.019,0.,0.019,0.001,0.,0.001,0.,0.,0.,0.001,0.,0.001,0.001,0.,0.001,0.001,0.,0.001
78,0.022,0.,0.022,0.,0.,0.,0.,0.,0.,0.,0.,0.,0.004,0.,0.004,0.,0.,0.,0.004,0.,0.004,0.,0.,0.,0.001,0.,0.001,0.001,0.,0.001,0.001,0.,0.001,0.002,0.,0.002,0.,0.,0.,0.018,0.,0.018,0.001,0.,0.001,0.,0.,0.,0.001,0.,0.001,0.001,0.,0.001,0.001,0.,0.001
79,0.086,0.,0.086,0.,0.,0.,0.,0.,0.,0.,0.,0.,0.004,0.,0.004,0.,0.,0.,0.004,0.,0.004,0.,0.,0.,0.001,0.,0.001,0.001,0.,0.001,0.001,0.,0.001,0.002,0.,0.002,0.,0.,0.,0.082,0.,0.082,0.001,0.,0.001,0.,0.,0.,0.001,0.,0.001,0.001,0.,0.001,0.065,0.,0.065
80,0.022,0.,0.022,0.,0.,0.,0.,0.,0.,0.,0.,0.,0.004,0.,0.004,0.,0.,0.,0.004,0.,0.004,0.,0.,0.,0.001,0.,0.001,0.001,0.,0.001,0.001,0.,0.001,0.003,0.,0.003,0.,0.,0.,0.018,0.,0.018,0.001,0.,0.001,0.,0.,0.,0.001,0.,0.001,0.001,0.,0.001,0.001,0.,0.001
81,0.023,0.,0.023,0.,0.,0.,0.,0.,0.,0.,0.,0.,0.004,0.,0.004,0.,0.,0.,0.004,0.,0.004,0.,0.,0.,0.001,0.,0.001,0.002,0.,0.002,0.001,0.,0.001,0.003,0.,0.003,0.,0.,0.,0.019,0.,0.019,0.001,0.,0.001,0.,0.,0.,0.001,0.,0.001,0.001,0.,0.001,0.001,0.,0.001
82,0.023,0.,0.023,0.,0.,0.,0.,0.,0.,0.,0.,0.,0.004,0.,0.004,0.,0.,0.,0.004,0.,0.004,0.,0.,0.,0.001,0.,0.001,0.001,0.,0.001,0.001,0.,0.001,0.003,0.,0.003,0.,0.,0.,0.019,0.,0.019,0.001,0.,0.001,0.,0.,0.,0.001,0.,0.001,0.001,0.,0.001,0.001,0.,0.001
83,0.053,0.,0.053,0.,0.,0.,0.,0.,0.,0.,0.,0.,0.035,0.,0.035,0.,0.,0.,0.034,0.,0.034,0.,0.,0.,0.001,0.,0.001,0.001,0.,0.001,0.001,0.,0.001,0.003,0.,0.003,0.,0.,0.,0.049,0.,0.049,0.001,0.,0.001,0.,0.,0.,0.001,0.,0.001,0.001,0.,0.001,0.001,0.,0.001
84,0.024,0.,0.024,0.,0.,0.,0.,0.,0.,0.,0.,0.,0.004,0.,0.004,0.,0.,0.,0.004,0.,0.004,0.,0.,0.,0.001,0.,0.001,0.001,0.,0.001,0.001,0.,0.001,0.003,0.,0.003,0.,0.,0.,0.02,0.,0.02,0.001,0.,0.001,0.,0.,0.,0.002,0.,0.002,0.001,0.,0.001,0.001,0.,0.001
85,0.024,0.,0.024,0.,0.,0.,0.,0.,0.,0.,0.,0.,0.004,0.,0.004,0.,0.,0.,0.004,0.,0.004,0.,0.,0.,0.001,0.,0.001,0.001,0.,0.001,0.001,0.,0.001,0.003,0.,0.003,0.,0.,0.,0.02,0.,0.02,0.001,0.,0.001,0.,0.,0.,0.001,0.,0.001,0.001,0.,0.001,0.001,0.,0.001
86,0.039,0.,0.039,0.,0.,0.,0.,0.,0.,0.,0.,0.,0.019,0.,0.019,0.,0.,0.,0.019,0.,0.019,0.,0.,0.,0.001,0.,0.001,0.001,0.,0.001,0.001,0.,0.001,0.003,0.,0.003,0.,0.,0.,0.035,0.,0.035,0.001,0.,0.001,0.,0.,0.,0.001,0.,0.001,0.001,0.,0.001,0.001,0.,0.001
87,0.025,0.,0.024,0.,0.,0.,0.,0.,0.,0.,0.,0.,0.004,0.,0.004,0.,0.,0.,0.004,0.,0.004,0.,0.,0.,0.001,0.,0.001,0.001,0.,0.001,0.001,0.,0.001,0.003,0.,0.003,0.,0.,0.,0.021,0.,0.02,0.001,0.,0.001,0.,0.,0.,0.001,0.,0.001,0.001,0.,0.001,0.002,0.,0.001
88,0.025,0.,0.025,0.,0.,0.,0.,0.,0.,0.,0.,0.,0.004,0.,0.004,0.,0.,0.,0.004,0.,0.004,0.001,0.,0.001,0.001,0.,0.001,0.001,0.,0.001,0.001,0.,0.001,0.003,0.,0.003,0.,0.,0.,0.02,0.,0.02,0.001,0.,0.001,0.,0.,0.,0.001,0.,0.001,0.001,0.,0.001,0.001,0.,0.001
89,0.026,0.,0.026,0.,0.,0.,0.,0.,0.,0.,0.,0.,0.004,0.,0.004,0.,0.,0.,0.004,0.,0.004,0.001,0.,0.001,0.002,0.,0.002,0.001,0.,0.001,0.002,0.,0.002,0.003,0.,0.003,0.,0.,0.,0.022,0.,0.022,0.002,0.,0.002,0.,0.,0.,0.002,0.,0.002,0.001,0.,0.001,0.002,0.,0.002
90,0.028,0.,0.028,0.,0.,0.,0.,0.,0.,0.,0.,0.,0.004,0.,0.004,0.,0.,0.,0.004,0.,0.004,0.,0.,0.,0.002,0.,0.002,0.002,0.,0.002,0.002,0.,0.002,0.003,0.,0.003,0.,0.,0.,0.024,0.,0.024,0.002,0.,0.002,0.,0.,0.,0.002,0.,0.002,0.002,0.,0.002,0.002,0.,0.002
91,0.027,0.,0.027,0.,0.,0.,0.,0.,0.,0.,0.,0.,0.004,0.,0.004,0.,0.,0.,0.004,0.,0.004,0.,0.,0.,0.002,0.,0.002,0.002,0.,0.002,0.002,0.,0.002,0.003,0.,0.003,0.,0.,0.,0.023,0.,0.023,0.002,0.,0.002,0.,0.,0.,0.002,0.,0.002,0.001,0.,0.001,0.002,0.,0.002
92,0.028,0.,0.028,0.,0.,0.,0.,0.,0.,0.,0.,0.,0.005,0.,0.005,0.,0.,0.,0.005,0.,0.005,0.,0.,0.,0.002,0.,0.002,0.002,0.,0.002,0.002,0.,0.002,0.003,0.,0.003,0.,0.,0.,0.024,0.,0.024,0.002,0.,0.002,0.,0.,0.,0.002,0.,0.002,0.002,0.,0.002,0.002,0.,0.002
93,0.03,0.,0.029,0.,0.,0.,0.,0.,0.,0.,0.,0.,0.005,0.,0.005,0.,0.,0.,0.004,0.,0.004,0.,0.,0.,0.002,0.,0.002,0.002,0.,0.002,0.003,0.,0.003,0.003,0.,0.003,0.,0.,0.,0.026,0.,0.025,0.002,0.,0.002,0.,0.,0.,0.002,0.,0.001,0.002,0.,0.002,0.002,0.,0.002
94,0.03,0.,0.03,0.,0.,0.,0.,0.,0.,0.,0.,0.,0.005,0.,0.005,0.,0.,0.,0.005,0.,0.005,0.001,0.,0.001,0.002,0.,0.002,0.002,0.,0.002,0.002,0.,0.002,0.004,0.,0.004,0.,0.,0.,0.025,0.,0.025,0.002,0.,0.002,0.,0.,0.,0.002,0.,0.002,0.002,0.,0.002,0.002,0.,0.002
95,0.031,0.,0.031,0.,0.,0.,0.,0.,0.,0.,0.,0.,0.005,0.,0.005,0.,0.,0.,0.005,0.,0.005,0.001,0.,0.001,0.002,0.,0.002,0.002,0.,0.002,0.002,0.,0.002,0.003,0.,0.003,0.,0.,0.,0.026,0.,0.026,0.002,0.,0.002,0.001,0.,0.001,0.002,0.,0.002,0.002,0.,0.002,0.002,0.,0.002
96,0.031,0.,0.031,0.,0.,0.,0.,0.,0.,0.,0.,0.,0.005,0.,0.005,0.,0.,0.,0.005,0.,0.005,0.001,0.,0.001,0.002,0.,0.002,0.002,0.,0.002,0.002,0.,0.002,0.004,0.,0.004,0.,0.,0.,0.026,0.,0.026,0.002,0.,0.002,0.,0.,0.,0.002,0.,0.002,0.003,0.,0.003,0.002,0.,0.002
97,0.035,0.,0.035,0.,0.,0.,0.,0.,0.,0.,0.,0.,0.006,0.,0.006,0.,0.,0.,0.006,0.,0.006,0.001,0.,0.001,0.002,0.,0.002,0.002,0.,0.002,0.002,0.,0.002,0.004,0.,0.004,0.,0.,0.,0.03,0.,0.03,0.002,0.,0.002,0.001,0.,0.001,0.003,0.,0.003,0.002,0.,0.002,0.002,0.,0.002
98,0.031,0.,0.031,0.,0.,0.,0.,0.,0.,0.,0.,0.,0.005,0.,0.005,0.,0.,0.,0.005,0.,0.005,0.001,0.,0.001,0.002,0.,0.002,0.002,0.,0.002,0.002,0.,0.002,0.004,0.,0.004,0.,0.,0.,0.026,0.,0.026,0.002,0.,0.002,0.001,0.,0.001,0.002,0.,0.002,0.002,0.,0.002,0.002,0.,0.002
99,0.033,0.,0.033,0.,0.,0.,0.,0.,0.,0.,0.,0.,0.006,0.,0.006,0.,0.,0.,0.005,0.,0.005,0.,0.,0.,0.002,0.,0.002,0.002,0.,0.002,0.002,0.,0.002,0.004,0.,0.004,0.,0.,0.,0.028,0.,0.028,0.002,0.,0.002,0.,0.,0.,0.002,0.,0.002,0.002,0.,0.002,0.002,0.,0.002
100,0.067,0.009,0.057,0.,0.,0.,0.,0.,0.,0.,0.,0.,0.007,0.002,0.004,0.,0.,0.,0.007,0.002,0.004,0.001,0.001,0.,0.002,0.001,0.001,0.002,0.001,0.,0.002,0.,0.002,0.004,0.,0.004,0.,0.,0.,0.062,0.009,0.052,0.002,0.,0.002,0.001,0.,0.001,0.035,0.002,0.032,0.002,0.,0.002,0.002,0.,0.002
110,0.037,0.,0.036,0.,0.,0.,0.,0.,0.,0.,0.,0.,0.006,0.,0.006,0.,0.,0.,0.006,0.,0.006,0.001,0.,0.001,0.002,0.,0.002,0.002,0.,0.002,0.003,0.,0.003,0.004,0.,0.004,0.,0.,0.,0.031,0.,0.03,0.002,0.,0.002,0.001,0.,0.001,0.003,0.,0.003,0.002,0.,0.001,0.002,0.,0.002
120,0.042,0.,0.042,0.,0.,0.,0.,0.,0.,0.,0.,0.,0.006,0.,0.006,0.,0.,0.,0.006,0.,0.006,0.001,0.,0.001,0.003,0.,0.003,0.003,0.,0.003,0.004,0.,0.004,0.005,0.,0.005,0.,0.,0.,0.036,0.,0.036,0.003,0.,0.003,0.001,0.,0.001,0.003,0.,0.003,0.003,0.,0.003,0.003,0.,0.003
130,0.045,0.,0.045,0.,0.,0.,0.,0.,0.,0.,0.,0.,0.007,0.,0.007,0.,0.,0.,0.006,0.,0.006,0.001,0.,0.001,0.003,0.,0.003,0.003,0.,0.003,0.003,0.,0.003,0.006,0.,0.006,0.,0.,0.,0.038,0.,0.038,0.003,0.,0.003,0.001,0.,0.001,0.003,0.,0.003,0.003,0.,0.003,0.003,0.,0.003
140,0.05,0.,0.05,0.,0.,0.,0.,0.,0.,0.,0.,0.,0.007,0.,0.007,0.,0.,0.,0.007,0.,0.007,0.001,0.,0.001,0.003,0.,0.003,0.003,0.,0.003,0.005,0.,0.005,0.007,0.,0.007,0.,0.,0.,0.042,0.,0.042,0.003,0.,0.003,0.001,0.,0.001,0.004,0.,0.004,0.003,0.,0.003,0.004,0.,0.004
150,0.064,0.,0.064,0.,0.,0.,0.,0.,0.,0.,0.,0.,0.008,0.,0.008,0.,0.,0.,0.008,0.,0.008,0.001,0.,0.001,0.004,0.,0.004,0.003,0.,0.003,0.004,0.,0.004,0.007,0.,0.007,0.,0.,0.,0.056,0.,0.056,0.004,0.,0.004,0.001,0.,0.001,0.018,0.,0.018,0.003,0.,0.003,0.004,0.,0.004
160,0.061,0.,0.061,0.,0.,0.,0.,0.,0.,0.,0.,0.,0.008,0.,0.008,0.,0.,0.,0.008,0.,0.008,0.001,0.,0.001,0.005,0.,0.005,0.005,0.,0.005,0.005,0.,0.005,0.009,0.,0.009,0.,0.,0.,0.052,0.,0.052,0.004,0.,0.004,0.001,0.,0.001,0.005,0.,0.005,0.005,0.,0.005,0.004,0.,0.004
170,0.068,0.,0.068,0.,0.,0.,0.,0.,0.,0.,0.,0.,0.009,0.,0.009,0.,0.,0.,0.008,0.,0.008,0.001,0.,0.001,0.005,0.,0.005,0.005,0.,0.005,0.005,0.,0.005,0.01,0.,0.01,0.,0.,0.,0.057,0.,0.057,0.005,0.,0.005,0.002,0.,0.002,0.006,0.,0.006,0.005,0.,0.005,0.006,0.,0.006
180,0.071,0.,0.07,0.,0.,0.,0.,0.,0.,0.,0.,0.,0.01,0.,0.01,0.,0.,0.,0.009,0.,0.009,0.001,0.,0.001,0.005,0.,0.005,0.006,0.,0.006,0.005,0.,0.005,0.011,0.,0.01,0.,0.,0.,0.059,0.,0.059,0.006,0.,0.006,0.001,0.,0.001,0.006,0.,0.006,0.005,0.,0.005,0.006,0.,0.006
190,0.084,0.,0.084,0.,0.,0.,0.,0.,0.,0.,0.,0.,0.01,0.,0.01,0.,0.,0.,0.01,0.,0.01,0.002,0.,0.002,0.006,0.,0.006,0.007,0.,0.007,0.007,0.,0.007,0.012,0.,0.012,0.,0.,0.,0.07,0.,0.07,0.007,0.,0.007,0.001,0.,0.001,0.008,0.,0.008,0.007,0.,0.007,0.007,0.,0.007
200,0.077,0.,0.077,0.,0.,0.,0.,0.,0.,0.001,0.,0.001,0.011,0.,0.011,0.,0.,0.,0.011,0.,0.011,0.002,0.,0.002,0.006,0.,0.006,0.006,0.,0.006,0.006,0.,0.006,0.013,0.,0.013,0.,0.,0.,0.064,0.,0.064,0.006,0.,0.006,0.001,0.,0.001,0.006,0.,0.006,0.006,0.,0.006,0.006,0.,0.006
210,0.089,0.002,0.086,0.,0.,0.,0.,0.,0.,0.,0.,0.,0.013,0.,0.013,0.,0.,0.,0.013,0.,0.013,0.002,0.,0.002,0.007,0.,0.007,0.006,0.,0.006,0.007,0.,0.007,0.014,0.,0.014,0.,0.,0.,0.073,0.002,0.071,0.007,0.,0.007,0.002,0.,0.001,0.007,0.,0.007,0.007,0.,0.007,0.007,0.,0.007
220,0.099,0.,0.098,0.001,0.,0.001,0.,0.,0.,0.001,0.,0.001,0.013,0.,0.013,0.,0.,0.,0.013,0.,0.013,0.003,0.,0.002,0.007,0.,0.007,0.008,0.,0.008,0.007,0.,0.007,0.015,0.,0.015,0.,0.,0.,0.083,0.,0.082,0.007,0.,0.007,0.003,0.,0.003,0.007,0.,0.007,0.01,0.,0.01,0.008,0.,0.008
230,0.099,0.,0.099,0.,0.,0.,0.,0.,0.,0.,0.,0.,0.013,0.,0.013,0.,0.,0.,0.012,0.,0.012,0.002,0.,0.002,0.008,0.,0.008,0.007,0.,0.007,0.008,0.,0.008,0.016,0.,0.016,0.,0.,0.,0.081,0.,0.081,0.008,0.,0.008,0.002,0.,0.002,0.009,0.,0.009,0.007,0.,0.007,0.008,0.,0.008
240,0.108,0.,0.108,0.,0.,0.,0.001,0.,0.001,0.,0.,0.,0.013,0.,0.013,0.001,0.,0.001,0.013,0.,0.013,0.002,0.,0.002,0.008,0.,0.008,0.009,0.,0.009,0.01,0.,0.01,0.018,0.,0.018,0.,0.,0.,0.088,0.,0.088,0.009,0.,0.009,0.002,0.,0.002,0.009,0.,0.009,0.009,0.,0.009,0.009,0.,0.009
250,0.112,0.,0.112,0.,0.,0.,0.,0.,0.,0.,0.,0.,0.013,0.,0.013,0.,0.,0.,0.013,0.,0.013,0.002,0.,0.002,0.01,0.,0.01,0.008,0.,0.008,0.008,0.,0.008,0.023,0.,0.023,0.,0.,0.,0.088,0.,0.088,0.009,0.,0.009,0.002,0.,0.002,0.009,0.,0.009,0.009,0.,0.009,0.008,0.,0.008
260,0.125,0.,0.125,0.001,0.,0.001,0.001,0.,0.001,0.001,0.,0.001,0.015,0.,0.015,0.001,0.,0.001,0.015,0.,0.015,0.002,0.,0.002,0.01,0.,0.01,0.011,0.,0.011,0.011,0.,0.011,0.021,0.,0.021,0.,0.,0.,0.103,0.,0.103,0.01,0.,0.01,0.002,0.,0.002,0.01,0.,0.01,0.01,0.,0.01,0.013,0.,0.013
270,0.135,0.,0.135,0.001,0.,0.001,0.001,0.,0.001,0.001,0.,0.001,0.016,0.,0.016,0.001,0.,0.001,0.016,0.,0.016,0.003,0.,0.003,0.011,0.,0.011,0.011,0.,0.011,0.014,0.,0.014,0.023,0.,0.023,0.,0.,0.,0.111,0.,0.11,0.01,0.,0.01,0.003,0.,0.003,0.011,0.,0.011,0.01,0.,0.01,0.011,0.,0.011
280,0.138,0.,0.138,0.001,0.,0.001,0.001,0.,0.001,0.001,0.,0.001,0.016,0.,0.016,0.,0.,0.,0.016,0.,0.016,0.003,0.,0.003,0.012,0.,0.012,0.011,0.,0.011,0.011,0.,0.011,0.024,0.,0.024,0.,0.,0.,0.113,0.,0.113,0.012,0.,0.012,0.003,0.,0.003,0.015,0.,0.015,0.011,0.,0.011,0.011,0.,0.011
290,0.149,0.,0.149,0.001,0.,0.001,0.001,0.,0.001,0.001,0.,0.001,0.017,0.,0.017,0.001,0.,0.001,0.017,0.,0.017,0.003,0.,0.003,0.016,0.,0.016,0.012,0.,0.012,0.012,0.,0.012,0.026,0.,0.026,0.,0.,0.,0.122,0.,0.122,0.012,0.,0.012,0.003,0.,0.003,0.012,0.,0.012,0.011,0.,0.011,0.015,0.,0.015
300,0.165,0.,0.165,0.001,0.,0.001,0.001,0.,0.001,0.001,0.,0.001,0.022,0.,0.022,0.,0.,0.,0.022,0.,0.022,0.003,0.,0.003,0.013,0.,0.013,0.014,0.,0.014,0.013,0.,0.013,0.034,0.,0.034,0.,0.,0.,0.13,0.,0.13,0.013,0.,0.013,0.003,0.,0.003,0.013,0.,0.013,0.015,0.,0.015,0.013,0.,0.013
310,0.163,0.,0.163,0.001,0.,0.001,0.001,0.,0.001,0.004,0.,0.004,0.017,0.,0.017,0.001,0.,0.001,0.017,0.,0.017,0.003,0.,0.003,0.013,0.,0.013,0.013,0.,0.013,0.013,0.,0.013,0.029,0.,0.029,0.,0.,0.,0.133,0.,0.133,0.016,0.,0.016,0.003,0.,0.003,0.014,0.,0.014,0.015,0.,0.015,0.014,0.,0.014
320,0.167,0.,0.167,0.001,0.,0.001,0.001,0.,0.001,0.001,0.,0.001,0.021,0.,0.021,0.001,0.,0.001,0.021,0.,0.021,0.003,0.,0.003,0.015,0.,0.015,0.013,0.,0.013,0.014,0.,0.014,0.031,0.,0.031,0.,0.,0.,0.135,0.,0.135,0.015,0.,0.015,0.003,0.,0.003,0.015,0.,0.015,0.013,0.,0.013,0.014,0.,0.014
330,0.185,0.,0.184,0.001,0.,0.001,0.001,0.,0.001,0.001,0.,0.001,0.018,0.,0.018,0.001,0.,0.001,0.018,0.,0.018,0.003,0.,0.003,0.017,0.,0.017,0.014,0.,0.014,0.016,0.,0.016,0.033,0.,0.033,0.,0.,0.,0.151,0.,0.151,0.016,0.,0.016,0.003,0.,0.003,0.016,0.,0.016,0.016,0.,0.016,0.02,0.,0.02
340,0.193,0.,0.192,0.002,0.,0.002,0.004,0.,0.004,0.001,0.,0.001,0.02,0.,0.02,0.001,0.,0.001,0.02,0.,0.02,0.005,0.,0.005,0.016,0.,0.016,0.016,0.,0.016,0.016,0.,0.016,0.035,0.,0.035,0.,0.,0.,0.157,0.,0.156,0.016,0.,0.016,0.004,0.,0.004,0.018,0.,0.018,0.015,0.,0.015,0.016,0.,0.015
350,0.187,0.,0.186,0.001,0.,0.001,0.001,0.,0.001,0.001,0.,0.001,0.02,0.,0.02,0.001,0.,0.001,0.019,0.,0.019,0.003,0.,0.003,0.017,0.,0.017,0.015,0.,0.015,0.018,0.,0.017,0.036,0.,0.036,0.,0.,0.,0.15,0.,0.149,0.016,0.,0.016,0.003,0.,0.003,0.015,0.,0.015,0.018,0.,0.018,0.015,0.,0.015
360,0.206,0.001,0.205,0.001,0.,0.001,0.001,0.,0.001,0.001,0.,0.001,0.025,0.,0.024,0.001,0.,0.001,0.025,0.,0.024,0.003,0.,0.003,0.019,0.,0.019,0.017,0.,0.017,0.017,0.,0.017,0.04,0.,0.04,0.,0.,0.,0.165,0.001,0.164,0.017,0.,0.017,0.003,0.,0.003,0.02,0.,0.02,0.016,0.,0.016,0.017,0.,0.017
370,0.212,0.,0.212,0.001,0.,0.001,0.001,0.,0.001,0.001,0.,0.001,0.02,0.,0.02,0.001,0.,0.001,0.02,0.,0.02,0.004,0.,0.004,0.018,0.,0.018,0.018,0.,0.018,0.018,0.,0.018,0.042,0.,0.042,0.,0.,0.,0.168,0.,0.168,0.018,0.,0.018,0.003,0.,0.003,0.022,0.,0.022,0.018,0.,0.018,0.018,0.,0.018
380,0.232,0.,0.231,0.001,0.,0.001,0.001,0.,0.001,0.001,0.,0.001,0.021,0.,0.021,0.001,0.,0.001,0.021,0.,0.021,0.004,0.,0.004,0.019,0.,0.019,0.018,0.,0.018,0.02,0.,0.02,0.05,0.,0.05,0.,0.,0.,0.181,0.,0.18,0.023,0.,0.023,0.004,0.,0.004,0.023,0.,0.022,0.019,0.,0.019,0.02,0.,0.02
390,0.232,0.,0.232,0.005,0.,0.005,0.001,0.,0.001,0.001,0.,0.001,0.022,0.,0.022,0.001,0.,0.001,0.022,0.,0.022,0.003,0.,0.003,0.019,0.,0.019,0.019,0.,0.019,0.019,0.,0.019,0.046,0.,0.046,0.,0.,0.,0.185,0.,0.185,0.021,0.,0.021,0.003,0.,0.003,0.024,0.,0.024,0.019,0.,0.019,0.02,0.,0.02
400,0.333,0.,0.332,0.001,0.,0.001,0.001,0.,0.001,0.001,0.,0.001,0.077,0.,0.077,0.031,0.,0.031,0.077,0.,0.077,0.008,0.,0.008,0.021,0.,0.021,0.025,0.,0.025,0.022,0.,0.022,0.048,0.,0.047,0.,0.,0.,0.285,0.,0.285,0.02,0.,0.02,0.003,0.,0.003,0.022,0.,0.022,0.025,0.,0.025,0.022,0.,0.022
500,0.362,0.,0.361,0.001,0.,0.001,0.001,0.,0.001,0.001,0.,0.001,0.03,0.,0.03,0.002,0.,0.002,0.03,0.,0.03,0.005,0.,0.005,0.03,0.,0.03,0.034,0.,0.034,0.042,0.,0.042,0.074,0.,0.074,0.,0.,0.,0.287,0.,0.286,0.036,0.,0.035,0.005,0.,0.005,0.032,0.,0.032,0.03,0.,0.03,0.031,0.,0.031
600,0.518,0.001,0.516,0.002,0.,0.002,0.002,0.,0.002,0.002,0.,0.002,0.035,0.,0.035,0.002,0.,0.002,0.035,0.,0.035,0.011,0.,0.011,0.055,0.,0.055,0.046,0.,0.046,0.045,0.,0.045,0.105,0.,0.105,0.,0.,0.,0.412,0.001,0.41,0.05,0.,0.05,0.005,0.,0.005,0.053,0.,0.053,0.046,0.,0.046,0.05,0.,0.049
700,0.687,0.001,0.686,0.002,0.,0.002,0.003,0.,0.003,0.002,0.,0.002,0.046,0.,0.046,0.002,0.,0.002,0.046,0.,0.046,0.007,0.,0.007,0.063,0.,0.063,0.073,0.,0.072,0.069,0.,0.069,0.142,0.,0.142,0.,0.,0.,0.544,0.001,0.543,0.071,0.,0.071,0.007,0.,0.007,0.069,0.,0.069,0.057,0.,0.057,0.064,0.,0.064
800,0.827,0.,0.826,0.003,0.,0.003,0.007,0.,0.007,0.002,0.,0.002,0.051,0.,0.051,0.003,0.,0.003,0.051,0.,0.05,0.008,0.,0.008,0.083,0.,0.083,0.072,0.,0.072,0.086,0.,0.085,0.185,0.,0.185,0.,0.,0.,0.64,0.,0.639,0.076,0.,0.076,0.011,0.,0.011,0.075,0.,0.075,0.074,0.,0.074,0.082,0.,0.082
900,1.079,0.002,1.075,0.003,0.,0.003,0.003,0.,0.003,0.004,0.,0.004,0.054,0.,0.054,0.003,0.,0.003,0.054,0.,0.054,0.014,0.,0.014,0.114,0.,0.113,0.111,0.,0.11,0.11,0.,0.11,0.23,0.,0.23,0.,0.,0.,0.847,0.002,0.844,0.112,0.,0.112,0.009,0.,0.008,0.104,0.,0.104,0.094,0.,0.094,0.104,0.,0.104
1000,1.257,0.001,1.255,0.003,0.,0.003,0.004,0.,0.004,0.003,0.,0.003,0.062,0.,0.061,0.004,0.,0.004,0.062,0.,0.061,0.01,0.,0.01,0.118,0.,0.118,0.123,0.,0.123,0.121,0.,0.121,0.275,0.001,0.274,0.,0.,0.,0.98,0.,0.979,0.121,0.,0.121,0.012,0.,0.012,0.126,0.,0.126,0.133,0.,0.133,0.132,0.,0.132
1100,1.567,0.,1.567,0.004,0.,0.004,0.004,0.,0.004,0.004,0.,0.004,0.072,0.,0.072,0.004,0.,0.004,0.072,0.,0.072,0.012,0.,0.012,0.169,0.,0.169,0.147,0.,0.147,0.158,0.,0.158,0.331,0.,0.331,0.,0.,0.,1.234,0.,1.234,0.169,0.,0.169,0.015,0.,0.015,0.149,0.,0.149,0.149,0.,0.149,0.17,0.,0.17
1200,1.866,0.001,1.864,0.004,0.,0.004,0.004,0.,0.004,0.004,0.,0.004,0.075,0.,0.074,0.004,0.,0.004,0.074,0.,0.073,0.012,0.,0.012,0.189,0.,0.189,0.19,0.,0.19,0.177,0.,0.176,0.413,0.,0.413,0.,0.,0.,1.452,0.001,1.45,0.182,0.,0.182,0.015,0.,0.015,0.189,0.,0.189,0.204,0.,0.204,0.196,0.,0.196
1300,2.115,0.003,2.112,0.004,0.,0.004,0.004,0.,0.004,0.005,0.,0.005,0.079,0.,0.078,0.005,0.,0.005,0.078,0.,0.077,0.014,0.,0.014,0.227,0.,0.227,0.195,0.,0.194,0.211,0.,0.211,0.465,0.,0.465,0.,0.,0.,1.648,0.003,1.645,0.212,0.,0.212,0.013,0.,0.013,0.213,0.,0.212,0.228,0.,0.228,0.231,0.,0.231
1400,2.423,0.,2.422,0.01,0.,0.01,0.005,0.,0.005,0.005,0.,0.005,0.084,0.,0.084,0.011,0.,0.011,0.083,0.,0.083,0.014,0.,0.014,0.235,0.,0.235,0.262,0.,0.261,0.245,0.,0.245,0.541,0.,0.541,0.,0.,0.,1.88,0.,1.879,0.23,0.,0.23,0.016,0.,0.015,0.248,0.,0.248,0.259,0.,0.259,0.249,0.,0.249
1500,2.801,0.,2.8,0.006,0.,0.006,0.005,0.,0.005,0.005,0.,0.005,0.09,0.,0.09,0.005,0.,0.005,0.089,0.,0.089,0.015,0.,0.015,0.273,0.,0.273,0.296,0.,0.296,0.28,0.,0.28,0.654,0.,0.654,0.,0.,0.,2.145,0.,2.145,0.303,0.,0.303,0.018,0.,0.018,0.278,0.,0.278,0.286,0.,0.286,0.276,0.,0.276
1600,3.203,0.001,3.201,0.006,0.,0.006,0.006,0.,0.006,0.006,0.,0.006,0.106,0.,0.106,0.006,0.,0.006,0.105,0.,0.105,0.016,0.,0.016,0.286,0.,0.286,0.305,0.,0.304,0.345,0.,0.345,0.713,0.,0.713,0.,0.,0.,2.488,0.001,2.486,0.367,0.,0.367,0.019,0.,0.019,0.352,0.,0.352,0.335,0.,0.335,0.327,0.001,0.326
1700,3.678,0.002,3.676,0.006,0.,0.006,0.006,0.,0.006,0.006,0.,0.006,0.111,0.,0.11,0.011,0.,0.011,0.107,0.,0.106,0.018,0.,0.018,0.367,0.,0.367,0.379,0.001,0.377,0.405,0.,0.405,0.833,0.,0.833,0.,0.,0.,2.844,0.002,2.841,0.394,0.,0.394,0.021,0.,0.021,0.369,0.,0.369,0.359,0.,0.358,0.385,0.,0.385
1800,4.056,0.,4.055,0.006,0.,0.006,0.007,0.,0.007,0.014,0.,0.014,0.117,0.,0.117,0.007,0.,0.007,0.116,0.,0.116,0.023,0.,0.022,0.392,0.,0.392,0.473,0.,0.473,0.413,0.,0.413,0.904,0.,0.904,0.001,0.,0.001,3.15,0.,3.148,0.412,0.,0.412,0.018,0.,0.018,0.414,0.,0.414,0.443,0.,0.443,0.405,0.,0.405
1900,4.421,0.004,4.415,0.007,0.,0.007,0.01,0.,0.009,0.011,0.,0.01,0.121,0.,0.121,0.007,0.,0.007,0.12,0.,0.12,0.023,0.,0.023,0.49,0.,0.49,0.468,0.,0.468,0.468,0.,0.467,1.028,0.,1.027,0.001,0.,0.001,3.391,0.003,3.386,0.39,0.,0.39,0.02,0.,0.02,0.443,0.,0.443,0.478,0.,0.478,0.449,0.,0.448
2000,4.839,0.002,4.837,0.008,0.,0.008,0.008,0.,0.008,0.008,0.,0.008,0.12,0.,0.12,0.007,0.,0.007,0.119,0.,0.119,0.02,0.,0.02,0.446,0.,0.446,0.501,0.,0.501,0.509,0.,0.509,1.096,0.,1.096,0.,0.,0.,3.741,0.001,3.739,0.52,0.,0.52,0.024,0.,0.023,0.522,0.,0.521,0.501,0.,0.501,0.539,0.,0.539
2500,7.449,0.,7.447,0.016,0.,0.016,0.01,0.,0.01,0.009,0.,0.009,0.152,0.,0.152,0.01,0.,0.01,0.15,0.,0.15,0.028,0.,0.028,0.708,0.,0.708,0.749,0.,0.749,0.785,0.,0.785,1.759,0.,1.758,0.001,0.,0.001,5.688,0.,5.687,0.81,0.,0.81,0.03,0.,0.03,0.824,0.,0.824,0.733,0.,0.733,0.817,0.,0.817
3000,11.02,0.001,11.018,0.012,0.,0.012,0.015,0.,0.015,0.021,0.,0.021,0.193,0.,0.193,0.025,0.,0.025,0.191,0.,0.191,0.035,0.,0.035,1.08,0.,1.08,1.224,0.,1.224,1.222,0.,1.221,2.544,0.,2.543,0.001,0.,0.001,8.473,0.,8.472,1.205,0.,1.205,0.038,0.,0.038,0.967,0.,0.967,1.186,0.,1.185,1.244,0.,1.244