param-0-n,param-1-lgn,try-ssr-rewrite!-cold-noop-regression-linear-real,try-ssr-rewrite!-cold-noop-regression-linear-sys,try-ssr-rewrite!-cold-noop-regression-linear-user,try-ssr-rewrite!-evar-noop-regression-linear-real,try-ssr-rewrite!-evar-noop-regression-linear-sys,try-ssr-rewrite!-evar-noop-regression-linear-user,try-ssr-rewrite!-noop-regression-linear-real,try-ssr-rewrite!-noop-regression-linear-sys,try-ssr-rewrite!-noop-regression-linear-user,try-ssr-rewrite-evar-noop-regression-linear-real,try-ssr-rewrite-evar-noop-regression-linear-sys,try-ssr-rewrite-evar-noop-regression-linear-user,try-ssr-rewrite-noop-regression-linear-real,try-ssr-rewrite-noop-regression-linear-sys,try-ssr-rewrite-noop-regression-linear-user,try-ssr-rewrite?-evar-noop-regression-linear-real,try-ssr-rewrite?-evar-noop-regression-linear-sys,try-ssr-rewrite?-evar-noop-regression-linear-user,try-ssr-rewrite?-noop-regression-linear-real,try-ssr-rewrite?-noop-regression-linear-sys,try-ssr-rewrite?-noop-regression-linear-user
3,1,0.,0.,0.,0.,0.,0.,0.,0.,0.,0.,0.,0.,0.,0.,0.,0.,0.,0.,0.,0.,0.
7,2,0.,0.,0.,0.,0.,0.,0.,0.,0.,0.,0.,0.,0.,0.,0.,0.,0.,0.,0.,0.,0.
15,3,0.,0.,0.,0.,0.,0.,0.,0.,0.,0.,0.,0.,0.,0.,0.,0.,0.,0.,0.,0.,0.
31,4,0.,0.,0.,0.,0.,0.,0.,0.,0.,0.,0.,0.,0.,0.,0.,0.,0.,0.,0.,0.,0.
63,5,0.,0.,0.,0.,0.,0.,0.,0.,0.,0.,0.,0.,0.,0.,0.,0.,0.,0.,0.,0.,0.
127,6,0.,0.,0.,0.,0.,0.,0.,0.,0.,0.,0.,0.,0.,0.,0.,0.,0.,0.,0.,0.,0.
255,7,0.,0.,0.,0.,0.,0.,0.,0.,0.,0.,0.,0.,0.,0.,0.,0.,0.,0.,0.,0.,0.
511,8,0.,0.,0.,0.,0.,0.,0.,0.,0.,0.,0.,0.,0.,0.,0.,0.,0.,0.,0.,0.,0.
1023,9,0.,0.,0.,0.,0.,0.,0.,0.,0.,0.,0.,0.,0.,0.,0.,0.,0.,0.,0.,0.,0.
2047,10,0.001,0.,0.001,0.,0.,0.,0.,0.,0.,0.,0.,0.,0.,0.,0.,0.,0.,0.,0.,0.,0.
4095,11,0.001,0.,0.001,0.001,0.,0.001,0.001,0.,0.001,0.001,0.,0.001,0.001,0.,0.001,0.001,0.,0.001,0.001,0.,0.001
8191,12,0.016,0.,0.016,0.002,0.,0.002,0.002,0.,0.002,0.002,0.,0.002,0.002,0.,0.002,0.002,0.,0.002,0.002,0.,0.002
16383,13,0.004,0.,0.004,0.004,0.,0.004,0.004,0.,0.004,0.004,0.,0.004,0.004,0.,0.004,0.004,0.,0.004,0.004,0.,0.004
32767,14,0.009,0.,0.009,0.015,0.,0.014,0.013,0.,0.013,0.009,0.,0.009,0.009,0.,0.009,0.009,0.,0.009,0.009,0.,0.009
65535,15,0.054,0.,0.054,0.019,0.,0.019,0.019,0.,0.019,0.018,0.,0.018,0.025,0.,0.024,0.018,0.,0.018,0.029,0.,0.029
131071,16,0.052,0.,0.052,0.038,0.,0.038,0.058,0.002,0.055,0.07,0.,0.07,0.037,0.,0.037,0.044,0.,0.044,0.105,0.,0.105
262143,17,0.129,0.004,0.125,0.073,0.,0.073,0.082,0.,0.082,0.075,0.,0.075,0.166,0.,0.166,0.076,0.,0.076,0.075,0.,0.075
524287,18,0.317,0.007,0.309,0.159,0.,0.159,0.162,0.,0.162,0.161,0.,0.161,0.159,0.,0.159,0.159,0.,0.159,0.162,0.,0.162
1048575,19,0.37,0.002,0.367,0.313,0.,0.313,0.308,0.,0.307,0.316,0.,0.316,0.31,0.,0.31,0.316,0.,0.316,0.315,0.,0.315
2097151,20,0.836,0.,0.835,0.637,0.,0.637,0.617,0.,0.617,0.647,0.,0.646,0.62,0.,0.62,0.64,0.,0.64,0.629,0.,0.629
4194303,21,1.753,0.014,1.739,1.294,0.001,1.292,1.294,0.,1.294,1.282,0.,1.281,1.289,0.,1.289,1.234,0.,1.234,1.292,0.,1.292
8388607,22,2.89,0.,2.89,2.575,0.,2.575,2.509,0.,2.509,2.647,0.,2.646,2.581,0.,2.58,2.605,0.,2.604,2.588,0.,2.588