param-n,abstract-regression-cubic-real,abstract-regression-cubic-sys,abstract-regression-cubic-user,close-abstract-regression-cubic-real,close-abstract-regression-cubic-sys,close-abstract-regression-cubic-user,fast-rewrite-regression-cubic-real,fast-rewrite-regression-cubic-sys,fast-rewrite-regression-cubic-user,pose-build-and-refine-regression-cubic-real,pose-build-and-refine-regression-cubic-sys,pose-build-and-refine-regression-cubic-user,refine-regression-quadratic-regression-linear-real,refine-regression-quadratic-regression-linear-sys,refine-regression-quadratic-regression-linear-user
1,0.,0.,0.,0.,0.,0.,0.,0.,0.,0.,0.,0.,0.,0.,0.
2,0.,0.,0.,0.,0.,0.,0.,0.,0.,0.,0.,0.,0.,0.,0.
3,0.,0.,0.,0.,0.,0.,0.,0.,0.,0.,0.,0.,0.,0.,0.
4,0.,0.,0.,0.,0.,0.,0.,0.,0.,0.,0.,0.,0.,0.,0.
5,0.,0.,0.,0.,0.,0.,0.,0.,0.,0.,0.,0.,0.,0.,0.
6,0.,0.,0.,0.,0.,0.,0.,0.,0.,0.,0.,0.,0.,0.,0.
7,0.001,0.,0.001,0.,0.,0.,0.,0.,0.,0.,0.,0.,0.,0.,0.
8,0.001,0.,0.001,0.,0.,0.,0.,0.,0.,0.,0.,0.,0.,0.,0.
9,0.001,0.,0.,0.,0.,0.,0.001,0.,0.,0.,0.,0.,0.,0.,0.
10,0.001,0.,0.001,0.,0.,0.,0.,0.,0.,0.,0.,0.,0.,0.,0.
11,0.001,0.,0.,0.,0.,0.,0.001,0.,0.,0.001,0.,0.,0.,0.,0.
12,0.001,0.001,0.,0.,0.,0.,0.001,0.,0.,0.001,0.,0.,0.,0.,0.
13,0.001,0.,0.001,0.,0.,0.,0.001,0.,0.001,0.001,0.,0.001,0.,0.,0.
14,0.001,0.,0.001,0.,0.,0.,0.001,0.,0.001,0.001,0.,0.001,0.,0.,0.
15,0.001,0.,0.001,0.,0.,0.,0.001,0.,0.,0.001,0.,0.,0.,0.,0.
16,0.002,0.,0.002,0.,0.,0.,0.001,0.,0.001,0.001,0.,0.001,0.,0.,0.
17,0.002,0.,0.002,0.,0.,0.,0.001,0.,0.001,0.001,0.,0.001,0.,0.,0.
18,0.002,0.,0.001,0.,0.,0.,0.001,0.,0.,0.001,0.,0.,0.,0.,0.
19,0.002,0.,0.002,0.,0.,0.,0.001,0.,0.001,0.001,0.,0.001,0.,0.,0.
20,0.002,0.001,0.001,0.,0.,0.,0.001,0.,0.001,0.001,0.,0.001,0.,0.,0.
21,0.039,0.002,0.037,0.,0.,0.,0.038,0.002,0.036,0.038,0.002,0.036,0.,0.,0.
22,0.002,0.,0.002,0.,0.,0.,0.001,0.,0.001,0.001,0.,0.001,0.,0.,0.
23,0.002,0.,0.002,0.,0.,0.,0.001,0.,0.001,0.001,0.,0.001,0.,0.,0.
24,0.002,0.,0.002,0.,0.,0.,0.001,0.,0.001,0.001,0.,0.001,0.,0.,0.
25,0.002,0.,0.002,0.,0.,0.,0.001,0.,0.001,0.001,0.,0.001,0.,0.,0.
26,0.002,0.,0.002,0.,0.,0.,0.001,0.,0.001,0.001,0.,0.001,0.,0.,0.
27,0.002,0.,0.002,0.,0.,0.,0.001,0.,0.001,0.001,0.,0.001,0.,0.,0.
28,0.002,0.,0.002,0.,0.,0.,0.001,0.,0.001,0.001,0.,0.001,0.,0.,0.
29,0.002,0.,0.002,0.,0.,0.,0.002,0.,0.001,0.001,0.,0.001,0.,0.,0.
30,0.002,0.,0.002,0.,0.,0.,0.002,0.,0.002,0.002,0.,0.002,0.,0.,0.
31,0.003,0.,0.003,0.,0.,0.,0.002,0.,0.002,0.002,0.,0.002,0.,0.,0.
32,0.003,0.,0.003,0.,0.,0.,0.002,0.,0.002,0.002,0.,0.002,0.,0.,0.
33,0.003,0.,0.003,0.,0.,0.,0.002,0.,0.002,0.002,0.,0.002,0.,0.,0.
34,0.003,0.,0.003,0.,0.,0.,0.002,0.,0.002,0.002,0.,0.002,0.,0.,0.
35,0.003,0.,0.003,0.,0.,0.,0.002,0.,0.002,0.002,0.,0.002,0.,0.,0.
36,0.003,0.,0.003,0.,0.,0.,0.002,0.,0.002,0.002,0.,0.002,0.,0.,0.
37,0.003,0.,0.003,0.001,0.,0.001,0.002,0.,0.002,0.002,0.,0.002,0.,0.,0.
38,0.003,0.,0.003,0.001,0.,0.001,0.002,0.,0.002,0.002,0.,0.002,0.,0.,0.
39,0.004,0.,0.004,0.001,0.,0.001,0.002,0.,0.002,0.002,0.,0.002,0.,0.,0.
40,0.004,0.,0.004,0.001,0.,0.001,0.002,0.,0.002,0.002,0.,0.002,0.,0.,0.
41,0.006,0.,0.006,0.001,0.,0.001,0.004,0.,0.004,0.004,0.,0.004,0.,0.,0.
42,0.004,0.,0.004,0.001,0.,0.001,0.002,0.,0.002,0.002,0.,0.002,0.,0.,0.
43,0.004,0.,0.004,0.001,0.,0.001,0.002,0.,0.002,0.002,0.,0.002,0.,0.,0.
44,0.004,0.,0.004,0.001,0.,0.001,0.003,0.,0.003,0.003,0.,0.003,0.,0.,0.
45,0.004,0.,0.004,0.001,0.,0.001,0.003,0.,0.003,0.003,0.,0.003,0.,0.,0.
46,0.004,0.,0.004,0.001,0.,0.001,0.003,0.,0.003,0.003,0.,0.003,0.,0.,0.
47,0.005,0.,0.005,0.001,0.,0.001,0.003,0.,0.003,0.003,0.,0.003,0.,0.,0.
48,0.005,0.,0.005,0.001,0.,0.001,0.003,0.,0.003,0.003,0.,0.003,0.,0.,0.
49,0.005,0.,0.005,0.001,0.,0.001,0.003,0.,0.003,0.003,0.,0.003,0.,0.,0.
50,0.006,0.002,0.003,0.002,0.,0.001,0.004,0.002,0.002,0.004,0.002,0.002,0.,0.,0.
51,0.005,0.,0.005,0.001,0.,0.001,0.003,0.,0.003,0.003,0.,0.003,0.,0.,0.
52,0.005,0.,0.005,0.001,0.,0.001,0.003,0.,0.003,0.003,0.,0.003,0.,0.,0.
53,0.006,0.,0.006,0.001,0.,0.001,0.003,0.,0.003,0.003,0.,0.003,0.,0.,0.
54,0.006,0.,0.006,0.002,0.,0.002,0.004,0.,0.004,0.003,0.,0.003,0.,0.,0.
55,0.007,0.,0.007,0.002,0.,0.002,0.005,0.,0.005,0.005,0.,0.005,0.,0.,0.
56,0.006,0.,0.006,0.002,0.,0.002,0.004,0.,0.004,0.004,0.,0.004,0.,0.,0.
57,0.006,0.,0.006,0.002,0.,0.002,0.004,0.,0.004,0.004,0.,0.004,0.,0.,0.
58,0.006,0.,0.006,0.002,0.,0.002,0.004,0.,0.004,0.004,0.,0.004,0.,0.,0.
59,0.007,0.,0.007,0.002,0.,0.002,0.004,0.,0.004,0.004,0.,0.004,0.,0.,0.
60,0.011,0.,0.011,0.006,0.,0.006,0.004,0.,0.004,0.004,0.,0.004,0.,0.,0.
61,0.007,0.,0.007,0.002,0.,0.002,0.004,0.,0.004,0.004,0.,0.004,0.,0.,0.
62,0.007,0.,0.007,0.002,0.,0.002,0.004,0.,0.004,0.004,0.,0.004,0.,0.,0.
63,0.007,0.,0.007,0.002,0.,0.002,0.004,0.,0.004,0.004,0.,0.004,0.,0.,0.
64,0.008,0.,0.008,0.002,0.,0.002,0.004,0.,0.004,0.004,0.,0.004,0.,0.,0.
65,0.009,0.,0.009,0.003,0.,0.003,0.004,0.,0.004,0.004,0.,0.004,0.,0.,0.
66,0.008,0.,0.008,0.003,0.,0.003,0.005,0.,0.005,0.004,0.,0.004,0.,0.,0.
67,0.008,0.,0.008,0.003,0.,0.003,0.005,0.,0.005,0.005,0.,0.005,0.,0.,0.
68,0.008,0.,0.008,0.003,0.,0.003,0.005,0.,0.005,0.005,0.,0.005,0.,0.,0.
69,0.008,0.,0.008,0.003,0.,0.003,0.005,0.,0.005,0.005,0.,0.005,0.,0.,0.
70,0.016,0.,0.016,0.003,0.,0.003,0.012,0.,0.012,0.012,0.,0.012,0.,0.,0.
71,0.009,0.,0.009,0.003,0.,0.003,0.005,0.,0.005,0.005,0.,0.005,0.,0.,0.
72,0.009,0.,0.009,0.003,0.,0.003,0.005,0.,0.005,0.005,0.,0.005,0.,0.,0.
73,0.009,0.,0.009,0.003,0.,0.003,0.005,0.,0.005,0.005,0.,0.005,0.,0.,0.
74,0.01,0.,0.01,0.004,0.,0.004,0.005,0.,0.005,0.005,0.,0.005,0.,0.,0.
75,0.01,0.,0.01,0.004,0.,0.004,0.005,0.,0.005,0.005,0.,0.005,0.,0.,0.
76,0.01,0.,0.01,0.004,0.,0.004,0.006,0.,0.006,0.006,0.,0.006,0.,0.,0.
77,0.01,0.,0.01,0.004,0.,0.004,0.006,0.,0.006,0.006,0.,0.006,0.,0.,0.
78,0.012,0.,0.012,0.004,0.,0.004,0.007,0.,0.007,0.007,0.,0.007,0.,0.,0.
79,0.011,0.,0.011,0.004,0.,0.004,0.006,0.,0.006,0.006,0.,0.006,0.,0.,0.
80,0.011,0.,0.011,0.004,0.,0.004,0.006,0.,0.006,0.006,0.,0.006,0.,0.,0.
81,0.012,0.,0.012,0.005,0.,0.005,0.006,0.,0.006,0.006,0.,0.006,0.,0.,0.
82,0.072,0.,0.072,0.005,0.,0.005,0.066,0.,0.066,0.066,0.,0.066,0.,0.,0.
83,0.012,0.,0.012,0.005,0.,0.005,0.006,0.,0.006,0.006,0.,0.006,0.,0.,0.
84,0.013,0.,0.013,0.005,0.,0.005,0.007,0.,0.007,0.007,0.,0.007,0.,0.,0.
85,0.013,0.,0.013,0.006,0.,0.006,0.007,0.,0.007,0.007,0.,0.007,0.,0.,0.
86,0.013,0.,0.013,0.005,0.,0.005,0.007,0.,0.007,0.007,0.,0.007,0.,0.,0.
87,0.013,0.,0.013,0.005,0.,0.005,0.007,0.,0.007,0.007,0.,0.007,0.,0.,0.
88,0.013,0.,0.013,0.005,0.,0.005,0.007,0.,0.007,0.007,0.,0.007,0.,0.,0.
89,0.045,0.,0.045,0.006,0.,0.006,0.038,0.,0.038,0.038,0.,0.038,0.,0.,0.
90,0.014,0.,0.014,0.006,0.,0.006,0.007,0.,0.007,0.007,0.,0.007,0.,0.,0.
91,0.014,0.,0.014,0.006,0.,0.006,0.007,0.,0.007,0.007,0.,0.007,0.,0.,0.
92,0.017,0.,0.017,0.006,0.,0.006,0.009,0.,0.009,0.009,0.,0.009,0.,0.,0.
93,0.015,0.,0.015,0.006,0.,0.006,0.007,0.,0.007,0.007,0.,0.007,0.,0.,0.
94,0.015,0.,0.015,0.006,0.,0.006,0.007,0.,0.007,0.007,0.,0.007,0.,0.,0.
95,0.027,0.,0.027,0.007,0.,0.007,0.019,0.,0.019,0.019,0.,0.019,0.,0.,0.
96,0.015,0.,0.015,0.007,0.,0.007,0.008,0.,0.008,0.008,0.,0.008,0.,0.,0.
97,0.016,0.,0.016,0.007,0.,0.007,0.008,0.,0.008,0.008,0.,0.008,0.,0.,0.
98,0.017,0.,0.017,0.007,0.,0.007,0.009,0.,0.009,0.009,0.,0.009,0.,0.,0.
99,0.017,0.,0.017,0.007,0.,0.007,0.008,0.,0.008,0.008,0.,0.008,0.,0.,0.
100,0.019,0.001,0.018,0.008,0.,0.008,0.011,0.001,0.01,0.011,0.001,0.01,0.,0.,0.
110,0.02,0.,0.02,0.01,0.,0.01,0.009,0.,0.009,0.009,0.,0.009,0.,0.,0.
120,0.024,0.,0.024,0.012,0.,0.012,0.011,0.,0.011,0.011,0.,0.011,0.,0.,0.
130,0.028,0.,0.028,0.015,0.,0.015,0.012,0.,0.012,0.012,0.,0.012,0.,0.,0.
140,0.035,0.,0.034,0.018,0.,0.018,0.016,0.,0.015,0.016,0.,0.015,0.001,0.,0.001
150,0.074,0.006,0.067,0.054,0.003,0.051,0.019,0.002,0.016,0.019,0.002,0.016,0.001,0.,0.001
160,0.043,0.,0.043,0.025,0.,0.025,0.017,0.,0.017,0.017,0.,0.017,0.001,0.,0.001
170,0.049,0.,0.049,0.03,0.,0.03,0.018,0.,0.018,0.018,0.,0.018,0.001,0.,0.001
180,0.061,0.,0.061,0.035,0.,0.035,0.024,0.,0.024,0.024,0.,0.024,0.001,0.,0.001
190,0.072,0.001,0.071,0.049,0.,0.048,0.022,0.,0.022,0.022,0.,0.022,0.001,0.,0.001
200,0.068,0.,0.068,0.043,0.,0.043,0.024,0.,0.024,0.024,0.,0.024,0.001,0.,0.001
210,0.08,0.,0.08,0.053,0.,0.053,0.026,0.,0.026,0.026,0.,0.026,0.001,0.,0.001
220,0.089,0.,0.089,0.061,0.,0.061,0.028,0.,0.028,0.028,0.,0.028,0.001,0.,0.001
230,0.161,0.,0.16,0.13,0.,0.13,0.03,0.,0.03,0.03,0.,0.029,0.001,0.,0.001
240,0.111,0.,0.111,0.077,0.,0.077,0.032,0.,0.032,0.032,0.,0.032,0.002,0.,0.002
250,0.12,0.002,0.118,0.085,0.001,0.084,0.035,0.,0.034,0.035,0.,0.034,0.002,0.,0.002
260,0.167,0.,0.167,0.129,0.,0.129,0.037,0.,0.037,0.037,0.,0.037,0.002,0.,0.002
270,0.151,0.,0.15,0.106,0.,0.106,0.044,0.,0.043,0.044,0.,0.043,0.001,0.,0.001
280,0.174,0.,0.174,0.118,0.,0.118,0.055,0.,0.055,0.055,0.,0.055,0.002,0.,0.002
290,0.176,0.,0.176,0.13,0.,0.13,0.044,0.,0.044,0.044,0.,0.044,0.002,0.,0.002
300,0.179,0.,0.178,0.131,0.,0.131,0.047,0.,0.047,0.047,0.,0.047,0.002,0.,0.002
310,0.214,0.001,0.212,0.157,0.,0.157,0.056,0.001,0.054,0.056,0.001,0.054,0.002,0.,0.002
320,0.226,0.,0.225,0.174,0.,0.173,0.051,0.,0.051,0.051,0.,0.051,0.002,0.,0.002
330,0.25,0.,0.25,0.194,0.,0.194,0.055,0.,0.055,0.055,0.,0.055,0.002,0.,0.002
340,0.266,0.,0.266,0.205,0.,0.205,0.059,0.,0.059,0.059,0.,0.059,0.002,0.,0.002
350,0.29,0.,0.29,0.226,0.,0.226,0.063,0.,0.063,0.063,0.,0.063,0.002,0.,0.002
360,0.304,0.,0.304,0.24,0.,0.24,0.063,0.,0.063,0.063,0.,0.063,0.003,0.,0.003
370,0.327,0.,0.327,0.26,0.,0.259,0.066,0.,0.066,0.066,0.,0.066,0.003,0.,0.003
380,0.35,0.,0.35,0.28,0.,0.28,0.069,0.,0.069,0.069,0.,0.069,0.003,0.,0.003
390,0.382,0.,0.381,0.309,0.,0.308,0.072,0.,0.072,0.072,0.,0.072,0.003,0.,0.003
400,0.385,0.,0.385,0.305,0.,0.305,0.079,0.,0.079,0.079,0.,0.079,0.003,0.,0.003
500,0.678,0.,0.678,0.553,0.,0.553,0.124,0.,0.124,0.124,0.,0.124,0.014,0.,0.014
600,1.218,0.,1.217,1.05,0.,1.049,0.166,0.,0.166,0.166,0.,0.166,0.004,0.,0.004
700,1.878,0.005,1.872,1.646,0.004,1.641,0.231,0.001,0.23,0.231,0.001,0.23,0.006,0.,0.006
800,2.741,0.001,2.739,2.416,0.001,2.413,0.324,0.,0.324,0.324,0.,0.324,0.006,0.,0.006
900,3.754,0.003,3.751,3.397,0.003,3.394,0.356,0.,0.356,0.356,0.,0.356,0.007,0.,0.007
1000,4.89,0.013,4.876,4.402,0.009,4.393,0.486,0.003,0.482,0.486,0.003,0.482,0.013,0.001,0.012