param-n,pattern-regression-linear-real,pattern-regression-linear-sys,pattern-regression-linear-user
1,0.,0.,0.
2,0.,0.,0.
3,0.,0.,0.
4,0.,0.,0.
5,0.,0.,0.
6,0.,0.,0.
7,0.,0.,0.
8,0.,0.,0.
9,0.,0.,0.
10,0.,0.,0.
11,0.,0.,0.
12,0.,0.,0.
13,0.,0.,0.
14,0.,0.,0.
15,0.,0.,0.
16,0.,0.,0.
17,0.,0.,0.
18,0.,0.,0.
19,0.,0.,0.
20,0.,0.,0.
21,0.,0.,0.
22,0.,0.,0.
23,0.,0.,0.
24,0.,0.,0.
25,0.,0.,0.
26,0.,0.,0.
27,0.,0.,0.
28,0.,0.,0.
29,0.,0.,0.
30,0.,0.,0.
31,0.,0.,0.
32,0.,0.,0.
33,0.,0.,0.
34,0.,0.,0.
35,0.,0.,0.
36,0.,0.,0.
37,0.,0.,0.
38,0.,0.,0.
39,0.,0.,0.
40,0.,0.,0.
41,0.,0.,0.
42,0.,0.,0.
43,0.,0.,0.
44,0.,0.,0.
45,0.,0.,0.
46,0.,0.,0.
47,0.,0.,0.
48,0.,0.,0.
49,0.,0.,0.
50,0.,0.,0.
51,0.,0.,0.
52,0.001,0.,0.001
53,0.,0.,0.
54,0.001,0.,0.001
55,0.001,0.,0.001
56,0.001,0.,0.001
57,0.001,0.,0.001
58,0.001,0.,0.001
59,0.001,0.,0.001
60,0.001,0.,0.001
61,0.001,0.,0.001
62,0.001,0.,0.001
63,0.001,0.,0.001
64,0.001,0.,0.001
65,0.001,0.,0.001
66,0.001,0.,0.001
67,0.001,0.,0.001
68,0.001,0.,0.001
69,0.001,0.,0.001
70,0.001,0.,0.001
71,0.001,0.,0.001
72,0.001,0.,0.001
73,0.001,0.,0.001
74,0.001,0.,0.001
75,0.001,0.,0.001
76,0.001,0.,0.001
77,0.001,0.,0.001
78,0.001,0.,0.001
79,0.001,0.,0.001
80,0.001,0.,0.001
81,0.001,0.,0.001
82,0.001,0.,0.001
83,0.001,0.,0.001
84,0.001,0.,0.001
85,0.001,0.,0.001
86,0.001,0.,0.001
87,0.001,0.,0.001
88,0.001,0.,0.001
89,0.001,0.,0.001
90,0.001,0.,0.001
91,0.001,0.,0.001
92,0.001,0.,0.001
93,0.001,0.,0.001
94,0.001,0.,0.001
95,0.001,0.,0.001
96,0.001,0.,0.001
97,0.001,0.,0.001
98,0.001,0.,0.001
99,0.001,0.,0.001
100,0.001,0.,0.
101,0.001,0.,0.001
102,0.001,0.,0.001
103,0.001,0.,0.001
104,0.001,0.,0.001
105,0.001,0.,0.001
106,0.001,0.,0.001
107,0.001,0.,0.001
108,0.001,0.,0.001
109,0.001,0.,0.001
110,0.002,0.,0.001
111,0.001,0.,0.001
112,0.002,0.,0.002
113,0.002,0.,0.002
114,0.002,0.,0.002
115,0.002,0.,0.002
116,0.002,0.,0.002
117,0.002,0.,0.002
118,0.002,0.,0.002
119,0.002,0.,0.002
120,0.002,0.,0.002
121,0.002,0.,0.002
122,0.002,0.,0.002
123,0.002,0.,0.002
124,0.002,0.,0.002
125,0.002,0.,0.002
126,0.002,0.,0.002
127,0.002,0.,0.002
128,0.002,0.,0.002
129,0.002,0.,0.002
130,0.002,0.,0.002
131,0.002,0.,0.002
132,0.003,0.,0.003
133,0.002,0.,0.002
134,0.002,0.,0.002
135,0.002,0.,0.002
136,0.002,0.,0.002
137,0.002,0.,0.002
138,0.002,0.,0.002
139,0.002,0.,0.002
140,0.002,0.,0.002
141,0.002,0.,0.002
142,0.002,0.,0.002
143,0.002,0.,0.002
144,0.002,0.,0.002
145,0.005,0.,0.005
146,0.002,0.,0.002
147,0.002,0.,0.002
148,0.002,0.,0.002
149,0.002,0.,0.002
150,0.003,0.,0.003
151,0.003,0.,0.003
152,0.003,0.,0.003
153,0.003,0.,0.003
154,0.003,0.,0.003
155,0.003,0.,0.003
156,0.003,0.,0.003
157,0.003,0.,0.003
158,0.004,0.,0.004
159,0.003,0.,0.003
160,0.002,0.,0.002
161,0.002,0.,0.002
162,0.002,0.,0.002
163,0.002,0.,0.002
164,0.002,0.,0.002
165,0.003,0.,0.003
166,0.002,0.,0.002
167,0.002,0.,0.002
168,0.002,0.,0.002
169,0.002,0.,0.002
170,0.003,0.,0.003
171,0.003,0.,0.003
172,0.003,0.,0.003
173,0.003,0.,0.003
174,0.003,0.,0.003
175,0.003,0.,0.003
176,0.003,0.,0.003
177,0.003,0.,0.003
178,0.003,0.,0.003
179,0.003,0.,0.003
180,0.003,0.,0.003
181,0.003,0.,0.003
182,0.003,0.,0.003
183,0.003,0.,0.003
184,0.003,0.,0.003
185,0.003,0.,0.003
186,0.003,0.,0.003
187,0.003,0.,0.003
188,0.003,0.,0.003
189,0.003,0.,0.003
190,0.003,0.,0.003
191,0.005,0.,0.005
192,0.003,0.,0.003
193,0.003,0.,0.003
194,0.003,0.,0.003
195,0.003,0.,0.003
196,0.003,0.,0.003
197,0.003,0.,0.003
198,0.003,0.,0.003
199,0.003,0.,0.003
200,0.003,0.,0.003
201,0.005,0.,0.005
202,0.003,0.,0.003
203,0.003,0.,0.003
204,0.003,0.,0.003
205,0.003,0.,0.003
206,0.003,0.,0.003
207,0.003,0.,0.003
208,0.003,0.,0.003
209,0.003,0.,0.003
210,0.005,0.,0.005
211,0.003,0.,0.003
212,0.003,0.,0.003
213,0.003,0.,0.003
214,0.003,0.,0.003
215,0.003,0.,0.003
216,0.003,0.,0.003
217,0.003,0.,0.003
218,0.003,0.,0.003
219,0.005,0.,0.005
220,0.003,0.,0.003
221,0.003,0.,0.003
222,0.003,0.,0.003
223,0.003,0.,0.003
224,0.003,0.,0.003
225,0.004,0.,0.004
226,0.003,0.,0.003
227,0.003,0.,0.003
228,0.007,0.,0.007
229,0.004,0.,0.004
230,0.004,0.,0.004
231,0.004,0.,0.004
232,0.004,0.,0.004
233,0.004,0.,0.004
234,0.004,0.,0.004
235,0.004,0.,0.004
236,0.004,0.,0.004
237,0.004,0.,0.004
238,0.004,0.,0.004
239,0.004,0.,0.004
240,0.004,0.,0.004
241,0.004,0.,0.004
242,0.004,0.,0.004
243,0.004,0.,0.004
244,0.004,0.,0.004
245,0.006,0.,0.006
246,0.004,0.,0.004
247,0.004,0.,0.004
248,0.004,0.,0.004
249,0.004,0.,0.004
250,0.004,0.,0.004
251,0.004,0.,0.004
252,0.004,0.,0.004
253,0.004,0.,0.004
254,0.004,0.,0.004
255,0.004,0.,0.004
256,0.004,0.,0.004
257,0.004,0.,0.004
258,0.004,0.,0.004
259,0.004,0.,0.004
260,0.006,0.,0.006
261,0.004,0.,0.004
262,0.004,0.,0.004
263,0.004,0.,0.004
264,0.004,0.,0.004
265,0.004,0.,0.004
266,0.004,0.,0.004
267,0.004,0.,0.004
268,0.005,0.,0.005
269,0.004,0.,0.004
270,0.004,0.,0.004
271,0.004,0.,0.004
272,0.004,0.,0.004
273,0.004,0.,0.004
274,0.005,0.,0.005
275,0.006,0.,0.006
276,0.004,0.,0.004
277,0.004,0.,0.004
278,0.004,0.,0.004
279,0.004,0.,0.004
280,0.004,0.,0.004
281,0.004,0.,0.004
282,0.005,0.,0.005
283,0.004,0.,0.004
284,0.004,0.,0.004
285,0.004,0.,0.004
286,0.005,0.,0.005
287,0.004,0.,0.004
288,0.005,0.,0.005
289,0.007,0.,0.007
290,0.005,0.,0.005
291,0.005,0.,0.005
292,0.005,0.,0.005
293,0.005,0.,0.005
294,0.005,0.,0.005
295,0.005,0.,0.005
296,0.006,0.,0.006
297,0.005,0.,0.005
298,0.005,0.,0.005
299,0.005,0.,0.005
300,0.005,0.,0.005
301,0.005,0.,0.005
302,0.007,0.,0.007
303,0.005,0.,0.005
304,0.005,0.,0.005
305,0.005,0.,0.005
306,0.005,0.,0.005
307,0.005,0.,0.005
308,0.005,0.,0.005
309,0.006,0.,0.006
310,0.005,0.,0.005
311,0.005,0.,0.005
312,0.005,0.,0.005
313,0.005,0.,0.005
314,0.005,0.,0.005
315,0.007,0.,0.007
316,0.005,0.,0.005
317,0.005,0.,0.005
318,0.005,0.,0.005
319,0.005,0.,0.005
320,0.005,0.,0.005
321,0.005,0.,0.005
322,0.005,0.,0.005
323,0.005,0.,0.005
324,0.005,0.,0.005
325,0.005,0.,0.005
326,0.005,0.,0.005
327,0.005,0.,0.005
328,0.007,0.,0.007
329,0.005,0.,0.005
330,0.005,0.,0.005
331,0.005,0.,0.005
332,0.005,0.,0.005
333,0.005,0.,0.005
334,0.007,0.,0.007
335,0.005,0.,0.005
336,0.005,0.,0.005
337,0.006,0.,0.006
338,0.005,0.,0.005
339,0.006,0.,0.006
340,0.006,0.,0.006
341,0.006,0.,0.006
342,0.006,0.,0.006
343,0.006,0.,0.006
344,0.005,0.,0.005
345,0.008,0.,0.008
346,0.005,0.,0.005
347,0.006,0.,0.006
348,0.006,0.,0.006
349,0.006,0.,0.006
350,0.006,0.,0.006
351,0.008,0.,0.008
352,0.006,0.,0.006
353,0.006,0.,0.006
354,0.006,0.,0.006
355,0.006,0.,0.006
356,0.006,0.,0.006
357,0.007,0.,0.007
358,0.006,0.,0.006
359,0.006,0.,0.006
360,0.006,0.,0.006
361,0.006,0.,0.006
362,0.008,0.,0.008
363,0.006,0.,0.006
364,0.006,0.,0.006
365,0.006,0.,0.006
366,0.006,0.,0.006
367,0.006,0.,0.006
368,0.007,0.,0.007
369,0.006,0.,0.006
370,0.006,0.,0.006
371,0.006,0.,0.006
372,0.006,0.,0.006
373,0.007,0.,0.007
374,0.006,0.,0.006
375,0.006,0.,0.006
376,0.006,0.,0.006
377,0.006,0.,0.006
378,0.007,0.,0.007
379,0.007,0.,0.007
380,0.006,0.,0.006
381,0.006,0.,0.006
382,0.006,0.,0.006
383,0.006,0.,0.006
384,0.008,0.,0.008
385,0.006,0.,0.006
386,0.006,0.,0.006
387,0.006,0.,0.006
388,0.006,0.,0.006
389,0.009,0.,0.009
390,0.006,0.,0.006
391,0.006,0.,0.006
392,0.007,0.,0.007
393,0.007,0.,0.007
394,0.009,0.,0.009
395,0.007,0.,0.007
396,0.007,0.,0.007
397,0.007,0.,0.007
398,0.006,0.,0.006
399,0.008,0.,0.008
400,0.007,0.,0.007
401,0.007,0.,0.007
402,0.007,0.003,0.004
403,0.007,0.,0.007
404,0.009,0.,0.009
405,0.007,0.,0.007
406,0.007,0.,0.007
407,0.007,0.,0.007
408,0.007,0.,0.007
409,0.008,0.,0.008
410,0.007,0.,0.007
411,0.007,0.,0.007
412,0.007,0.,0.007
413,0.007,0.,0.007
414,0.009,0.,0.009
415,0.007,0.,0.007
416,0.007,0.,0.007
417,0.007,0.,0.007
418,0.007,0.,0.007
419,0.008,0.,0.008
420,0.007,0.,0.007
421,0.007,0.,0.007
422,0.007,0.,0.007
423,0.007,0.,0.007
424,0.007,0.,0.007
425,0.007,0.,0.007
426,0.007,0.,0.007
427,0.007,0.,0.007
428,0.008,0.,0.008
429,0.007,0.,0.007
430,0.007,0.,0.007
431,0.007,0.,0.007
432,0.007,0.,0.007
433,0.009,0.,0.009
434,0.007,0.,0.007
435,0.007,0.,0.007
436,0.007,0.,0.007
437,0.007,0.,0.007
438,0.007,0.,0.007
439,0.007,0.,0.007
440,0.007,0.,0.007
441,0.007,0.,0.007
442,0.009,0.,0.009
443,0.007,0.,0.007
444,0.007,0.,0.007
445,0.007,0.,0.007
446,0.007,0.,0.007
447,0.009,0.,0.009
448,0.007,0.,0.007
449,0.007,0.,0.007
450,0.007,0.,0.007
451,0.009,0.,0.009
452,0.007,0.,0.007
453,0.007,0.,0.007
454,0.008,0.,0.008
455,0.008,0.,0.008
456,0.008,0.,0.007
457,0.008,0.,0.008
458,0.008,0.,0.008
459,0.008,0.,0.008
460,0.01,0.,0.01
461,0.008,0.,0.008
462,0.008,0.,0.008
463,0.008,0.,0.008
464,0.009,0.,0.009
465,0.008,0.,0.008
466,0.008,0.,0.008
467,0.008,0.,0.008
468,0.008,0.,0.008
469,0.011,0.,0.011
470,0.008,0.,0.008
471,0.008,0.,0.008
472,0.008,0.,0.008
473,0.009,0.,0.009
474,0.008,0.,0.008
475,0.008,0.,0.008
476,0.008,0.,0.008
477,0.011,0.,0.011
478,0.008,0.,0.008
479,0.008,0.,0.008
480,0.008,0.,0.008
481,0.011,0.,0.011
482,0.008,0.,0.008
483,0.008,0.,0.008
484,0.008,0.,0.008
485,0.008,0.,0.008
486,0.008,0.,0.008
487,0.008,0.,0.008
488,0.008,0.,0.008
489,0.008,0.,0.008
490,0.01,0.,0.01
491,0.008,0.,0.008
492,0.008,0.,0.008
493,0.008,0.,0.008
494,0.01,0.,0.01
495,0.008,0.,0.008
496,0.008,0.,0.008
497,0.008,0.,0.008
498,0.01,0.,0.01
499,0.008,0.,0.008
500,0.008,0.,0.008
600,0.063,0.007,0.055
800,0.014,0.,0.014
1000,0.017,0.,0.017
1200,0.021,0.,0.021
1400,0.026,0.,0.026
1600,0.031,0.,0.031
1800,0.033,0.,0.033
2000,0.037,0.,0.037
2200,0.04,0.,0.04
2400,0.053,0.,0.052
2600,0.066,0.,0.066
2800,0.059,0.,0.059
3000,0.085,0.007,0.077
3200,0.086,0.,0.086
3400,0.075,0.,0.075
3600,0.081,0.,0.081
3800,0.082,0.,0.082
4000,0.083,0.,0.083
4200,0.086,0.,0.086
4400,0.094,0.,0.094
4600,0.104,0.,0.104
4800,0.106,0.,0.106
5000,0.105,0.,0.105
5200,0.112,0.,0.112
5400,0.116,0.,0.116
5600,0.119,0.,0.119
5800,0.124,0.,0.124
6000,0.113,0.,0.112
6200,0.116,0.,0.116
6400,0.121,0.,0.121
6600,0.124,0.,0.124
6800,0.129,0.,0.129
7000,0.131,0.,0.131
7200,0.155,0.,0.155
7400,0.16,0.003,0.156
7600,0.166,0.,0.166
7800,0.172,0.,0.172
8000,0.173,0.,0.173
8200,0.174,0.,0.174
8400,0.173,0.,0.173
8600,0.172,0.,0.172
8800,0.172,0.,0.172
9000,0.175,0.,0.175
9200,0.174,0.,0.174
9400,0.172,0.,0.172
9600,0.194,0.,0.194
9800,0.203,0.,0.203
10000,0.212,0.,0.212
10200,0.222,0.,0.222
10400,0.231,0.003,0.227
10600,0.241,0.,0.241
10800,0.251,0.,0.251
11000,0.256,0.003,0.252
11200,0.255,0.,0.255
11400,0.257,0.,0.257
11600,0.259,0.,0.259
11800,0.259,0.,0.259
12000,0.289,0.,0.289
12200,0.3,0.,0.3
12400,0.308,0.,0.308
12600,0.323,0.,0.323
12800,0.334,0.,0.334
13000,0.338,0.,0.338
13200,0.347,0.,0.347
13400,0.355,0.,0.355
13600,0.364,0.,0.364
13800,0.37,0.,0.37
14000,0.379,0.,0.379
14200,0.387,0.,0.387
14400,0.409,0.,0.409
14600,0.424,0.,0.424
14800,0.433,0.,0.433
15000,0.446,0.,0.446
15200,0.457,0.,0.457
15400,0.465,0.,0.465
15600,0.473,0.,0.473
15800,0.47,0.,0.47
16000,0.477,0.,0.477
16200,0.475,0.,0.475
16400,0.471,0.,0.471
16600,0.466,0.,0.466
16800,0.509,0.,0.509
17000,0.5,0.,0.5
17200,0.5,0.,0.5
17400,0.487,0.,0.487
17600,0.469,0.,0.469
17800,0.457,0.,0.457
18000,0.439,0.,0.439
18200,0.439,0.,0.439
18400,0.43,0.,0.43
18600,0.432,0.,0.432
18800,0.443,0.,0.443
19000,0.443,0.,0.443
19200,0.461,0.,0.461
19400,0.47,0.,0.47
19600,0.474,0.,0.474
19800,0.483,0.,0.483
20000,0.495,0.,0.495