param-0-n,param-1-lgn,try-ssr-rewrite!-cold-noop-regression-linear-real,try-ssr-rewrite!-cold-noop-regression-linear-sys,try-ssr-rewrite!-cold-noop-regression-linear-user,try-ssr-rewrite!-evar-noop-regression-linear-real,try-ssr-rewrite!-evar-noop-regression-linear-sys,try-ssr-rewrite!-evar-noop-regression-linear-user,try-ssr-rewrite!-noop-regression-linear-real,try-ssr-rewrite!-noop-regression-linear-sys,try-ssr-rewrite!-noop-regression-linear-user,try-ssr-rewrite-evar-noop-regression-linear-real,try-ssr-rewrite-evar-noop-regression-linear-sys,try-ssr-rewrite-evar-noop-regression-linear-user,try-ssr-rewrite-noop-regression-linear-real,try-ssr-rewrite-noop-regression-linear-sys,try-ssr-rewrite-noop-regression-linear-user,try-ssr-rewrite?-evar-noop-regression-linear-real,try-ssr-rewrite?-evar-noop-regression-linear-sys,try-ssr-rewrite?-evar-noop-regression-linear-user,try-ssr-rewrite?-noop-regression-linear-real,try-ssr-rewrite?-noop-regression-linear-sys,try-ssr-rewrite?-noop-regression-linear-user
3,1,0.,0.,0.,0.,0.,0.,0.,0.,0.,0.,0.,0.,0.,0.,0.,0.,0.,0.,0.,0.,0.
7,2,0.,0.,0.,0.,0.,0.,0.,0.,0.,0.,0.,0.,0.,0.,0.,0.,0.,0.,0.,0.,0.
15,3,0.,0.,0.,0.,0.,0.,0.,0.,0.,0.,0.,0.,0.,0.,0.,0.,0.,0.,0.,0.,0.
31,4,0.,0.,0.,0.,0.,0.,0.,0.,0.,0.,0.,0.,0.,0.,0.,0.,0.,0.,0.,0.,0.
63,5,0.,0.,0.,0.,0.,0.,0.,0.,0.,0.,0.,0.,0.,0.,0.,0.,0.,0.,0.,0.,0.
127,6,0.,0.,0.,0.,0.,0.,0.,0.,0.,0.,0.,0.,0.,0.,0.,0.,0.,0.,0.,0.,0.
255,7,0.,0.,0.,0.,0.,0.,0.,0.,0.,0.,0.,0.,0.,0.,0.,0.,0.,0.,0.,0.,0.
511,8,0.,0.,0.,0.,0.,0.,0.,0.,0.,0.,0.,0.,0.,0.,0.,0.,0.,0.,0.,0.,0.
1023,9,0.,0.,0.,0.,0.,0.,0.,0.,0.,0.,0.,0.,0.,0.,0.,0.,0.,0.,0.,0.,0.
2047,10,0.,0.,0.,0.,0.,0.,0.,0.,0.,0.,0.,0.,0.,0.,0.,0.,0.,0.,0.,0.,0.
4095,11,0.,0.,0.,0.,0.,0.,0.,0.,0.,0.,0.,0.,0.,0.,0.,0.,0.,0.,0.,0.,0.
8191,12,0.001,0.,0.001,0.001,0.,0.001,0.001,0.,0.001,0.003,0.,0.003,0.001,0.,0.001,0.001,0.,0.001,0.001,0.,0.001
16383,13,0.003,0.,0.003,0.005,0.,0.005,0.003,0.,0.003,0.003,0.,0.003,0.003,0.,0.003,0.003,0.,0.003,0.003,0.,0.003
32767,14,0.006,0.,0.006,0.006,0.,0.006,0.006,0.,0.006,0.006,0.,0.006,0.006,0.,0.006,0.006,0.,0.006,0.01,0.,0.01
65535,15,0.021,0.,0.021,0.013,0.,0.013,0.013,0.,0.013,0.012,0.,0.012,0.012,0.,0.012,0.013,0.,0.013,0.032,0.,0.032
131071,16,0.054,0.,0.054,0.026,0.,0.026,0.069,0.,0.069,0.026,0.,0.026,0.027,0.,0.027,0.027,0.,0.027,0.026,0.,0.026
262143,17,0.109,0.,0.109,0.053,0.,0.053,0.054,0.,0.054,0.053,0.,0.053,0.052,0.,0.052,0.053,0.,0.053,0.054,0.,0.054
524287,18,0.208,0.,0.208,0.117,0.,0.117,0.118,0.,0.118,0.113,0.,0.113,0.121,0.,0.121,0.115,0.,0.115,0.116,0.,0.116
1048575,19,0.347,0.003,0.343,0.237,0.,0.237,0.239,0.,0.239,0.247,0.,0.247,0.246,0.,0.246,0.245,0.,0.245,0.242,0.,0.242
2097151,20,0.66,0.004,0.656,0.465,0.,0.465,0.47,0.,0.47,0.474,0.,0.474,0.484,0.,0.483,0.464,0.,0.464,0.472,0.,0.472
4194303,21,1.195,0.,1.195,0.951,0.003,0.947,0.947,0.,0.947,0.941,0.,0.941,0.961,0.,0.961,0.946,0.,0.946,0.953,0.,0.951
8388607,22,1.932,0.,1.932,1.878,0.,1.878,1.906,0.,1.906,1.903,0.,1.903,1.891,0.,1.891,1.916,0.,1.915,1.91,0.,1.909