param-n,abstract+rewrite-strat-bottomup-real,abstract+rewrite-strat-bottomup-sys,abstract+rewrite-strat-bottomup-user,abstract+rewrite-strat-topdown-real,abstract+rewrite-strat-topdown-sys,abstract+rewrite-strat-topdown-user,close-abstract+rewrite-strat-bottomup-real,close-abstract+rewrite-strat-bottomup-sys,close-abstract+rewrite-strat-bottomup-user,close-abstract+rewrite-strat-topdown-real,close-abstract+rewrite-strat-topdown-sys,close-abstract+rewrite-strat-topdown-user,rewrite-strat-bottomup-real,rewrite-strat-bottomup-sys,rewrite-strat-bottomup-user,rewrite-strat-bottomup-noop-real,rewrite-strat-bottomup-noop-sys,rewrite-strat-bottomup-noop-user,rewrite-strat-topdown-real,rewrite-strat-topdown-sys,rewrite-strat-topdown-user,rewrite-strat-topdown-noop-real,rewrite-strat-topdown-noop-sys,rewrite-strat-topdown-noop-user
1,0.,0.,0.,0.,0.,0.,0.,0.,0.,0.,0.,0.,0.,0.,0.,0.,0.,0.,0.,0.,0.,0.,0.,0.
2,0.001,0.,0.001,0.,0.,0.,0.,0.,0.,0.,0.,0.,0.,0.,0.,0.,0.,0.,0.,0.,0.,0.,0.,0.
3,0.001,0.,0.001,0.001,0.,0.001,0.,0.,0.,0.,0.,0.,0.,0.,0.001,0.,0.,0.,0.,0.,0.,0.,0.,0.
4,0.002,0.,0.002,0.001,0.,0.001,0.,0.,0.,0.,0.,0.,0.001,0.,0.001,0.,0.,0.,0.001,0.,0.001,0.,0.,0.
5,0.002,0.,0.002,0.001,0.,0.001,0.,0.,0.,0.,0.,0.,0.001,0.,0.001,0.,0.,0.,0.,0.,0.,0.,0.,0.
6,0.003,0.,0.003,0.001,0.,0.001,0.,0.,0.,0.,0.,0.,0.002,0.,0.002,0.,0.,0.,0.001,0.,0.001,0.,0.,0.
7,0.003,0.,0.003,0.002,0.,0.002,0.,0.,0.,0.,0.,0.,0.002,0.,0.002,0.,0.,0.,0.001,0.,0.001,0.,0.,0.
8,0.004,0.,0.004,0.002,0.,0.002,0.,0.,0.,0.,0.,0.,0.003,0.,0.003,0.,0.,0.,0.001,0.,0.001,0.,0.,0.
9,0.045,0.011,0.034,0.003,0.,0.003,0.,0.,0.,0.,0.,0.,0.044,0.01,0.033,0.,0.,0.,0.001,0.,0.001,0.,0.,0.
10,0.004,0.,0.004,0.003,0.003,0.,0.001,0.,0.,0.,0.,0.,0.003,0.,0.003,0.,0.,0.,0.002,0.002,0.,0.,0.,0.
11,0.004,0.,0.004,0.047,0.007,0.039,0.001,0.,0.001,0.,0.,0.,0.003,0.,0.003,0.,0.,0.,0.045,0.007,0.038,0.,0.,0.
12,0.005,0.,0.005,0.003,0.,0.003,0.001,0.,0.001,0.001,0.,0.001,0.003,0.,0.003,0.,0.,0.,0.002,0.,0.002,0.,0.,0.
13,0.006,0.,0.006,0.003,0.,0.003,0.001,0.,0.001,0.001,0.,0.001,0.004,0.,0.004,0.,0.,0.,0.002,0.,0.001,0.,0.,0.
14,0.006,0.,0.006,0.003,0.,0.003,0.001,0.,0.001,0.001,0.,0.001,0.004,0.,0.004,0.,0.,0.,0.002,0.,0.002,0.,0.,0.
15,0.007,0.,0.007,0.004,0.,0.004,0.001,0.,0.001,0.001,0.,0.001,0.005,0.,0.005,0.,0.,0.,0.002,0.,0.002,0.,0.,0.
16,0.009,0.,0.009,0.005,0.,0.005,0.002,0.,0.002,0.001,0.,0.001,0.007,0.,0.007,0.,0.,0.,0.003,0.,0.003,0.,0.,0.
17,0.009,0.,0.009,0.005,0.,0.005,0.002,0.,0.002,0.001,0.,0.001,0.006,0.,0.006,0.,0.,0.,0.003,0.,0.003,0.,0.,0.
18,0.009,0.,0.009,0.005,0.,0.005,0.002,0.,0.002,0.001,0.,0.001,0.006,0.,0.006,0.,0.,0.,0.003,0.,0.003,0.,0.,0.
19,0.01,0.,0.01,0.007,0.,0.007,0.002,0.,0.002,0.003,0.,0.003,0.007,0.,0.007,0.,0.,0.,0.003,0.,0.003,0.,0.,0.
20,0.013,0.,0.013,0.006,0.,0.006,0.003,0.,0.003,0.002,0.,0.002,0.008,0.,0.008,0.,0.,0.,0.004,0.,0.004,0.,0.,0.
21,0.012,0.,0.012,0.007,0.,0.007,0.003,0.,0.003,0.002,0.,0.002,0.008,0.,0.008,0.,0.,0.,0.004,0.,0.004,0.,0.,0.
22,0.013,0.,0.013,0.007,0.,0.007,0.003,0.,0.003,0.002,0.,0.002,0.009,0.,0.009,0.,0.,0.,0.004,0.,0.004,0.,0.,0.
23,0.015,0.,0.015,0.008,0.,0.008,0.005,0.,0.005,0.002,0.,0.002,0.01,0.,0.01,0.,0.,0.,0.005,0.,0.005,0.,0.,0.
24,0.015,0.,0.015,0.01,0.,0.01,0.004,0.,0.004,0.004,0.,0.004,0.01,0.,0.01,0.,0.,0.,0.005,0.,0.005,0.,0.,0.
25,0.016,0.,0.016,0.009,0.,0.009,0.004,0.,0.004,0.003,0.,0.003,0.011,0.,0.011,0.,0.,0.,0.005,0.,0.005,0.,0.,0.
26,0.018,0.,0.018,0.01,0.,0.01,0.004,0.,0.004,0.003,0.,0.003,0.013,0.,0.013,0.,0.,0.,0.006,0.,0.006,0.,0.,0.
27,0.018,0.,0.018,0.01,0.,0.01,0.005,0.,0.005,0.003,0.,0.003,0.012,0.,0.012,0.,0.,0.,0.006,0.,0.006,0.,0.,0.
28,0.02,0.,0.02,0.012,0.,0.012,0.006,0.,0.006,0.004,0.,0.004,0.013,0.,0.013,0.,0.,0.,0.007,0.,0.007,0.,0.,0.
29,0.02,0.,0.02,0.012,0.,0.012,0.006,0.,0.006,0.004,0.,0.004,0.013,0.,0.013,0.,0.,0.,0.007,0.,0.007,0.,0.,0.
30,0.023,0.,0.023,0.013,0.,0.013,0.007,0.,0.007,0.004,0.,0.004,0.014,0.,0.014,0.,0.,0.,0.007,0.,0.007,0.,0.,0.
31,0.022,0.,0.022,0.015,0.,0.015,0.006,0.,0.006,0.004,0.,0.004,0.015,0.,0.015,0.,0.,0.,0.01,0.,0.01,0.,0.,0.
32,0.024,0.,0.024,0.014,0.,0.014,0.007,0.,0.007,0.005,0.,0.005,0.017,0.,0.017,0.,0.,0.,0.008,0.,0.008,0.,0.,0.
33,0.025,0.,0.025,0.014,0.,0.014,0.007,0.,0.007,0.005,0.,0.005,0.017,0.,0.017,0.,0.,0.,0.008,0.,0.008,0.,0.,0.
34,0.028,0.002,0.025,0.015,0.,0.015,0.007,0.,0.007,0.005,0.,0.005,0.019,0.002,0.016,0.,0.,0.,0.009,0.,0.009,0.,0.,0.
35,0.029,0.,0.029,0.016,0.,0.016,0.008,0.,0.008,0.006,0.,0.006,0.02,0.,0.02,0.,0.,0.,0.009,0.,0.009,0.,0.,0.
36,0.03,0.,0.03,0.018,0.,0.018,0.009,0.,0.009,0.006,0.,0.006,0.02,0.,0.02,0.,0.,0.,0.011,0.,0.011,0.,0.,0.
37,0.033,0.,0.033,0.017,0.,0.017,0.009,0.,0.009,0.006,0.,0.006,0.023,0.,0.023,0.,0.,0.,0.01,0.,0.01,0.,0.,0.
38,0.033,0.,0.033,0.02,0.,0.02,0.009,0.,0.009,0.007,0.,0.007,0.023,0.,0.023,0.,0.,0.,0.012,0.,0.012,0.,0.,0.
39,0.037,0.,0.037,0.019,0.,0.019,0.01,0.,0.01,0.007,0.,0.007,0.026,0.,0.026,0.,0.,0.,0.011,0.,0.011,0.,0.,0.
40,0.036,0.,0.036,0.023,0.,0.023,0.011,0.,0.011,0.007,0.,0.007,0.023,0.,0.023,0.,0.,0.,0.015,0.,0.015,0.,0.,0.
41,0.038,0.,0.038,0.021,0.,0.021,0.012,0.,0.012,0.008,0.,0.008,0.024,0.,0.024,0.,0.,0.,0.012,0.,0.012,0.,0.,0.
42,0.038,0.,0.038,0.023,0.,0.023,0.011,0.,0.011,0.008,0.,0.008,0.025,0.,0.025,0.,0.,0.,0.013,0.,0.013,0.,0.,0.
43,0.04,0.,0.04,0.025,0.,0.025,0.012,0.,0.012,0.011,0.,0.011,0.027,0.,0.027,0.,0.,0.,0.013,0.,0.013,0.,0.,0.
44,0.042,0.,0.042,0.024,0.,0.024,0.012,0.,0.012,0.009,0.,0.009,0.028,0.,0.028,0.,0.,0.,0.014,0.,0.014,0.,0.,0.
45,0.043,0.,0.043,0.025,0.,0.025,0.013,0.,0.013,0.009,0.,0.009,0.029,0.,0.029,0.,0.,0.,0.015,0.,0.015,0.,0.,0.
46,0.047,0.,0.047,0.027,0.,0.027,0.014,0.,0.014,0.011,0.,0.011,0.031,0.,0.031,0.,0.,0.,0.015,0.,0.015,0.,0.,0.
47,0.048,0.,0.048,0.027,0.,0.027,0.015,0.,0.015,0.01,0.,0.01,0.031,0.,0.031,0.,0.,0.,0.015,0.,0.015,0.,0.,0.
48,0.05,0.,0.05,0.029,0.,0.029,0.016,0.,0.016,0.011,0.,0.011,0.033,0.,0.033,0.,0.,0.,0.017,0.,0.017,0.,0.,0.
49,0.052,0.,0.052,0.032,0.,0.032,0.016,0.,0.016,0.011,0.,0.011,0.036,0.,0.036,0.,0.,0.,0.02,0.,0.02,0.,0.,0.
50,0.096,0.004,0.091,0.074,0.007,0.067,0.015,0.,0.015,0.011,0.,0.011,0.079,0.004,0.075,0.,0.,0.,0.062,0.007,0.054,0.,0.,0.
51,0.055,0.,0.055,0.033,0.,0.033,0.017,0.,0.017,0.013,0.,0.013,0.037,0.,0.037,0.,0.,0.,0.018,0.,0.018,0.,0.,0.
52,0.061,0.,0.061,0.035,0.,0.035,0.019,0.,0.019,0.014,0.,0.014,0.042,0.,0.042,0.,0.,0.,0.02,0.,0.02,0.,0.,0.
53,0.059,0.,0.059,0.035,0.,0.035,0.018,0.,0.018,0.013,0.,0.013,0.04,0.,0.04,0.,0.,0.,0.02,0.,0.02,0.,0.,0.
54,0.061,0.,0.061,0.036,0.,0.036,0.019,0.,0.019,0.014,0.,0.014,0.041,0.,0.041,0.,0.,0.,0.021,0.,0.021,0.,0.,0.
55,0.065,0.,0.065,0.038,0.,0.038,0.019,0.,0.019,0.014,0.,0.014,0.044,0.,0.044,0.,0.,0.,0.022,0.,0.022,0.,0.,0.
56,0.068,0.,0.068,0.039,0.,0.039,0.021,0.,0.021,0.015,0.,0.015,0.046,0.,0.046,0.,0.,0.,0.023,0.,0.023,0.,0.,0.
57,0.066,0.,0.066,0.041,0.,0.041,0.02,0.,0.02,0.015,0.,0.015,0.044,0.,0.044,0.,0.,0.,0.024,0.,0.024,0.,0.,0.
58,0.07,0.,0.07,0.041,0.,0.041,0.023,0.,0.023,0.016,0.,0.016,0.045,0.,0.045,0.,0.,0.,0.024,0.,0.024,0.,0.,0.
59,0.07,0.,0.07,0.043,0.,0.043,0.022,0.,0.022,0.016,0.,0.016,0.047,0.,0.047,0.,0.,0.,0.025,0.,0.025,0.,0.,0.
60,0.079,0.,0.079,0.045,0.,0.045,0.022,0.,0.022,0.018,0.,0.018,0.055,0.,0.055,0.,0.,0.,0.026,0.,0.026,0.,0.,0.
61,0.085,0.003,0.081,0.046,0.,0.046,0.025,0.003,0.021,0.018,0.,0.018,0.058,0.,0.058,0.,0.,0.,0.026,0.,0.026,0.,0.,0.
62,0.081,0.,0.081,0.048,0.,0.048,0.025,0.,0.025,0.02,0.,0.02,0.054,0.,0.054,0.,0.,0.,0.027,0.,0.027,0.,0.,0.
63,0.084,0.,0.084,0.05,0.,0.05,0.027,0.,0.027,0.018,0.,0.018,0.056,0.,0.056,0.,0.,0.,0.03,0.,0.03,0.,0.,0.
64,0.085,0.,0.085,0.052,0.,0.052,0.027,0.,0.027,0.019,0.,0.019,0.056,0.,0.056,0.,0.,0.,0.031,0.,0.031,0.,0.,0.
65,0.089,0.,0.089,0.053,0.,0.053,0.029,0.,0.029,0.021,0.,0.021,0.059,0.,0.059,0.,0.,0.,0.031,0.,0.031,0.,0.,0.
66,0.091,0.,0.091,0.054,0.,0.054,0.028,0.,0.028,0.02,0.,0.02,0.061,0.,0.061,0.,0.,0.,0.032,0.,0.032,0.,0.,0.
67,0.093,0.,0.093,0.057,0.,0.057,0.029,0.,0.029,0.02,0.,0.02,0.062,0.,0.062,0.,0.,0.,0.035,0.,0.035,0.,0.,0.
68,0.096,0.,0.096,0.055,0.,0.055,0.03,0.,0.03,0.022,0.,0.022,0.065,0.,0.064,0.,0.,0.,0.031,0.,0.031,0.,0.,0.
69,0.099,0.,0.099,0.058,0.,0.058,0.03,0.,0.03,0.022,0.,0.022,0.068,0.,0.068,0.,0.,0.,0.034,0.,0.034,0.,0.,0.
70,0.107,0.,0.107,0.062,0.,0.062,0.035,0.,0.035,0.024,0.,0.024,0.071,0.,0.071,0.,0.,0.,0.037,0.,0.037,0.,0.,0.
71,0.109,0.,0.109,0.064,0.,0.064,0.039,0.,0.039,0.024,0.,0.024,0.068,0.,0.068,0.,0.,0.,0.038,0.,0.038,0.,0.,0.
72,0.103,0.,0.103,0.062,0.,0.062,0.033,0.,0.033,0.024,0.,0.024,0.068,0.,0.068,0.,0.,0.,0.036,0.,0.036,0.,0.,0.
73,0.107,0.,0.107,0.062,0.,0.062,0.035,0.,0.035,0.024,0.,0.024,0.07,0.,0.07,0.,0.,0.,0.037,0.,0.037,0.,0.,0.
74,0.113,0.,0.113,0.066,0.,0.066,0.034,0.,0.034,0.025,0.,0.025,0.077,0.,0.077,0.,0.,0.,0.04,0.,0.04,0.,0.,0.
75,0.121,0.,0.121,0.073,0.,0.073,0.037,0.,0.037,0.027,0.,0.027,0.082,0.,0.082,0.,0.,0.,0.044,0.,0.044,0.,0.,0.
76,0.112,0.,0.112,0.071,0.,0.071,0.036,0.,0.036,0.028,0.,0.028,0.074,0.,0.074,0.,0.,0.,0.042,0.,0.042,0.,0.,0.
77,0.119,0.,0.119,0.071,0.,0.071,0.037,0.,0.037,0.028,0.,0.028,0.08,0.,0.08,0.,0.,0.,0.041,0.,0.041,0.,0.,0.
78,0.12,0.,0.12,0.073,0.,0.073,0.038,0.,0.038,0.029,0.,0.029,0.08,0.,0.08,0.,0.,0.,0.042,0.,0.042,0.001,0.,0.001
79,0.121,0.,0.121,0.075,0.,0.075,0.039,0.,0.039,0.031,0.,0.031,0.08,0.,0.08,0.,0.,0.,0.043,0.,0.043,0.,0.,0.
80,0.126,0.003,0.122,0.077,0.,0.077,0.04,0.,0.04,0.031,0.,0.031,0.084,0.003,0.08,0.,0.,0.,0.044,0.,0.044,0.,0.,0.
81,0.127,0.,0.127,0.08,0.,0.08,0.041,0.,0.041,0.033,0.,0.033,0.084,0.,0.084,0.,0.,0.,0.045,0.,0.045,0.,0.,0.
82,0.137,0.003,0.133,0.082,0.,0.082,0.044,0.,0.044,0.034,0.,0.034,0.091,0.002,0.088,0.,0.,0.,0.046,0.,0.046,0.,0.,0.
83,0.135,0.,0.135,0.085,0.,0.085,0.045,0.,0.045,0.035,0.,0.035,0.088,0.,0.088,0.,0.,0.,0.048,0.,0.048,0.,0.,0.
84,0.136,0.,0.136,0.085,0.,0.085,0.043,0.,0.043,0.035,0.,0.035,0.091,0.,0.091,0.,0.,0.,0.048,0.,0.048,0.,0.,0.
85,0.142,0.,0.142,0.084,0.,0.084,0.045,0.,0.045,0.034,0.,0.034,0.095,0.,0.095,0.,0.,0.,0.048,0.,0.048,0.,0.,0.
86,0.145,0.,0.144,0.086,0.,0.086,0.047,0.,0.047,0.034,0.,0.034,0.095,0.,0.095,0.,0.,0.,0.05,0.,0.05,0.,0.,0.
87,0.147,0.,0.147,0.091,0.,0.091,0.047,0.,0.047,0.036,0.,0.036,0.098,0.,0.098,0.,0.,0.,0.053,0.,0.053,0.,0.,0.
88,0.153,0.,0.153,0.094,0.003,0.09,0.049,0.,0.049,0.038,0.003,0.034,0.102,0.,0.102,0.,0.,0.,0.054,0.,0.054,0.,0.,0.
89,0.158,0.,0.158,0.098,0.,0.098,0.049,0.,0.049,0.038,0.,0.038,0.107,0.,0.107,0.,0.,0.,0.058,0.,0.058,0.,0.,0.
90,0.168,0.,0.168,0.105,0.,0.105,0.053,0.,0.053,0.042,0.,0.042,0.112,0.,0.112,0.,0.,0.,0.061,0.,0.061,0.,0.,0.
91,0.172,0.,0.172,0.106,0.,0.106,0.062,0.,0.062,0.045,0.,0.045,0.109,0.,0.109,0.,0.,0.,0.059,0.,0.059,0.,0.,0.
92,0.173,0.,0.173,0.101,0.,0.101,0.058,0.,0.058,0.041,0.,0.041,0.113,0.,0.113,0.,0.,0.,0.058,0.,0.058,0.,0.,0.
93,0.18,0.,0.18,0.102,0.,0.102,0.06,0.,0.06,0.04,0.,0.04,0.117,0.,0.117,0.,0.,0.,0.06,0.,0.06,0.,0.,0.
94,0.182,0.,0.182,0.111,0.,0.111,0.062,0.,0.062,0.043,0.,0.043,0.118,0.,0.118,0.,0.,0.,0.067,0.,0.067,0.,0.,0.
95,0.186,0.,0.186,0.108,0.,0.108,0.064,0.,0.064,0.043,0.,0.043,0.121,0.,0.121,0.,0.,0.,0.063,0.,0.063,0.001,0.,0.001
96,0.192,0.,0.192,0.107,0.,0.107,0.066,0.,0.066,0.043,0.,0.043,0.123,0.,0.123,0.,0.,0.,0.062,0.,0.062,0.,0.,0.
97,0.204,0.003,0.2,0.111,0.,0.111,0.065,0.003,0.061,0.042,0.,0.042,0.126,0.,0.126,0.011,0.,0.011,0.067,0.,0.067,0.,0.,0.
98,0.205,0.,0.205,0.111,0.,0.111,0.062,0.,0.062,0.043,0.,0.043,0.141,0.,0.14,0.,0.,0.,0.066,0.,0.066,0.,0.,0.
99,0.187,0.,0.187,0.116,0.,0.116,0.062,0.,0.062,0.045,0.,0.045,0.123,0.,0.123,0.,0.,0.,0.069,0.,0.069,0.,0.,0.
100,0.2,0.,0.2,0.115,0.,0.115,0.07,0.,0.07,0.045,0.,0.045,0.128,0.,0.128,0.,0.,0.,0.069,0.,0.068,0.001,0.,0.001
110,0.233,0.,0.233,0.142,0.003,0.138,0.077,0.,0.077,0.057,0.003,0.053,0.153,0.,0.153,0.001,0.,0.001,0.083,0.,0.083,0.001,0.,0.001
120,0.282,0.,0.282,0.167,0.,0.167,0.096,0.,0.096,0.065,0.,0.065,0.183,0.,0.183,0.001,0.,0.001,0.099,0.,0.099,0.001,0.,0.001
130,0.336,0.007,0.328,0.194,0.,0.194,0.107,0.003,0.103,0.077,0.,0.077,0.226,0.003,0.222,0.001,0.,0.001,0.114,0.,0.114,0.001,0.,0.001
140,0.384,0.,0.384,0.229,0.,0.229,0.123,0.,0.123,0.092,0.,0.092,0.258,0.,0.258,0.001,0.,0.001,0.133,0.,0.133,0.001,0.,0.001
150,0.48,0.,0.48,0.285,0.007,0.278,0.157,0.,0.157,0.117,0.003,0.113,0.32,0.,0.32,0.001,0.,0.001,0.165,0.003,0.162,0.001,0.,0.001
160,0.512,0.,0.512,0.316,0.003,0.312,0.176,0.,0.176,0.126,0.,0.126,0.332,0.,0.332,0.001,0.,0.001,0.179,0.003,0.175,0.01,0.,0.01
170,0.61,0.,0.61,0.398,0.,0.398,0.203,0.,0.203,0.185,0.,0.185,0.403,0.,0.403,0.002,0.,0.002,0.209,0.,0.209,0.002,0.,0.002
180,0.658,0.,0.658,0.418,0.007,0.41,0.198,0.,0.198,0.172,0.,0.172,0.456,0.,0.456,0.002,0.,0.002,0.243,0.007,0.235,0.002,0.,0.002
190,0.731,0.003,0.727,0.436,0.,0.436,0.226,0.003,0.222,0.165,0.,0.165,0.501,0.,0.501,0.002,0.,0.002,0.267,0.,0.267,0.002,0.,0.002
200,0.808,0.003,0.804,0.517,0.004,0.513,0.24,0.,0.24,0.202,0.,0.202,0.564,0.003,0.56,0.002,0.,0.002,0.306,0.003,0.302,0.008,0.,0.008
210,0.916,0.007,0.908,0.533,0.,0.533,0.298,0.,0.298,0.205,0.,0.205,0.613,0.007,0.605,0.002,0.,0.002,0.324,0.,0.324,0.002,0.,0.002
220,1.036,0.,1.035,0.57,0.003,0.566,0.298,0.,0.298,0.217,0.003,0.213,0.733,0.,0.733,0.003,0.,0.003,0.349,0.,0.349,0.003,0.,0.003
230,1.059,0.,1.059,0.655,0.,0.655,0.33,0.,0.33,0.264,0.,0.264,0.724,0.,0.724,0.003,0.,0.003,0.386,0.,0.386,0.003,0.,0.003
240,1.192,0.,1.192,0.749,0.,0.749,0.391,0.,0.391,0.285,0.,0.285,0.795,0.,0.795,0.003,0.,0.003,0.459,0.,0.459,0.003,0.,0.003
250,1.242,0.,1.242,0.737,0.003,0.733,0.386,0.,0.386,0.276,0.,0.276,0.851,0.,0.851,0.003,0.,0.003,0.456,0.003,0.452,0.003,0.,0.003
260,1.408,0.,1.408,0.823,0.,0.823,0.414,0.,0.414,0.305,0.,0.305,0.989,0.,0.989,0.003,0.,0.003,0.512,0.,0.512,0.004,0.,0.004
270,1.481,0.,1.481,0.923,0.003,0.919,0.437,0.,0.437,0.331,0.,0.331,1.038,0.,1.038,0.004,0.,0.004,0.586,0.003,0.582,0.004,0.,0.004
280,1.677,0.,1.677,1.039,0.,1.039,0.52,0.,0.52,0.379,0.,0.379,1.15,0.,1.15,0.004,0.,0.004,0.654,0.,0.654,0.004,0.,0.004
290,1.763,0.015,1.747,1.024,0.,1.024,0.51,0.,0.51,0.382,0.,0.382,1.247,0.015,1.231,0.004,0.,0.004,0.636,0.,0.636,0.004,0.,0.004
300,1.943,0.008,1.935,1.091,0.,1.091,0.538,0.,0.538,0.403,0.,0.403,1.399,0.008,1.391,0.005,0.,0.005,0.682,0.,0.682,0.005,0.,0.005
310,2.101,0.,2.101,1.183,0.,1.182,0.632,0.,0.632,0.419,0.,0.419,1.463,0.,1.463,0.005,0.,0.005,0.756,0.,0.756,0.005,0.,0.005
320,2.146,0.,2.145,1.375,0.,1.374,0.623,0.,0.623,0.447,0.,0.447,1.516,0.,1.515,0.005,0.,0.005,0.92,0.,0.92,0.005,0.,0.005
330,2.408,0.,2.408,1.373,0.003,1.369,0.712,0.,0.712,0.487,0.,0.487,1.689,0.,1.689,0.005,0.,0.005,0.878,0.003,0.874,0.006,0.,0.006
340,2.469,0.003,2.465,1.666,0.,1.666,0.692,0.,0.692,0.555,0.,0.555,1.764,0.003,1.76,0.006,0.,0.006,1.104,0.,1.104,0.006,0.,0.006
350,2.711,0.003,2.707,1.589,0.003,1.585,0.733,0.,0.733,0.527,0.,0.527,1.971,0.003,1.967,0.006,0.,0.006,1.049,0.003,1.045,0.011,0.,0.011
360,2.912,0.003,2.908,1.661,0.,1.661,0.836,0.,0.836,0.569,0.,0.569,2.067,0.003,2.063,0.006,0.,0.006,1.083,0.,1.083,0.007,0.,0.007
370,3.031,0.02,3.011,1.837,0.,1.836,0.818,0.,0.818,0.656,0.,0.656,2.204,0.02,2.184,0.007,0.,0.007,1.171,0.,1.171,0.007,0.,0.007
380,3.463,0.,3.463,1.865,0.003,1.861,0.87,0.,0.87,0.631,0.003,0.627,2.573,0.,2.573,0.017,0.,0.017,1.225,0.,1.224,0.007,0.,0.007
390,3.345,0.,3.345,2.233,0.008,2.225,0.924,0.,0.924,0.721,0.,0.721,2.411,0.,2.411,0.007,0.,0.007,1.491,0.008,1.483,0.018,0.,0.018
400,3.818,0.02,3.797,2.077,0.003,2.073,1.019,0.,1.018,0.755,0.,0.755,2.785,0.019,2.765,0.012,0.,0.012,1.312,0.003,1.308,0.008,0.,0.008