param-n,fast-rewrite-regression-cubic-real,fast-rewrite-regression-cubic-sys,fast-rewrite-regression-cubic-user,pose-build-and-refine-regression-cubic-real,pose-build-and-refine-regression-cubic-sys,pose-build-and-refine-regression-cubic-user,refine-regression-quadratic-regression-linear-real,refine-regression-quadratic-regression-linear-sys,refine-regression-quadratic-regression-linear-user
1,0.,0.,0.,0.,0.,0.,0.,0.,0.
2,0.,0.,0.,0.,0.,0.,0.,0.,0.
3,0.,0.,0.,0.,0.,0.,0.,0.,0.
4,0.,0.,0.,0.,0.,0.,0.,0.,0.
5,0.,0.,0.,0.,0.,0.,0.,0.,0.
6,0.,0.,0.,0.,0.,0.,0.,0.,0.
7,0.,0.,0.,0.,0.,0.,0.,0.,0.
8,0.,0.,0.,0.,0.,0.,0.,0.,0.
9,0.,0.,0.,0.,0.,0.,0.,0.,0.
10,0.,0.,0.,0.,0.,0.,0.,0.,0.
11,0.,0.,0.,0.,0.,0.,0.,0.,0.
12,0.,0.,0.,0.,0.,0.,0.,0.,0.
13,0.001,0.,0.001,0.001,0.,0.001,0.,0.,0.
14,0.001,0.,0.001,0.001,0.,0.001,0.,0.,0.
15,0.001,0.,0.001,0.001,0.,0.001,0.,0.,0.
16,0.001,0.,0.001,0.001,0.,0.001,0.,0.,0.
17,0.001,0.,0.001,0.001,0.,0.001,0.,0.,0.
18,0.001,0.,0.001,0.001,0.,0.001,0.,0.,0.
19,0.001,0.,0.001,0.001,0.,0.001,0.,0.,0.
20,0.001,0.,0.001,0.001,0.,0.001,0.,0.,0.
21,0.001,0.,0.001,0.001,0.,0.001,0.,0.,0.
22,0.001,0.,0.001,0.001,0.,0.001,0.,0.,0.
23,0.001,0.,0.001,0.001,0.,0.001,0.,0.,0.
24,0.001,0.,0.001,0.001,0.,0.001,0.,0.,0.
25,0.002,0.,0.001,0.002,0.,0.001,0.,0.,0.
26,0.002,0.,0.002,0.002,0.,0.002,0.,0.,0.
27,0.002,0.,0.002,0.002,0.,0.002,0.,0.,0.
28,0.002,0.,0.002,0.002,0.,0.002,0.,0.,0.
29,0.002,0.,0.002,0.002,0.,0.002,0.,0.,0.
30,0.002,0.,0.002,0.002,0.,0.002,0.,0.,0.
31,0.002,0.,0.002,0.002,0.,0.002,0.,0.,0.
32,0.002,0.,0.002,0.002,0.,0.002,0.,0.,0.
33,0.002,0.,0.002,0.002,0.,0.002,0.,0.,0.
34,0.002,0.,0.002,0.002,0.,0.002,0.,0.,0.
35,0.002,0.,0.002,0.002,0.,0.002,0.,0.,0.
36,0.003,0.,0.003,0.002,0.,0.002,0.,0.,0.
37,0.003,0.,0.003,0.003,0.,0.003,0.,0.,0.
38,0.003,0.,0.003,0.003,0.,0.003,0.,0.,0.
39,0.003,0.,0.003,0.003,0.,0.003,0.,0.,0.
40,0.003,0.,0.003,0.003,0.,0.003,0.,0.,0.
41,0.003,0.,0.003,0.003,0.,0.003,0.,0.,0.
42,0.003,0.,0.003,0.003,0.,0.003,0.,0.,0.
43,0.003,0.,0.003,0.003,0.,0.003,0.,0.,0.
44,0.003,0.,0.003,0.003,0.,0.003,0.,0.,0.
45,0.003,0.,0.003,0.003,0.,0.003,0.,0.,0.
46,0.003,0.,0.003,0.003,0.,0.003,0.,0.,0.
47,0.004,0.,0.004,0.004,0.,0.004,0.,0.,0.
48,0.004,0.,0.004,0.004,0.,0.004,0.,0.,0.
49,0.005,0.,0.005,0.005,0.,0.005,0.,0.,0.
50,0.005,0.,0.004,0.005,0.,0.004,0.,0.,0.
51,0.004,0.,0.004,0.004,0.,0.004,0.,0.,0.
52,0.004,0.,0.004,0.004,0.,0.004,0.,0.,0.
53,0.004,0.,0.004,0.004,0.,0.004,0.,0.,0.
54,0.004,0.,0.004,0.004,0.,0.004,0.,0.,0.
55,0.004,0.,0.004,0.004,0.,0.004,0.,0.,0.
56,0.004,0.,0.004,0.004,0.,0.004,0.,0.,0.
57,0.004,0.,0.004,0.004,0.,0.004,0.,0.,0.
58,0.006,0.,0.006,0.006,0.,0.006,0.,0.,0.
59,0.005,0.,0.005,0.005,0.,0.005,0.,0.,0.
60,0.005,0.,0.005,0.005,0.,0.005,0.,0.,0.
61,0.005,0.,0.005,0.005,0.,0.005,0.,0.,0.
62,0.005,0.,0.005,0.005,0.,0.005,0.,0.,0.
63,0.005,0.,0.005,0.005,0.,0.005,0.,0.,0.
64,0.005,0.,0.005,0.005,0.,0.005,0.,0.,0.
65,0.007,0.,0.007,0.007,0.,0.007,0.,0.,0.
66,0.005,0.,0.005,0.005,0.,0.005,0.,0.,0.
67,0.005,0.,0.005,0.005,0.,0.005,0.,0.,0.
68,0.006,0.,0.006,0.006,0.,0.006,0.,0.,0.
69,0.006,0.,0.006,0.006,0.,0.006,0.,0.,0.
70,0.006,0.,0.006,0.006,0.,0.006,0.,0.,0.
71,0.009,0.,0.009,0.009,0.,0.009,0.,0.,0.
72,0.006,0.,0.006,0.006,0.,0.006,0.,0.,0.
73,0.006,0.,0.006,0.006,0.,0.006,0.,0.,0.
74,0.006,0.,0.006,0.006,0.,0.006,0.,0.,0.
75,0.006,0.,0.006,0.006,0.,0.006,0.,0.,0.
76,0.007,0.,0.007,0.007,0.,0.007,0.,0.,0.
77,0.008,0.,0.008,0.008,0.,0.008,0.,0.,0.
78,0.007,0.,0.007,0.007,0.,0.007,0.,0.,0.
79,0.007,0.,0.007,0.007,0.,0.007,0.,0.,0.
80,0.007,0.,0.007,0.007,0.,0.007,0.,0.,0.
81,0.007,0.,0.007,0.007,0.,0.007,0.,0.,0.
82,0.012,0.,0.012,0.012,0.,0.012,0.004,0.,0.004
83,0.007,0.,0.007,0.007,0.,0.007,0.,0.,0.
84,0.007,0.,0.007,0.007,0.,0.007,0.,0.,0.
85,0.008,0.,0.008,0.008,0.,0.008,0.,0.,0.
86,0.008,0.,0.008,0.008,0.,0.008,0.,0.,0.
87,0.01,0.,0.01,0.01,0.,0.01,0.002,0.,0.002
88,0.008,0.,0.008,0.008,0.,0.008,0.,0.,0.
89,0.008,0.,0.008,0.008,0.,0.008,0.,0.,0.
90,0.008,0.,0.008,0.008,0.,0.008,0.,0.,0.
91,0.008,0.,0.008,0.008,0.,0.008,0.,0.,0.
92,0.013,0.,0.013,0.013,0.,0.013,0.,0.,0.
93,0.008,0.,0.008,0.008,0.,0.008,0.,0.,0.
94,0.009,0.,0.009,0.008,0.,0.008,0.,0.,0.
95,0.009,0.,0.009,0.009,0.,0.009,0.,0.,0.
96,0.009,0.,0.009,0.009,0.,0.009,0.,0.,0.
97,0.009,0.,0.009,0.009,0.,0.009,0.,0.,0.
98,0.009,0.,0.009,0.009,0.,0.009,0.,0.,0.
99,0.009,0.,0.009,0.009,0.,0.009,0.,0.,0.
100,0.012,0.004,0.008,0.012,0.004,0.008,0.,0.,0.
110,0.011,0.,0.011,0.011,0.,0.011,0.,0.,0.
120,0.012,0.,0.012,0.012,0.,0.012,0.,0.,0.
130,0.013,0.,0.013,0.013,0.,0.013,0.,0.,0.
140,0.015,0.,0.015,0.015,0.,0.015,0.001,0.,0.001
150,0.055,0.,0.055,0.055,0.,0.055,0.001,0.,0.001
160,0.019,0.,0.019,0.019,0.,0.019,0.001,0.,0.001
170,0.02,0.,0.02,0.02,0.,0.02,0.001,0.,0.001
180,0.023,0.,0.023,0.023,0.,0.023,0.001,0.,0.001
190,0.023,0.,0.023,0.023,0.,0.023,0.001,0.,0.001
200,0.025,0.,0.025,0.025,0.,0.025,0.001,0.,0.001
210,0.029,0.,0.029,0.029,0.,0.029,0.001,0.,0.001
220,0.034,0.,0.034,0.034,0.,0.034,0.001,0.,0.001
230,0.031,0.,0.031,0.031,0.,0.031,0.001,0.,0.001
240,0.036,0.,0.036,0.036,0.,0.036,0.001,0.,0.001
250,0.038,0.,0.038,0.038,0.,0.038,0.001,0.,0.001
260,0.046,0.,0.046,0.046,0.,0.046,0.002,0.,0.002
270,0.051,0.,0.051,0.051,0.,0.051,0.011,0.,0.011
280,0.042,0.,0.042,0.042,0.,0.042,0.002,0.,0.002
290,0.067,0.,0.067,0.067,0.,0.067,0.002,0.,0.002
300,0.051,0.,0.051,0.051,0.,0.051,0.002,0.,0.002
310,0.053,0.,0.053,0.053,0.,0.053,0.002,0.,0.002
320,0.058,0.,0.058,0.058,0.,0.058,0.002,0.,0.002
330,0.057,0.,0.057,0.057,0.,0.057,0.002,0.,0.002
340,0.069,0.,0.069,0.069,0.,0.069,0.002,0.,0.002
350,0.067,0.,0.067,0.067,0.,0.067,0.002,0.,0.002
360,0.09,0.,0.09,0.09,0.,0.09,0.002,0.,0.002
370,0.076,0.,0.076,0.076,0.,0.076,0.002,0.,0.002
380,0.069,0.,0.069,0.069,0.,0.069,0.003,0.,0.003
390,0.072,0.,0.072,0.072,0.,0.072,0.003,0.,0.003
400,0.109,0.,0.109,0.109,0.,0.109,0.003,0.,0.003
410,0.087,0.003,0.083,0.086,0.003,0.083,0.003,0.,0.002
420,0.099,0.003,0.095,0.099,0.003,0.095,0.002,0.,0.002
430,0.092,0.,0.092,0.092,0.,0.092,0.003,0.,0.003
440,0.088,0.,0.088,0.088,0.,0.088,0.003,0.,0.003
450,0.097,0.,0.097,0.097,0.,0.097,0.003,0.,0.003
460,0.108,0.,0.108,0.108,0.,0.108,0.006,0.,0.006
470,0.112,0.,0.112,0.112,0.,0.112,0.003,0.,0.003
480,0.108,0.,0.108,0.108,0.,0.108,0.003,0.,0.003
490,0.114,0.,0.114,0.114,0.,0.114,0.003,0.,0.003
500,0.12,0.,0.12,0.12,0.,0.12,0.003,0.,0.003
510,0.124,0.,0.124,0.124,0.,0.124,0.004,0.,0.004
520,0.126,0.,0.126,0.126,0.,0.126,0.004,0.,0.004
530,0.149,0.007,0.141,0.149,0.007,0.141,0.027,0.007,0.019
540,0.218,0.003,0.214,0.218,0.003,0.214,0.003,0.,0.003
550,0.159,0.007,0.151,0.159,0.007,0.151,0.004,0.,0.004
560,0.158,0.,0.158,0.158,0.,0.158,0.011,0.,0.011
570,0.158,0.,0.158,0.158,0.,0.158,0.004,0.,0.004
580,0.174,0.015,0.158,0.174,0.015,0.158,0.004,0.,0.004
590,0.185,0.004,0.181,0.185,0.004,0.181,0.004,0.,0.004
600,0.194,0.,0.194,0.194,0.,0.194,0.004,0.,0.004
610,0.257,0.,0.257,0.257,0.,0.257,0.004,0.,0.004
620,0.176,0.,0.176,0.176,0.,0.176,0.004,0.,0.004
630,0.276,0.,0.276,0.276,0.,0.276,0.004,0.,0.004
640,0.226,0.003,0.222,0.226,0.003,0.222,0.004,0.,0.004
650,0.207,0.,0.207,0.207,0.,0.207,0.004,0.,0.004
660,0.224,0.,0.224,0.224,0.,0.224,0.004,0.,0.004
670,0.298,0.,0.298,0.298,0.,0.298,0.005,0.,0.005
680,0.226,0.,0.226,0.226,0.,0.226,0.005,0.,0.005
690,0.231,0.,0.231,0.231,0.,0.231,0.005,0.,0.005
700,0.257,0.,0.257,0.257,0.,0.257,0.005,0.,0.005
710,0.255,0.,0.255,0.255,0.,0.255,0.022,0.,0.022
720,0.281,0.,0.281,0.281,0.,0.281,0.005,0.,0.005
730,0.315,0.,0.315,0.315,0.,0.315,0.005,0.,0.005
740,0.257,0.,0.257,0.257,0.,0.257,0.005,0.,0.005
750,0.28,0.,0.279,0.279,0.,0.279,0.006,0.,0.006
760,0.304,0.,0.304,0.303,0.,0.303,0.005,0.,0.005
770,0.509,0.,0.509,0.509,0.,0.509,0.005,0.,0.005
780,0.292,0.,0.292,0.292,0.,0.292,0.005,0.,0.005
790,0.287,0.,0.287,0.287,0.,0.287,0.005,0.,0.005
800,0.295,0.,0.295,0.295,0.,0.295,0.006,0.,0.006
810,0.315,0.,0.315,0.315,0.,0.315,0.024,0.,0.024
820,0.41,0.,0.41,0.41,0.,0.41,0.005,0.,0.005
830,0.319,0.,0.319,0.319,0.,0.319,0.007,0.,0.007
840,0.357,0.,0.357,0.357,0.,0.357,0.006,0.,0.006
850,0.402,0.,0.402,0.402,0.,0.402,0.006,0.,0.006
860,0.416,0.,0.416,0.416,0.,0.416,0.006,0.,0.006
870,0.373,0.,0.373,0.373,0.,0.373,0.006,0.,0.006
880,0.38,0.,0.38,0.38,0.,0.38,0.006,0.,0.006
890,0.478,0.,0.478,0.478,0.,0.478,0.006,0.,0.006
900,0.382,0.,0.382,0.382,0.,0.382,0.006,0.,0.006
910,0.414,0.003,0.41,0.414,0.003,0.41,0.006,0.,0.006
920,0.583,0.,0.583,0.583,0.,0.583,0.006,0.,0.006
930,0.43,0.,0.43,0.43,0.,0.43,0.006,0.,0.006
940,0.402,0.,0.402,0.402,0.,0.402,0.006,0.,0.006
950,0.434,0.,0.434,0.434,0.,0.434,0.007,0.,0.007
960,0.547,0.,0.547,0.547,0.,0.547,0.006,0.,0.006
970,0.453,0.,0.453,0.453,0.,0.452,0.007,0.,0.007
980,0.467,0.,0.467,0.467,0.,0.467,0.007,0.,0.007
990,0.593,0.,0.593,0.593,0.,0.593,0.007,0.,0.007
1000,0.49,0.,0.49,0.49,0.,0.49,0.007,0.,0.007
1100,0.63,0.,0.63,0.63,0.,0.63,0.007,0.,0.007
1200,0.748,0.003,0.744,0.748,0.003,0.743,0.008,0.,0.008
1300,1.091,0.007,1.083,1.091,0.007,1.083,0.01,0.,0.01
1400,0.934,0.,0.934,0.934,0.,0.934,0.028,0.,0.028
1500,1.137,0.,1.137,1.137,0.,1.137,0.01,0.,0.01
1600,1.322,0.,1.322,1.322,0.,1.322,0.028,0.,0.028
1700,1.445,0.,1.444,1.445,0.,1.444,0.03,0.,0.03
1800,1.663,0.015,1.647,1.663,0.015,1.647,0.035,0.003,0.031
1900,1.791,0.003,1.787,1.791,0.003,1.787,0.014,0.,0.014
2000,2.224,0.,2.224,2.224,0.,2.224,0.015,0.,0.015
3000,4.58,0.,4.579,4.58,0.,4.579,0.024,0.,0.024
4000,8.813,0.035,8.777,8.813,0.035,8.777,0.044,0.,0.044
5000,13.515,0.076,13.439,13.515,0.076,13.439,0.081,0.,0.081