param-n,autorewrite-noop-regression-quadratic-real,autorewrite-noop-regression-quadratic-sys,autorewrite-noop-regression-quadratic-user,try-rewrite!-evar-noop-regression-quadratic-real,try-rewrite!-evar-noop-regression-quadratic-sys,try-rewrite!-evar-noop-regression-quadratic-user,try-rewrite!-noop-regression-quadratic-real,try-rewrite!-noop-regression-quadratic-sys,try-rewrite!-noop-regression-quadratic-user,try-rewrite-evar-noop-regression-quadratic-real,try-rewrite-evar-noop-regression-quadratic-sys,try-rewrite-evar-noop-regression-quadratic-user,try-rewrite-noop-regression-quadratic-real,try-rewrite-noop-regression-quadratic-sys,try-rewrite-noop-regression-quadratic-user,try-rewrite?-evar-noop-regression-quadratic-real,try-rewrite?-evar-noop-regression-quadratic-sys,try-rewrite?-evar-noop-regression-quadratic-user,try-rewrite?-noop-regression-quadratic-real,try-rewrite?-noop-regression-quadratic-sys,try-rewrite?-noop-regression-quadratic-user,try-ssr-rewrite!-evar-noop-regression-linear-real,try-ssr-rewrite!-evar-noop-regression-linear-sys,try-ssr-rewrite!-evar-noop-regression-linear-user,try-ssr-rewrite!-noop-regression-linear-real,try-ssr-rewrite!-noop-regression-linear-sys,try-ssr-rewrite!-noop-regression-linear-user,try-ssr-rewrite-evar-noop-regression-linear-real,try-ssr-rewrite-evar-noop-regression-linear-sys,try-ssr-rewrite-evar-noop-regression-linear-user,try-ssr-rewrite-noop-regression-linear-real,try-ssr-rewrite-noop-regression-linear-sys,try-ssr-rewrite-noop-regression-linear-user,try-ssr-rewrite?-evar-noop-regression-linear-real,try-ssr-rewrite?-evar-noop-regression-linear-sys,try-ssr-rewrite?-evar-noop-regression-linear-user,try-ssr-rewrite?-noop-regression-linear-real,try-ssr-rewrite?-noop-regression-linear-sys,try-ssr-rewrite?-noop-regression-linear-user
1,0.,0.,0.,0.,0.,0.,0.,0.,0.,0.,0.,0.,0.,0.,0.,0.,0.,0.,0.,0.,0.,0.,0.,0.,0.,0.,0.,0.,0.,0.,0.,0.,0.,0.,0.,0.,0.,0.,0.
2,0.,0.,0.,0.,0.,0.,0.,0.,0.,0.,0.,0.,0.,0.,0.,0.,0.,0.,0.,0.,0.,0.,0.,0.,0.,0.,0.,0.,0.,0.,0.,0.,0.,0.,0.,0.,0.,0.,0.
3,0.,0.,0.,0.,0.,0.,0.,0.,0.,0.,0.,0.,0.,0.,0.,0.,0.,0.,0.,0.,0.,0.,0.,0.,0.,0.,0.,0.,0.,0.,0.,0.,0.,0.,0.,0.,0.,0.,0.
4,0.,0.,0.,0.,0.,0.,0.,0.,0.,0.,0.,0.,0.,0.,0.,0.,0.,0.,0.,0.,0.,0.,0.,0.,0.,0.,0.,0.,0.,0.,0.,0.,0.,0.,0.,0.,0.,0.,0.
8,0.,0.,0.,0.,0.,0.,0.,0.,0.,0.,0.,0.,0.,0.,0.,0.,0.,0.,0.,0.,0.,0.,0.,0.,0.,0.,0.,0.,0.,0.,0.,0.,0.,0.,0.,0.,0.,0.,0.
12,0.,0.,0.,0.,0.,0.,0.,0.,0.,0.,0.,0.,0.,0.,0.,0.,0.,0.,0.,0.,0.,0.,0.,0.,0.,0.,0.,0.,0.,0.,0.,0.,0.,0.,0.,0.,0.,0.,0.
16,0.,0.,0.,0.,0.,0.,0.,0.,0.,0.,0.,0.,0.,0.,0.,0.,0.,0.,0.,0.,0.,0.,0.,0.,0.,0.,0.,0.,0.,0.,0.,0.,0.,0.,0.,0.,0.,0.,0.
20,0.,0.,0.,0.,0.,0.,0.,0.,0.,0.,0.,0.,0.,0.,0.,0.,0.,0.,0.,0.,0.,0.,0.,0.,0.,0.,0.,0.,0.,0.,0.,0.,0.,0.,0.,0.,0.,0.,0.
24,0.,0.,0.,0.,0.,0.,0.,0.,0.,0.,0.,0.,0.,0.,0.,0.,0.,0.,0.,0.,0.,0.,0.,0.,0.,0.,0.,0.,0.,0.,0.,0.,0.,0.,0.,0.,0.,0.,0.
28,0.,0.,0.,0.,0.,0.,0.,0.,0.,0.,0.,0.,0.,0.,0.,0.,0.,0.,0.,0.,0.,0.,0.,0.,0.,0.,0.,0.,0.,0.,0.,0.,0.,0.,0.,0.,0.,0.,0.
32,0.,0.,0.,0.,0.,0.,0.,0.,0.,0.,0.,0.,0.,0.,0.,0.,0.,0.,0.,0.,0.,0.,0.,0.,0.,0.,0.,0.,0.,0.,0.,0.,0.,0.,0.,0.,0.,0.,0.
36,0.,0.,0.,0.,0.,0.,0.,0.,0.,0.,0.,0.,0.,0.,0.,0.,0.,0.,0.,0.,0.,0.,0.,0.,0.,0.,0.,0.,0.,0.,0.,0.,0.,0.,0.,0.,0.,0.,0.
40,0.,0.,0.,0.,0.,0.,0.,0.,0.,0.07,0.003,0.066,0.,0.,0.,0.,0.,0.,0.,0.,0.,0.,0.,0.,0.,0.,0.,0.,0.,0.,0.,0.,0.,0.,0.,0.,0.,0.,0.
44,0.,0.,0.,0.,0.,0.,0.,0.,0.,0.,0.,0.,0.,0.,0.,0.,0.,0.,0.,0.,0.,0.,0.,0.,0.,0.,0.,0.,0.,0.,0.,0.,0.,0.,0.,0.,0.,0.,0.
48,0.,0.,0.,0.,0.,0.,0.,0.,0.,0.,0.,0.,0.,0.,0.,0.,0.,0.,0.,0.,0.,0.,0.,0.,0.,0.,0.,0.,0.,0.,0.,0.,0.,0.,0.,0.,0.,0.,0.
50,0.,0.,0.,0.001,0.,0.001,0.001,0.,0.,0.001,0.,0.001,0.001,0.,0.001,0.001,0.,0.001,0.001,0.,0.001,0.,0.,0.,0.,0.,0.,0.,0.,0.,0.,0.,0.,0.,0.,0.,0.,0.,0.
52,0.,0.,0.,0.,0.,0.,0.,0.,0.,0.,0.,0.,0.,0.,0.,0.,0.,0.,0.,0.,0.,0.,0.,0.,0.,0.,0.,0.,0.,0.,0.,0.,0.,0.,0.,0.,0.,0.,0.
56,0.,0.,0.,0.001,0.,0.001,0.,0.,0.,0.001,0.,0.001,0.,0.,0.,0.001,0.,0.001,0.,0.,0.,0.,0.,0.,0.,0.,0.,0.,0.,0.,0.,0.,0.,0.,0.,0.,0.,0.,0.
60,0.,0.,0.,0.001,0.,0.001,0.,0.,0.,0.001,0.,0.001,0.,0.,0.,0.001,0.,0.001,0.,0.,0.,0.,0.,0.,0.,0.,0.,0.,0.,0.,0.,0.,0.,0.,0.,0.,0.,0.,0.
64,0.,0.,0.,0.001,0.,0.001,0.,0.,0.,0.001,0.,0.001,0.,0.,0.,0.001,0.,0.001,0.,0.,0.,0.,0.,0.,0.,0.,0.,0.,0.,0.,0.,0.,0.,0.,0.,0.,0.,0.,0.
68,0.,0.,0.,0.001,0.,0.001,0.,0.,0.,0.001,0.,0.001,0.,0.,0.,0.001,0.,0.001,0.,0.,0.,0.,0.,0.,0.,0.,0.,0.,0.,0.,0.,0.,0.,0.,0.,0.,0.,0.,0.
72,0.,0.,0.,0.001,0.,0.001,0.,0.,0.,0.001,0.,0.001,0.,0.,0.,0.055,0.,0.055,0.,0.,0.,0.,0.,0.,0.,0.,0.,0.,0.,0.,0.,0.,0.,0.,0.,0.,0.,0.,0.
76,0.,0.,0.,0.001,0.,0.001,0.,0.,0.,0.001,0.,0.001,0.,0.,0.,0.001,0.,0.001,0.,0.,0.,0.,0.,0.,0.,0.,0.,0.,0.,0.,0.,0.,0.,0.,0.,0.,0.,0.,0.
80,0.,0.,0.,0.001,0.,0.001,0.,0.,0.,0.001,0.,0.001,0.,0.,0.,0.001,0.,0.001,0.001,0.,0.001,0.,0.,0.,0.,0.,0.,0.,0.,0.,0.,0.,0.,0.,0.,0.,0.,0.,0.
84,0.001,0.,0.001,0.001,0.,0.001,0.001,0.,0.001,0.001,0.,0.001,0.001,0.,0.001,0.001,0.001,0.,0.001,0.,0.001,0.,0.,0.,0.,0.,0.,0.,0.,0.,0.,0.,0.,0.,0.,0.,0.,0.,0.
88,0.001,0.,0.,0.001,0.,0.001,0.001,0.,0.001,0.001,0.,0.001,0.001,0.,0.001,0.001,0.,0.001,0.001,0.,0.001,0.,0.,0.,0.,0.,0.,0.,0.,0.,0.,0.,0.,0.,0.,0.,0.,0.,0.
92,0.001,0.,0.001,0.001,0.,0.001,0.001,0.,0.001,0.001,0.,0.001,0.001,0.,0.001,0.001,0.,0.001,0.001,0.,0.001,0.,0.,0.,0.,0.,0.,0.,0.,0.,0.,0.,0.,0.,0.,0.,0.,0.,0.
96,0.001,0.,0.001,0.001,0.,0.001,0.002,0.,0.002,0.001,0.,0.001,0.001,0.,0.001,0.001,0.,0.001,0.001,0.,0.001,0.,0.,0.,0.,0.,0.,0.,0.,0.,0.,0.,0.,0.,0.,0.,0.,0.,0.
100,0.002,0.,0.002,0.003,0.,0.003,0.001,0.,0.001,0.003,0.,0.002,0.002,0.,0.002,0.002,0.002,0.,0.001,0.,0.001,0.,0.,0.,0.,0.,0.,0.,0.,0.,0.,0.,0.,0.,0.,0.,0.,0.,0.
104,0.001,0.,0.001,0.002,0.,0.002,0.001,0.,0.001,0.002,0.,0.002,0.001,0.,0.001,0.002,0.,0.002,0.001,0.,0.001,0.,0.,0.,0.,0.,0.,0.,0.,0.,0.,0.,0.,0.,0.,0.,0.,0.,0.
108,0.001,0.,0.001,0.002,0.,0.002,0.001,0.,0.001,0.002,0.,0.002,0.001,0.,0.001,0.002,0.,0.002,0.001,0.,0.001,0.,0.,0.,0.,0.,0.,0.,0.,0.,0.,0.,0.,0.,0.,0.,0.,0.,0.
112,0.001,0.,0.001,0.002,0.,0.002,0.001,0.,0.001,0.002,0.,0.002,0.001,0.,0.001,0.002,0.,0.002,0.001,0.,0.001,0.,0.,0.,0.,0.,0.,0.,0.,0.,0.,0.,0.,0.,0.,0.,0.,0.,0.
116,0.001,0.,0.001,0.002,0.,0.002,0.001,0.,0.001,0.002,0.,0.002,0.001,0.,0.001,0.002,0.,0.002,0.002,0.,0.002,0.,0.,0.,0.,0.,0.,0.,0.,0.,0.,0.,0.,0.,0.,0.,0.,0.,0.
120,0.001,0.,0.001,0.002,0.,0.002,0.001,0.,0.001,0.002,0.,0.002,0.001,0.,0.001,0.002,0.,0.002,0.001,0.,0.001,0.,0.,0.,0.,0.,0.,0.,0.,0.,0.,0.,0.,0.,0.,0.,0.,0.,0.
124,0.001,0.,0.001,0.002,0.,0.002,0.001,0.001,0.,0.002,0.,0.002,0.001,0.001,0.,0.002,0.,0.002,0.001,0.,0.001,0.,0.,0.,0.,0.,0.,0.,0.,0.,0.,0.,0.,0.,0.,0.,0.,0.,0.
128,0.001,0.,0.001,0.002,0.,0.002,0.001,0.,0.001,0.002,0.,0.002,0.001,0.,0.001,0.002,0.,0.002,0.001,0.,0.001,0.,0.,0.,0.,0.,0.,0.,0.,0.,0.,0.,0.,0.,0.,0.,0.,0.,0.
132,0.002,0.,0.002,0.002,0.,0.002,0.001,0.,0.001,0.002,0.,0.002,0.001,0.,0.001,0.002,0.,0.002,0.001,0.,0.001,0.,0.,0.,0.,0.,0.,0.,0.,0.,0.,0.,0.,0.,0.,0.,0.,0.,0.
136,0.001,0.,0.001,0.003,0.,0.003,0.001,0.,0.001,0.003,0.,0.003,0.001,0.,0.001,0.003,0.,0.003,0.001,0.,0.001,0.,0.,0.,0.,0.,0.,0.,0.,0.,0.,0.,0.,0.,0.,0.,0.,0.,0.
140,0.001,0.,0.001,0.003,0.,0.003,0.001,0.,0.001,0.003,0.,0.003,0.001,0.,0.001,0.003,0.,0.003,0.001,0.,0.001,0.,0.,0.,0.,0.,0.,0.,0.,0.,0.,0.,0.,0.,0.,0.,0.,0.,0.
144,0.001,0.,0.001,0.003,0.,0.003,0.002,0.,0.002,0.003,0.,0.003,0.001,0.,0.001,0.003,0.,0.003,0.001,0.,0.001,0.,0.,0.,0.,0.,0.,0.,0.,0.,0.,0.,0.,0.,0.,0.,0.,0.,0.
148,0.002,0.,0.002,0.003,0.,0.003,0.002,0.,0.002,0.003,0.,0.003,0.002,0.,0.002,0.003,0.,0.003,0.002,0.,0.002,0.,0.,0.,0.,0.,0.,0.,0.,0.,0.,0.,0.,0.,0.,0.,0.,0.,0.
150,0.003,0.,0.002,0.003,0.,0.003,0.05,0.003,0.046,0.003,0.,0.003,0.002,0.,0.002,0.003,0.,0.003,0.002,0.,0.002,0.,0.,0.,0.,0.,0.,0.,0.,0.,0.,0.,0.,0.,0.,0.,0.,0.,0.
152,0.002,0.,0.002,0.003,0.,0.003,0.002,0.,0.002,0.003,0.,0.003,0.002,0.,0.002,0.003,0.,0.003,0.002,0.,0.002,0.,0.,0.,0.,0.,0.,0.,0.,0.,0.,0.,0.,0.,0.,0.,0.,0.,0.
156,0.002,0.,0.002,0.003,0.,0.003,0.002,0.,0.002,0.003,0.,0.003,0.002,0.,0.002,0.003,0.,0.003,0.002,0.,0.002,0.,0.,0.,0.,0.,0.,0.,0.,0.,0.,0.,0.,0.,0.,0.,0.,0.,0.
160,0.002,0.,0.002,0.003,0.,0.003,0.002,0.,0.002,0.003,0.,0.003,0.002,0.,0.002,0.003,0.,0.003,0.002,0.,0.002,0.,0.,0.,0.,0.,0.,0.,0.,0.,0.,0.,0.,0.,0.,0.,0.,0.,0.
164,0.002,0.,0.002,0.003,0.,0.003,0.002,0.,0.002,0.004,0.,0.004,0.002,0.,0.002,0.003,0.003,0.,0.002,0.,0.002,0.,0.,0.,0.,0.,0.,0.,0.,0.,0.,0.,0.,0.,0.,0.,0.,0.,0.
168,0.002,0.,0.002,0.004,0.,0.004,0.002,0.,0.002,0.003,0.,0.003,0.002,0.,0.002,0.004,0.,0.004,0.002,0.,0.002,0.,0.,0.,0.,0.,0.,0.,0.,0.,0.,0.,0.,0.,0.,0.,0.,0.,0.
172,0.002,0.,0.002,0.004,0.,0.004,0.002,0.,0.002,0.004,0.,0.004,0.002,0.,0.002,0.004,0.,0.004,0.002,0.,0.002,0.,0.,0.,0.,0.,0.,0.,0.,0.,0.,0.,0.,0.,0.,0.,0.,0.,0.
176,0.003,0.,0.003,0.004,0.,0.004,0.002,0.,0.002,0.004,0.,0.004,0.002,0.,0.002,0.004,0.,0.004,0.002,0.,0.002,0.,0.,0.,0.,0.,0.,0.,0.,0.,0.,0.,0.,0.,0.,0.,0.,0.,0.
180,0.002,0.,0.002,0.004,0.,0.004,0.002,0.,0.002,0.004,0.,0.004,0.002,0.,0.002,0.004,0.,0.004,0.002,0.,0.002,0.,0.,0.,0.,0.,0.,0.,0.,0.,0.,0.,0.,0.,0.,0.,0.,0.,0.
184,0.002,0.,0.002,0.004,0.,0.004,0.002,0.,0.002,0.004,0.,0.004,0.002,0.,0.002,0.004,0.,0.004,0.003,0.,0.003,0.,0.,0.,0.,0.,0.,0.,0.,0.,0.,0.,0.,0.,0.,0.,0.,0.,0.
188,0.002,0.,0.002,0.004,0.,0.004,0.002,0.,0.002,0.004,0.,0.004,0.002,0.,0.002,0.004,0.,0.004,0.002,0.,0.002,0.,0.,0.,0.,0.,0.,0.,0.,0.,0.,0.,0.,0.,0.,0.,0.,0.,0.
192,0.002,0.,0.002,0.005,0.,0.005,0.002,0.,0.002,0.004,0.,0.004,0.002,0.,0.002,0.004,0.,0.004,0.002,0.,0.002,0.,0.,0.,0.,0.,0.,0.,0.,0.,0.,0.,0.,0.,0.,0.,0.,0.,0.
196,0.002,0.,0.002,0.005,0.,0.005,0.002,0.,0.002,0.004,0.,0.004,0.002,0.,0.002,0.005,0.,0.005,0.002,0.,0.002,0.,0.,0.,0.,0.,0.,0.,0.,0.,0.,0.,0.,0.,0.,0.,0.,0.,0.
200,0.003,0.,0.003,0.005,0.,0.005,0.003,0.,0.003,0.005,0.,0.005,0.003,0.,0.003,0.005,0.,0.005,0.003,0.,0.002,0.,0.,0.,0.,0.,0.,0.,0.,0.,0.,0.,0.,0.,0.,0.,0.,0.,0.
204,0.003,0.,0.003,0.005,0.,0.005,0.003,0.,0.003,0.005,0.,0.005,0.003,0.,0.003,0.005,0.,0.005,0.003,0.,0.003,0.,0.,0.,0.,0.,0.,0.,0.,0.,0.,0.,0.,0.,0.,0.,0.,0.,0.
208,0.003,0.,0.003,0.005,0.,0.005,0.003,0.,0.003,0.005,0.,0.005,0.003,0.,0.003,0.005,0.,0.005,0.003,0.,0.003,0.,0.,0.,0.,0.,0.,0.,0.,0.,0.,0.,0.,0.,0.,0.,0.,0.,0.
212,0.003,0.,0.003,0.005,0.,0.005,0.003,0.,0.003,0.005,0.,0.005,0.003,0.,0.003,0.005,0.,0.005,0.004,0.,0.004,0.,0.,0.,0.,0.,0.,0.,0.,0.,0.,0.,0.,0.,0.,0.,0.,0.,0.
216,0.003,0.,0.003,0.005,0.,0.005,0.003,0.,0.003,0.005,0.,0.005,0.003,0.,0.003,0.005,0.,0.005,0.003,0.,0.003,0.,0.,0.,0.,0.,0.,0.,0.,0.,0.,0.,0.,0.,0.,0.,0.,0.,0.
220,0.003,0.,0.003,0.005,0.,0.005,0.004,0.,0.004,0.005,0.,0.005,0.003,0.,0.003,0.005,0.,0.005,0.003,0.,0.003,0.,0.,0.,0.,0.,0.,0.,0.,0.,0.,0.,0.,0.,0.,0.,0.,0.,0.
224,0.003,0.,0.003,0.006,0.,0.006,0.003,0.,0.003,0.006,0.,0.006,0.003,0.,0.003,0.006,0.,0.006,0.003,0.,0.003,0.,0.,0.,0.,0.,0.,0.,0.,0.,0.,0.,0.,0.,0.,0.,0.,0.,0.
228,0.003,0.,0.003,0.006,0.,0.006,0.003,0.,0.003,0.006,0.,0.006,0.003,0.,0.003,0.006,0.,0.006,0.003,0.,0.003,0.,0.,0.,0.,0.,0.,0.,0.,0.,0.,0.,0.,0.,0.,0.,0.,0.,0.
232,0.003,0.,0.003,0.006,0.,0.006,0.003,0.,0.003,0.006,0.,0.006,0.003,0.,0.003,0.006,0.,0.006,0.003,0.,0.003,0.,0.,0.,0.,0.,0.,0.,0.,0.,0.,0.,0.,0.,0.,0.,0.,0.,0.
236,0.003,0.,0.003,0.006,0.,0.006,0.003,0.,0.003,0.006,0.,0.006,0.003,0.,0.003,0.006,0.,0.006,0.003,0.,0.003,0.,0.,0.,0.,0.,0.,0.,0.,0.,0.,0.,0.,0.,0.,0.,0.,0.,0.
240,0.003,0.,0.003,0.006,0.,0.006,0.004,0.,0.004,0.006,0.,0.006,0.003,0.,0.003,0.006,0.,0.006,0.003,0.,0.003,0.,0.,0.,0.,0.,0.,0.,0.,0.,0.,0.,0.,0.,0.,0.,0.,0.,0.
244,0.004,0.,0.004,0.006,0.,0.006,0.004,0.,0.004,0.007,0.,0.007,0.004,0.,0.004,0.006,0.,0.006,0.004,0.,0.004,0.,0.,0.,0.,0.,0.,0.,0.,0.,0.,0.,0.,0.,0.,0.,0.,0.,0.
248,0.004,0.,0.004,0.007,0.,0.007,0.004,0.,0.004,0.007,0.,0.007,0.004,0.,0.004,0.007,0.,0.007,0.004,0.,0.004,0.,0.,0.,0.,0.,0.,0.,0.,0.,0.,0.,0.,0.,0.,0.,0.,0.,0.
250,0.004,0.,0.004,0.007,0.,0.007,0.004,0.,0.004,0.007,0.,0.007,0.006,0.,0.006,0.007,0.,0.007,0.004,0.,0.004,0.,0.,0.,0.,0.,0.,0.,0.,0.,0.,0.,0.,0.,0.,0.,0.,0.,0.
252,0.004,0.,0.004,0.007,0.,0.007,0.004,0.,0.004,0.007,0.,0.007,0.004,0.,0.004,0.007,0.,0.007,0.004,0.,0.004,0.,0.,0.,0.,0.,0.,0.,0.,0.,0.,0.,0.,0.,0.,0.,0.,0.,0.
256,0.004,0.,0.004,0.007,0.,0.007,0.004,0.,0.004,0.007,0.,0.007,0.004,0.,0.004,0.007,0.,0.007,0.004,0.,0.004,0.,0.,0.,0.,0.,0.,0.,0.,0.,0.,0.,0.,0.,0.,0.,0.,0.,0.
260,0.004,0.,0.004,0.007,0.,0.007,0.004,0.,0.004,0.007,0.,0.007,0.004,0.,0.004,0.007,0.,0.007,0.004,0.,0.004,0.,0.,0.,0.,0.,0.,0.,0.,0.,0.,0.,0.,0.,0.,0.,0.,0.,0.
264,0.004,0.,0.004,0.007,0.,0.007,0.004,0.,0.004,0.007,0.,0.007,0.004,0.,0.004,0.007,0.,0.007,0.004,0.,0.004,0.,0.,0.,0.,0.,0.,0.,0.,0.,0.,0.,0.,0.,0.,0.,0.,0.,0.
268,0.004,0.,0.004,0.007,0.,0.007,0.004,0.,0.004,0.007,0.,0.007,0.005,0.,0.005,0.007,0.,0.007,0.004,0.,0.004,0.,0.,0.,0.,0.,0.,0.,0.,0.,0.,0.,0.,0.,0.,0.,0.,0.,0.
272,0.004,0.,0.004,0.008,0.,0.008,0.004,0.,0.004,0.008,0.,0.008,0.004,0.,0.004,0.008,0.,0.008,0.004,0.,0.004,0.,0.,0.,0.,0.,0.,0.,0.,0.,0.,0.,0.,0.,0.,0.,0.,0.,0.
276,0.004,0.,0.004,0.008,0.,0.008,0.004,0.,0.004,0.008,0.,0.008,0.004,0.,0.004,0.008,0.,0.008,0.004,0.,0.004,0.,0.,0.,0.,0.,0.,0.,0.,0.,0.,0.,0.,0.,0.,0.,0.,0.,0.
280,0.004,0.,0.004,0.008,0.,0.008,0.004,0.,0.004,0.008,0.,0.008,0.004,0.,0.004,0.008,0.,0.008,0.004,0.,0.004,0.,0.,0.,0.,0.,0.,0.,0.,0.,0.,0.,0.,0.,0.,0.,0.,0.,0.
284,0.005,0.,0.005,0.008,0.,0.008,0.005,0.,0.005,0.008,0.,0.008,0.005,0.,0.005,0.008,0.,0.008,0.005,0.,0.005,0.,0.,0.,0.,0.,0.,0.,0.,0.,0.,0.,0.,0.,0.,0.,0.,0.,0.
288,0.005,0.,0.005,0.008,0.,0.008,0.005,0.,0.005,0.008,0.,0.008,0.005,0.,0.005,0.008,0.,0.008,0.005,0.,0.005,0.,0.,0.,0.,0.,0.,0.,0.,0.,0.,0.,0.,0.,0.,0.,0.,0.,0.
292,0.005,0.,0.005,0.009,0.,0.009,0.005,0.,0.005,0.009,0.,0.009,0.005,0.,0.005,0.008,0.,0.008,0.005,0.,0.005,0.,0.,0.,0.,0.,0.,0.,0.,0.,0.,0.,0.,0.,0.,0.,0.,0.,0.
296,0.005,0.,0.005,0.009,0.,0.009,0.005,0.,0.005,0.009,0.,0.009,0.005,0.,0.005,0.009,0.,0.009,0.005,0.,0.005,0.,0.,0.,0.,0.,0.,0.,0.,0.,0.,0.,0.,0.,0.,0.,0.,0.,0.
300,0.005,0.,0.005,0.01,0.,0.01,0.005,0.,0.005,0.009,0.,0.009,0.005,0.,0.005,0.009,0.,0.009,0.005,0.,0.005,0.,0.,0.,0.,0.,0.,0.,0.,0.,0.,0.,0.,0.,0.,0.,0.,0.,0.
304,0.005,0.,0.005,0.009,0.,0.009,0.005,0.,0.005,0.009,0.,0.009,0.005,0.,0.005,0.01,0.,0.01,0.005,0.,0.005,0.,0.,0.,0.,0.,0.,0.,0.,0.,0.,0.,0.,0.,0.,0.,0.,0.,0.
308,0.005,0.,0.005,0.009,0.,0.009,0.005,0.,0.005,0.009,0.,0.009,0.005,0.,0.005,0.009,0.,0.009,0.005,0.,0.005,0.,0.,0.,0.,0.,0.,0.,0.,0.,0.,0.,0.,0.,0.,0.,0.,0.,0.
312,0.006,0.,0.006,0.009,0.,0.009,0.005,0.,0.005,0.01,0.,0.01,0.005,0.,0.005,0.009,0.,0.009,0.005,0.,0.005,0.,0.,0.,0.,0.,0.,0.,0.,0.,0.,0.,0.,0.,0.,0.,0.,0.,0.
316,0.006,0.,0.006,0.01,0.,0.01,0.005,0.,0.005,0.01,0.,0.01,0.005,0.,0.005,0.01,0.,0.01,0.005,0.,0.005,0.,0.,0.,0.,0.,0.,0.,0.,0.,0.,0.,0.,0.,0.,0.,0.,0.,0.
320,0.006,0.,0.006,0.01,0.,0.01,0.006,0.,0.006,0.01,0.,0.01,0.006,0.,0.006,0.01,0.,0.01,0.006,0.,0.006,0.,0.,0.,0.,0.,0.,0.,0.,0.,0.,0.,0.,0.,0.,0.,0.,0.,0.
324,0.006,0.,0.006,0.01,0.,0.01,0.006,0.,0.006,0.01,0.,0.01,0.006,0.,0.006,0.01,0.,0.01,0.006,0.,0.006,0.,0.,0.,0.,0.,0.,0.,0.,0.,0.,0.,0.,0.,0.,0.,0.,0.,0.
328,0.006,0.,0.006,0.01,0.,0.01,0.006,0.,0.006,0.01,0.,0.01,0.006,0.,0.006,0.01,0.,0.01,0.006,0.,0.006,0.,0.,0.,0.,0.,0.,0.,0.,0.,0.,0.,0.,0.,0.,0.,0.,0.,0.
332,0.006,0.,0.006,0.011,0.,0.011,0.007,0.,0.007,0.011,0.,0.011,0.006,0.,0.006,0.011,0.,0.011,0.006,0.,0.006,0.,0.,0.,0.,0.,0.,0.,0.,0.,0.,0.,0.,0.,0.,0.,0.,0.,0.
336,0.006,0.,0.006,0.011,0.,0.011,0.006,0.,0.006,0.011,0.,0.011,0.006,0.,0.006,0.011,0.,0.011,0.006,0.,0.006,0.,0.,0.,0.,0.,0.,0.,0.,0.,0.,0.,0.,0.,0.,0.,0.,0.,0.
340,0.006,0.,0.006,0.011,0.,0.011,0.007,0.,0.007,0.011,0.,0.011,0.006,0.,0.006,0.011,0.,0.011,0.006,0.,0.006,0.,0.,0.,0.,0.,0.,0.,0.,0.,0.,0.,0.,0.,0.,0.,0.,0.,0.
344,0.007,0.,0.007,0.011,0.,0.011,0.006,0.,0.006,0.011,0.,0.011,0.006,0.,0.006,0.011,0.,0.011,0.006,0.,0.006,0.,0.,0.,0.,0.,0.,0.,0.,0.,0.,0.,0.,0.,0.,0.,0.,0.,0.
348,0.007,0.,0.007,0.011,0.,0.011,0.006,0.,0.006,0.011,0.,0.011,0.006,0.,0.006,0.011,0.,0.011,0.006,0.,0.006,0.,0.,0.,0.,0.,0.,0.,0.,0.,0.,0.,0.,0.,0.,0.,0.,0.,0.
350,0.006,0.,0.006,0.012,0.,0.012,0.006,0.,0.006,0.011,0.,0.011,0.006,0.,0.006,0.012,0.,0.012,0.006,0.003,0.003,0.,0.,0.,0.,0.,0.,0.,0.,0.,0.,0.,0.,0.,0.,0.,0.,0.,0.
352,0.006,0.,0.006,0.012,0.,0.012,0.006,0.,0.006,0.012,0.,0.012,0.006,0.,0.006,0.012,0.,0.012,0.007,0.,0.007,0.,0.,0.,0.,0.,0.,0.,0.,0.,0.,0.,0.,0.,0.,0.,0.,0.,0.
356,0.007,0.,0.007,0.012,0.,0.012,0.007,0.,0.007,0.012,0.,0.012,0.007,0.,0.007,0.012,0.,0.012,0.007,0.,0.007,0.,0.,0.,0.,0.,0.,0.,0.,0.,0.,0.,0.,0.,0.,0.,0.,0.,0.
360,0.007,0.,0.007,0.012,0.,0.012,0.007,0.,0.007,0.013,0.,0.013,0.007,0.,0.007,0.012,0.,0.012,0.007,0.,0.007,0.,0.,0.,0.,0.,0.,0.,0.,0.,0.,0.,0.,0.,0.,0.,0.,0.,0.
364,0.007,0.,0.007,0.013,0.,0.013,0.007,0.,0.007,0.012,0.,0.012,0.007,0.,0.007,0.012,0.,0.012,0.007,0.,0.007,0.,0.,0.,0.,0.,0.,0.,0.,0.,0.,0.,0.,0.,0.,0.,0.,0.,0.
368,0.007,0.,0.007,0.012,0.,0.012,0.007,0.,0.007,0.012,0.,0.012,0.007,0.,0.007,0.012,0.,0.012,0.008,0.003,0.004,0.,0.,0.,0.,0.,0.,0.,0.,0.,0.,0.,0.,0.,0.,0.,0.,0.,0.
372,0.007,0.,0.007,0.013,0.,0.013,0.008,0.,0.008,0.013,0.,0.013,0.007,0.,0.007,0.013,0.,0.013,0.007,0.,0.007,0.,0.,0.,0.,0.,0.,0.,0.,0.,0.,0.,0.,0.,0.,0.,0.,0.,0.
376,0.008,0.,0.008,0.013,0.,0.013,0.007,0.,0.007,0.013,0.,0.013,0.007,0.,0.007,0.013,0.,0.013,0.007,0.,0.007,0.,0.,0.,0.,0.,0.,0.,0.,0.,0.,0.,0.,0.,0.,0.,0.,0.,0.
380,0.007,0.,0.007,0.013,0.,0.013,0.007,0.,0.007,0.014,0.,0.014,0.007,0.,0.007,0.013,0.,0.013,0.007,0.,0.007,0.,0.,0.,0.,0.,0.,0.,0.,0.,0.,0.,0.,0.,0.,0.,0.,0.,0.
384,0.008,0.,0.008,0.013,0.,0.013,0.008,0.,0.008,0.013,0.,0.013,0.008,0.,0.008,0.013,0.,0.013,0.008,0.,0.008,0.,0.,0.,0.,0.,0.,0.,0.,0.,0.,0.,0.,0.,0.,0.,0.,0.,0.
388,0.008,0.,0.008,0.014,0.,0.014,0.008,0.,0.008,0.014,0.,0.014,0.008,0.,0.008,0.014,0.,0.014,0.008,0.,0.008,0.,0.,0.,0.,0.,0.,0.,0.,0.,0.,0.,0.,0.,0.,0.,0.,0.,0.
392,0.008,0.,0.008,0.014,0.,0.014,0.008,0.,0.008,0.014,0.,0.014,0.008,0.,0.008,0.015,0.,0.015,0.008,0.,0.008,0.,0.,0.,0.,0.,0.,0.,0.,0.,0.,0.,0.,0.,0.,0.,0.,0.,0.
396,0.008,0.,0.008,0.015,0.,0.015,0.008,0.,0.008,0.014,0.,0.014,0.008,0.,0.008,0.014,0.,0.014,0.008,0.,0.008,0.,0.,0.,0.,0.,0.,0.,0.,0.,0.,0.,0.,0.,0.,0.,0.,0.,0.
400,0.008,0.,0.008,0.014,0.,0.014,0.008,0.,0.008,0.014,0.,0.014,0.008,0.,0.008,0.014,0.,0.014,0.009,0.,0.009,0.,0.,0.,0.,0.,0.,0.,0.,0.,0.,0.,0.,0.,0.,0.,0.,0.,0.
404,0.008,0.,0.008,0.015,0.,0.015,0.008,0.,0.008,0.015,0.,0.015,0.008,0.,0.008,0.015,0.,0.015,0.009,0.,0.009,0.,0.,0.,0.,0.,0.,0.,0.,0.,0.,0.,0.,0.,0.,0.,0.,0.,0.
408,0.009,0.,0.009,0.015,0.,0.015,0.008,0.,0.008,0.015,0.,0.015,0.008,0.,0.008,0.016,0.,0.016,0.008,0.,0.008,0.,0.,0.,0.,0.,0.,0.,0.,0.,0.,0.,0.,0.,0.,0.,0.,0.,0.
412,0.008,0.,0.008,0.016,0.,0.016,0.009,0.,0.009,0.015,0.,0.015,0.008,0.,0.008,0.015,0.,0.015,0.008,0.,0.008,0.,0.,0.,0.,0.,0.,0.,0.,0.,0.,0.,0.,0.,0.,0.,0.,0.,0.
416,0.009,0.,0.009,0.015,0.,0.015,0.009,0.,0.009,0.015,0.,0.015,0.009,0.,0.009,0.015,0.,0.015,0.009,0.,0.009,0.,0.,0.,0.,0.,0.,0.,0.,0.,0.,0.,0.,0.,0.,0.,0.,0.,0.
420,0.009,0.,0.009,0.016,0.,0.016,0.009,0.,0.009,0.016,0.,0.016,0.009,0.,0.009,0.016,0.,0.016,0.009,0.,0.009,0.,0.,0.,0.,0.,0.,0.,0.,0.,0.,0.,0.,0.,0.,0.,0.,0.,0.
424,0.009,0.,0.009,0.016,0.,0.016,0.009,0.,0.009,0.016,0.,0.016,0.009,0.,0.009,0.016,0.,0.016,0.009,0.,0.009,0.,0.,0.,0.,0.,0.,0.,0.,0.,0.,0.,0.,0.,0.,0.,0.,0.,0.
428,0.01,0.,0.01,0.016,0.,0.016,0.009,0.,0.009,0.017,0.,0.017,0.009,0.,0.009,0.016,0.,0.016,0.009,0.,0.009,0.,0.,0.,0.,0.,0.,0.,0.,0.,0.,0.,0.,0.,0.,0.,0.,0.,0.
432,0.009,0.,0.009,0.016,0.,0.016,0.009,0.,0.009,0.016,0.,0.016,0.009,0.,0.009,0.016,0.,0.016,0.01,0.,0.01,0.,0.,0.,0.,0.,0.,0.,0.,0.,0.,0.,0.,0.,0.,0.,0.,0.,0.
436,0.01,0.,0.01,0.017,0.,0.017,0.009,0.,0.009,0.017,0.,0.017,0.009,0.,0.009,0.017,0.,0.017,0.009,0.,0.009,0.,0.,0.,0.,0.,0.,0.,0.,0.,0.,0.,0.,0.,0.,0.,0.,0.,0.
440,0.009,0.,0.009,0.017,0.,0.017,0.009,0.,0.009,0.017,0.,0.017,0.009,0.,0.009,0.017,0.,0.017,0.01,0.,0.01,0.,0.,0.,0.,0.,0.,0.,0.,0.,0.,0.,0.,0.,0.,0.,0.,0.,0.
444,0.01,0.,0.01,0.017,0.,0.017,0.01,0.,0.01,0.017,0.,0.017,0.01,0.,0.01,0.017,0.,0.017,0.01,0.,0.01,0.,0.,0.,0.,0.,0.,0.,0.,0.,0.,0.,0.,0.,0.,0.,0.,0.,0.
448,0.01,0.,0.01,0.017,0.,0.017,0.01,0.,0.01,0.017,0.,0.017,0.01,0.,0.01,0.017,0.,0.017,0.01,0.,0.01,0.,0.,0.,0.,0.,0.,0.,0.,0.,0.,0.,0.,0.,0.,0.,0.,0.,0.
452,0.01,0.,0.01,0.018,0.,0.018,0.01,0.,0.01,0.018,0.,0.018,0.01,0.,0.01,0.018,0.,0.018,0.01,0.,0.01,0.,0.,0.,0.,0.,0.,0.,0.,0.,0.,0.,0.,0.,0.,0.,0.,0.,0.
456,0.01,0.,0.01,0.018,0.,0.018,0.011,0.,0.011,0.018,0.,0.018,0.01,0.,0.01,0.019,0.,0.019,0.01,0.,0.01,0.,0.,0.,0.,0.,0.,0.,0.,0.,0.,0.,0.,0.,0.,0.,0.,0.,0.
460,0.01,0.,0.01,0.018,0.,0.018,0.01,0.,0.01,0.018,0.,0.018,0.01,0.,0.01,0.018,0.,0.018,0.011,0.,0.011,0.,0.,0.,0.,0.,0.,0.,0.,0.,0.,0.,0.,0.,0.,0.,0.,0.,0.
464,0.011,0.,0.011,0.018,0.,0.018,0.01,0.,0.01,0.019,0.,0.019,0.01,0.,0.01,0.018,0.,0.018,0.01,0.,0.01,0.,0.,0.,0.,0.,0.,0.,0.,0.,0.,0.,0.,0.,0.,0.,0.,0.,0.
468,0.01,0.,0.01,0.019,0.,0.019,0.011,0.,0.011,0.019,0.,0.019,0.011,0.,0.011,0.02,0.,0.02,0.01,0.,0.01,0.,0.,0.,0.,0.,0.,0.,0.,0.,0.,0.,0.,0.,0.,0.,0.,0.,0.
472,0.011,0.,0.011,0.019,0.,0.019,0.011,0.,0.011,0.019,0.,0.019,0.011,0.,0.011,0.019,0.,0.019,0.011,0.,0.011,0.,0.,0.,0.,0.,0.,0.,0.,0.,0.,0.,0.,0.,0.,0.,0.,0.,0.
476,0.012,0.,0.012,0.02,0.,0.02,0.011,0.,0.011,0.019,0.,0.019,0.011,0.,0.011,0.019,0.,0.019,0.011,0.,0.011,0.,0.,0.,0.,0.,0.,0.,0.,0.,0.,0.,0.,0.,0.,0.,0.,0.,0.
480,0.011,0.,0.011,0.02,0.,0.02,0.012,0.,0.012,0.021,0.,0.021,0.011,0.,0.011,0.02,0.,0.02,0.011,0.,0.011,0.,0.,0.,0.,0.,0.,0.,0.,0.,0.,0.,0.,0.,0.,0.,0.,0.,0.
484,0.011,0.,0.011,0.02,0.,0.02,0.011,0.,0.011,0.02,0.,0.02,0.012,0.,0.012,0.021,0.,0.021,0.011,0.,0.011,0.,0.,0.,0.,0.,0.,0.,0.,0.,0.,0.,0.,0.,0.,0.,0.,0.,0.
488,0.011,0.,0.011,0.02,0.,0.02,0.011,0.,0.011,0.02,0.,0.02,0.011,0.,0.011,0.02,0.,0.02,0.012,0.,0.012,0.,0.,0.,0.,0.,0.,0.,0.,0.,0.,0.,0.,0.,0.,0.,0.,0.,0.
492,0.011,0.,0.011,0.021,0.,0.021,0.011,0.,0.011,0.02,0.,0.02,0.011,0.,0.011,0.02,0.,0.02,0.011,0.,0.011,0.,0.,0.,0.,0.,0.,0.,0.,0.,0.,0.,0.,0.,0.,0.,0.,0.,0.
496,0.012,0.,0.012,0.021,0.,0.021,0.012,0.,0.012,0.021,0.,0.021,0.012,0.,0.012,0.021,0.,0.021,0.012,0.,0.012,0.,0.,0.,0.,0.,0.,0.,0.,0.,0.,0.,0.,0.,0.,0.,0.,0.,0.
500,0.012,0.,0.012,0.021,0.,0.021,0.012,0.,0.012,0.021,0.,0.021,0.012,0.,0.012,0.021,0.,0.021,0.012,0.,0.012,0.,0.,0.,0.,0.,0.,0.,0.,0.,0.,0.,0.,0.,0.,0.,0.,0.,0.
504,0.012,0.,0.012,0.021,0.,0.021,0.013,0.,0.013,0.021,0.,0.021,0.012,0.,0.012,0.022,0.,0.021,0.012,0.,0.012,0.,0.,0.,0.,0.,0.,0.,0.,0.,0.,0.,0.,0.,0.,0.,0.,0.,0.
508,0.012,0.,0.012,0.021,0.,0.021,0.012,0.,0.012,0.021,0.,0.021,0.013,0.,0.013,0.022,0.,0.022,0.012,0.,0.012,0.,0.,0.,0.,0.,0.,0.,0.,0.,0.,0.,0.,0.,0.,0.,0.,0.,0.
512,0.012,0.,0.012,0.022,0.,0.022,0.012,0.,0.012,0.022,0.,0.022,0.013,0.003,0.009,0.022,0.,0.022,0.012,0.,0.012,0.,0.,0.,0.,0.,0.,0.,0.,0.,0.,0.,0.,0.,0.,0.,0.,0.,0.
516,0.012,0.,0.012,0.022,0.,0.022,0.012,0.,0.012,0.022,0.,0.022,0.013,0.,0.013,0.022,0.,0.022,0.012,0.,0.012,0.,0.,0.,0.,0.,0.,0.,0.,0.,0.,0.,0.,0.,0.,0.,0.,0.,0.
520,0.012,0.,0.012,0.022,0.,0.022,0.013,0.,0.013,0.022,0.,0.022,0.013,0.,0.013,0.023,0.,0.023,0.013,0.,0.013,0.,0.,0.,0.,0.,0.,0.,0.,0.,0.,0.,0.,0.,0.,0.,0.,0.,0.
524,0.013,0.,0.013,0.023,0.,0.023,0.013,0.,0.013,0.023,0.,0.023,0.013,0.,0.013,0.023,0.,0.023,0.014,0.,0.014,0.,0.,0.,0.,0.,0.,0.,0.,0.,0.,0.,0.,0.,0.,0.,0.,0.,0.
528,0.013,0.,0.013,0.023,0.,0.023,0.013,0.,0.013,0.023,0.,0.023,0.014,0.,0.014,0.023,0.,0.023,0.013,0.,0.013,0.,0.,0.,0.,0.,0.,0.,0.,0.,0.,0.,0.,0.,0.,0.,0.,0.,0.
532,0.013,0.,0.013,0.023,0.,0.023,0.013,0.,0.013,0.023,0.,0.023,0.014,0.,0.014,0.023,0.,0.023,0.013,0.,0.013,0.,0.,0.,0.,0.,0.,0.,0.,0.,0.,0.,0.,0.,0.,0.,0.,0.,0.
536,0.013,0.,0.013,0.024,0.,0.024,0.013,0.,0.013,0.024,0.,0.024,0.014,0.,0.014,0.024,0.,0.024,0.013,0.,0.013,0.,0.,0.,0.,0.,0.,0.,0.,0.,0.,0.,0.,0.,0.,0.,0.,0.,0.
540,0.013,0.,0.013,0.024,0.,0.024,0.013,0.,0.013,0.024,0.,0.024,0.014,0.,0.014,0.024,0.,0.024,0.013,0.,0.013,0.,0.,0.,0.,0.,0.,0.,0.,0.,0.,0.,0.,0.,0.,0.,0.,0.,0.
544,0.014,0.,0.014,0.024,0.,0.024,0.014,0.,0.014,0.024,0.,0.024,0.014,0.,0.014,0.024,0.,0.024,0.014,0.,0.014,0.,0.,0.,0.,0.,0.,0.,0.,0.,0.,0.,0.,0.,0.,0.,0.,0.,0.
548,0.014,0.,0.014,0.025,0.,0.025,0.014,0.,0.014,0.024,0.,0.024,0.014,0.,0.014,0.025,0.,0.025,0.014,0.,0.014,0.,0.,0.,0.,0.,0.,0.,0.,0.,0.,0.,0.,0.,0.,0.,0.,0.,0.
552,0.015,0.,0.015,0.025,0.,0.025,0.014,0.,0.014,0.025,0.,0.025,0.014,0.,0.014,0.025,0.,0.025,0.014,0.,0.014,0.,0.,0.,0.,0.,0.,0.,0.,0.,0.,0.,0.,0.,0.,0.,0.,0.,0.
556,0.015,0.,0.015,0.025,0.,0.025,0.014,0.,0.014,0.025,0.,0.025,0.014,0.,0.014,0.026,0.,0.026,0.014,0.,0.014,0.,0.,0.,0.,0.,0.,0.,0.,0.,0.,0.,0.,0.,0.,0.,0.,0.,0.
560,0.014,0.,0.014,0.025,0.,0.025,0.014,0.,0.014,0.025,0.,0.025,0.014,0.,0.014,0.027,0.,0.027,0.014,0.,0.014,0.,0.,0.,0.,0.,0.,0.,0.,0.,0.,0.,0.,0.,0.,0.,0.,0.,0.
564,0.014,0.,0.014,0.026,0.,0.026,0.014,0.,0.014,0.027,0.,0.027,0.015,0.,0.015,0.026,0.,0.026,0.014,0.,0.014,0.,0.,0.,0.,0.,0.,0.,0.,0.,0.,0.,0.,0.,0.,0.,0.,0.,0.
568,0.015,0.,0.015,0.027,0.,0.027,0.015,0.,0.015,0.026,0.,0.026,0.015,0.,0.015,0.026,0.,0.026,0.015,0.,0.015,0.,0.,0.,0.,0.,0.,0.,0.,0.,0.,0.,0.,0.,0.,0.,0.,0.,0.
572,0.015,0.,0.015,0.026,0.,0.026,0.015,0.,0.015,0.026,0.,0.026,0.015,0.,0.015,0.027,0.,0.027,0.015,0.,0.015,0.,0.,0.,0.,0.,0.,0.,0.,0.,0.,0.,0.,0.,0.,0.,0.,0.,0.
576,0.015,0.,0.015,0.027,0.,0.027,0.015,0.,0.015,0.027,0.,0.027,0.016,0.,0.016,0.027,0.,0.027,0.015,0.,0.015,0.,0.,0.,0.,0.,0.,0.,0.,0.,0.,0.,0.,0.,0.,0.,0.,0.,0.
580,0.015,0.,0.015,0.027,0.,0.027,0.016,0.,0.016,0.027,0.,0.027,0.015,0.,0.015,0.027,0.,0.027,0.015,0.,0.015,0.,0.,0.,0.,0.,0.,0.,0.,0.,0.,0.,0.,0.,0.,0.,0.,0.,0.
584,0.016,0.,0.016,0.027,0.,0.027,0.015,0.,0.015,0.027,0.,0.027,0.015,0.,0.015,0.028,0.,0.028,0.016,0.,0.016,0.,0.,0.,0.,0.,0.,0.,0.,0.,0.,0.,0.,0.,0.,0.,0.,0.,0.
588,0.015,0.,0.015,0.028,0.,0.028,0.015,0.,0.015,0.028,0.,0.028,0.016,0.,0.016,0.028,0.,0.028,0.015,0.,0.015,0.,0.,0.,0.,0.,0.,0.,0.,0.,0.,0.,0.,0.,0.,0.,0.,0.,0.
592,0.016,0.,0.016,0.029,0.,0.029,0.016,0.,0.016,0.028,0.,0.028,0.016,0.,0.016,0.028,0.,0.028,0.016,0.,0.016,0.,0.,0.,0.,0.,0.,0.,0.,0.,0.,0.,0.,0.,0.,0.,0.,0.,0.
596,0.016,0.,0.016,0.029,0.,0.029,0.016,0.,0.016,0.029,0.,0.029,0.017,0.,0.017,0.028,0.,0.028,0.016,0.,0.016,0.,0.,0.,0.,0.,0.,0.,0.,0.,0.,0.,0.,0.,0.,0.,0.,0.,0.
600,0.016,0.,0.016,0.029,0.,0.029,0.017,0.,0.017,0.029,0.,0.029,0.016,0.,0.016,0.029,0.,0.029,0.016,0.,0.016,0.,0.,0.,0.,0.,0.,0.,0.,0.,0.,0.,0.,0.,0.,0.,0.,0.,0.
604,0.016,0.,0.016,0.029,0.,0.029,0.016,0.,0.016,0.03,0.,0.03,0.016,0.,0.016,0.029,0.,0.029,0.016,0.,0.016,0.,0.,0.,0.,0.,0.,0.,0.,0.,0.,0.,0.,0.,0.,0.,0.,0.,0.
608,0.016,0.,0.016,0.03,0.,0.03,0.017,0.,0.017,0.029,0.,0.029,0.016,0.,0.016,0.03,0.,0.03,0.016,0.,0.016,0.,0.,0.,0.,0.,0.,0.,0.,0.,0.,0.,0.,0.,0.,0.,0.,0.,0.
612,0.017,0.,0.017,0.03,0.,0.03,0.017,0.,0.017,0.03,0.,0.03,0.018,0.,0.018,0.03,0.,0.03,0.017,0.,0.017,0.,0.,0.,0.,0.,0.,0.,0.,0.,0.,0.,0.,0.,0.,0.,0.,0.,0.
616,0.017,0.,0.017,0.03,0.,0.03,0.017,0.,0.017,0.03,0.,0.03,0.017,0.,0.017,0.031,0.,0.031,0.017,0.,0.017,0.,0.,0.,0.,0.,0.,0.,0.,0.,0.,0.,0.,0.,0.,0.,0.,0.,0.
620,0.017,0.,0.017,0.031,0.003,0.027,0.019,0.,0.019,0.03,0.,0.03,0.02,0.,0.019,0.03,0.,0.03,0.019,0.,0.018,0.,0.,0.,0.,0.,0.,0.,0.,0.,0.,0.,0.,0.,0.,0.,0.,0.,0.
624,0.017,0.,0.017,0.031,0.,0.031,0.017,0.,0.017,0.031,0.,0.031,0.017,0.,0.017,0.031,0.,0.031,0.018,0.,0.018,0.,0.,0.,0.,0.,0.,0.,0.,0.,0.,0.,0.,0.,0.,0.,0.,0.,0.
628,0.017,0.,0.017,0.031,0.,0.031,0.018,0.,0.018,0.031,0.,0.031,0.017,0.,0.017,0.032,0.,0.032,0.017,0.,0.017,0.,0.,0.,0.,0.,0.,0.,0.,0.,0.,0.,0.,0.,0.,0.,0.,0.,0.
632,0.017,0.,0.017,0.032,0.,0.032,0.018,0.,0.018,0.031,0.,0.031,0.018,0.,0.018,0.032,0.,0.032,0.018,0.,0.018,0.,0.,0.,0.,0.,0.,0.,0.,0.,0.,0.,0.,0.,0.,0.,0.,0.,0.
636,0.018,0.,0.018,0.032,0.,0.032,0.018,0.,0.018,0.032,0.,0.032,0.019,0.,0.019,0.032,0.,0.032,0.018,0.,0.018,0.,0.,0.,0.,0.,0.,0.,0.,0.,0.,0.,0.,0.,0.,0.,0.,0.,0.
640,0.019,0.,0.019,0.032,0.,0.032,0.018,0.,0.018,0.032,0.,0.032,0.018,0.,0.018,0.033,0.,0.033,0.018,0.,0.018,0.,0.,0.,0.,0.,0.,0.,0.,0.,0.,0.,0.,0.,0.,0.,0.,0.,0.
644,0.018,0.,0.018,0.033,0.,0.033,0.018,0.,0.018,0.033,0.,0.033,0.018,0.,0.018,0.033,0.,0.033,0.018,0.,0.018,0.,0.,0.,0.,0.,0.,0.,0.,0.,0.,0.,0.,0.,0.,0.,0.,0.,0.
648,0.018,0.,0.018,0.033,0.,0.033,0.018,0.,0.018,0.033,0.,0.033,0.019,0.,0.019,0.033,0.,0.033,0.018,0.,0.018,0.,0.,0.,0.,0.,0.,0.,0.,0.,0.,0.,0.,0.,0.,0.,0.,0.,0.
652,0.018,0.,0.018,0.033,0.,0.033,0.019,0.003,0.015,0.034,0.,0.034,0.019,0.,0.019,0.033,0.,0.033,0.019,0.,0.019,0.,0.,0.,0.,0.,0.,0.,0.,0.,0.,0.,0.,0.,0.,0.,0.,0.,0.
656,0.019,0.,0.019,0.034,0.,0.034,0.019,0.,0.019,0.034,0.,0.034,0.019,0.,0.019,0.033,0.,0.033,0.02,0.,0.02,0.,0.,0.,0.,0.,0.,0.,0.,0.,0.,0.,0.,0.,0.,0.,0.,0.,0.
660,0.02,0.,0.02,0.034,0.,0.034,0.019,0.,0.019,0.034,0.,0.034,0.019,0.,0.019,0.034,0.,0.034,0.019,0.,0.019,0.,0.,0.,0.,0.,0.,0.,0.,0.,0.,0.,0.,0.,0.,0.,0.,0.,0.
664,0.019,0.,0.019,0.034,0.,0.034,0.019,0.,0.019,0.035,0.,0.035,0.019,0.,0.019,0.034,0.,0.034,0.02,0.,0.02,0.,0.,0.,0.,0.,0.,0.,0.,0.,0.,0.,0.,0.,0.,0.,0.,0.,0.
668,0.019,0.,0.019,0.035,0.,0.035,0.02,0.,0.02,0.034,0.,0.034,0.019,0.,0.019,0.035,0.,0.035,0.02,0.,0.02,0.,0.,0.,0.,0.,0.,0.,0.,0.,0.,0.,0.,0.,0.,0.,0.,0.,0.
672,0.02,0.,0.02,0.035,0.,0.035,0.02,0.,0.02,0.035,0.,0.035,0.02,0.,0.02,0.035,0.,0.035,0.02,0.,0.02,0.,0.,0.,0.,0.,0.,0.,0.,0.,0.,0.,0.,0.,0.,0.,0.,0.,0.
676,0.02,0.,0.02,0.035,0.,0.035,0.021,0.,0.021,0.035,0.,0.035,0.02,0.,0.02,0.036,0.,0.036,0.02,0.,0.02,0.,0.,0.,0.,0.,0.,0.,0.,0.,0.,0.,0.,0.,0.,0.,0.,0.,0.
680,0.02,0.,0.02,0.036,0.,0.036,0.02,0.,0.02,0.036,0.,0.036,0.02,0.,0.02,0.036,0.,0.036,0.021,0.,0.021,0.,0.,0.,0.,0.,0.,0.,0.,0.,0.,0.,0.,0.,0.,0.,0.,0.,0.
684,0.02,0.,0.02,0.036,0.,0.036,0.021,0.003,0.017,0.037,0.,0.037,0.02,0.,0.02,0.036,0.,0.036,0.02,0.,0.02,0.,0.,0.,0.,0.,0.,0.,0.,0.,0.,0.,0.,0.,0.,0.,0.,0.,0.
688,0.02,0.,0.02,0.037,0.,0.037,0.02,0.,0.02,0.037,0.,0.037,0.02,0.,0.02,0.036,0.,0.036,0.021,0.,0.021,0.,0.,0.,0.,0.,0.,0.,0.,0.,0.,0.,0.,0.,0.,0.,0.,0.,0.
692,0.021,0.,0.021,0.037,0.,0.037,0.021,0.,0.021,0.037,0.,0.037,0.021,0.,0.021,0.037,0.,0.037,0.021,0.,0.021,0.,0.,0.,0.,0.,0.,0.,0.,0.,0.,0.,0.,0.,0.,0.,0.,0.,0.
696,0.021,0.,0.021,0.037,0.,0.037,0.021,0.,0.021,0.038,0.,0.038,0.022,0.,0.022,0.037,0.,0.037,0.021,0.,0.021,0.,0.,0.,0.,0.,0.,0.,0.,0.,0.,0.,0.,0.,0.,0.,0.,0.,0.
700,0.021,0.,0.021,0.039,0.,0.039,0.021,0.,0.021,0.038,0.,0.038,0.021,0.,0.021,0.038,0.,0.038,0.021,0.,0.021,0.,0.,0.,0.,0.,0.,0.,0.,0.,0.,0.,0.,0.,0.,0.,0.,0.,0.
704,0.021,0.,0.021,0.038,0.,0.038,0.022,0.,0.022,0.038,0.,0.038,0.021,0.,0.021,0.039,0.,0.039,0.021,0.,0.021,0.,0.,0.,0.,0.,0.,0.,0.,0.,0.,0.,0.,0.,0.,0.,0.,0.,0.
708,0.021,0.,0.021,0.038,0.,0.038,0.021,0.,0.021,0.039,0.,0.039,0.021,0.,0.021,0.038,0.,0.038,0.022,0.,0.022,0.,0.,0.,0.,0.,0.,0.,0.,0.,0.,0.,0.,0.,0.,0.,0.,0.,0.
712,0.023,0.,0.023,0.039,0.,0.039,0.022,0.,0.022,0.039,0.,0.039,0.022,0.,0.022,0.039,0.,0.039,0.022,0.,0.022,0.,0.,0.,0.,0.,0.,0.,0.,0.,0.,0.,0.,0.,0.,0.,0.,0.,0.
716,0.022,0.,0.022,0.039,0.,0.039,0.022,0.,0.022,0.039,0.,0.039,0.023,0.,0.023,0.04,0.,0.04,0.022,0.,0.022,0.,0.,0.,0.,0.,0.,0.,0.,0.,0.,0.,0.,0.,0.,0.,0.,0.,0.
720,0.022,0.,0.022,0.039,0.,0.039,0.022,0.,0.022,0.04,0.,0.04,0.022,0.,0.022,0.04,0.,0.04,0.023,0.,0.023,0.,0.,0.,0.,0.,0.,0.,0.,0.,0.,0.,0.,0.,0.,0.,0.,0.,0.
724,0.024,0.,0.024,0.04,0.,0.04,0.022,0.,0.022,0.04,0.,0.04,0.022,0.,0.022,0.04,0.,0.04,0.023,0.,0.023,0.,0.,0.,0.,0.,0.,0.,0.,0.,0.,0.,0.,0.,0.,0.,0.,0.,0.
728,0.022,0.,0.022,0.041,0.,0.041,0.022,0.,0.022,0.04,0.,0.04,0.023,0.,0.023,0.041,0.,0.041,0.023,0.,0.023,0.,0.,0.,0.,0.,0.,0.,0.,0.,0.,0.,0.,0.,0.,0.,0.,0.,0.
732,0.023,0.,0.023,0.041,0.,0.041,0.023,0.,0.023,0.041,0.,0.041,0.023,0.,0.023,0.041,0.,0.041,0.024,0.,0.024,0.,0.,0.,0.,0.,0.,0.,0.,0.,0.,0.,0.,0.,0.,0.,0.,0.,0.
736,0.024,0.,0.024,0.042,0.,0.042,0.023,0.,0.023,0.041,0.,0.041,0.023,0.,0.023,0.041,0.,0.041,0.023,0.,0.023,0.,0.,0.,0.,0.,0.,0.,0.,0.,0.,0.,0.,0.,0.,0.,0.,0.,0.
740,0.023,0.,0.023,0.041,0.,0.041,0.025,0.003,0.021,0.042,0.,0.042,0.023,0.,0.023,0.042,0.,0.042,0.024,0.,0.024,0.,0.,0.,0.,0.,0.,0.,0.,0.,0.,0.,0.,0.,0.,0.,0.,0.,0.
744,0.023,0.,0.023,0.042,0.,0.042,0.023,0.,0.023,0.042,0.,0.042,0.024,0.,0.024,0.042,0.,0.042,0.023,0.,0.023,0.,0.,0.,0.,0.,0.,0.,0.,0.,0.,0.,0.,0.,0.,0.,0.,0.,0.
748,0.023,0.,0.023,0.042,0.,0.042,0.024,0.,0.024,0.043,0.,0.043,0.024,0.,0.024,0.042,0.,0.042,0.024,0.,0.024,0.,0.,0.,0.,0.,0.,0.,0.,0.,0.,0.,0.,0.,0.,0.,0.,0.,0.
752,0.024,0.,0.024,0.043,0.,0.043,0.024,0.,0.024,0.043,0.,0.043,0.024,0.,0.024,0.043,0.,0.043,0.024,0.,0.024,0.,0.,0.,0.,0.,0.,0.,0.,0.,0.,0.,0.,0.,0.,0.,0.,0.,0.
756,0.024,0.,0.024,0.044,0.,0.044,0.025,0.,0.025,0.044,0.,0.044,0.024,0.,0.024,0.043,0.,0.043,0.024,0.,0.024,0.,0.,0.,0.,0.,0.,0.,0.,0.,0.,0.,0.,0.,0.,0.,0.,0.,0.
760,0.024,0.,0.024,0.043,0.,0.043,0.025,0.,0.025,0.044,0.,0.044,0.024,0.,0.024,0.043,0.,0.043,0.024,0.,0.024,0.,0.,0.,0.,0.,0.,0.,0.,0.,0.,0.,0.,0.,0.,0.,0.,0.,0.
764,0.024,0.,0.024,0.044,0.,0.044,0.025,0.,0.025,0.044,0.,0.044,0.025,0.,0.025,0.045,0.,0.045,0.025,0.,0.025,0.,0.,0.,0.,0.,0.,0.,0.,0.,0.,0.,0.,0.,0.,0.,0.,0.,0.
768,0.025,0.,0.025,0.044,0.,0.044,0.025,0.,0.025,0.044,0.,0.044,0.025,0.,0.025,0.045,0.,0.045,0.026,0.,0.026,0.,0.,0.,0.,0.,0.,0.,0.,0.,0.,0.,0.,0.,0.,0.,0.,0.,0.
772,0.025,0.,0.025,0.045,0.,0.045,0.025,0.,0.025,0.045,0.,0.045,0.025,0.,0.025,0.045,0.,0.045,0.026,0.,0.026,0.,0.,0.,0.,0.,0.,0.,0.,0.,0.,0.,0.,0.,0.,0.,0.,0.,0.
776,0.026,0.,0.026,0.046,0.,0.046,0.025,0.,0.025,0.045,0.,0.045,0.025,0.,0.025,0.045,0.,0.045,0.025,0.,0.025,0.,0.,0.,0.,0.,0.,0.,0.,0.,0.,0.,0.,0.,0.,0.,0.,0.,0.
780,0.026,0.,0.026,0.046,0.,0.046,0.025,0.,0.025,0.046,0.,0.046,0.026,0.,0.026,0.046,0.,0.046,0.025,0.,0.025,0.,0.,0.,0.,0.,0.,0.,0.,0.,0.,0.,0.,0.,0.,0.,0.,0.,0.
784,0.026,0.,0.026,0.046,0.,0.046,0.027,0.,0.027,0.046,0.,0.046,0.026,0.,0.026,0.046,0.,0.046,0.026,0.,0.026,0.,0.,0.,0.,0.,0.,0.,0.,0.,0.,0.,0.,0.,0.,0.,0.,0.,0.
788,0.026,0.,0.026,0.046,0.,0.046,0.027,0.,0.027,0.047,0.,0.047,0.026,0.,0.026,0.046,0.,0.046,0.026,0.,0.026,0.,0.,0.,0.,0.,0.,0.,0.,0.,0.,0.,0.,0.,0.,0.,0.,0.,0.
792,0.026,0.,0.026,0.047,0.,0.047,0.027,0.,0.027,0.047,0.,0.047,0.026,0.,0.026,0.047,0.,0.047,0.026,0.,0.026,0.,0.,0.,0.,0.,0.,0.,0.,0.,0.,0.,0.,0.,0.,0.,0.,0.,0.
796,0.026,0.,0.026,0.047,0.,0.047,0.028,0.,0.028,0.048,0.,0.048,0.026,0.,0.026,0.047,0.,0.047,0.027,0.,0.027,0.,0.,0.,0.,0.,0.,0.,0.,0.,0.,0.,0.,0.,0.,0.,0.,0.,0.
800,0.026,0.,0.026,0.048,0.,0.048,0.028,0.,0.028,0.048,0.,0.048,0.027,0.,0.027,0.048,0.,0.048,0.027,0.,0.027,0.,0.,0.,0.,0.,0.,0.,0.,0.,0.,0.,0.,0.,0.,0.,0.,0.,0.
804,0.027,0.,0.027,0.048,0.,0.048,0.028,0.,0.028,0.049,0.,0.049,0.027,0.,0.027,0.048,0.,0.048,0.027,0.,0.027,0.,0.,0.,0.,0.,0.,0.,0.,0.,0.,0.,0.,0.,0.,0.,0.,0.,0.
808,0.027,0.,0.027,0.048,0.,0.048,0.028,0.,0.028,0.049,0.,0.049,0.027,0.,0.027,0.049,0.,0.049,0.027,0.,0.027,0.,0.,0.,0.,0.,0.,0.,0.,0.,0.,0.,0.,0.,0.,0.,0.,0.,0.
812,0.027,0.,0.027,0.049,0.,0.049,0.028,0.,0.028,0.049,0.,0.049,0.027,0.,0.027,0.049,0.,0.049,0.027,0.,0.027,0.,0.,0.,0.,0.,0.,0.,0.,0.,0.,0.,0.,0.,0.,0.,0.,0.,0.
816,0.028,0.,0.028,0.049,0.,0.049,0.028,0.,0.028,0.05,0.,0.05,0.028,0.,0.028,0.049,0.,0.049,0.028,0.,0.028,0.,0.,0.,0.,0.,0.,0.,0.,0.,0.,0.,0.,0.,0.,0.,0.,0.,0.
820,0.028,0.,0.028,0.05,0.,0.05,0.029,0.,0.029,0.05,0.,0.05,0.028,0.,0.028,0.05,0.,0.05,0.029,0.,0.029,0.,0.,0.,0.,0.,0.,0.,0.,0.,0.,0.,0.,0.,0.,0.,0.,0.,0.
824,0.028,0.,0.028,0.051,0.,0.051,0.029,0.,0.029,0.05,0.,0.05,0.028,0.,0.028,0.05,0.,0.05,0.028,0.,0.028,0.,0.,0.,0.,0.,0.,0.,0.,0.,0.,0.,0.,0.,0.,0.,0.,0.,0.
828,0.029,0.,0.029,0.051,0.,0.051,0.028,0.,0.028,0.051,0.,0.051,0.029,0.,0.029,0.051,0.,0.051,0.028,0.,0.028,0.,0.,0.,0.,0.,0.,0.,0.,0.,0.,0.,0.,0.,0.,0.,0.,0.,0.
832,0.029,0.,0.029,0.051,0.,0.051,0.028,0.,0.028,0.051,0.,0.051,0.029,0.,0.029,0.051,0.,0.051,0.029,0.,0.029,0.,0.,0.,0.,0.,0.,0.,0.,0.,0.,0.,0.,0.,0.,0.,0.,0.,0.
836,0.029,0.,0.029,0.052,0.,0.051,0.029,0.,0.029,0.052,0.,0.052,0.029,0.,0.029,0.052,0.,0.052,0.03,0.,0.03,0.,0.,0.,0.,0.,0.,0.,0.,0.,0.,0.,0.,0.,0.,0.,0.,0.,0.
840,0.029,0.,0.029,0.052,0.,0.052,0.029,0.,0.029,0.052,0.,0.052,0.03,0.003,0.026,0.053,0.,0.053,0.029,0.,0.029,0.,0.,0.,0.,0.,0.,0.,0.,0.,0.,0.,0.,0.,0.,0.,0.,0.,0.
844,0.029,0.,0.029,0.053,0.,0.053,0.029,0.,0.029,0.053,0.,0.053,0.03,0.,0.03,0.053,0.,0.053,0.029,0.,0.029,0.,0.,0.,0.,0.,0.,0.,0.,0.,0.,0.,0.,0.,0.,0.,0.,0.,0.
848,0.029,0.,0.029,0.053,0.,0.053,0.03,0.,0.03,0.053,0.,0.053,0.029,0.,0.029,0.053,0.,0.053,0.03,0.,0.03,0.,0.,0.,0.,0.,0.,0.,0.,0.,0.,0.,0.,0.,0.,0.,0.,0.,0.
852,0.03,0.,0.03,0.054,0.,0.054,0.031,0.,0.031,0.053,0.,0.053,0.03,0.,0.03,0.053,0.,0.053,0.03,0.,0.03,0.,0.,0.,0.,0.,0.,0.,0.,0.,0.,0.,0.,0.,0.,0.,0.,0.,0.
856,0.031,0.,0.031,0.054,0.,0.054,0.03,0.,0.03,0.054,0.,0.054,0.03,0.,0.03,0.054,0.,0.054,0.03,0.,0.03,0.,0.,0.,0.,0.,0.,0.,0.,0.,0.,0.,0.,0.,0.,0.,0.,0.,0.
860,0.03,0.,0.03,0.055,0.,0.055,0.03,0.,0.03,0.054,0.,0.054,0.031,0.,0.031,0.055,0.,0.055,0.03,0.,0.03,0.,0.,0.,0.,0.,0.,0.,0.,0.,0.,0.,0.,0.,0.,0.,0.,0.,0.
864,0.03,0.,0.03,0.055,0.,0.055,0.03,0.,0.03,0.055,0.,0.055,0.032,0.,0.032,0.055,0.,0.055,0.031,0.,0.031,0.,0.,0.,0.,0.,0.,0.,0.,0.,0.,0.,0.,0.,0.,0.,0.,0.,0.
868,0.031,0.,0.031,0.056,0.,0.056,0.032,0.,0.032,0.055,0.,0.055,0.031,0.,0.031,0.055,0.,0.055,0.031,0.,0.031,0.,0.,0.,0.,0.,0.,0.,0.,0.,0.,0.,0.,0.,0.,0.,0.,0.,0.
872,0.032,0.,0.032,0.056,0.,0.056,0.031,0.,0.031,0.056,0.,0.056,0.031,0.,0.031,0.056,0.,0.056,0.032,0.,0.032,0.,0.,0.,0.,0.,0.,0.,0.,0.,0.,0.,0.,0.,0.,0.,0.,0.,0.
876,0.031,0.,0.031,0.056,0.,0.056,0.031,0.,0.031,0.056,0.,0.056,0.032,0.,0.032,0.056,0.,0.056,0.031,0.,0.031,0.,0.,0.,0.,0.,0.,0.,0.,0.,0.,0.,0.,0.,0.,0.,0.,0.,0.
880,0.031,0.,0.031,0.057,0.,0.057,0.032,0.,0.032,0.056,0.,0.056,0.032,0.,0.032,0.057,0.,0.057,0.032,0.,0.032,0.,0.,0.,0.,0.,0.,0.,0.,0.,0.,0.,0.,0.,0.,0.,0.,0.,0.
884,0.032,0.,0.032,0.057,0.002,0.054,0.032,0.,0.032,0.057,0.,0.057,0.032,0.,0.032,0.058,0.,0.057,0.032,0.,0.032,0.,0.,0.,0.,0.,0.,0.,0.,0.,0.,0.,0.,0.,0.,0.,0.,0.,0.
888,0.032,0.,0.032,0.058,0.,0.058,0.032,0.,0.032,0.058,0.,0.058,0.034,0.,0.034,0.057,0.,0.057,0.032,0.,0.032,0.,0.,0.,0.,0.,0.,0.,0.,0.,0.,0.,0.,0.,0.,0.,0.,0.,0.
892,0.032,0.,0.032,0.058,0.,0.058,0.033,0.,0.033,0.058,0.,0.058,0.033,0.,0.033,0.058,0.,0.058,0.032,0.,0.032,0.,0.,0.,0.,0.,0.,0.,0.,0.,0.,0.,0.,0.,0.,0.,0.,0.,0.
896,0.033,0.,0.033,0.058,0.,0.058,0.033,0.,0.033,0.058,0.,0.058,0.033,0.,0.033,0.059,0.,0.059,0.033,0.,0.033,0.,0.,0.,0.,0.,0.,0.,0.,0.,0.,0.,0.,0.,0.,0.,0.,0.,0.
900,0.033,0.,0.033,0.06,0.,0.06,0.034,0.,0.034,0.059,0.,0.059,0.033,0.,0.033,0.059,0.,0.059,0.033,0.,0.033,0.,0.,0.,0.,0.,0.,0.,0.,0.,0.,0.,0.,0.,0.,0.,0.,0.,0.
904,0.034,0.,0.034,0.059,0.,0.059,0.033,0.,0.033,0.059,0.,0.059,0.033,0.,0.033,0.06,0.,0.06,0.033,0.,0.033,0.,0.,0.,0.,0.,0.,0.,0.,0.,0.,0.,0.,0.,0.,0.,0.,0.,0.
908,0.033,0.,0.033,0.06,0.,0.06,0.033,0.,0.033,0.061,0.,0.061,0.034,0.,0.034,0.06,0.,0.06,0.034,0.,0.034,0.,0.,0.,0.,0.,0.,0.,0.,0.,0.,0.,0.,0.,0.,0.,0.,0.,0.
912,0.034,0.,0.034,0.06,0.,0.06,0.034,0.,0.034,0.06,0.,0.06,0.034,0.,0.034,0.061,0.,0.061,0.034,0.,0.034,0.,0.,0.,0.,0.,0.,0.,0.,0.,0.,0.,0.,0.,0.,0.,0.,0.,0.
916,0.034,0.,0.034,0.061,0.,0.061,0.034,0.,0.034,0.061,0.,0.061,0.035,0.,0.035,0.061,0.,0.061,0.034,0.,0.034,0.,0.,0.,0.,0.,0.,0.,0.,0.,0.001,0.,0.001,0.,0.,0.,0.,0.,0.
920,0.035,0.,0.035,0.061,0.,0.061,0.034,0.,0.034,0.061,0.,0.061,0.034,0.,0.034,0.062,0.,0.062,0.034,0.,0.034,0.,0.,0.,0.,0.,0.,0.,0.,0.,0.,0.,0.,0.,0.,0.,0.,0.,0.
924,0.034,0.,0.034,0.062,0.,0.062,0.034,0.,0.034,0.062,0.,0.062,0.035,0.,0.035,0.062,0.,0.062,0.035,0.,0.035,0.,0.,0.,0.,0.,0.,0.,0.,0.,0.,0.,0.,0.,0.,0.,0.,0.,0.
928,0.035,0.,0.035,0.062,0.,0.062,0.035,0.,0.035,0.062,0.,0.062,0.035,0.,0.035,0.063,0.,0.063,0.035,0.,0.035,0.,0.,0.,0.,0.,0.,0.,0.,0.,0.,0.,0.,0.,0.,0.,0.,0.,0.
932,0.035,0.,0.035,0.063,0.,0.063,0.035,0.,0.035,0.063,0.,0.063,0.036,0.,0.036,0.063,0.,0.063,0.035,0.003,0.031,0.,0.,0.,0.,0.,0.,0.,0.,0.,0.,0.,0.,0.,0.,0.,0.,0.,0.
936,0.036,0.,0.036,0.063,0.,0.063,0.036,0.,0.036,0.063,0.,0.063,0.035,0.,0.035,0.064,0.,0.064,0.036,0.,0.036,0.,0.,0.,0.,0.,0.,0.,0.,0.,0.,0.,0.,0.,0.,0.,0.,0.,0.
940,0.035,0.,0.035,0.064,0.,0.064,0.036,0.,0.036,0.064,0.,0.064,0.035,0.,0.035,0.064,0.,0.064,0.036,0.,0.036,0.,0.,0.,0.,0.,0.,0.,0.,0.,0.,0.,0.,0.,0.,0.,0.,0.,0.
944,0.035,0.,0.035,0.064,0.,0.064,0.036,0.,0.036,0.065,0.,0.065,0.037,0.,0.037,0.064,0.,0.064,0.036,0.,0.036,0.,0.,0.,0.,0.,0.,0.,0.,0.,0.,0.,0.,0.,0.,0.,0.,0.,0.
948,0.037,0.,0.037,0.065,0.,0.065,0.036,0.,0.036,0.065,0.,0.065,0.036,0.,0.036,0.065,0.,0.065,0.037,0.,0.037,0.,0.,0.,0.,0.,0.,0.,0.,0.,0.,0.,0.,0.,0.,0.,0.,0.,0.
952,0.036,0.,0.036,0.065,0.,0.065,0.038,0.,0.038,0.065,0.,0.065,0.036,0.,0.036,0.065,0.,0.065,0.037,0.,0.036,0.,0.,0.,0.,0.,0.,0.,0.,0.,0.,0.,0.,0.,0.,0.,0.,0.,0.
956,0.037,0.,0.037,0.066,0.,0.066,0.037,0.,0.037,0.066,0.,0.066,0.037,0.,0.037,0.066,0.,0.066,0.036,0.,0.036,0.,0.,0.,0.,0.,0.,0.,0.,0.,0.,0.,0.,0.,0.,0.,0.,0.,0.
960,0.038,0.,0.038,0.066,0.,0.066,0.037,0.,0.037,0.066,0.,0.066,0.037,0.,0.037,0.067,0.,0.067,0.037,0.,0.037,0.,0.,0.,0.,0.,0.,0.,0.,0.,0.,0.,0.,0.,0.,0.,0.,0.,0.
964,0.037,0.,0.037,0.067,0.,0.067,0.038,0.,0.038,0.067,0.,0.067,0.037,0.,0.037,0.067,0.,0.067,0.038,0.,0.038,0.,0.,0.,0.,0.,0.,0.,0.,0.,0.,0.,0.,0.,0.,0.,0.,0.,0.
968,0.037,0.,0.037,0.067,0.,0.067,0.037,0.,0.037,0.068,0.,0.068,0.038,0.,0.038,0.068,0.,0.068,0.038,0.,0.038,0.,0.,0.,0.,0.,0.,0.,0.,0.,0.,0.,0.,0.,0.,0.,0.,0.,0.
972,0.038,0.,0.038,0.068,0.,0.068,0.038,0.,0.038,0.068,0.,0.068,0.038,0.,0.038,0.068,0.,0.068,0.039,0.,0.039,0.,0.,0.,0.,0.,0.,0.,0.,0.,0.,0.,0.,0.,0.,0.,0.,0.,0.
976,0.038,0.,0.038,0.068,0.,0.068,0.039,0.,0.039,0.068,0.,0.068,0.038,0.,0.038,0.069,0.,0.069,0.038,0.,0.038,0.,0.,0.,0.,0.,0.,0.,0.,0.,0.,0.,0.,0.,0.,0.,0.,0.,0.
980,0.038,0.,0.038,0.069,0.,0.069,0.039,0.,0.039,0.069,0.,0.069,0.039,0.,0.039,0.069,0.,0.069,0.038,0.,0.038,0.,0.,0.,0.,0.,0.,0.,0.,0.,0.,0.,0.,0.,0.,0.,0.,0.,0.
984,0.038,0.,0.038,0.07,0.,0.07,0.039,0.,0.039,0.069,0.,0.069,0.039,0.,0.039,0.069,0.,0.069,0.039,0.,0.039,0.,0.,0.,0.,0.,0.,0.,0.,0.,0.,0.,0.,0.,0.,0.,0.,0.,0.
988,0.039,0.,0.039,0.07,0.,0.07,0.039,0.,0.039,0.07,0.,0.07,0.04,0.,0.04,0.07,0.,0.07,0.039,0.,0.039,0.,0.,0.,0.,0.,0.,0.,0.,0.,0.,0.,0.,0.,0.,0.,0.,0.,0.
992,0.041,0.,0.041,0.071,0.,0.071,0.039,0.,0.039,0.07,0.,0.07,0.039,0.,0.039,0.071,0.,0.071,0.04,0.,0.04,0.,0.,0.,0.,0.,0.,0.,0.,0.,0.,0.,0.,0.,0.,0.,0.,0.,0.
996,0.039,0.,0.039,0.071,0.,0.071,0.039,0.,0.039,0.071,0.,0.071,0.04,0.,0.04,0.071,0.,0.071,0.041,0.,0.041,0.,0.,0.,0.,0.,0.,0.,0.,0.,0.,0.,0.,0.,0.,0.,0.,0.,0.
1000,0.04,0.,0.04,0.072,0.,0.072,0.04,0.,0.04,0.071,0.,0.071,0.04,0.,0.04,0.071,0.,0.071,0.041,0.,0.041,0.,0.,0.,0.,0.,0.,0.,0.,0.,0.,0.,0.,0.,0.,0.,0.,0.,0.
1100,0.047,0.,0.047,0.085,0.,0.085,0.049,0.,0.049,0.085,0.,0.085,0.048,0.,0.048,0.085,0.,0.085,0.048,0.,0.048,0.001,0.,0.001,0.,0.,0.,0.,0.,0.,0.,0.,0.,0.,0.,0.,0.,0.,0.
1200,0.055,0.,0.055,0.1,0.,0.1,0.057,0.,0.057,0.1,0.,0.1,0.057,0.,0.057,0.1,0.,0.1,0.055,0.,0.055,0.001,0.,0.001,0.,0.,0.,0.,0.,0.,0.,0.,0.,0.,0.,0.,0.,0.,0.
1300,0.065,0.,0.065,0.116,0.,0.116,0.065,0.,0.065,0.116,0.,0.116,0.065,0.,0.065,0.115,0.,0.115,0.064,0.,0.064,0.001,0.,0.001,0.001,0.,0.001,0.,0.,0.,0.,0.,0.,0.,0.,0.,0.,0.,0.
1400,0.076,0.,0.076,0.133,0.,0.133,0.074,0.,0.074,0.133,0.,0.133,0.074,0.,0.074,0.133,0.,0.133,0.073,0.,0.073,0.001,0.,0.001,0.001,0.,0.001,0.001,0.,0.001,0.,0.,0.,0.,0.,0.,0.,0.,0.
1500,0.084,0.,0.084,0.15,0.,0.15,0.085,0.,0.085,0.152,0.003,0.148,0.084,0.,0.084,0.151,0.,0.151,0.083,0.,0.083,0.001,0.,0.001,0.001,0.,0.001,0.001,0.,0.001,0.,0.,0.,0.001,0.,0.001,0.,0.,0.
1600,0.095,0.,0.095,0.17,0.,0.17,0.095,0.,0.095,0.17,0.,0.17,0.094,0.,0.094,0.17,0.,0.17,0.094,0.,0.094,0.001,0.,0.001,0.001,0.,0.001,0.001,0.,0.001,0.001,0.,0.001,0.,0.,0.,0.,0.,0.
1700,0.108,0.,0.108,0.19,0.,0.19,0.106,0.,0.106,0.191,0.,0.191,0.106,0.,0.106,0.191,0.,0.191,0.106,0.,0.106,0.001,0.,0.001,0.001,0.,0.001,0.001,0.,0.001,0.001,0.,0.001,0.001,0.,0.001,0.,0.,0.
1800,0.118,0.,0.118,0.212,0.,0.212,0.119,0.,0.119,0.213,0.,0.213,0.118,0.,0.118,0.212,0.,0.212,0.118,0.,0.118,0.001,0.,0.001,0.001,0.,0.001,0.001,0.,0.001,0.001,0.,0.001,0.001,0.,0.001,0.001,0.,0.001
1900,0.132,0.,0.132,0.234,0.,0.234,0.13,0.,0.13,0.235,0.,0.235,0.13,0.,0.13,0.234,0.,0.234,0.13,0.,0.13,0.001,0.,0.001,0.001,0.,0.001,0.001,0.,0.001,0.001,0.,0.001,0.001,0.,0.001,0.001,0.,0.001
2000,0.146,0.,0.146,0.259,0.,0.259,0.144,0.,0.144,0.258,0.,0.258,0.144,0.,0.144,0.259,0.,0.259,0.143,0.,0.143,0.001,0.,0.001,0.001,0.,0.001,0.001,0.,0.001,0.001,0.,0.001,0.001,0.,0.001,0.001,0.,0.001
2100,0.16,0.,0.16,0.284,0.,0.284,0.157,0.,0.157,0.284,0.,0.284,0.156,0.,0.156,0.284,0.,0.284,0.157,0.,0.157,0.001,0.,0.001,0.001,0.,0.001,0.001,0.,0.001,0.001,0.,0.001,0.001,0.,0.001,0.001,0.,0.001
2200,0.174,0.,0.174,0.311,0.,0.311,0.172,0.,0.172,0.311,0.,0.311,0.172,0.,0.172,0.311,0.,0.311,0.171,0.,0.171,0.001,0.,0.001,0.001,0.,0.001,0.001,0.,0.001,0.001,0.,0.001,0.001,0.,0.001,0.001,0.,0.001
2300,0.189,0.,0.189,0.339,0.,0.338,0.186,0.,0.186,0.338,0.,0.338,0.187,0.,0.187,0.338,0.,0.338,0.186,0.,0.186,0.001,0.,0.001,0.001,0.,0.001,0.001,0.,0.001,0.001,0.,0.001,0.001,0.,0.001,0.001,0.,0.001
2400,0.208,0.,0.208,0.366,0.,0.366,0.202,0.,0.202,0.366,0.,0.366,0.202,0.,0.202,0.367,0.003,0.363,0.202,0.,0.202,0.001,0.,0.001,0.001,0.,0.001,0.001,0.,0.001,0.001,0.,0.001,0.001,0.,0.001,0.001,0.,0.001
2500,0.224,0.,0.223,0.395,0.,0.395,0.218,0.,0.218,0.396,0.003,0.392,0.218,0.,0.218,0.396,0.,0.396,0.218,0.,0.218,0.001,0.,0.001,0.001,0.,0.001,0.001,0.,0.001,0.001,0.,0.001,0.001,0.,0.001,0.001,0.,0.001
2600,0.239,0.,0.239,0.427,0.,0.427,0.235,0.,0.235,0.428,0.,0.428,0.235,0.,0.235,0.428,0.,0.428,0.235,0.,0.235,0.001,0.,0.001,0.001,0.,0.001,0.001,0.,0.001,0.001,0.,0.001,0.001,0.,0.001,0.001,0.,0.001
2700,0.257,0.,0.257,0.459,0.,0.459,0.254,0.,0.254,0.459,0.,0.459,0.253,0.,0.253,0.46,0.,0.46,0.254,0.,0.254,0.001,0.,0.001,0.001,0.,0.001,0.001,0.,0.001,0.001,0.,0.001,0.001,0.,0.001,0.001,0.,0.001
2800,0.274,0.,0.274,0.491,0.,0.491,0.271,0.,0.27,0.492,0.,0.492,0.271,0.,0.271,0.493,0.,0.493,0.271,0.,0.271,0.001,0.,0.001,0.001,0.,0.001,0.001,0.,0.001,0.001,0.,0.001,0.001,0.,0.001,0.001,0.,0.001
2900,0.293,0.,0.293,0.528,0.,0.527,0.29,0.,0.29,0.528,0.,0.528,0.291,0.,0.291,0.527,0.,0.527,0.291,0.,0.291,0.001,0.,0.001,0.001,0.,0.001,0.001,0.,0.001,0.001,0.,0.001,0.001,0.,0.001,0.001,0.,0.001
3000,0.313,0.,0.313,0.562,0.,0.562,0.309,0.,0.309,0.562,0.,0.562,0.309,0.,0.309,0.562,0.,0.562,0.309,0.,0.309,0.001,0.,0.001,0.001,0.,0.001,0.001,0.,0.001,0.001,0.,0.001,0.001,0.,0.001,0.001,0.,0.001
3100,0.333,0.003,0.329,0.601,0.,0.601,0.329,0.,0.329,0.6,0.,0.6,0.329,0.,0.329,0.608,0.,0.605,0.33,0.,0.33,0.001,0.,0.001,0.001,0.,0.001,0.001,0.,0.001,0.001,0.,0.001,0.001,0.,0.001,0.001,0.,0.001
3200,0.354,0.,0.354,0.637,0.,0.637,0.351,0.,0.351,0.638,0.,0.638,0.351,0.,0.351,0.639,0.003,0.635,0.351,0.,0.351,0.001,0.,0.001,0.001,0.,0.001,0.001,0.,0.001,0.001,0.,0.001,0.001,0.,0.001,0.001,0.,0.001
3300,0.377,0.,0.377,0.676,0.,0.676,0.372,0.,0.372,0.676,0.,0.676,0.373,0.,0.373,0.677,0.,0.677,0.372,0.,0.372,0.001,0.,0.001,0.001,0.,0.001,0.001,0.,0.001,0.001,0.,0.001,0.001,0.,0.001,0.001,0.,0.001
3400,0.399,0.,0.399,0.722,0.,0.722,0.395,0.,0.395,0.722,0.,0.722,0.395,0.,0.395,0.722,0.003,0.718,0.394,0.,0.394,0.001,0.,0.001,0.001,0.,0.001,0.001,0.,0.001,0.001,0.,0.001,0.001,0.,0.001,0.001,0.,0.001
3500,0.421,0.,0.421,0.763,0.,0.763,0.416,0.,0.416,0.763,0.,0.763,0.415,0.,0.415,0.763,0.,0.763,0.415,0.,0.415,0.001,0.,0.001,0.002,0.,0.002,0.001,0.,0.001,0.001,0.,0.001,0.001,0.,0.001,0.001,0.,0.001
3600,0.443,0.,0.442,0.803,0.,0.803,0.44,0.,0.44,0.803,0.,0.803,0.441,0.,0.441,0.804,0.,0.804,0.44,0.,0.44,0.002,0.,0.002,0.001,0.,0.001,0.001,0.,0.001,0.001,0.,0.001,0.001,0.,0.001,0.001,0.,0.001
3700,0.468,0.,0.468,0.852,0.,0.852,0.465,0.,0.465,0.853,0.,0.853,0.465,0.,0.465,0.852,0.,0.852,0.465,0.,0.465,0.002,0.,0.002,0.002,0.,0.002,0.001,0.,0.001,0.001,0.,0.001,0.001,0.,0.001,0.001,0.,0.001
3800,0.492,0.,0.491,0.895,0.,0.895,0.49,0.003,0.486,0.894,0.,0.894,0.488,0.,0.488,0.894,0.,0.894,0.489,0.,0.488,0.002,0.,0.002,0.002,0.,0.002,0.001,0.,0.001,0.001,0.,0.001,0.001,0.,0.001,0.001,0.,0.001
3900,0.52,0.003,0.515,0.949,0.,0.949,0.513,0.,0.513,0.949,0.,0.948,0.515,0.,0.514,0.949,0.,0.949,0.516,0.,0.515,0.002,0.,0.002,0.002,0.,0.002,0.001,0.,0.001,0.001,0.,0.001,0.001,0.,0.001,0.001,0.,0.001
4000,0.548,0.,0.548,0.996,0.,0.996,0.54,0.,0.54,0.996,0.,0.996,0.54,0.,0.54,0.997,0.,0.997,0.54,0.,0.54,0.002,0.,0.002,0.002,0.,0.002,0.002,0.,0.002,0.001,0.,0.001,0.001,0.,0.001,0.001,0.,0.001
4100,0.568,0.,0.568,1.042,0.,1.042,0.564,0.,0.564,1.042,0.,1.041,0.564,0.,0.564,1.041,0.,1.041,0.566,0.003,0.562,0.002,0.,0.002,0.002,0.,0.002,0.002,0.,0.001,0.001,0.,0.001,0.001,0.,0.001,0.001,0.,0.001
4200,0.595,0.003,0.591,1.095,0.,1.095,0.593,0.,0.593,1.096,0.,1.095,0.591,0.,0.591,1.095,0.,1.095,0.594,0.,0.593,0.002,0.,0.002,0.002,0.,0.002,0.002,0.,0.002,0.001,0.,0.001,0.001,0.,0.001,0.001,0.,0.001
4300,0.623,0.,0.623,1.146,0.,1.146,0.622,0.,0.621,1.148,0.,1.148,0.62,0.,0.62,1.147,0.,1.147,0.62,0.,0.62,0.002,0.,0.002,0.002,0.,0.002,0.002,0.,0.002,0.002,0.,0.002,0.002,0.,0.001,0.001,0.,0.001
4400,0.651,0.003,0.647,1.203,0.,1.203,0.649,0.,0.649,1.212,0.,1.209,0.65,0.,0.65,1.205,0.,1.205,0.649,0.,0.649,0.002,0.,0.002,0.002,0.,0.002,0.002,0.,0.002,0.002,0.,0.002,0.002,0.,0.002,0.001,0.,0.001
4500,0.683,0.,0.683,1.254,0.,1.253,0.678,0.,0.678,1.254,0.,1.254,0.678,0.,0.678,1.251,0.,1.251,0.678,0.,0.678,0.002,0.,0.002,0.002,0.,0.002,0.002,0.,0.002,0.002,0.,0.002,0.002,0.,0.002,0.002,0.,0.002
4600,0.713,0.,0.713,1.323,0.,1.323,0.71,0.,0.71,1.321,0.,1.321,0.711,0.,0.711,1.319,0.,1.319,0.713,0.,0.713,0.002,0.,0.002,0.002,0.,0.002,0.002,0.,0.002,0.002,0.,0.002,0.002,0.,0.002,0.002,0.,0.002
4700,0.742,0.,0.742,1.368,0.,1.368,0.738,0.,0.738,1.368,0.,1.368,0.74,0.,0.739,1.369,0.,1.369,0.74,0.003,0.735,0.002,0.,0.002,0.002,0.,0.002,0.002,0.,0.002,0.002,0.,0.002,0.002,0.,0.002,0.002,0.,0.002
4800,0.771,0.,0.771,1.427,0.,1.427,0.77,0.,0.77,1.425,0.,1.425,0.768,0.,0.768,1.43,0.,1.43,0.767,0.,0.767,0.002,0.,0.002,0.002,0.,0.002,0.002,0.,0.002,0.002,0.,0.002,0.002,0.,0.002,0.002,0.,0.002
4900,0.807,0.,0.807,1.5,0.,1.5,0.807,0.,0.807,1.499,0.,1.499,0.806,0.,0.806,1.499,0.,1.499,0.81,0.,0.806,0.002,0.,0.002,0.002,0.,0.002,0.002,0.,0.002,0.002,0.,0.002,0.002,0.,0.002,0.002,0.,0.002
5000,0.837,0.,0.837,1.551,0.,1.551,0.836,0.,0.836,1.552,0.,1.552,0.835,0.,0.834,1.553,0.,1.553,0.834,0.,0.834,0.002,0.,0.002,0.002,0.,0.002,0.002,0.,0.002,0.002,0.,0.002,0.002,0.,0.002,0.002,0.,0.002
5500,1.024,0.,1.024,1.892,0.,1.891,1.021,0.,1.021,1.89,0.,1.89,1.021,0.,1.021,1.893,0.,1.893,1.02,0.,1.02,0.002,0.,0.002,0.002,0.,0.002,0.002,0.,0.002,0.003,0.,0.003,0.002,0.,0.002,0.002,0.,0.002
6000,1.222,0.,1.222,2.248,0.,2.248,1.217,0.,1.217,2.252,0.,2.249,1.219,0.,1.219,2.248,0.,2.248,1.228,0.,1.225,0.002,0.,0.002,0.002,0.,0.002,0.002,0.,0.002,0.002,0.,0.002,0.002,0.,0.002,0.002,0.,0.002
6500,1.441,0.,1.441,2.632,0.,2.632,1.427,0.,1.427,2.628,0.,2.628,1.427,0.,1.427,2.628,0.,2.628,1.43,0.,1.43,0.003,0.,0.003,0.003,0.,0.003,0.002,0.,0.002,0.002,0.,0.002,0.002,0.,0.002,0.002,0.,0.002
7000,1.671,0.,1.67,3.062,0.,3.061,1.666,0.,1.666,3.064,0.,3.061,1.664,0.,1.664,3.059,0.,3.059,1.662,0.,1.662,0.003,0.,0.003,0.003,0.,0.003,0.003,0.,0.003,0.003,0.,0.003,0.003,0.,0.002,0.002,0.,0.002
7500,1.918,0.,1.917,3.497,0.,3.497,1.907,0.,1.907,3.497,0.,3.497,1.907,0.003,1.903,3.497,0.,3.497,1.905,0.004,1.901,0.003,0.,0.003,0.003,0.,0.003,0.003,0.,0.003,0.003,0.,0.003,0.003,0.,0.003,0.003,0.,0.003
8000,2.178,0.,2.177,3.985,0.,3.985,2.164,0.,2.164,3.988,0.,3.987,2.176,0.,2.173,3.989,0.,3.988,2.169,0.,2.169,0.003,0.,0.003,0.003,0.,0.003,0.003,0.,0.003,0.003,0.,0.003,0.003,0.,0.003,0.003,0.,0.003
8500,2.455,0.,2.455,4.494,0.,4.494,2.444,0.,2.444,4.495,0.,4.495,2.451,0.,2.451,4.496,0.,4.496,2.451,0.,2.451,0.003,0.,0.003,0.003,0.,0.003,0.003,0.,0.003,0.003,0.,0.003,0.003,0.,0.003,0.003,0.,0.003
9000,2.745,0.,2.745,5.035,0.,5.035,2.74,0.,2.74,5.043,0.004,5.037,2.735,0.,2.735,5.038,0.,5.037,2.739,0.,2.739,0.004,0.,0.004,0.004,0.,0.004,0.003,0.,0.003,0.003,0.,0.003,0.003,0.,0.003,0.003,0.,0.003
9500,3.058,0.,3.058,5.616,0.,5.616,3.048,0.,3.048,5.615,0.,5.614,3.055,0.,3.055,5.612,0.,5.611,3.058,0.,3.058,0.004,0.,0.004,0.004,0.,0.004,0.004,0.,0.004,0.003,0.,0.003,0.003,0.,0.003,0.003,0.,0.003
10000,3.401,0.,3.401,6.201,0.,6.201,3.396,0.,3.396,6.209,0.,6.206,3.397,0.,3.397,6.204,0.,6.203,3.385,0.,3.384,0.004,0.,0.004,0.004,0.,0.004,0.004,0.,0.004,0.004,0.,0.004,0.004,0.,0.004,0.004,0.,0.004