param-n,abstract+autorewrite-regression-quadratic-real,abstract+autorewrite-regression-quadratic-sys,abstract+autorewrite-regression-quadratic-user,abstract+rewrite!-regression-quadratic-real,abstract+rewrite!-regression-quadratic-sys,abstract+rewrite!-regression-quadratic-user,autorewrite-noop-regression-linear-real,autorewrite-noop-regression-linear-sys,autorewrite-noop-regression-linear-user,autorewrite-regression-quadratic-real,autorewrite-regression-quadratic-sys,autorewrite-regression-quadratic-user,close-abstract+autorewrite-regression-quadratic-real,close-abstract+autorewrite-regression-quadratic-sys,close-abstract+autorewrite-regression-quadratic-user,close-abstract+rewrite!-regression-quadratic-real,close-abstract+rewrite!-regression-quadratic-sys,close-abstract+rewrite!-regression-quadratic-user,rewrite!-regression-quadratic-real,rewrite!-regression-quadratic-sys,rewrite!-regression-quadratic-user,rewrite?-noop-regression-linear-real,rewrite?-noop-regression-linear-sys,rewrite?-noop-regression-linear-user
1,0.,0.,0.,0.,0.,0.,0.,0.,0.,0.,0.,0.,0.,0.,0.,0.,0.,0.,0.,0.,0.,0.,0.,0.
2,0.001,0.,0.001,0.001,0.,0.001,0.,0.,0.,0.,0.,0.,0.,0.,0.,0.,0.,0.,0.,0.,0.,0.,0.,0.
3,0.001,0.,0.001,0.001,0.,0.001,0.,0.,0.,0.001,0.,0.001,0.,0.,0.,0.,0.,0.,0.,0.,0.,0.,0.,0.
4,0.002,0.,0.001,0.001,0.,0.001,0.,0.,0.,0.001,0.,0.,0.,0.,0.,0.,0.,0.,0.001,0.,0.,0.,0.,0.
5,0.002,0.,0.002,0.001,0.001,0.,0.,0.,0.,0.001,0.,0.001,0.,0.,0.,0.,0.,0.,0.001,0.001,0.,0.,0.,0.
6,0.002,0.,0.002,0.002,0.002,0.,0.,0.,0.,0.001,0.,0.001,0.,0.,0.,0.001,0.001,0.,0.001,0.001,0.,0.,0.,0.
7,0.003,0.,0.003,0.003,0.,0.002,0.,0.,0.,0.002,0.,0.002,0.,0.,0.,0.,0.,0.,0.002,0.,0.001,0.,0.,0.
8,0.004,0.,0.004,0.003,0.,0.003,0.,0.,0.,0.002,0.,0.002,0.001,0.,0.001,0.001,0.,0.001,0.002,0.,0.002,0.,0.,0.
9,0.005,0.,0.005,0.004,0.,0.004,0.,0.,0.,0.003,0.,0.003,0.001,0.,0.001,0.001,0.,0.001,0.002,0.,0.002,0.,0.,0.
10,0.054,0.,0.054,0.005,0.,0.005,0.,0.,0.,0.003,0.,0.003,0.05,0.,0.05,0.001,0.,0.001,0.003,0.,0.002,0.,0.,0.
11,0.004,0.,0.004,0.055,0.003,0.051,0.,0.,0.,0.002,0.,0.002,0.001,0.,0.001,0.001,0.,0.001,0.053,0.003,0.049,0.,0.,0.
12,0.004,0.,0.004,0.004,0.,0.004,0.,0.,0.,0.002,0.,0.002,0.001,0.,0.001,0.001,0.,0.001,0.002,0.,0.002,0.,0.,0.
13,0.005,0.,0.005,0.004,0.,0.004,0.,0.,0.,0.003,0.,0.003,0.001,0.,0.001,0.001,0.,0.001,0.002,0.,0.002,0.,0.,0.
14,0.005,0.,0.005,0.005,0.,0.005,0.,0.,0.,0.003,0.,0.003,0.001,0.,0.001,0.001,0.,0.001,0.003,0.,0.003,0.,0.,0.
15,0.006,0.,0.006,0.006,0.,0.006,0.,0.,0.,0.003,0.,0.003,0.002,0.,0.002,0.002,0.,0.002,0.003,0.,0.003,0.,0.,0.
16,0.007,0.,0.007,0.006,0.,0.006,0.,0.,0.,0.004,0.,0.004,0.002,0.,0.002,0.002,0.,0.002,0.003,0.,0.003,0.,0.,0.
17,0.007,0.,0.007,0.007,0.,0.007,0.,0.,0.,0.004,0.,0.004,0.002,0.,0.002,0.002,0.,0.002,0.004,0.,0.004,0.,0.,0.
18,0.008,0.,0.008,0.008,0.,0.008,0.,0.,0.,0.005,0.,0.005,0.002,0.,0.002,0.002,0.,0.002,0.004,0.,0.004,0.,0.,0.
19,0.009,0.,0.009,0.011,0.,0.011,0.,0.,0.,0.005,0.,0.005,0.003,0.,0.003,0.003,0.,0.003,0.007,0.,0.007,0.,0.,0.
20,0.009,0.,0.009,0.009,0.,0.009,0.,0.,0.,0.005,0.,0.005,0.003,0.,0.003,0.003,0.,0.003,0.005,0.,0.005,0.,0.,0.
21,0.01,0.,0.01,0.01,0.,0.01,0.,0.,0.,0.006,0.,0.006,0.003,0.,0.003,0.003,0.,0.003,0.006,0.,0.006,0.,0.,0.
22,0.011,0.,0.011,0.011,0.,0.011,0.,0.,0.,0.006,0.,0.006,0.004,0.,0.004,0.004,0.,0.004,0.006,0.,0.006,0.,0.,0.
23,0.014,0.,0.014,0.012,0.,0.012,0.,0.,0.,0.008,0.,0.008,0.004,0.,0.004,0.004,0.,0.004,0.007,0.,0.007,0.,0.,0.
24,0.013,0.,0.013,0.015,0.,0.015,0.,0.,0.,0.008,0.,0.008,0.004,0.,0.004,0.004,0.,0.004,0.01,0.,0.01,0.,0.,0.
25,0.014,0.,0.014,0.014,0.,0.014,0.,0.,0.,0.008,0.,0.008,0.005,0.,0.005,0.005,0.,0.005,0.008,0.,0.008,0.,0.,0.
26,0.015,0.,0.015,0.015,0.,0.015,0.,0.,0.,0.009,0.,0.009,0.006,0.,0.006,0.005,0.,0.005,0.008,0.,0.008,0.,0.,0.
27,0.017,0.,0.017,0.017,0.,0.017,0.,0.,0.,0.01,0.,0.01,0.005,0.,0.005,0.005,0.,0.005,0.01,0.,0.01,0.,0.,0.
28,0.017,0.,0.017,0.017,0.,0.017,0.,0.,0.,0.01,0.,0.01,0.006,0.,0.006,0.006,0.,0.006,0.01,0.,0.01,0.,0.,0.
29,0.022,0.,0.022,0.018,0.,0.018,0.,0.,0.,0.011,0.,0.011,0.01,0.,0.01,0.006,0.,0.006,0.01,0.,0.01,0.,0.,0.
30,0.02,0.,0.02,0.022,0.,0.022,0.,0.,0.,0.012,0.,0.012,0.007,0.,0.007,0.007,0.,0.007,0.014,0.,0.014,0.,0.,0.
31,0.02,0.,0.02,0.02,0.,0.02,0.,0.,0.,0.012,0.,0.012,0.007,0.,0.007,0.007,0.,0.007,0.011,0.,0.011,0.,0.,0.
32,0.023,0.003,0.019,0.022,0.,0.022,0.,0.,0.,0.014,0.002,0.011,0.007,0.,0.007,0.009,0.,0.009,0.012,0.,0.012,0.,0.,0.
33,0.023,0.,0.023,0.022,0.,0.022,0.,0.,0.,0.013,0.,0.013,0.008,0.,0.008,0.008,0.,0.008,0.013,0.,0.013,0.,0.,0.
34,0.027,0.,0.027,0.024,0.,0.024,0.,0.,0.,0.017,0.,0.017,0.009,0.,0.009,0.009,0.,0.009,0.014,0.,0.014,0.,0.,0.
35,0.025,0.,0.025,0.027,0.,0.027,0.,0.,0.,0.015,0.,0.015,0.009,0.,0.009,0.01,0.,0.01,0.016,0.,0.016,0.,0.,0.
36,0.028,0.,0.028,0.026,0.,0.026,0.,0.,0.,0.017,0.,0.017,0.009,0.,0.009,0.01,0.,0.01,0.015,0.,0.015,0.,0.,0.
37,0.028,0.,0.028,0.028,0.,0.028,0.,0.,0.,0.016,0.,0.016,0.01,0.,0.01,0.01,0.,0.01,0.016,0.,0.016,0.,0.,0.
38,0.032,0.,0.032,0.03,0.,0.03,0.,0.,0.,0.02,0.,0.02,0.011,0.,0.011,0.012,0.,0.012,0.017,0.,0.017,0.,0.,0.
39,0.031,0.,0.031,0.031,0.,0.031,0.,0.,0.,0.018,0.,0.018,0.012,0.,0.012,0.012,0.,0.012,0.018,0.,0.018,0.,0.,0.
40,0.032,0.,0.032,0.033,0.,0.033,0.,0.,0.,0.019,0.,0.019,0.012,0.,0.012,0.012,0.,0.012,0.02,0.,0.02,0.,0.,0.
41,0.035,0.,0.035,0.036,0.,0.036,0.,0.,0.,0.021,0.,0.021,0.013,0.,0.013,0.015,0.,0.015,0.019,0.,0.019,0.,0.,0.
42,0.036,0.,0.036,0.035,0.,0.035,0.,0.,0.,0.02,0.,0.02,0.015,0.,0.015,0.013,0.,0.013,0.02,0.,0.02,0.,0.,0.
43,0.036,0.,0.036,0.038,0.002,0.035,0.,0.,0.,0.021,0.,0.021,0.014,0.,0.014,0.014,0.,0.013,0.023,0.002,0.02,0.,0.,0.
44,0.04,0.,0.04,0.04,0.,0.04,0.,0.,0.,0.024,0.,0.024,0.014,0.,0.014,0.017,0.,0.017,0.022,0.,0.022,0.,0.,0.
45,0.041,0.,0.041,0.04,0.,0.04,0.,0.,0.,0.025,0.,0.025,0.015,0.,0.015,0.016,0.,0.016,0.023,0.,0.023,0.,0.,0.
46,0.043,0.,0.043,0.042,0.,0.042,0.,0.,0.,0.024,0.,0.024,0.018,0.,0.018,0.016,0.,0.016,0.025,0.,0.025,0.,0.,0.
47,0.044,0.,0.044,0.044,0.,0.044,0.,0.,0.,0.025,0.,0.025,0.017,0.,0.017,0.016,0.,0.016,0.026,0.,0.026,0.,0.,0.
48,0.047,0.,0.047,0.046,0.,0.046,0.,0.,0.,0.026,0.,0.026,0.019,0.,0.019,0.017,0.,0.017,0.028,0.,0.028,0.,0.,0.
49,0.047,0.,0.047,0.048,0.,0.048,0.,0.,0.,0.027,0.,0.027,0.018,0.,0.018,0.018,0.,0.018,0.028,0.,0.028,0.,0.,0.
50,0.107,0.02,0.087,0.107,0.015,0.091,0.,0.,0.,0.088,0.02,0.068,0.017,0.,0.017,0.018,0.,0.017,0.088,0.015,0.073,0.,0.,0.
51,0.05,0.,0.05,0.051,0.,0.051,0.,0.,0.,0.029,0.,0.029,0.02,0.,0.02,0.019,0.,0.019,0.031,0.,0.031,0.,0.,0.
52,0.053,0.,0.053,0.054,0.003,0.05,0.,0.,0.,0.03,0.,0.03,0.021,0.,0.021,0.02,0.003,0.016,0.033,0.,0.033,0.,0.,0.
53,0.054,0.,0.054,0.055,0.,0.055,0.,0.,0.,0.031,0.,0.031,0.021,0.,0.021,0.02,0.,0.02,0.033,0.,0.033,0.,0.,0.
54,0.056,0.,0.056,0.057,0.,0.057,0.,0.,0.,0.032,0.,0.032,0.022,0.,0.022,0.021,0.,0.021,0.034,0.,0.034,0.,0.,0.
55,0.061,0.,0.061,0.059,0.,0.059,0.,0.,0.,0.036,0.,0.036,0.023,0.,0.023,0.022,0.,0.022,0.035,0.,0.035,0.,0.,0.
56,0.061,0.,0.061,0.063,0.,0.063,0.,0.,0.,0.037,0.,0.036,0.023,0.,0.023,0.024,0.,0.024,0.037,0.,0.037,0.,0.,0.
57,0.064,0.,0.064,0.063,0.,0.063,0.,0.,0.,0.038,0.,0.038,0.024,0.,0.024,0.026,0.,0.026,0.036,0.,0.036,0.,0.,0.
58,0.065,0.,0.065,0.065,0.,0.065,0.,0.,0.,0.038,0.,0.038,0.025,0.,0.025,0.024,0.,0.024,0.039,0.,0.039,0.,0.,0.
59,0.068,0.,0.068,0.069,0.,0.068,0.,0.,0.,0.041,0.,0.041,0.025,0.,0.025,0.026,0.,0.026,0.041,0.,0.041,0.,0.,0.
60,0.073,0.,0.073,0.068,0.,0.068,0.,0.,0.,0.044,0.,0.044,0.026,0.,0.026,0.027,0.,0.027,0.039,0.,0.039,0.,0.,0.
61,0.072,0.,0.072,0.073,0.,0.073,0.,0.,0.,0.042,0.,0.042,0.028,0.,0.028,0.027,0.,0.027,0.044,0.,0.044,0.,0.,0.
62,0.074,0.,0.074,0.077,0.,0.077,0.,0.,0.,0.045,0.,0.045,0.027,0.,0.027,0.03,0.,0.03,0.045,0.,0.045,0.,0.,0.
63,0.078,0.,0.078,0.076,0.,0.076,0.,0.,0.,0.046,0.,0.046,0.03,0.,0.03,0.029,0.,0.029,0.045,0.,0.045,0.,0.,0.
64,0.079,0.,0.079,0.08,0.,0.08,0.,0.,0.,0.047,0.,0.047,0.03,0.,0.03,0.032,0.,0.032,0.046,0.,0.046,0.,0.,0.
65,0.081,0.,0.081,0.081,0.,0.081,0.,0.,0.,0.047,0.,0.047,0.032,0.,0.032,0.03,0.,0.03,0.049,0.,0.049,0.,0.,0.
66,0.085,0.,0.085,0.085,0.,0.085,0.,0.,0.,0.05,0.,0.05,0.034,0.,0.034,0.033,0.,0.033,0.051,0.,0.051,0.,0.,0.
67,0.085,0.,0.085,0.088,0.003,0.084,0.,0.,0.,0.051,0.,0.051,0.032,0.,0.032,0.034,0.003,0.031,0.051,0.,0.051,0.,0.,0.
68,0.092,0.003,0.088,0.088,0.,0.088,0.,0.,0.,0.057,0.003,0.053,0.033,0.,0.033,0.034,0.,0.034,0.052,0.,0.052,0.,0.,0.
69,0.094,0.,0.094,0.09,0.,0.09,0.,0.,0.,0.056,0.,0.056,0.036,0.,0.036,0.035,0.,0.035,0.053,0.,0.053,0.,0.,0.
70,0.096,0.,0.096,0.094,0.,0.094,0.,0.,0.,0.056,0.,0.056,0.038,0.,0.038,0.037,0.,0.037,0.054,0.,0.054,0.,0.,0.
71,0.097,0.,0.097,0.097,0.,0.097,0.,0.,0.,0.057,0.,0.057,0.038,0.,0.038,0.039,0.,0.039,0.056,0.,0.056,0.,0.,0.
72,0.098,0.,0.098,0.101,0.,0.101,0.,0.,0.,0.057,0.,0.057,0.038,0.,0.038,0.04,0.,0.04,0.058,0.,0.058,0.,0.,0.
73,0.1,0.,0.1,0.103,0.,0.103,0.,0.,0.,0.058,0.,0.058,0.04,0.,0.04,0.042,0.,0.042,0.059,0.,0.059,0.,0.,0.
74,0.103,0.,0.103,0.107,0.,0.107,0.,0.,0.,0.06,0.,0.06,0.041,0.,0.041,0.043,0.,0.043,0.062,0.,0.062,0.,0.,0.
75,0.107,0.,0.107,0.108,0.,0.108,0.,0.,0.,0.062,0.,0.062,0.043,0.,0.043,0.044,0.,0.044,0.062,0.,0.062,0.,0.,0.
76,0.11,0.,0.11,0.111,0.,0.111,0.,0.,0.,0.064,0.,0.064,0.044,0.,0.044,0.045,0.,0.045,0.064,0.,0.064,0.,0.,0.
77,0.114,0.,0.114,0.117,0.,0.117,0.,0.,0.,0.067,0.,0.067,0.045,0.,0.045,0.044,0.,0.044,0.07,0.,0.07,0.,0.,0.
78,0.118,0.,0.118,0.115,0.,0.115,0.,0.,0.,0.072,0.,0.072,0.044,0.,0.044,0.045,0.,0.045,0.068,0.,0.068,0.,0.,0.
79,0.127,0.,0.127,0.121,0.,0.118,0.,0.,0.,0.075,0.,0.075,0.05,0.,0.05,0.05,0.,0.048,0.068,0.,0.068,0.,0.,0.
80,0.123,0.,0.123,0.123,0.,0.123,0.,0.,0.,0.071,0.,0.071,0.05,0.,0.05,0.049,0.,0.049,0.072,0.,0.072,0.001,0.,0.001
81,0.125,0.,0.125,0.132,0.,0.132,0.,0.,0.,0.074,0.,0.074,0.049,0.,0.049,0.053,0.,0.053,0.077,0.,0.077,0.,0.,0.
82,0.126,0.,0.126,0.129,0.,0.129,0.001,0.,0.001,0.073,0.,0.073,0.051,0.,0.051,0.052,0.,0.052,0.074,0.,0.074,0.001,0.,0.001
83,0.141,0.,0.141,0.13,0.,0.13,0.001,0.,0.001,0.081,0.,0.081,0.057,0.,0.057,0.051,0.,0.051,0.077,0.,0.077,0.001,0.,0.001
84,0.137,0.,0.137,0.134,0.,0.134,0.001,0.,0.001,0.078,0.,0.078,0.057,0.,0.057,0.054,0.,0.054,0.077,0.,0.077,0.001,0.,0.001
85,0.137,0.,0.137,0.146,0.003,0.142,0.001,0.,0.001,0.08,0.,0.08,0.054,0.,0.054,0.059,0.,0.059,0.085,0.003,0.081,0.001,0.,0.001
86,0.152,0.,0.152,0.141,0.,0.141,0.001,0.,0.001,0.088,0.,0.088,0.061,0.,0.061,0.056,0.,0.056,0.083,0.,0.083,0.001,0.,0.001
87,0.146,0.,0.146,0.152,0.,0.152,0.001,0.,0.001,0.088,0.,0.088,0.056,0.,0.056,0.062,0.,0.062,0.087,0.,0.087,0.001,0.,0.001
88,0.143,0.,0.143,0.148,0.,0.148,0.001,0.,0.001,0.082,0.,0.082,0.058,0.,0.058,0.062,0.,0.062,0.084,0.,0.084,0.001,0.,0.001
89,0.154,0.003,0.15,0.149,0.,0.149,0.001,0.,0.001,0.092,0.003,0.088,0.06,0.,0.06,0.06,0.,0.06,0.086,0.,0.086,0.001,0.,0.001
90,0.149,0.,0.149,0.157,0.,0.157,0.001,0.,0.001,0.087,0.,0.087,0.059,0.,0.059,0.06,0.,0.06,0.094,0.,0.094,0.001,0.,0.001
91,0.154,0.,0.154,0.152,0.,0.152,0.001,0.,0.001,0.092,0.,0.092,0.059,0.,0.059,0.06,0.,0.06,0.089,0.,0.089,0.001,0.,0.001
92,0.156,0.,0.156,0.157,0.,0.157,0.001,0.,0.001,0.091,0.,0.091,0.063,0.,0.063,0.061,0.,0.061,0.094,0.,0.094,0.001,0.,0.001
93,0.16,0.,0.16,0.162,0.003,0.158,0.001,0.,0.001,0.096,0.,0.096,0.062,0.,0.062,0.062,0.,0.062,0.097,0.003,0.093,0.001,0.,0.001
94,0.165,0.,0.165,0.163,0.007,0.155,0.001,0.,0.001,0.098,0.,0.098,0.064,0.,0.064,0.064,0.006,0.057,0.097,0.,0.097,0.001,0.001,0.
95,0.167,0.,0.167,0.168,0.,0.168,0.001,0.,0.001,0.098,0.,0.098,0.066,0.,0.066,0.065,0.,0.065,0.1,0.,0.1,0.001,0.,0.001
96,0.173,0.003,0.17,0.173,0.,0.173,0.001,0.,0.001,0.104,0.003,0.1,0.066,0.,0.066,0.066,0.,0.066,0.1,0.,0.1,0.006,0.,0.006
97,0.173,0.,0.173,0.173,0.,0.173,0.001,0.,0.001,0.104,0.,0.103,0.067,0.,0.067,0.068,0.,0.068,0.103,0.,0.103,0.001,0.,0.001
98,0.179,0.003,0.175,0.179,0.,0.179,0.001,0.,0.001,0.107,0.003,0.103,0.069,0.,0.069,0.07,0.,0.07,0.106,0.,0.106,0.001,0.,0.001
99,0.181,0.,0.181,0.181,0.003,0.177,0.001,0.,0.001,0.108,0.,0.108,0.07,0.,0.07,0.07,0.,0.07,0.108,0.003,0.104,0.001,0.,0.001
100,0.193,0.,0.193,0.193,0.,0.193,0.001,0.,0.001,0.111,0.,0.111,0.079,0.,0.079,0.078,0.,0.078,0.112,0.,0.112,0.001,0.,0.001
110,0.226,0.003,0.222,0.226,0.,0.226,0.001,0.,0.001,0.133,0.,0.133,0.09,0.003,0.086,0.088,0.,0.088,0.134,0.,0.134,0.001,0.,0.001
120,0.267,0.,0.267,0.268,0.,0.268,0.001,0.,0.001,0.159,0.,0.159,0.104,0.,0.104,0.105,0.,0.105,0.16,0.,0.16,0.001,0.,0.001
130,0.315,0.,0.315,0.316,0.,0.316,0.001,0.,0.001,0.189,0.,0.189,0.123,0.,0.123,0.123,0.,0.123,0.189,0.,0.189,0.001,0.,0.001
140,0.387,0.003,0.383,0.383,0.003,0.379,0.001,0.,0.001,0.222,0.003,0.218,0.161,0.,0.161,0.157,0.003,0.153,0.222,0.,0.222,0.001,0.,0.001
150,0.448,0.003,0.444,0.449,0.,0.449,0.002,0.,0.001,0.267,0.003,0.263,0.178,0.,0.178,0.179,0.,0.179,0.267,0.,0.266,0.002,0.,0.002
160,0.507,0.,0.507,0.51,0.004,0.506,0.002,0.,0.002,0.303,0.,0.303,0.2,0.,0.2,0.201,0.,0.201,0.305,0.003,0.301,0.002,0.,0.002
170,0.574,0.,0.574,0.581,0.,0.581,0.002,0.,0.002,0.342,0.,0.342,0.227,0.,0.227,0.233,0.,0.233,0.343,0.,0.343,0.002,0.,0.002
180,0.653,0.003,0.649,0.657,0.,0.657,0.002,0.,0.002,0.393,0.,0.393,0.255,0.003,0.251,0.261,0.,0.261,0.388,0.,0.388,0.006,0.,0.006
190,0.685,0.007,0.677,0.69,0.,0.69,0.002,0.,0.002,0.422,0.007,0.414,0.258,0.,0.258,0.259,0.,0.259,0.425,0.,0.425,0.004,0.,0.004
200,0.796,0.,0.796,0.799,0.003,0.795,0.003,0.,0.003,0.485,0.,0.484,0.307,0.,0.307,0.307,0.003,0.304,0.487,0.,0.487,0.003,0.,0.003
210,0.842,0.,0.842,0.848,0.,0.848,0.003,0.,0.003,0.514,0.,0.514,0.323,0.,0.323,0.323,0.,0.323,0.52,0.,0.52,0.003,0.,0.003
220,0.923,0.,0.923,0.93,0.003,0.926,0.003,0.,0.003,0.569,0.,0.569,0.349,0.,0.349,0.349,0.,0.349,0.575,0.003,0.571,0.003,0.,0.003
230,1.028,0.,1.028,1.032,0.,1.032,0.003,0.,0.003,0.622,0.,0.622,0.4,0.,0.4,0.399,0.,0.399,0.627,0.,0.627,0.003,0.,0.003
240,1.166,0.,1.166,1.173,0.,1.173,0.003,0.,0.003,0.708,0.,0.708,0.452,0.,0.452,0.45,0.,0.45,0.717,0.,0.717,0.003,0.,0.003
250,1.228,0.007,1.221,1.247,0.007,1.239,0.004,0.,0.004,0.779,0.007,0.771,0.444,0.,0.444,0.449,0.004,0.444,0.793,0.003,0.789,0.004,0.,0.004
260,1.366,0.,1.366,1.375,0.,1.375,0.004,0.,0.004,0.854,0.,0.854,0.506,0.,0.506,0.512,0.,0.512,0.857,0.,0.857,0.004,0.,0.004
270,1.43,0.007,1.422,1.435,0.003,1.431,0.004,0.,0.004,0.891,0.,0.891,0.533,0.007,0.525,0.535,0.,0.535,0.893,0.003,0.889,0.004,0.,0.004
280,1.53,0.004,1.526,1.543,0.,1.543,0.004,0.,0.004,0.957,0.004,0.953,0.566,0.,0.566,0.568,0.,0.568,0.969,0.,0.968,0.004,0.,0.004
290,1.733,0.,1.733,1.732,0.004,1.727,0.005,0.,0.005,1.067,0.,1.067,0.659,0.,0.659,0.659,0.,0.659,1.065,0.003,1.06,0.005,0.,0.005
300,1.788,0.008,1.78,1.809,0.011,1.796,0.005,0.,0.005,1.116,0.007,1.108,0.665,0.,0.665,0.672,0.003,0.668,1.13,0.008,1.122,0.005,0.,0.005
310,1.946,0.,1.946,1.95,0.,1.95,0.005,0.,0.005,1.232,0.,1.232,0.706,0.,0.706,0.691,0.,0.691,1.251,0.,1.251,0.005,0.,0.005
320,2.044,0.,2.044,2.064,0.003,2.06,0.006,0.,0.006,1.293,0.,1.293,0.744,0.,0.743,0.746,0.,0.745,1.31,0.003,1.306,0.006,0.,0.006
330,2.258,0.,2.258,2.216,0.,2.216,0.006,0.,0.006,1.395,0.,1.394,0.855,0.,0.855,0.818,0.,0.818,1.39,0.,1.389,0.006,0.,0.006
340,2.368,0.,2.368,2.458,0.,2.457,0.006,0.,0.006,1.511,0.,1.511,0.848,0.,0.848,0.901,0.,0.901,1.548,0.,1.548,0.006,0.,0.006
350,2.558,0.02,2.538,2.588,0.011,2.574,0.006,0.,0.006,1.656,0.011,1.644,0.894,0.008,0.886,0.91,0.007,0.9,1.67,0.004,1.666,0.006,0.,0.006
360,2.673,0.,2.668,2.661,0.,2.661,0.007,0.,0.007,1.679,0.,1.679,0.985,0.,0.98,0.95,0.,0.95,1.702,0.,1.701,0.007,0.,0.007
370,2.904,0.003,2.899,2.838,0.,2.837,0.007,0.,0.007,1.855,0.,1.855,1.039,0.003,1.035,1.031,0.,1.031,1.797,0.,1.797,0.007,0.,0.007
380,2.969,0.011,2.956,3.064,0.,3.063,0.007,0.,0.007,1.909,0.008,1.901,1.05,0.003,1.046,1.07,0.,1.069,1.984,0.,1.984,0.007,0.,0.007
390,3.262,0.,3.262,3.169,0.,3.169,0.012,0.,0.012,2.061,0.,2.061,1.187,0.,1.187,1.119,0.,1.119,2.04,0.,2.039,0.008,0.,0.008
400,3.341,0.011,3.328,3.371,0.004,3.367,0.008,0.,0.008,2.148,0.011,2.136,1.182,0.,1.182,1.192,0.,1.192,2.17,0.003,2.165,0.008,0.,0.008