param-n,abstract+rewrite-strat-bottomup-real,abstract+rewrite-strat-bottomup-sys,abstract+rewrite-strat-bottomup-user,abstract+rewrite-strat-topdown-real,abstract+rewrite-strat-topdown-sys,abstract+rewrite-strat-topdown-user,close-abstract+rewrite-strat-bottomup-real,close-abstract+rewrite-strat-bottomup-sys,close-abstract+rewrite-strat-bottomup-user,close-abstract+rewrite-strat-topdown-real,close-abstract+rewrite-strat-topdown-sys,close-abstract+rewrite-strat-topdown-user,rewrite-strat-bottomup-real,rewrite-strat-bottomup-sys,rewrite-strat-bottomup-user,rewrite-strat-bottomup-noop-real,rewrite-strat-bottomup-noop-sys,rewrite-strat-bottomup-noop-user,rewrite-strat-topdown-real,rewrite-strat-topdown-sys,rewrite-strat-topdown-user,rewrite-strat-topdown-noop-real,rewrite-strat-topdown-noop-sys,rewrite-strat-topdown-noop-user
1,0.,0.,0.,0.,0.,0.,0.,0.,0.,0.,0.,0.,0.,0.,0.,0.,0.,0.,0.,0.,0.,0.,0.,0.
2,0.001,0.,0.,0.,0.,0.,0.,0.,0.,0.,0.,0.,0.,0.,0.,0.,0.,0.,0.,0.,0.,0.,0.,0.
3,0.001,0.,0.001,0.001,0.,0.001,0.,0.,0.,0.,0.,0.,0.,0.,0.,0.,0.,0.,0.,0.,0.,0.,0.,0.
4,0.002,0.,0.001,0.001,0.,0.001,0.,0.,0.,0.,0.,0.,0.001,0.,0.001,0.,0.,0.,0.,0.,0.,0.,0.,0.
5,0.002,0.,0.002,0.001,0.,0.001,0.,0.,0.,0.,0.,0.,0.001,0.,0.001,0.,0.,0.,0.,0.,0.,0.,0.,0.
6,0.002,0.,0.002,0.001,0.,0.001,0.,0.,0.,0.,0.,0.,0.001,0.,0.001,0.,0.,0.,0.001,0.,0.001,0.,0.,0.
7,0.003,0.,0.003,0.002,0.,0.002,0.,0.,0.,0.,0.,0.,0.002,0.,0.002,0.,0.,0.,0.001,0.,0.001,0.,0.,0.
8,0.003,0.,0.003,0.002,0.,0.002,0.,0.,0.,0.,0.,0.,0.002,0.,0.002,0.,0.,0.,0.001,0.,0.001,0.,0.,0.
9,0.004,0.,0.004,0.002,0.,0.002,0.001,0.,0.001,0.,0.,0.,0.003,0.,0.003,0.,0.,0.,0.001,0.,0.001,0.,0.,0.
10,0.005,0.,0.005,0.002,0.,0.002,0.001,0.,0.001,0.,0.,0.,0.003,0.,0.003,0.,0.,0.,0.001,0.,0.001,0.,0.,0.
11,0.046,0.003,0.042,0.003,0.,0.003,0.001,0.,0.,0.,0.,0.001,0.044,0.003,0.041,0.,0.,0.,0.002,0.,0.002,0.,0.,0.
12,0.005,0.,0.005,0.003,0.,0.003,0.001,0.,0.001,0.001,0.,0.001,0.003,0.,0.003,0.,0.,0.,0.002,0.,0.002,0.,0.,0.
13,0.006,0.,0.006,0.042,0.007,0.035,0.001,0.,0.001,0.039,0.007,0.032,0.004,0.,0.004,0.,0.,0.,0.002,0.,0.002,0.,0.,0.
14,0.006,0.,0.006,0.003,0.,0.003,0.001,0.,0.001,0.001,0.,0.001,0.004,0.,0.004,0.,0.,0.,0.002,0.,0.002,0.,0.,0.
15,0.007,0.,0.007,0.004,0.,0.004,0.001,0.,0.001,0.001,0.,0.001,0.005,0.,0.005,0.,0.,0.,0.002,0.,0.002,0.,0.,0.
16,0.008,0.,0.008,0.004,0.,0.004,0.002,0.,0.002,0.001,0.,0.001,0.005,0.,0.005,0.,0.,0.,0.002,0.,0.002,0.,0.,0.
17,0.008,0.,0.008,0.004,0.,0.004,0.002,0.,0.002,0.001,0.,0.001,0.006,0.,0.006,0.,0.,0.,0.002,0.,0.002,0.,0.,0.
18,0.011,0.,0.011,0.005,0.,0.005,0.002,0.,0.002,0.001,0.,0.001,0.008,0.,0.008,0.,0.,0.,0.003,0.,0.003,0.,0.,0.
19,0.01,0.,0.01,0.005,0.,0.005,0.002,0.,0.002,0.001,0.,0.001,0.007,0.,0.007,0.,0.,0.,0.003,0.,0.003,0.,0.,0.
20,0.011,0.,0.011,0.006,0.,0.006,0.003,0.,0.003,0.002,0.,0.002,0.007,0.,0.007,0.,0.,0.,0.003,0.,0.003,0.,0.,0.
21,0.012,0.,0.012,0.006,0.,0.006,0.003,0.,0.003,0.002,0.,0.002,0.008,0.,0.008,0.,0.,0.,0.003,0.,0.003,0.,0.,0.
22,0.015,0.,0.015,0.008,0.,0.008,0.003,0.,0.003,0.002,0.,0.002,0.011,0.,0.011,0.,0.,0.,0.005,0.,0.005,0.,0.,0.
23,0.013,0.,0.013,0.007,0.,0.007,0.003,0.,0.003,0.002,0.,0.002,0.009,0.,0.009,0.,0.,0.,0.004,0.,0.004,0.,0.,0.
24,0.015,0.,0.015,0.008,0.,0.008,0.004,0.,0.004,0.003,0.,0.003,0.01,0.,0.01,0.,0.,0.,0.004,0.,0.004,0.,0.,0.
25,0.016,0.,0.016,0.008,0.,0.008,0.005,0.,0.005,0.003,0.,0.003,0.011,0.,0.011,0.,0.,0.,0.005,0.,0.005,0.,0.,0.
26,0.017,0.,0.017,0.009,0.,0.009,0.004,0.,0.004,0.003,0.,0.003,0.011,0.,0.011,0.,0.,0.,0.005,0.,0.005,0.,0.,0.
27,0.018,0.,0.018,0.011,0.,0.011,0.005,0.,0.005,0.003,0.,0.003,0.012,0.,0.012,0.,0.,0.,0.007,0.,0.007,0.,0.,0.
28,0.02,0.,0.02,0.01,0.,0.01,0.007,0.,0.007,0.004,0.,0.004,0.013,0.,0.013,0.,0.,0.,0.005,0.,0.005,0.,0.,0.
29,0.02,0.,0.02,0.011,0.,0.011,0.005,0.,0.005,0.004,0.,0.004,0.014,0.,0.014,0.,0.,0.,0.006,0.,0.006,0.,0.,0.
30,0.021,0.,0.021,0.011,0.,0.011,0.006,0.,0.006,0.004,0.,0.004,0.014,0.,0.014,0.,0.,0.,0.006,0.,0.006,0.,0.,0.
31,0.023,0.,0.023,0.013,0.,0.013,0.006,0.,0.006,0.004,0.,0.004,0.016,0.,0.016,0.,0.,0.,0.007,0.,0.007,0.,0.,0.
32,0.024,0.,0.024,0.013,0.,0.013,0.007,0.,0.007,0.005,0.,0.005,0.016,0.,0.016,0.,0.,0.,0.007,0.,0.007,0.,0.,0.
33,0.027,0.,0.027,0.013,0.,0.013,0.007,0.,0.007,0.005,0.,0.005,0.018,0.,0.018,0.,0.,0.,0.007,0.,0.007,0.,0.,0.
34,0.026,0.,0.026,0.017,0.,0.017,0.007,0.,0.007,0.005,0.,0.005,0.018,0.,0.018,0.,0.,0.,0.008,0.,0.008,0.002,0.,0.002
35,0.028,0.,0.028,0.015,0.,0.015,0.008,0.,0.008,0.006,0.,0.006,0.019,0.,0.019,0.,0.,0.,0.008,0.,0.008,0.,0.,0.
36,0.031,0.,0.031,0.015,0.,0.015,0.01,0.,0.01,0.006,0.,0.006,0.019,0.,0.019,0.,0.,0.,0.008,0.,0.008,0.,0.,0.
37,0.03,0.,0.03,0.017,0.,0.017,0.009,0.,0.009,0.006,0.,0.006,0.02,0.,0.02,0.,0.,0.,0.01,0.,0.01,0.,0.,0.
38,0.033,0.,0.033,0.017,0.,0.017,0.009,0.,0.009,0.007,0.,0.007,0.023,0.,0.023,0.,0.,0.,0.009,0.,0.009,0.,0.,0.
39,0.033,0.,0.033,0.02,0.,0.02,0.01,0.,0.01,0.009,0.,0.009,0.022,0.,0.022,0.,0.,0.,0.01,0.,0.01,0.,0.,0.
40,0.039,0.,0.039,0.019,0.,0.019,0.01,0.,0.01,0.007,0.,0.007,0.028,0.,0.028,0.,0.,0.,0.01,0.,0.01,0.,0.,0.
41,0.037,0.,0.037,0.02,0.,0.02,0.011,0.,0.011,0.008,0.,0.008,0.025,0.,0.025,0.,0.,0.,0.011,0.,0.011,0.,0.,0.
42,0.04,0.,0.04,0.021,0.,0.021,0.013,0.,0.013,0.008,0.,0.008,0.025,0.,0.025,0.,0.,0.,0.012,0.,0.012,0.,0.,0.
43,0.04,0.,0.04,0.021,0.,0.021,0.012,0.,0.012,0.008,0.,0.008,0.027,0.,0.027,0.,0.,0.,0.012,0.,0.012,0.,0.,0.
44,0.041,0.,0.041,0.025,0.,0.025,0.012,0.,0.012,0.009,0.,0.009,0.028,0.,0.028,0.,0.,0.,0.015,0.,0.015,0.,0.,0.
45,0.044,0.,0.044,0.023,0.,0.023,0.013,0.,0.013,0.009,0.,0.009,0.03,0.,0.03,0.,0.,0.,0.013,0.,0.013,0.,0.,0.
46,0.046,0.,0.046,0.025,0.,0.025,0.013,0.,0.013,0.01,0.,0.01,0.031,0.,0.031,0.,0.,0.,0.014,0.,0.014,0.,0.,0.
47,0.049,0.,0.049,0.027,0.,0.027,0.014,0.,0.014,0.011,0.,0.011,0.034,0.,0.034,0.,0.,0.,0.014,0.,0.014,0.,0.,0.
48,0.049,0.,0.049,0.026,0.,0.026,0.014,0.,0.014,0.01,0.,0.01,0.034,0.,0.034,0.,0.,0.,0.014,0.,0.014,0.,0.,0.
49,0.053,0.,0.053,0.028,0.,0.028,0.015,0.,0.015,0.011,0.,0.011,0.037,0.,0.037,0.,0.,0.,0.016,0.,0.016,0.,0.,0.
50,0.093,0.012,0.081,0.07,0.011,0.059,0.015,0.,0.015,0.049,0.011,0.038,0.077,0.012,0.065,0.,0.,0.,0.02,0.,0.02,0.,0.,0.
51,0.055,0.,0.055,0.029,0.,0.029,0.016,0.,0.016,0.012,0.,0.012,0.038,0.,0.038,0.,0.,0.,0.016,0.,0.016,0.,0.,0.
52,0.06,0.,0.06,0.033,0.,0.033,0.017,0.,0.017,0.012,0.,0.012,0.041,0.,0.041,0.,0.,0.,0.019,0.,0.019,0.,0.,0.
53,0.059,0.,0.059,0.033,0.,0.033,0.018,0.,0.018,0.013,0.,0.013,0.04,0.,0.04,0.,0.,0.,0.019,0.,0.019,0.,0.,0.
54,0.062,0.,0.062,0.035,0.,0.035,0.018,0.,0.018,0.016,0.,0.016,0.043,0.,0.043,0.,0.,0.,0.018,0.,0.018,0.,0.,0.
55,0.064,0.,0.064,0.034,0.,0.034,0.021,0.,0.021,0.014,0.,0.014,0.042,0.,0.042,0.,0.,0.,0.019,0.,0.019,0.,0.,0.
56,0.064,0.,0.064,0.035,0.,0.035,0.021,0.,0.021,0.014,0.,0.014,0.042,0.,0.042,0.,0.,0.,0.02,0.,0.02,0.,0.,0.
57,0.069,0.,0.069,0.038,0.,0.038,0.021,0.,0.021,0.015,0.,0.015,0.046,0.,0.046,0.,0.,0.,0.021,0.,0.021,0.,0.,0.
58,0.068,0.,0.068,0.041,0.,0.041,0.021,0.,0.021,0.019,0.,0.018,0.046,0.,0.046,0.,0.,0.,0.021,0.,0.021,0.,0.,0.
59,0.073,0.,0.073,0.04,0.,0.04,0.023,0.,0.023,0.018,0.,0.018,0.048,0.,0.048,0.,0.,0.,0.021,0.,0.021,0.,0.,0.
60,0.074,0.,0.074,0.04,0.,0.04,0.022,0.,0.022,0.016,0.,0.016,0.051,0.,0.051,0.,0.,0.,0.022,0.,0.022,0.,0.,0.
61,0.076,0.,0.076,0.041,0.,0.041,0.024,0.,0.024,0.017,0.,0.017,0.05,0.,0.05,0.,0.,0.,0.023,0.,0.023,0.,0.,0.
62,0.078,0.,0.078,0.043,0.,0.043,0.024,0.,0.024,0.017,0.,0.017,0.053,0.,0.053,0.,0.,0.,0.024,0.,0.024,0.,0.,0.
63,0.084,0.003,0.081,0.044,0.,0.044,0.027,0.003,0.023,0.018,0.,0.018,0.056,0.,0.056,0.,0.,0.,0.024,0.,0.024,0.,0.,0.
64,0.085,0.,0.085,0.045,0.,0.045,0.026,0.,0.026,0.018,0.,0.018,0.057,0.,0.057,0.,0.,0.,0.026,0.,0.026,0.,0.,0.
65,0.084,0.,0.084,0.047,0.003,0.043,0.027,0.,0.027,0.019,0.,0.019,0.055,0.,0.055,0.,0.,0.,0.026,0.002,0.023,0.,0.,0.
66,0.088,0.,0.088,0.049,0.,0.049,0.029,0.,0.029,0.02,0.,0.02,0.057,0.,0.057,0.,0.,0.,0.028,0.,0.028,0.,0.,0.
67,0.087,0.,0.087,0.049,0.,0.049,0.027,0.,0.027,0.02,0.,0.02,0.058,0.,0.058,0.,0.,0.,0.027,0.,0.027,0.,0.,0.
68,0.098,0.,0.098,0.052,0.,0.052,0.028,0.,0.028,0.021,0.,0.021,0.068,0.,0.068,0.,0.,0.,0.029,0.,0.029,0.,0.,0.
69,0.101,0.,0.101,0.053,0.,0.053,0.031,0.,0.031,0.023,0.,0.023,0.068,0.,0.068,0.,0.,0.,0.029,0.,0.029,0.,0.,0.
70,0.1,0.,0.1,0.054,0.,0.054,0.032,0.,0.032,0.023,0.,0.023,0.067,0.,0.067,0.,0.,0.,0.029,0.,0.029,0.,0.,0.
71,0.102,0.,0.102,0.057,0.,0.057,0.032,0.,0.032,0.022,0.,0.022,0.068,0.,0.068,0.,0.,0.,0.033,0.,0.033,0.,0.,0.
72,0.105,0.,0.105,0.057,0.,0.057,0.033,0.,0.033,0.023,0.,0.023,0.07,0.,0.07,0.,0.,0.,0.032,0.,0.032,0.,0.,0.
73,0.108,0.,0.108,0.06,0.,0.06,0.035,0.,0.035,0.025,0.,0.025,0.071,0.,0.071,0.,0.,0.,0.034,0.,0.034,0.,0.,0.
74,0.109,0.,0.109,0.06,0.,0.06,0.035,0.,0.035,0.026,0.,0.026,0.072,0.,0.072,0.,0.,0.,0.033,0.,0.033,0.,0.,0.
75,0.113,0.,0.113,0.062,0.,0.062,0.036,0.,0.036,0.025,0.,0.025,0.075,0.,0.075,0.,0.,0.,0.035,0.,0.035,0.,0.,0.
76,0.117,0.,0.117,0.067,0.,0.067,0.037,0.,0.037,0.028,0.,0.028,0.078,0.,0.078,0.,0.,0.,0.038,0.,0.038,0.,0.,0.
77,0.122,0.,0.122,0.067,0.,0.067,0.036,0.,0.036,0.027,0.,0.027,0.084,0.,0.084,0.,0.,0.,0.039,0.,0.039,0.,0.,0.
78,0.127,0.,0.127,0.068,0.,0.068,0.038,0.,0.038,0.029,0.,0.029,0.088,0.,0.088,0.,0.,0.,0.037,0.,0.037,0.,0.,0.
79,0.121,0.,0.121,0.07,0.,0.07,0.037,0.,0.037,0.029,0.,0.029,0.082,0.,0.082,0.,0.,0.,0.039,0.,0.039,0.,0.,0.
80,0.128,0.,0.128,0.073,0.,0.073,0.039,0.,0.039,0.03,0.,0.03,0.087,0.,0.087,0.,0.,0.,0.041,0.,0.041,0.,0.,0.
81,0.126,0.,0.126,0.072,0.,0.072,0.04,0.,0.04,0.031,0.,0.031,0.084,0.,0.084,0.,0.,0.,0.039,0.,0.039,0.,0.,0.
82,0.13,0.,0.13,0.075,0.,0.075,0.04,0.,0.04,0.032,0.,0.032,0.089,0.,0.089,0.,0.,0.,0.041,0.,0.041,0.,0.,0.
83,0.135,0.,0.135,0.077,0.,0.077,0.043,0.,0.043,0.031,0.,0.031,0.09,0.,0.09,0.,0.,0.,0.044,0.,0.044,0.,0.,0.
84,0.133,0.,0.133,0.083,0.,0.083,0.042,0.,0.042,0.033,0.,0.033,0.089,0.,0.089,0.,0.,0.,0.048,0.,0.048,0.,0.,0.
85,0.137,0.,0.137,0.082,0.,0.082,0.044,0.,0.044,0.033,0.,0.033,0.091,0.,0.091,0.,0.,0.,0.047,0.,0.047,0.,0.,0.
86,0.141,0.,0.141,0.081,0.,0.081,0.045,0.,0.045,0.033,0.,0.033,0.094,0.,0.094,0.,0.,0.,0.045,0.,0.045,0.,0.,0.
87,0.143,0.,0.143,0.082,0.,0.082,0.046,0.,0.046,0.035,0.,0.035,0.095,0.,0.095,0.,0.,0.,0.045,0.,0.045,0.,0.,0.
88,0.15,0.,0.15,0.085,0.003,0.082,0.047,0.,0.047,0.036,0.,0.036,0.101,0.,0.101,0.,0.,0.,0.048,0.002,0.045,0.,0.,0.
89,0.151,0.,0.151,0.088,0.,0.088,0.048,0.,0.048,0.037,0.,0.037,0.1,0.,0.1,0.,0.,0.,0.049,0.,0.049,0.,0.,0.
90,0.159,0.003,0.155,0.1,0.,0.1,0.049,0.,0.049,0.046,0.,0.046,0.107,0.003,0.104,0.,0.,0.,0.052,0.,0.052,0.,0.,0.
91,0.159,0.,0.159,0.099,0.,0.099,0.05,0.,0.05,0.044,0.,0.044,0.107,0.,0.107,0.,0.,0.,0.053,0.,0.053,0.,0.,0.
92,0.162,0.,0.162,0.103,0.,0.103,0.051,0.,0.051,0.046,0.,0.046,0.109,0.,0.109,0.,0.,0.,0.055,0.,0.055,0.,0.,0.
93,0.164,0.,0.164,0.104,0.,0.104,0.053,0.,0.053,0.047,0.,0.047,0.109,0.,0.109,0.,0.,0.,0.055,0.,0.055,0.,0.,0.
94,0.169,0.,0.169,0.104,0.,0.104,0.054,0.,0.054,0.043,0.,0.043,0.112,0.,0.112,0.,0.,0.,0.058,0.,0.058,0.,0.,0.
95,0.182,0.003,0.178,0.099,0.,0.099,0.055,0.,0.054,0.039,0.,0.039,0.122,0.003,0.118,0.003,0.,0.003,0.058,0.,0.058,0.,0.,0.
96,0.185,0.,0.185,0.103,0.,0.103,0.066,0.,0.066,0.043,0.,0.043,0.117,0.,0.117,0.,0.,0.,0.059,0.,0.059,0.,0.,0.
97,0.183,0.,0.183,0.106,0.,0.106,0.06,0.,0.06,0.043,0.,0.043,0.121,0.,0.121,0.,0.,0.,0.06,0.,0.06,0.,0.,0.
98,0.191,0.,0.191,0.102,0.,0.102,0.061,0.,0.061,0.042,0.,0.042,0.128,0.,0.128,0.,0.,0.,0.057,0.,0.057,0.,0.,0.
99,0.196,0.,0.196,0.105,0.,0.105,0.066,0.,0.066,0.043,0.,0.043,0.128,0.,0.128,0.,0.,0.,0.06,0.,0.06,0.,0.,0.
100,0.198,0.,0.198,0.116,0.,0.116,0.069,0.,0.069,0.05,0.,0.05,0.127,0.,0.127,0.,0.,0.,0.064,0.,0.064,0.,0.,0.
110,0.24,0.,0.239,0.131,0.,0.131,0.076,0.,0.076,0.054,0.,0.054,0.154,0.,0.154,0.007,0.,0.007,0.074,0.,0.074,0.001,0.,0.001
120,0.292,0.,0.292,0.161,0.,0.161,0.108,0.,0.108,0.069,0.,0.069,0.182,0.,0.182,0.001,0.,0.001,0.089,0.,0.089,0.001,0.,0.001
130,0.334,0.,0.334,0.186,0.003,0.182,0.114,0.,0.114,0.075,0.,0.075,0.217,0.,0.217,0.001,0.,0.001,0.109,0.003,0.105,0.001,0.,0.001
140,0.394,0.003,0.39,0.218,0.,0.218,0.137,0.,0.137,0.089,0.,0.089,0.253,0.003,0.249,0.001,0.,0.001,0.126,0.,0.126,0.001,0.,0.001
150,0.497,0.,0.497,0.265,0.,0.265,0.181,0.,0.181,0.114,0.,0.114,0.313,0.,0.313,0.002,0.,0.002,0.148,0.,0.148,0.001,0.,0.001
160,0.49,0.007,0.482,0.288,0.,0.287,0.159,0.003,0.155,0.126,0.,0.126,0.328,0.003,0.324,0.001,0.,0.001,0.158,0.,0.158,0.001,0.,0.001
170,0.56,0.,0.56,0.355,0.,0.355,0.182,0.,0.182,0.157,0.,0.157,0.375,0.,0.375,0.002,0.,0.002,0.195,0.,0.195,0.001,0.,0.001
180,0.676,0.,0.676,0.387,0.003,0.383,0.236,0.,0.236,0.174,0.,0.174,0.436,0.,0.436,0.002,0.,0.002,0.209,0.003,0.205,0.002,0.,0.002
190,0.748,0.,0.748,0.417,0.,0.417,0.248,0.,0.247,0.176,0.,0.176,0.497,0.,0.497,0.002,0.,0.002,0.237,0.,0.237,0.002,0.,0.002
200,0.829,0.007,0.821,0.506,0.,0.506,0.242,0.003,0.238,0.202,0.,0.202,0.544,0.003,0.54,0.041,0.,0.041,0.3,0.,0.3,0.002,0.,0.002
210,0.877,0.003,0.873,0.506,0.003,0.502,0.271,0.003,0.267,0.226,0.,0.226,0.602,0.,0.602,0.002,0.,0.002,0.275,0.003,0.271,0.002,0.,0.002
220,0.966,0.011,0.954,0.572,0.003,0.568,0.3,0.003,0.296,0.225,0.,0.225,0.662,0.007,0.654,0.003,0.,0.003,0.342,0.003,0.338,0.003,0.,0.003
230,1.103,0.,1.103,0.663,0.,0.663,0.367,0.,0.367,0.277,0.,0.277,0.731,0.,0.731,0.003,0.,0.003,0.381,0.,0.381,0.003,0.,0.003
240,1.187,0.,1.187,0.656,0.004,0.652,0.352,0.,0.352,0.253,0.003,0.249,0.83,0.,0.83,0.003,0.,0.003,0.398,0.,0.398,0.003,0.,0.003
250,1.268,0.004,1.264,0.704,0.004,0.7,0.404,0.,0.404,0.276,0.,0.276,0.86,0.004,0.856,0.003,0.,0.003,0.423,0.004,0.419,0.003,0.,0.003
260,1.363,0.004,1.359,0.932,0.003,0.928,0.413,0.,0.413,0.433,0.,0.433,0.944,0.004,0.94,0.003,0.,0.003,0.493,0.003,0.489,0.003,0.,0.003
270,1.527,0.,1.526,0.918,0.,0.918,0.486,0.,0.485,0.383,0.,0.383,1.035,0.,1.035,0.004,0.,0.004,0.529,0.,0.529,0.004,0.,0.004
280,1.638,0.,1.638,0.894,0.,0.894,0.475,0.,0.475,0.345,0.,0.345,1.157,0.,1.157,0.004,0.,0.004,0.543,0.,0.543,0.004,0.,0.004
290,1.851,0.,1.851,1.021,0.,1.021,0.594,0.,0.594,0.422,0.,0.422,1.251,0.,1.25,0.004,0.,0.004,0.593,0.,0.593,0.004,0.,0.004
300,1.943,0.007,1.935,1.08,0.,1.08,0.547,0.,0.547,0.461,0.,0.461,1.39,0.007,1.382,0.005,0.,0.005,0.613,0.,0.613,0.004,0.,0.004
310,2.026,0.003,2.022,1.157,0.,1.157,0.587,0.,0.587,0.436,0.,0.436,1.432,0.,1.432,0.005,0.003,0.001,0.713,0.,0.713,0.005,0.,0.005
320,2.277,0.004,2.273,1.302,0.,1.302,0.695,0.,0.694,0.516,0.,0.516,1.568,0.004,1.564,0.012,0.,0.012,0.772,0.,0.772,0.012,0.,0.012
330,2.361,0.004,2.357,1.328,0.003,1.324,0.665,0.,0.665,0.492,0.,0.492,1.688,0.003,1.684,0.005,0.,0.005,0.828,0.003,0.823,0.006,0.,0.006
340,2.729,0.,2.729,1.347,0.003,1.343,0.767,0.,0.766,0.513,0.003,0.509,1.954,0.,1.954,0.006,0.,0.006,0.821,0.,0.82,0.011,0.,0.011
350,2.691,0.007,2.683,1.431,0.011,1.419,0.711,0.,0.711,0.54,0.,0.54,1.967,0.007,1.959,0.012,0.,0.012,0.884,0.011,0.872,0.006,0.,0.006
360,2.881,0.007,2.873,1.609,0.,1.609,0.832,0.007,0.824,0.654,0.,0.654,2.04,0.,2.04,0.006,0.,0.006,0.946,0.,0.946,0.006,0.,0.006
370,3.038,0.,3.038,1.629,0.,1.629,0.832,0.,0.832,0.612,0.,0.612,2.197,0.,2.197,0.007,0.,0.007,1.008,0.,1.008,0.007,0.,0.007
380,3.287,0.,3.287,1.785,0.,1.785,0.871,0.,0.871,0.696,0.,0.696,2.406,0.,2.406,0.007,0.,0.007,1.073,0.,1.073,0.013,0.,0.013
390,3.622,0.,3.622,1.904,0.007,1.895,0.975,0.,0.975,0.689,0.,0.689,2.637,0.,2.637,0.008,0.,0.008,1.198,0.007,1.19,0.008,0.,0.008
400,3.746,0.003,3.742,1.961,0.004,1.957,0.994,0.,0.994,0.688,0.,0.688,2.742,0.003,2.738,0.008,0.,0.008,1.264,0.004,1.259,0.008,0.,0.008