param-0-nm,param-1-n,param-2-m,param-3-input-size,param-4-output-size,param-5-num-rewrites,autorewrite-regression-cubic-real,autorewrite-regression-cubic-sys,autorewrite-regression-cubic-user,rewrite!-regression-cubic-real,rewrite!-regression-cubic-sys,rewrite!-regression-cubic-user,rewrite-strat(bottomup)-regression-cubic-real,rewrite-strat(bottomup)-regression-cubic-sys,rewrite-strat(bottomup)-regression-cubic-user,rewrite-strat(topdown)-regression-cubic-real,rewrite-strat(topdown)-regression-cubic-sys,rewrite-strat(topdown)-regression-cubic-user,setoid-rewrite-regression-cubic-real,setoid-rewrite-regression-cubic-sys,setoid-rewrite-regression-cubic-user,ssr-rewrite!-regression-cubic-real,ssr-rewrite!-regression-cubic-sys,ssr-rewrite!-regression-cubic-user
1,0,1,5,3,1,0.001,0.,0.,0.,0.,0.,0.002,0.,0.002,0.002,0.,0.001,0.003,0.,0.003,0.,0.,0.
2,0,2,7,3,2,0.001,0.,0.,0.,0.,0.,0.001,0.,0.001,0.,0.,0.,0.001,0.,0.001,0.,0.,0.
3,0,3,9,3,3,0.,0.,0.,0.001,0.001,0.,0.001,0.,0.001,0.,0.,0.,0.002,0.,0.002,0.001,0.,0.001
3,1,1,13,7,3,0.001,0.001,0.,0.001,0.001,0.,0.001,0.,0.001,0.001,0.,0.001,0.002,0.,0.002,0.001,0.,0.001
4,0,4,11,3,4,0.001,0.001,0.,0.001,0.001,0.,0.002,0.002,0.,0.001,0.,0.001,0.003,0.,0.003,0.001,0.001,0.
5,0,5,13,3,5,0.001,0.,0.001,0.,0.,0.,0.003,0.,0.003,0.,0.,0.,0.003,0.003,0.,0.,0.,0.
6,0,6,15,3,6,0.001,0.,0.001,0.001,0.,0.001,0.004,0.,0.004,0.001,0.,0.001,0.003,0.003,0.,0.001,0.001,0.
6,1,2,19,7,6,0.001,0.,0.001,0.001,0.001,0.,0.003,0.003,0.,0.001,0.,0.001,0.003,0.,0.003,0.001,0.001,0.
7,0,7,17,3,7,0.002,0.,0.001,0.001,0.,0.001,0.007,0.003,0.003,0.003,0.003,0.,0.007,0.,0.007,0.002,0.,0.001
7,2,1,29,15,7,0.001,0.,0.001,0.001,0.,0.001,0.003,0.,0.003,0.002,0.,0.002,0.004,0.,0.004,0.001,0.,0.001
8,0,8,19,3,8,,,,,,,0.006,0.,0.005,0.002,0.002,0.,,,,,,
9,0,9,21,3,9,,,,,,,0.006,0.003,0.002,0.002,0.,0.002,,,,,,
9,1,3,25,7,9,0.001,0.,0.001,0.001,0.,0.001,0.005,0.,0.005,0.006,0.,0.006,0.005,0.,0.005,0.002,0.,0.002
10,0,10,23,3,10,0.003,0.002,0.,,,,0.008,0.,0.008,0.003,0.,0.003,0.008,0.004,0.004,0.003,0.003,0.
11,0,11,25,3,11,,,,,,,0.008,0.003,0.005,0.003,0.003,0.,,,,,,
12,0,12,27,3,12,,,,,,,0.009,0.004,0.004,0.004,0.,0.003,,,,,,
12,1,4,31,7,12,,,,,,,0.007,0.,0.007,0.003,0.,0.003,0.007,0.,0.007,,,
13,0,13,29,3,13,0.004,0.002,0.001,0.003,0.001,0.001,0.01,0.003,0.006,0.004,0.004,0.,0.01,0.003,0.006,0.005,0.005,0.
14,0,14,31,3,14,,,,,,,0.01,0.002,0.008,0.004,0.,0.004,,,,,,
14,2,2,43,15,14,0.002,0.,0.002,0.002,0.,0.002,0.008,0.,0.008,0.004,0.,0.004,0.007,0.,0.007,0.003,0.,0.003
15,0,15,33,3,15,,,,,,,0.063,0.017,0.046,0.004,0.,0.004,,,,,,
15,1,5,37,7,15,0.003,0.,0.003,0.002,0.,0.002,0.01,0.,0.01,0.003,0.,0.003,0.008,0.,0.008,0.004,0.,0.004
15,3,1,61,31,15,0.002,0.,0.002,0.002,0.,0.001,0.012,0.012,0.,0.004,0.,0.004,0.01,0.004,0.005,0.003,0.001,0.001
16,0,16,35,3,16,0.006,0.004,0.001,,,,0.01,0.,0.01,0.004,0.,0.004,0.012,0.004,0.008,0.006,0.,0.006
17,0,17,37,3,17,,,,,,,0.011,0.,0.011,0.004,0.003,0.001,,,,,,
18,0,18,39,3,18,,,,,,,0.012,0.,0.012,0.005,0.,0.005,,,,,,
18,1,6,43,7,18,,,,,,,0.012,0.,0.012,0.004,0.,0.004,0.01,0.,0.01,,,
19,0,19,41,3,19,0.007,0.,0.007,0.006,0.004,0.001,0.013,0.,0.013,0.06,0.011,0.048,0.015,0.009,0.006,0.009,0.002,0.006
20,0,20,43,3,20,,,,,,,0.014,0.,0.014,0.005,0.,0.005,,,,,,
21,0,21,45,3,21,,,,,,,0.015,0.,0.015,0.004,0.,0.004,,,,,,
21,1,7,49,7,21,0.004,0.,0.004,0.003,0.,0.003,0.017,0.,0.017,0.005,0.,0.005,0.013,0.,0.013,0.007,0.,0.007
21,2,3,57,15,21,0.003,0.,0.003,0.008,0.,0.008,0.015,0.,0.015,0.006,0.,0.006,0.011,0.,0.011,0.005,0.,0.005
22,0,22,47,3,22,0.008,0.005,0.002,,,,0.017,0.,0.017,0.005,0.,0.005,0.074,0.003,0.07,0.011,0.007,0.003
23,0,23,49,3,23,,,,,,,0.018,0.,0.018,0.005,0.,0.005,,,,,,
24,0,24,51,3,24,,,,,,,0.019,0.,0.019,0.006,0.,0.006,,,,,,
24,1,8,55,7,24,,,,,,,0.019,0.,0.019,0.006,0.,0.006,0.014,0.,0.014,,,
25,0,25,53,3,25,0.009,0.006,0.002,0.008,0.003,0.005,0.021,0.,0.021,0.007,0.,0.007,0.019,0.,0.019,0.012,0.,0.012
26,0,26,55,3,26,,,,,,,0.022,0.,0.022,0.006,0.,0.006,,,,,,
27,0,27,57,3,27,,,,,,,0.023,0.,0.023,0.007,0.,0.007,,,,,,
27,1,9,61,7,27,0.005,0.,0.005,0.005,0.,0.005,0.022,0.,0.022,0.008,0.,0.008,0.017,0.,0.017,0.01,0.,0.01
28,0,28,59,3,28,0.011,0.007,0.003,,,,0.023,0.,0.023,0.007,0.,0.007,0.021,0.,0.021,0.015,0.006,0.009
28,2,4,71,15,28,0.004,0.,0.004,0.003,0.,0.003,0.022,0.,0.022,0.027,0.,0.027,0.016,0.,0.016,0.008,0.,0.008
29,0,29,61,3,29,,,,,,,0.024,0.,0.024,0.009,0.,0.009,,,,,,
30,0,30,63,3,30,,,,,,,0.027,0.,0.027,0.008,0.,0.008,,,,,,
30,1,10,67,7,30,,,,,,,0.026,0.,0.026,0.008,0.,0.008,0.02,0.,0.02,,,
30,3,2,91,31,30,0.004,0.,0.004,0.005,0.002,0.003,0.029,0.007,0.021,0.009,0.,0.009,0.02,0.009,0.01,0.006,0.,0.006
31,0,31,65,3,31,0.066,0.016,0.049,0.012,0.004,0.008,0.028,0.,0.028,0.009,0.,0.009,0.025,0.,0.024,0.071,0.007,0.063
31,4,1,125,63,31,0.003,0.,0.003,0.002,0.,0.002,0.021,0.,0.021,0.011,0.,0.011,0.017,0.,0.017,0.004,0.,0.004
32,0,32,67,3,32,,,,,,,0.031,0.,0.031,0.009,0.,0.009,,,,,,
33,0,33,69,3,33,,,,,,,0.034,0.,0.034,0.009,0.,0.009,,,,,,
33,1,11,73,7,33,0.007,0.,0.007,0.006,0.,0.006,0.034,0.,0.034,0.009,0.,0.009,0.024,0.,0.024,0.015,0.,0.015
34,0,34,71,3,34,0.01,0.,0.01,,,,0.031,0.,0.031,0.01,0.,0.01,0.031,0.,0.031,0.016,0.,0.016
35,0,35,73,3,35,,,,,,,0.034,0.,0.034,0.012,0.,0.012,,,,,,
35,2,5,85,15,35,0.006,0.,0.006,0.004,0.,0.004,0.033,0.,0.033,0.01,0.,0.01,0.023,0.,0.023,0.01,0.,0.01
36,0,36,75,3,36,,,,,,,0.036,0.,0.036,0.011,0.,0.011,,,,,,
36,1,12,79,7,36,,,,,,,0.036,0.,0.036,0.01,0.,0.01,0.024,0.,0.024,,,
37,0,37,77,3,37,0.011,0.,0.011,0.016,0.011,0.005,0.037,0.,0.037,0.011,0.,0.011,0.031,0.,0.031,0.019,0.,0.019
38,0,38,79,3,38,,,,,,,0.039,0.,0.039,0.012,0.,0.012,,,,,,
39,0,39,81,3,39,,,,,,,0.041,0.,0.041,0.012,0.,0.012,,,,,,
39,1,13,85,7,39,0.021,0.,0.021,0.008,0.,0.008,0.04,0.,0.04,0.015,0.,0.015,0.029,0.,0.029,0.016,0.,0.016
40,0,40,83,3,40,0.013,0.,0.013,,,,0.042,0.,0.042,0.014,0.,0.014,0.035,0.,0.035,0.023,0.,0.023
41,0,41,85,3,41,,,,,,,0.044,0.,0.044,0.013,0.,0.013,,,,,,
42,0,42,87,3,42,,,,,,,0.046,0.,0.046,0.014,0.,0.014,,,,,,
42,1,14,91,7,42,,,,,,,0.045,0.,0.045,0.013,0.,0.013,0.032,0.,0.032,,,
42,2,6,99,15,42,0.007,0.,0.007,0.006,0.,0.006,0.05,0.,0.05,0.015,0.,0.015,0.027,0.,0.027,0.019,0.,0.019
43,0,43,89,3,43,0.014,0.,0.014,0.07,0.007,0.063,0.046,0.,0.046,0.015,0.,0.015,0.038,0.,0.038,0.025,0.,0.025
44,0,44,91,3,44,,,,,,,0.048,0.,0.048,0.015,0.,0.015,,,,,,
45,0,45,93,3,45,,,,,,,0.051,0.,0.051,0.019,0.,0.019,,,,,,
45,1,15,97,7,45,0.011,0.,0.011,0.01,0.,0.01,0.051,0.,0.051,0.016,0.,0.016,0.034,0.,0.034,0.021,0.,0.021
45,3,3,121,31,45,0.006,0.,0.006,0.007,0.003,0.003,0.102,0.031,0.071,0.014,0.,0.014,0.034,0.011,0.023,0.012,0.004,0.008
46,0,46,95,3,46,0.017,0.,0.017,,,,0.057,0.,0.057,0.016,0.,0.016,0.044,0.,0.044,0.027,0.,0.027
47,0,47,97,3,47,,,,,,,0.056,0.,0.056,0.016,0.,0.016,,,,,,
48,0,48,99,3,48,,,,,,,0.056,0.,0.056,0.019,0.,0.019,,,,,,
48,1,16,103,7,48,,,,,,,0.058,0.,0.058,0.016,0.,0.016,0.038,0.,0.038,,,
49,0,49,101,3,49,0.017,0.,0.017,0.017,0.,0.016,0.059,0.,0.059,0.017,0.,0.017,0.047,0.,0.047,0.031,0.,0.031
49,2,7,113,15,49,0.008,0.,0.008,0.008,0.,0.008,0.057,0.,0.057,0.016,0.,0.016,0.036,0.,0.036,0.017,0.,0.017
50,0,50,103,3,50,,,,,,,0.06,0.,0.06,0.018,0.,0.018,,,,,,
51,0,51,105,3,51,,,,,,,0.06,0.,0.06,0.02,0.,0.02,,,,,,
51,1,17,109,7,51,0.013,0.,0.013,0.024,0.,0.024,0.063,0.,0.063,0.021,0.,0.021,0.042,0.,0.042,0.025,0.,0.025
52,0,52,107,3,52,0.019,0.,0.019,,,,0.069,0.,0.069,0.023,0.,0.023,0.054,0.,0.054,0.033,0.,0.033
53,0,53,109,3,53,,,,,,,0.069,0.,0.069,0.02,0.,0.02,,,,,,
54,0,54,111,3,54,,,,,,,0.065,0.,0.065,0.023,0.,0.023,,,,,,
54,1,18,115,7,54,,,,,,,0.071,0.,0.071,0.02,0.,0.02,0.046,0.,0.046,,,
55,0,55,113,3,55,0.021,0.,0.021,0.02,0.,0.02,0.077,0.,0.077,0.023,0.,0.023,0.061,0.,0.061,0.036,0.,0.036
56,0,56,115,3,56,,,,,,,0.077,0.,0.077,0.023,0.,0.023,,,,,,
56,2,8,127,15,56,0.011,0.,0.011,0.01,0.,0.01,0.069,0.,0.069,0.019,0.,0.019,0.04,0.,0.04,0.019,0.,0.019
57,0,57,117,3,57,,,,,,,0.075,0.,0.075,0.028,0.,0.028,,,,,,
57,1,19,121,7,57,0.015,0.,0.015,0.014,0.,0.014,0.077,0.,0.077,0.021,0.,0.021,0.05,0.,0.05,0.032,0.,0.032
58,0,58,119,3,58,0.024,0.,0.024,,,,0.081,0.,0.081,0.025,0.,0.025,0.061,0.,0.061,0.039,0.,0.039
59,0,59,121,3,59,,,,,,,0.083,0.,0.083,0.027,0.,0.027,,,,,,
60,0,60,123,3,60,,,,,,,0.095,0.,0.095,0.027,0.,0.027,,,,,,
60,1,20,127,7,60,,,,,,,0.082,0.,0.082,0.025,0.,0.025,0.051,0.,0.051,,,
60,3,4,151,31,60,0.008,0.,0.008,0.011,0.003,0.007,0.073,0.,0.073,0.02,0.,0.02,0.098,0.003,0.095,0.019,0.01,0.008
61,0,61,125,3,61,0.023,0.,0.023,0.026,0.,0.026,0.087,0.,0.087,0.027,0.,0.027,0.07,0.,0.07,0.044,0.,0.044
62,0,62,127,3,62,,,,,,,0.088,0.,0.088,0.032,0.,0.032,,,,,,
62,4,2,187,63,62,0.007,0.,0.007,0.006,0.,0.006,0.074,0.,0.074,0.022,0.,0.022,0.037,0.,0.037,0.012,0.,0.012
63,0,63,129,3,63,,,,,,,0.09,0.,0.09,0.028,0.,0.028,,,,,,
63,1,21,133,7,63,0.018,0.,0.018,0.018,0.,0.018,0.092,0.,0.092,0.027,0.,0.027,0.057,0.,0.057,0.035,0.,0.035
63,2,9,141,15,63,0.013,0.,0.013,0.011,0.,0.011,0.088,0.,0.088,0.026,0.,0.026,0.048,0.,0.048,0.024,0.,0.024
63,5,1,253,127,63,0.007,0.,0.007,0.008,0.,0.008,0.059,0.,0.059,0.025,0.,0.025,0.037,0.,0.037,0.012,0.,0.012
64,0,64,131,3,64,0.028,0.,0.028,,,,0.085,0.,0.085,0.033,0.,0.033,0.068,0.,0.068,0.045,0.,0.045
65,0,65,133,3,65,,,,,,,0.105,0.,0.105,0.032,0.,0.032,,,,,,
66,0,66,135,3,66,,,,,,,0.104,0.,0.104,0.035,0.,0.035,,,,,,
66,1,22,139,7,66,,,,,,,0.093,0.,0.093,0.028,0.,0.028,0.062,0.,0.062,,,
67,0,67,137,3,67,0.027,0.,0.027,0.028,0.,0.028,0.128,0.,0.128,0.034,0.,0.034,0.072,0.,0.072,0.052,0.,0.052
68,0,68,139,3,68,,,,,,,,,,0.036,0.,0.036,,,,,,
69,0,69,141,3,69,,,,,,,,,,0.034,0.,0.034,,,,,,
69,1,23,145,7,69,0.022,0.,0.022,0.022,0.,0.022,0.112,0.,0.112,0.031,0.,0.031,0.066,0.,0.066,0.045,0.,0.045
70,0,70,143,3,70,0.032,0.,0.032,,,,,,,0.043,0.,0.043,0.079,0.,0.079,0.058,0.,0.058
70,2,10,155,15,70,0.014,0.,0.014,0.015,0.,0.015,0.097,0.,0.097,0.032,0.,0.032,0.056,0.,0.056,0.032,0.,0.032
71,0,71,145,3,71,,,,,,,,,,0.043,0.,0.043,,,,,,
72,0,72,147,3,72,,,,,,,,,,0.04,0.,0.04,,,,,,
72,1,24,151,7,72,,,,,,,,,,0.032,0.,0.032,0.075,0.,0.075,,,
73,0,73,149,3,73,0.031,0.,0.031,0.034,0.,0.034,,,,0.04,0.,0.04,0.09,0.004,0.086,0.065,0.,0.065
74,0,74,151,3,74,,,,,,,0.131,0.,0.131,0.045,0.,0.045,,,,,,
75,0,75,153,3,75,,,,,,,,,,0.044,0.,0.044,,,,,,
75,1,25,157,7,75,0.025,0.,0.025,0.025,0.,0.025,,,,0.035,0.,0.035,0.078,0.,0.078,0.051,0.,0.051
75,3,5,181,31,75,0.012,0.,0.012,0.017,0.007,0.009,0.099,0.,0.098,0.032,0.003,0.028,0.055,0.,0.055,0.077,0.024,0.053
76,0,76,155,3,76,0.034,0.,0.034,,,,,,,0.043,0.,0.043,0.091,0.,0.091,0.068,0.,0.068
77,0,77,157,3,77,,,,,,,,,,0.052,0.,0.052,,,,,,
77,2,11,169,15,77,0.016,0.,0.016,0.016,0.,0.016,,,,0.038,0.,0.038,0.064,0.,0.064,0.035,0.002,0.032
78,0,78,159,3,78,,,,,,,,,,0.051,0.,0.05,,,,,,
78,1,26,163,7,78,,,,,,,0.131,0.,0.131,0.035,0.,0.035,0.086,0.,0.086,,,
79,0,79,161,3,79,0.036,0.,0.036,0.045,0.,0.045,,,,0.05,0.,0.048,0.097,0.,0.097,0.072,0.,0.072
80,0,80,163,3,80,,,,,,,,,,0.054,0.,0.054,,,,,,
81,0,81,165,3,81,,,,,,,0.137,0.003,0.134,0.057,0.,0.057,,,,,,
81,1,27,169,7,81,0.028,0.,0.028,0.026,0.,0.026,,,,0.04,0.,0.04,0.085,0.,0.085,0.056,0.,0.056
82,0,82,167,3,82,0.04,0.,0.04,,,,,,,0.05,0.,0.05,0.101,0.,0.101,0.079,0.,0.079
83,0,83,169,3,83,,,,,,,,,,0.053,0.,0.053,,,,,,
84,0,84,171,3,84,,,,,,,,,,0.051,0.002,0.048,,,,,,
84,1,28,175,7,84,,,,,,,,,,0.041,0.,0.041,0.093,0.003,0.089,,,
84,2,12,183,15,84,0.019,0.,0.019,0.018,0.,0.018,0.147,0.,0.147,0.037,0.,0.037,0.076,0.,0.076,0.044,0.,0.044
85,0,85,173,3,85,0.042,0.,0.042,0.042,0.,0.042,,,,0.056,0.,0.056,0.107,0.,0.107,0.084,0.,0.084
86,0,86,175,3,86,,,,,,,,,,0.053,0.,0.053,,,,,,
87,0,87,177,3,87,,,,,,,,,,0.049,0.,0.049,,,,,,
87,1,29,181,7,87,0.03,0.,0.03,0.032,0.,0.032,0.161,0.,0.161,0.044,0.,0.044,0.099,0.,0.099,0.062,0.,0.062
88,0,88,179,3,88,0.04,0.,0.04,,,,0.177,0.,0.177,0.06,0.,0.06,0.118,0.,0.118,0.09,0.,0.09
89,0,89,181,3,89,,,,,,,,,,0.057,0.,0.057,,,,,,
90,0,90,183,3,90,,,,,,,,,,0.064,0.,0.064,,,,,,
90,1,30,187,7,90,,,,,,,,,,0.049,0.,0.049,0.106,0.,0.106,,,
90,3,6,211,31,90,0.015,0.,0.014,0.075,0.027,0.047,0.15,0.,0.15,0.036,0.,0.036,0.067,0.,0.067,0.025,0.,0.025
91,0,91,185,3,91,0.048,0.,0.048,0.05,0.,0.05,,,,0.061,0.,0.061,0.127,0.,0.127,0.093,0.,0.093
91,2,13,197,15,91,0.023,0.,0.023,0.021,0.,0.021,,,,0.039,0.,0.039,0.085,0.,0.085,0.049,0.,0.049
92,0,92,187,3,92,,,,,,,,,,0.064,0.002,0.061,,,,,,
93,0,93,189,3,93,,,,,,,,,,0.06,0.,0.06,,,,,,
93,1,31,193,7,93,0.035,0.,0.035,0.033,0.,0.033,,,,0.05,0.,0.05,0.109,0.,0.109,0.074,0.,0.074
93,4,3,249,63,93,0.011,0.,0.011,0.012,0.,0.012,0.133,0.,0.133,0.036,0.,0.036,0.064,0.,0.064,0.02,0.,0.02
94,0,94,191,3,94,0.051,0.,0.051,,,,,,,0.062,0.,0.062,0.146,0.,0.146,0.101,0.,0.101
95,0,95,193,3,95,,,,,,,0.202,0.,0.202,0.066,0.,0.066,,,,,,
96,0,96,195,3,96,,,,,,,,,,0.061,0.,0.061,,,,,,
96,1,32,199,7,96,,,,,,,0.162,0.,0.162,0.055,0.,0.055,0.117,0.003,0.113,,,
97,0,97,197,3,97,0.053,0.,0.053,0.053,0.,0.053,,,,0.065,0.,0.065,0.135,0.,0.135,0.107,0.,0.107
98,0,98,199,3,98,,,,,,,,,,0.063,0.,0.063,,,,,,
98,2,14,211,15,98,0.024,0.,0.024,0.024,0.,0.024,0.166,0.,0.166,0.047,0.,0.047,0.096,0.,0.096,0.058,0.,0.058
99,0,99,201,3,99,,,,,,,,,,0.066,0.,0.066,,,,,,
99,1,33,205,7,99,0.037,0.,0.037,0.035,0.,0.035,,,,0.057,0.,0.057,0.118,0.,0.118,0.085,0.,0.085
100,0,100,203,3,100,0.052,0.,0.052,,,,,,,0.065,0.,0.065,0.143,0.,0.143,0.109,0.,0.109
101,0,101,205,3,101,,,,,,,,,,0.069,0.,0.069,,,,,,
102,0,102,207,3,102,,,,,,,,,,0.068,0.,0.068,,,,,,
102,1,34,211,7,102,,,,,,,0.21,0.003,0.206,0.061,0.,0.061,0.123,0.,0.123,,,
103,0,103,209,3,103,0.058,0.,0.058,0.062,0.002,0.06,,,,0.071,0.003,0.067,0.158,0.,0.158,0.114,0.,0.114
104,0,104,211,3,104,,,,,,,,,,0.08,0.,0.08,,,,,,
105,0,105,213,3,105,,,,,,,,,,0.073,0.,0.073,,,,,,
105,1,35,217,7,105,0.043,0.,0.043,0.044,0.,0.044,,,,0.063,0.,0.063,0.133,0.,0.133,0.095,0.,0.095
105,2,15,225,15,105,0.029,0.,0.029,0.026,0.,0.026,,,,0.054,0.,0.054,0.11,0.,0.11,0.065,0.,0.065
105,3,7,241,31,105,0.019,0.,0.019,0.017,0.,0.017,0.204,0.,0.204,0.053,0.,0.053,0.085,0.,0.085,0.032,0.,0.032
106,0,106,215,3,106,0.061,0.,0.061,,,,,,,0.085,0.,0.085,0.167,0.,0.167,0.128,0.,0.128
107,0,107,217,3,107,,,,,,,,,,0.08,0.,0.08,,,,,,
108,0,108,219,3,108,,,,,,,,,,0.083,0.,0.083,,,,,,
108,1,36,223,7,108,,,,,,,,,,0.067,0.,0.067,0.138,0.,0.138,,,
109,0,109,221,3,109,0.065,0.,0.065,0.066,0.,0.066,,,,0.086,0.003,0.082,0.179,0.,0.178,0.142,0.,0.142
110,0,110,223,3,110,,,,,,,,,,0.08,0.,0.08,,,,,,
111,0,111,225,3,111,,,,,,,,,,0.094,0.,0.094,,,,,,
111,1,37,229,7,111,0.045,0.,0.045,0.047,0.003,0.043,,,,0.069,0.,0.069,0.144,0.,0.144,0.105,0.,0.105
112,0,112,227,3,112,0.062,0.,0.062,,,,,,,0.081,0.,0.081,0.185,0.,0.185,0.14,0.,0.14
112,2,16,239,15,112,0.031,0.,0.031,0.031,0.,0.031,,,,0.058,0.,0.058,0.123,0.,0.123,0.068,0.,0.068
113,0,113,229,3,113,,,,,,,,,,0.096,0.,0.096,,,,,,
114,0,114,231,3,114,,,,,,,,,,0.095,0.,0.095,,,,,,
114,1,38,235,7,114,,,,,,,,,,0.072,0.,0.072,0.146,0.,0.146,,,
115,0,115,233,3,115,0.069,0.,0.069,0.074,0.,0.074,,,,0.086,0.,0.085,0.184,0.,0.184,0.147,0.,0.147
116,0,116,235,3,116,,,,,,,,,,0.096,0.,0.096,,,,,,
117,0,117,237,3,117,,,,,,,,,,0.091,0.,0.091,,,,,,
117,1,39,241,7,117,0.052,0.,0.052,0.052,0.,0.052,,,,0.078,0.,0.078,0.157,0.,0.157,0.113,0.003,0.109
118,0,118,239,3,118,0.07,0.,0.07,,,,,,,0.092,0.,0.092,0.192,0.,0.192,0.155,0.,0.155
119,0,119,241,3,119,,,,,,,,,,0.098,0.,0.098,,,,,,
119,2,17,253,15,119,0.035,0.,0.035,0.033,0.,0.033,,,,0.07,0.,0.07,0.13,0.,0.13,0.076,0.,0.076
120,0,120,243,3,120,,,,,,,,,,0.096,0.,0.096,,,,,,
120,1,40,247,7,120,,,,,,,,,,0.08,0.,0.08,0.164,0.,0.164,,,
120,3,8,271,31,120,0.021,0.,0.021,0.021,0.,0.021,0.25,0.,0.25,0.055,0.,0.055,0.109,0.,0.109,0.043,0.,0.043
121,0,121,245,3,121,0.074,0.,0.074,0.078,0.,0.078,,,,0.095,0.,0.095,0.207,0.,0.207,0.157,0.,0.157
122,0,122,247,3,122,,,,,,,,,,0.096,0.,0.096,,,,,,
123,0,123,249,3,123,,,,,,,,,,0.104,0.,0.104,,,,,,
123,1,41,253,7,123,0.057,0.,0.057,0.054,0.,0.054,,,,0.085,0.,0.085,0.175,0.,0.175,0.118,0.,0.118
124,0,124,251,3,124,0.082,0.,0.082,,,,,,,0.101,0.,0.101,0.205,0.,0.205,0.172,0.,0.172
124,4,4,311,63,124,0.018,0.,0.018,0.015,0.,0.015,0.254,0.003,0.249,0.053,0.,0.053,0.092,0.,0.092,0.033,0.,0.033
125,0,125,253,3,125,,,,,,,,,,0.103,0.,0.103,,,,,,
126,0,126,255,3,126,,,,,,,,,,0.106,0.,0.106,,,,,,
126,1,42,259,7,126,,,,,,,,,,0.088,0.,0.088,0.181,0.,0.181,,,
126,2,18,267,15,126,0.037,0.,0.037,0.037,0.,0.037,,,,0.072,0.,0.072,0.147,0.,0.147,0.083,0.,0.083
126,5,2,379,127,126,0.014,0.,0.014,0.012,0.,0.012,,,,0.052,0.,0.052,0.088,0.,0.088,0.022,0.,0.022
127,0,127,257,3,127,0.08,0.,0.08,0.091,0.,0.091,,,,0.108,0.,0.108,0.222,0.,0.222,0.169,0.,0.169
127,6,1,509,255,127,0.014,0.,0.014,0.008,0.,0.008,0.18,0.,0.18,0.062,0.,0.062,0.097,0.,0.097,0.019,0.,0.019
128,0,128,259,3,128,,,,,,,,,,0.113,0.003,0.109,,,,,,
129,0,129,261,3,129,,,,,,,,,,0.109,0.,0.109,0.223,0.,0.223,,,
129,1,43,265,7,129,0.068,0.,0.068,0.058,0.,0.058,,,,0.101,0.003,0.097,0.18,0.,0.18,0.137,0.,0.137
130,0,130,263,3,130,0.083,0.,0.083,,,,,,,0.109,0.,0.109,,,,0.178,0.003,0.175
131,0,131,265,3,131,,,,,,,,,,0.115,0.,0.115,,,,,,
132,0,132,267,3,132,,,,,,,,,,0.135,0.003,0.131,,,,,,
132,1,44,271,7,132,,,,,,,0.314,0.007,0.306,0.099,0.,0.099,,,,,,
133,0,133,269,3,133,0.101,0.,0.101,0.096,0.,0.096,,,,0.118,0.,0.118,,,,0.199,0.,0.199
133,2,19,281,15,133,0.042,0.,0.042,0.04,0.,0.04,,,,0.087,0.,0.087,0.158,0.,0.158,0.094,0.,0.094
134,0,134,271,3,134,,,,,,,,,,0.118,0.,0.118,,,,,,
135,0,135,273,3,135,,,,,,,,,,0.12,0.,0.12,,,,,,
135,1,45,277,7,135,0.066,0.,0.066,0.066,0.,0.066,,,,0.1,0.,0.1,,,,0.147,0.,0.147
135,3,9,301,31,135,0.027,0.,0.027,0.029,0.,0.029,0.327,0.,0.327,0.068,0.,0.068,0.137,0.,0.137,0.054,0.,0.054
136,0,136,275,3,136,0.101,0.,0.101,,,,,,,0.166,0.003,0.162,,,,0.209,0.003,0.205
137,0,137,277,3,137,,,,,,,,,,0.139,0.,0.139,,,,,,
138,0,138,279,3,138,,,,,,,,,,0.142,0.,0.142,,,,,,
138,1,46,283,7,138,,,,,,,,,,0.108,0.,0.108,,,,0.155,0.,0.155
139,0,139,281,3,139,0.097,0.,0.097,0.099,0.,0.098,,,,0.13,0.,0.13,,,,,,
140,0,140,283,3,140,,,,,,,,,,0.156,0.003,0.152,,,,,,
140,2,20,295,15,140,0.044,0.,0.044,0.046,0.,0.046,,,,0.09,0.,0.09,,,,0.101,0.,0.101
141,0,141,285,3,141,,,,,,,,,,0.147,0.,0.147,,,,,,
141,1,47,289,7,141,0.073,0.,0.073,0.073,0.,0.073,,,,0.121,0.,0.121,,,,,,
142,0,142,287,3,142,0.103,0.,0.103,,,,,,,0.149,0.,0.149,,,,,,
143,0,143,289,3,143,,,,,,,,,,0.145,0.,0.145,,,,,,
144,0,144,291,3,144,,,,,,,,,,0.138,0.,0.138,,,,,,
144,1,48,295,7,144,,,,,,,,,,0.114,0.,0.114,,,,,,
145,0,145,293,3,145,0.107,0.,0.107,0.119,0.,0.118,,,,0.137,0.,0.137,,,,,,
146,0,146,295,3,146,,,,,,,,,,0.148,0.,0.148,,,,,,
147,0,147,297,3,147,,,,,,,,,,0.145,0.,0.145,,,,,,
147,1,49,301,7,147,0.077,0.,0.077,0.077,0.,0.076,,,,0.115,0.,0.115,,,,,,
147,2,21,309,15,147,0.051,0.,0.051,0.046,0.,0.046,,,,0.113,0.,0.113,,,,,,
148,0,148,299,3,148,0.116,0.,0.116,,,,,,,0.152,0.,0.152,,,,,,
149,0,149,301,3,149,,,,,,,,,,0.149,0.,0.149,,,,,,
150,0,150,303,3,150,,,,,,,,,,0.167,0.007,0.159,,,,,,
150,1,50,307,7,150,,,,,,,,,,0.118,0.,0.118,,,,,,
150,3,10,331,31,150,0.032,0.,0.032,0.03,0.,0.03,0.368,0.004,0.364,0.082,0.,0.082,0.168,0.,0.168,0.066,0.,0.065
151,0,151,305,3,151,0.126,0.,0.126,0.117,0.002,0.115,,,,0.148,0.,0.148,,,,,,
152,0,152,307,3,152,,,,,,,,,,0.151,0.,0.151,,,,,,
153,0,153,309,3,153,,,,,,,,,,0.157,0.,0.157,,,,,,
153,1,51,313,7,153,0.086,0.,0.086,0.089,0.,0.089,,,,0.132,0.,0.132,,,,,,
154,0,154,311,3,154,0.121,0.,0.121,,,,,,,0.161,0.004,0.157,,,,,,
154,2,22,323,15,154,0.06,0.,0.06,0.054,0.,0.054,,,,0.112,0.,0.111,,,,,,
155,0,155,313,3,155,,,,,,,,,,0.179,0.,0.179,,,,,,
155,4,5,373,63,155,0.024,0.,0.024,0.021,0.,0.021,0.38,0.004,0.376,0.074,0.,0.074,0.133,0.,0.133,0.047,0.,0.047
156,0,156,315,3,156,,,,,,,,,,0.169,0.,0.169,,,,,,
156,1,52,319,7,156,,,,,,,,,,0.133,0.,0.133,,,,,,
157,0,157,317,3,157,0.125,0.,0.125,0.127,0.,0.127,,,,0.167,0.,0.167,,,,,,
158,0,158,319,3,158,,,,,,,,,,0.203,0.,0.203,,,,,,
159,0,159,321,3,159,,,,,,,,,,0.186,0.,0.186,,,,,,
159,1,53,325,7,159,0.092,0.,0.092,0.092,0.,0.092,,,,0.136,0.,0.136,,,,,,
160,0,160,323,3,160,0.127,0.,0.127,,,,,,,0.174,0.002,0.172,,,,,,
161,0,161,325,3,161,,,,,,,,,,0.183,0.,0.183,0.321,0.003,0.317,,,
161,2,23,337,15,161,0.06,0.,0.06,0.056,0.,0.056,,,,0.111,0.,0.111,,,,,,
162,0,162,327,3,162,,,,,,,,,,0.212,0.,0.211,,,,,,
162,1,54,331,7,162,,,,,,,,,,0.141,0.,0.141,,,,,,
163,0,163,329,3,163,0.132,0.,0.132,0.135,0.,0.135,,,,0.181,0.,0.18,,,,,,
164,0,164,331,3,164,,,,,,,,,,0.183,0.,0.183,,,,,,
165,0,165,333,3,165,,,,,,,,,,0.173,0.,0.173,,,,,,
165,1,55,337,7,165,0.093,0.,0.093,0.093,0.,0.093,,,,0.161,0.,0.161,,,,,,
165,3,11,361,31,165,0.04,0.,0.04,0.038,0.,0.037,0.44,0.,0.44,0.098,0.,0.098,0.194,0.,0.194,0.076,0.,0.076
166,0,166,335,3,166,0.137,0.,0.137,,,,,,,0.18,0.,0.18,,,,,,
167,0,167,337,3,167,,,,,,,,,,0.183,0.,0.183,,,,,,
168,0,168,339,3,168,,,,,,,,,,0.191,0.,0.191,,,,,,
168,1,56,343,7,168,,,,,,,,,,0.169,0.,0.169,,,,,,
168,2,24,351,15,168,0.061,0.,0.061,0.059,0.,0.059,,,,0.13,0.,0.13,,,,,,
169,0,169,341,3,169,0.155,0.,0.155,0.143,0.,0.143,,,,0.186,0.,0.186,,,,,,
170,0,170,343,3,170,0.151,0.,0.15,,,,,,,,,,,,,0.319,0.,0.319
171,0,171,345,3,171,,,,0.148,0.003,0.144,,,,,,,,,,,,
171,1,57,349,7,171,0.109,0.,0.109,0.094,0.,0.094,,,,0.169,0.,0.169,0.317,0.,0.317,0.231,0.003,0.227
175,2,25,365,15,175,0.064,0.,0.064,0.064,0.,0.064,,,,0.131,0.,0.131,0.263,0.,0.263,,,
180,3,12,391,31,180,0.044,0.003,0.04,0.045,0.,0.045,0.51,0.,0.509,0.109,0.,0.109,0.22,0.,0.22,0.09,0.,0.09
182,2,26,379,15,182,,,,,,,,,,,,,,,,0.164,0.,0.164
186,4,6,435,63,186,0.03,0.,0.03,0.028,0.,0.028,,,,0.1,0.,0.1,,,,0.064,0.,0.064
189,5,3,505,127,189,0.024,0.,0.024,0.022,0.,0.022,,,,0.105,0.,0.105,0.155,0.,0.155,0.045,0.,0.045
193,0,193,389,3,193,,,,,,,,,,,,,0.455,0.003,0.451,,,
195,3,13,421,31,195,,,,0.052,0.,0.052,0.572,0.003,0.568,,,,0.262,0.,0.262,0.106,0.,0.106
197,0,197,397,3,197,,,,,,,,,,0.253,0.,0.253,,,,,,
199,0,199,401,3,199,0.201,0.,0.201,,,,,,,,,,,,,,,
200,0,200,403,3,200,,,,0.221,0.,0.221,,,,,,,,,,,,
204,0,204,411,3,204,,,,,,,,,,,,,,,,0.44,0.003,0.437
204,1,68,415,7,204,,,,,,,,,,0.234,0.,0.234,,,,0.315,0.,0.315
207,1,69,421,7,207,0.146,0.,0.146,,,,,,,,,,,,,,,
210,2,30,435,15,210,,,,,,,,,,0.185,0.,0.185,,,,,,
210,3,14,451,31,210,,,,0.061,0.,0.061,0.663,0.,0.663,,,,0.29,0.,0.289,0.124,0.003,0.12
213,1,71,433,7,213,,,,,,,,,,,,,0.458,0.,0.458,,,
216,1,72,439,7,216,,,,0.159,0.003,0.155,,,,,,,,,,,,
217,2,31,449,15,217,0.096,0.,0.096,,,,,,,,,,0.369,0.003,0.365,,,
217,4,7,497,63,217,,,,,,,0.622,0.,0.622,0.128,0.,0.128,0.239,0.,0.239,0.083,0.,0.083
224,2,32,463,15,224,,,,,,,,,,,,,,,,0.236,0.,0.236
225,0,225,453,3,225,,,,,,,,,,0.333,0.003,0.329,0.59,0.003,0.586,,,
225,3,15,481,31,225,,,,0.064,0.,0.064,0.772,0.007,0.764,0.158,0.,0.158,0.323,0.007,0.316,0.142,0.003,0.138
228,0,228,459,3,228,0.252,0.003,0.248,,,,,,,,,,,,,,,
229,0,229,461,3,229,,,,0.254,0.,0.254,,,,,,,,,,,,
231,2,33,477,15,231,,,,0.111,0.,0.111,,,,,,,,,,,,
237,1,79,481,7,237,,,,,,,,,,0.299,0.,0.299,,,,0.415,0.007,0.407
238,0,238,479,3,238,,,,,,,,,,,,,,,,0.571,0.,0.571
240,3,16,511,31,240,0.069,0.,0.069,0.074,0.003,0.071,0.849,0.,0.849,,,,0.356,0.,0.356,0.161,0.,0.161
243,1,81,493,7,243,0.218,0.003,0.214,,,,,,,,,,,,,,,
245,2,35,505,15,245,,,,,,,,,,0.276,0.,0.275,,,,,,
248,4,8,559,63,248,0.045,0.,0.045,,,,,,,0.16,0.,0.16,,,,0.098,0.,0.098
252,5,4,631,127,252,0.032,0.,0.032,0.029,0.,0.029,,,,0.141,0.,0.141,0.244,0.,0.243,0.068,0.,0.068
253,0,253,509,3,253,,,,,,,,,,0.418,0.003,0.414,,,,,,
254,6,2,763,255,254,0.025,0.,0.025,0.021,0.,0.021,,,,0.154,0.,0.154,0.222,0.003,0.218,0.05,0.,0.05
255,1,85,517,7,255,,,,,,,,,,,,,0.642,0.003,0.638,,,
255,3,17,541,31,255,,,,0.083,0.,0.083,0.921,0.007,0.913,,,,0.407,0.,0.407,0.179,0.,0.179
255,7,1,1021,511,255,0.026,0.,0.026,0.021,0.,0.021,0.513,0.,0.513,0.169,0.,0.169,0.232,0.,0.231,0.033,0.,0.033
257,0,257,517,3,257,0.318,0.003,0.314,,,,,,,,,,0.766,0.003,0.762,,,
258,0,258,519,3,258,,,,0.313,0.,0.313,,,,,,,,,,,,
259,2,37,533,15,259,0.137,0.,0.137,,,,,,,,,,0.526,0.,0.526,,,
261,1,87,529,7,261,,,,0.217,0.003,0.213,,,,,,,,,,,,
266,2,38,547,15,266,,,,,,,,,,,,,,,,0.347,0.,0.347
270,1,90,547,7,270,,,,,,,,,,0.376,0.,0.376,,,,0.553,0.,0.552
270,3,18,571,31,270,,,,0.09,0.,0.09,,,,0.223,0.,0.223,0.427,0.,0.427,0.193,0.,0.193
279,1,93,565,7,279,0.271,0.,0.271,,,,,,,,,,,,,,,
279,4,9,621,63,279,,,,0.055,0.,0.055,,,,0.193,0.,0.193,0.357,0.,0.357,,,
280,2,40,575,15,280,,,,,,,,,,0.356,0.,0.356,,,,,,
281,0,281,565,3,281,,,,,,,,,,0.507,0.,0.507,,,,,,
283,0,283,569,3,283,0.453,0.04,0.412,,,,,,,,,,,,,,,
285,3,19,601,31,285,,,,0.095,0.,0.095,,,,,,,0.481,0.003,0.477,0.232,0.,0.232
286,0,286,575,3,286,0.384,0.,0.384,,,,,,,,,,,,,,,
287,0,287,577,3,287,,,,0.392,0.008,0.384,,,,,,,,,,,,
287,2,41,589,15,287,,,,0.181,0.,0.181,,,,,,,,,,,,
288,0,288,579,3,288,,,,,,,,,,0.678,0.043,0.633,,,,,,
300,3,20,631,31,300,0.101,0.,0.101,0.112,0.,0.112,,,,,,,0.525,0.007,0.517,0.248,0.003,0.245
301,2,43,617,15,301,0.186,0.,0.186,,,,,,,,,,,,,,,
303,1,101,613,7,303,,,,,,,,,,0.512,0.002,0.509,,,,,,
306,1,102,619,7,306,,,,0.3,0.004,0.296,,,,,,,,,,,,
309,0,309,621,3,309,,,,,,,,,,0.589,0.004,0.585,,,,,,
310,4,10,683,63,310,0.068,0.,0.068,0.08,0.,0.08,,,,0.215,0.003,0.211,,,,,,
315,0,315,633,3,315,0.452,0.003,0.448,,,,,,,,,,,,,,,
315,1,105,637,7,315,0.334,0.,0.334,,,,,,,,,,,,,,,
315,2,45,645,15,315,,,,,,,,,,0.42,0.,0.42,,,,,,
315,3,21,661,31,315,,,,0.128,0.003,0.124,,,,0.296,0.,0.296,0.583,0.,0.583,0.26,0.,0.26
315,5,5,757,127,315,0.045,0.,0.045,0.044,0.,0.044,,,,0.195,0.,0.195,,,,0.11,0.,0.11
316,0,316,635,3,316,,,,0.467,0.003,0.463,,,,,,,,,,,,
330,3,22,691,31,330,,,,0.142,0.003,0.138,,,,,,,0.625,0.004,0.621,0.292,0.002,0.289
336,1,112,679,7,336,,,,,,,,,,0.563,0.,0.563,,,,,,
337,0,337,677,3,337,,,,,,,,,,0.806,0.,0.806,,,,,,
341,4,11,745,63,341,0.077,0.,0.077,,,,,,,0.276,0.,0.276,,,,,,
342,0,342,687,3,342,,,,0.59,0.003,0.586,,,,,,,,,,,,
343,2,49,701,15,343,0.223,0.,0.223,0.237,0.,0.237,,,,0.474,0.,0.474,,,,,,
345,3,23,721,31,345,,,,0.149,0.,0.149,,,,,,,0.704,0.,0.704,0.326,0.003,0.322
350,2,50,715,15,350,,,,,,,,,,0.589,0.,0.589,,,,,,
357,2,51,729,15,357,,,,,,,,,,0.481,0.,0.481,,,,,,
360,3,24,751,31,360,,,,0.149,0.,0.149,,,,,,,0.77,0.003,0.766,0.346,0.007,0.338
364,2,52,743,15,364,,,,,,,,,,0.561,0.003,0.557,,,,,,
371,2,53,757,15,371,,,,,,,,,,0.534,0.,0.534,,,,,,
372,4,12,807,63,372,0.102,0.,0.102,0.103,0.,0.103,,,,,,,,,,,,
375,3,25,781,31,375,,,,0.162,0.,0.162,,,,,,,0.85,0.003,0.844,0.398,0.003,0.394
378,2,54,771,15,378,,,,,,,,,,0.534,0.,0.534,,,,,,
378,5,6,883,127,378,0.06,0.,0.06,,,,,,,0.271,0.,0.271,,,,0.156,0.,0.155
381,6,3,1017,255,381,,,,0.039,0.,0.039,,,,,,,0.399,0.,0.399,0.09,0.,0.09
385,0,385,773,3,385,,,,,,,,,,,,,1.542,0.003,1.537,,,
385,2,55,785,15,385,,,,,,,,,,0.61,0.,0.61,1.068,0.007,1.059,,,
390,3,26,811,31,390,,,,0.192,0.,0.192,,,,,,,0.859,0.007,0.851,0.408,0.003,0.402
392,2,56,799,15,392,,,,,,,,,,0.632,0.,0.632,,,,,,
399,2,57,813,15,399,,,,,,,,,,0.619,0.,0.619,,,,,,
403,4,13,869,63,403,0.107,0.,0.107,,,,,,,,,,0.677,0.,0.677,,,
405,3,27,841,31,405,,,,0.201,0.,0.201,,,,,,,,,,0.434,0.003,0.43
406,2,58,827,15,406,,,,,,,,,,0.648,0.,0.647,,,,,,
413,2,59,841,15,413,,,,,,,,,,0.685,0.,0.685,,,,,,
420,2,60,855,15,420,,,,,,,,,,0.657,0.,0.657,,,,,,
420,3,28,871,31,420,,,,0.214,0.,0.214,,,,,,,,,,0.456,0.004,0.452
427,0,427,857,3,427,,,,0.894,0.008,0.886,,,,,,,,,,,,
427,2,61,869,15,427,0.343,0.,0.343,0.34,0.007,0.332,,,,0.687,0.003,0.683,,,,,,
434,2,62,883,15,434,,,,,,,,,,0.745,0.,0.745,,,,,,
434,4,14,931,63,434,0.119,0.007,0.111,0.133,0.,0.133,,,,0.465,0.,0.465,,,,0.307,0.,0.307
435,3,29,901,31,435,,,,0.233,0.003,0.229,,,,,,,,,,0.478,0.,0.478
441,2,63,897,15,441,,,,,,,,,,0.738,0.003,0.734,,,,,,
441,5,7,1009,127,441,0.08,0.,0.08,,,,,,,0.325,0.,0.325,,,,,,
448,2,64,911,15,448,,,,,,,,,,0.849,0.012,0.837,,,,,,
450,3,30,931,31,450,,,,0.244,0.,0.244,,,,,,,,,,0.581,0.003,0.576
455,2,65,925,15,455,,,,,,,,,,0.774,0.,0.774,,,,,,
462,2,66,939,15,462,,,,,,,,,,0.883,0.,0.882,,,,,,
465,3,31,961,31,465,,,,0.244,0.,0.244,,,,,,,,,,0.597,0.,0.597
465,4,15,993,63,465,0.139,0.,0.139,,,,,,,,,,,,,,,
469,2,67,953,15,469,,,,,,,,,,0.876,0.,0.876,,,,,,
476,2,68,967,15,476,,,,,,,,,,0.902,0.,0.902,,,,,,
480,3,32,991,31,480,,,,0.257,0.007,0.249,,,,,,,,,,0.618,0.003,0.614
483,2,69,981,15,483,,,,,,,,,,1.01,0.,1.01,,,,,,
490,2,70,995,15,490,,,,,,,,,,0.857,0.,0.857,,,,,,
495,3,33,1021,31,495,,,,0.273,0.,0.273,,,,,,,,,,0.674,0.,0.673
496,4,16,1055,63,496,0.154,0.003,0.15,0.168,0.,0.168,,,,,,,,,,0.397,0.,0.397
497,2,71,1009,15,497,,,,,,,,,,1.006,0.,1.005,,,,,,
504,2,72,1023,15,504,,,,,,,,,,1.182,0.,1.182,,,,,,
504,5,8,1135,127,504,0.099,0.,0.099,,,,,,,0.45,0.,0.45,,,,,,
505,0,505,1013,3,505,,,,,,,,,,1.495,0.,1.495,,,,,,
508,0,508,1019,3,508,1.134,0.003,1.13,,,,,,,,,,,,,,,
508,6,4,1271,255,508,,,,0.078,0.,0.078,,,,,,,0.668,0.,0.668,,,
510,3,34,1051,31,510,,,,0.29,0.003,0.286,,,,,,,,,,0.698,0.,0.697
511,2,73,1037,15,511,,,,0.486,0.007,0.478,,,,,,,1.828,0.012,1.816,,,
511,8,1,2045,1023,511,0.057,0.,0.057,0.037,0.,0.037,,,,0.398,0.,0.398,0.608,0.,0.608,0.075,0.,0.075
512,0,512,1027,3,512,,,,1.181,0.011,1.169,,,,,,,,,,,,
513,0,513,1029,3,513,,,,,,,,,,,,,2.666,0.,2.666,,,
525,3,35,1081,31,525,,,,0.305,0.004,0.301,,,,,,,,,,0.737,0.,0.737
527,4,17,1117,63,527,0.17,0.,0.17,0.184,0.,0.184,,,,0.578,0.007,0.57,,,,,,
540,3,36,1111,31,540,,,,0.319,0.,0.319,,,,,,,,,,0.79,0.,0.79
541,0,541,1085,3,541,,,,,,,,,,,,,,,,2.807,0.007,2.799
555,3,37,1141,31,555,,,,0.37,0.,0.37,,,,,,,,,,,,
558,4,18,1179,63,558,,,,0.234,0.,0.234,,,,,,,,,,,,
565,0,565,1133,3,565,1.495,0.019,1.475,,,,,,,,,,,,,,,
567,5,9,1261,127,567,,,,,,,,,,,,,1.003,0.012,0.988,0.291,0.,0.291
570,3,38,1171,31,570,,,,0.398,0.,0.398,,,,,,,,,,,,
575,0,575,1153,3,575,,,,,,,,,,2.078,0.056,2.02,,,,,,
589,4,19,1241,63,589,0.22,0.007,0.212,0.243,0.,0.243,,,,0.719,0.012,0.707,,,,,,
590,0,590,1183,3,590,,,,,,,,,,2.211,0.007,2.203,,,,,,
593,0,593,1189,3,593,1.67,0.,1.669,,,,,,,,,,,,,,,
620,4,20,1303,63,620,,,,0.271,0.,0.271,,,,,,,,,,,,
651,4,21,1365,63,651,0.265,0.007,0.257,0.298,0.,0.298,,,,0.9,0.018,0.882,,,,,,
674,0,674,1351,3,674,,,,,,,,,,2.78,0.011,2.767,,,,,,
677,0,677,1357,3,677,1.974,0.008,1.965,,,,,,,,,,,,,,,
682,4,22,1427,63,682,,,,0.301,0.,0.301,,,,,,,,,,,,
683,0,683,1369,3,683,,,,2.089,0.,2.089,,,,,,,,,,,,
693,5,11,1513,127,693,0.17,0.,0.17,0.18,0.,0.18,,,,0.72,0.,0.72,,,,,,
769,0,769,1541,3,769,,,,,,,,,,,,,5.842,0.,5.842,,,
811,0,811,1625,3,811,,,,,,,,,,,,,,,,6.062,0.015,6.045
819,5,13,1765,127,819,,,,,,,,,,,,,1.884,0.008,1.876,0.59,0.007,0.582
1008,5,16,2143,127,1008,0.358,0.,0.358,0.349,0.,0.349,,,,1.424,0.003,1.417,,,,,,
1011,0,1011,2025,3,1011,,,,,,,,,,6.276,0.12,6.155,,,,,,
1016,0,1016,2035,3,1016,4.5,0.015,4.483,,,,,,,,,,,,,,,
1023,9,1,4093,2047,1023,0.11,0.,0.11,0.076,0.,0.076,,,,1.163,0.,1.163,1.581,0.,1.581,0.168,0.,0.168
1024,0,1024,2051,3,1024,,,,4.678,0.,4.677,,,,,,,,,,,,
1025,0,1025,2053,3,1025,,,,,,,,,,,,,10.214,0.035,10.176,,,
1071,5,17,2269,127,1071,,,,,,,,,,,,,,,,0.975,0.,0.975
1081,0,1081,2165,3,1081,,,,,,,,,,,,,,,,10.678,0.055,10.619
1323,5,21,2773,127,1323,0.608,0.,0.608,0.598,0.,0.598,,,,2.432,0.,2.432,,,,,,
1365,0,1365,2733,3,1365,,,,8.4,0.075,8.323,,,,,,,,,,,,