param-n,abstract-regression-cubic-real,abstract-regression-cubic-sys,abstract-regression-cubic-user,close-abstract-regression-cubic-real,close-abstract-regression-cubic-sys,close-abstract-regression-cubic-user,fast-rewrite-regression-cubic-real,fast-rewrite-regression-cubic-sys,fast-rewrite-regression-cubic-user,pose-build-and-refine-regression-cubic-real,pose-build-and-refine-regression-cubic-sys,pose-build-and-refine-regression-cubic-user,refine-regression-quadratic-regression-linear-real,refine-regression-quadratic-regression-linear-sys,refine-regression-quadratic-regression-linear-user
1,0.,0.,0.,0.,0.,0.,0.,0.,0.,0.,0.,0.,0.,0.,0.
2,0.,0.,0.,0.,0.,0.,0.,0.,0.,0.,0.,0.,0.,0.,0.
3,0.,0.,0.,0.,0.,0.,0.,0.,0.,0.,0.,0.,0.,0.,0.
4,0.,0.,0.,0.,0.,0.,0.,0.,0.,0.,0.,0.,0.,0.,0.
5,0.,0.,0.,0.,0.,0.,0.,0.,0.,0.,0.,0.,0.,0.,0.
6,0.,0.,0.,0.,0.,0.,0.,0.,0.,0.,0.,0.,0.,0.,0.
7,0.001,0.,0.001,0.,0.,0.,0.,0.,0.,0.,0.,0.,0.,0.,0.
8,0.001,0.,0.001,0.,0.,0.,0.,0.,0.,0.,0.,0.,0.,0.,0.
9,0.001,0.,0.001,0.,0.,0.,0.,0.,0.,0.,0.,0.,0.,0.,0.
10,0.001,0.,0.001,0.,0.,0.,0.001,0.,0.,0.001,0.,0.,0.,0.,0.
11,0.001,0.,0.001,0.,0.,0.,0.001,0.,0.001,0.001,0.,0.001,0.,0.,0.
12,0.001,0.,0.001,0.,0.,0.,0.001,0.,0.001,0.001,0.,0.001,0.,0.,0.
13,0.001,0.,0.001,0.,0.,0.,0.001,0.,0.001,0.001,0.,0.001,0.,0.,0.
14,0.001,0.,0.001,0.,0.,0.,0.001,0.,0.001,0.001,0.,0.001,0.,0.,0.
15,0.001,0.,0.001,0.,0.,0.,0.001,0.,0.001,0.001,0.,0.001,0.,0.,0.
16,0.002,0.,0.002,0.,0.,0.,0.001,0.,0.001,0.001,0.,0.001,0.,0.,0.
17,0.002,0.,0.002,0.,0.,0.,0.001,0.,0.001,0.001,0.,0.001,0.,0.,0.
18,0.002,0.,0.002,0.,0.,0.,0.001,0.,0.001,0.001,0.,0.001,0.,0.,0.
19,0.002,0.002,0.,0.,0.,0.,0.001,0.001,0.,0.001,0.001,0.,0.,0.,0.
20,0.046,0.008,0.038,0.,0.,0.,0.045,0.007,0.037,0.045,0.007,0.037,0.,0.,0.
21,0.002,0.,0.001,0.,0.,0.,0.001,0.,0.001,0.001,0.,0.001,0.,0.,0.
22,0.002,0.,0.002,0.,0.,0.,0.001,0.,0.001,0.001,0.,0.001,0.,0.,0.
23,0.002,0.,0.002,0.,0.,0.,0.001,0.,0.001,0.001,0.,0.001,0.,0.,0.
24,0.002,0.,0.002,0.,0.,0.,0.001,0.,0.001,0.001,0.,0.001,0.,0.,0.
25,0.002,0.,0.002,0.,0.,0.,0.001,0.,0.001,0.001,0.,0.001,0.,0.,0.
26,0.002,0.,0.002,0.,0.,0.,0.002,0.,0.002,0.001,0.,0.001,0.,0.,0.
27,0.002,0.,0.002,0.,0.,0.,0.002,0.,0.002,0.002,0.,0.002,0.,0.,0.
28,0.003,0.,0.003,0.,0.,0.,0.002,0.,0.002,0.002,0.,0.002,0.,0.,0.
29,0.003,0.,0.003,0.,0.,0.,0.002,0.,0.002,0.002,0.,0.002,0.,0.,0.
30,0.003,0.,0.003,0.,0.,0.,0.002,0.,0.002,0.002,0.,0.002,0.,0.,0.
31,0.003,0.,0.003,0.,0.,0.,0.002,0.,0.002,0.002,0.,0.002,0.,0.,0.
32,0.003,0.,0.003,0.,0.,0.,0.002,0.,0.002,0.002,0.,0.002,0.,0.,0.
33,0.004,0.,0.004,0.,0.,0.,0.003,0.,0.003,0.003,0.,0.003,0.,0.,0.
34,0.003,0.,0.003,0.001,0.,0.001,0.002,0.,0.002,0.002,0.,0.002,0.,0.,0.
35,0.003,0.,0.003,0.001,0.,0.001,0.002,0.,0.002,0.002,0.,0.002,0.,0.,0.
36,0.004,0.,0.004,0.001,0.,0.001,0.002,0.,0.002,0.002,0.,0.002,0.,0.,0.
37,0.004,0.,0.004,0.001,0.,0.001,0.002,0.,0.002,0.002,0.,0.002,0.,0.,0.
38,0.004,0.,0.004,0.001,0.,0.001,0.002,0.,0.002,0.002,0.,0.002,0.,0.,0.
39,0.004,0.,0.004,0.001,0.,0.001,0.003,0.,0.003,0.003,0.,0.003,0.,0.,0.
40,0.004,0.,0.004,0.001,0.,0.001,0.003,0.,0.003,0.003,0.,0.003,0.,0.,0.
41,0.005,0.,0.005,0.001,0.,0.001,0.003,0.,0.003,0.003,0.,0.003,0.,0.,0.
42,0.005,0.,0.005,0.001,0.,0.001,0.003,0.,0.003,0.003,0.,0.003,0.,0.,0.
43,0.007,0.,0.007,0.001,0.,0.001,0.005,0.,0.005,0.005,0.,0.005,0.,0.,0.
44,0.005,0.,0.005,0.001,0.,0.001,0.003,0.,0.003,0.003,0.,0.003,0.,0.,0.
45,0.005,0.,0.005,0.001,0.,0.001,0.003,0.,0.003,0.003,0.,0.003,0.,0.,0.
46,0.005,0.,0.005,0.001,0.,0.001,0.003,0.,0.003,0.003,0.,0.003,0.,0.,0.
47,0.005,0.,0.005,0.001,0.,0.001,0.003,0.,0.003,0.003,0.,0.003,0.,0.,0.
48,0.006,0.,0.006,0.001,0.,0.001,0.003,0.,0.003,0.003,0.,0.003,0.,0.,0.
49,0.006,0.,0.006,0.002,0.,0.002,0.003,0.,0.003,0.003,0.,0.003,0.,0.,0.
50,0.007,0.,0.007,0.002,0.,0.002,0.005,0.,0.004,0.005,0.,0.004,0.,0.,0.
51,0.007,0.,0.007,0.002,0.,0.002,0.005,0.,0.005,0.005,0.,0.005,0.001,0.,0.001
52,0.006,0.,0.006,0.002,0.,0.002,0.004,0.,0.004,0.004,0.,0.004,0.,0.,0.
53,0.006,0.,0.006,0.002,0.,0.002,0.004,0.,0.004,0.004,0.,0.004,0.,0.,0.
54,0.007,0.,0.007,0.002,0.,0.002,0.004,0.,0.004,0.004,0.,0.004,0.,0.,0.
55,0.007,0.,0.007,0.002,0.,0.002,0.004,0.,0.004,0.004,0.,0.004,0.,0.,0.
56,0.007,0.,0.007,0.002,0.,0.002,0.004,0.,0.004,0.004,0.,0.004,0.,0.,0.
57,0.007,0.,0.007,0.002,0.,0.002,0.004,0.,0.004,0.004,0.,0.004,0.,0.,0.
58,0.011,0.,0.011,0.002,0.,0.002,0.008,0.,0.008,0.008,0.,0.008,0.,0.,0.
59,0.008,0.,0.008,0.003,0.,0.003,0.005,0.,0.005,0.005,0.,0.005,0.,0.,0.
60,0.008,0.,0.008,0.003,0.,0.003,0.005,0.,0.005,0.005,0.,0.005,0.,0.,0.
61,0.008,0.,0.008,0.003,0.,0.003,0.005,0.,0.005,0.005,0.,0.005,0.,0.,0.
62,0.008,0.,0.008,0.003,0.,0.003,0.005,0.,0.005,0.005,0.,0.005,0.,0.,0.
63,0.009,0.,0.009,0.003,0.,0.003,0.005,0.,0.005,0.005,0.,0.005,0.,0.,0.
64,0.009,0.,0.009,0.003,0.,0.003,0.005,0.,0.005,0.005,0.,0.005,0.,0.,0.
65,0.009,0.,0.009,0.003,0.,0.003,0.005,0.,0.005,0.005,0.,0.005,0.,0.,0.
66,0.009,0.,0.009,0.003,0.,0.003,0.005,0.,0.005,0.005,0.,0.005,0.,0.,0.
67,0.01,0.,0.01,0.003,0.,0.003,0.006,0.,0.006,0.006,0.,0.006,0.,0.,0.
68,0.01,0.,0.01,0.004,0.,0.004,0.005,0.,0.005,0.005,0.,0.005,0.,0.,0.
69,0.011,0.,0.011,0.004,0.,0.004,0.007,0.,0.007,0.007,0.,0.007,0.,0.,0.
70,0.011,0.,0.011,0.004,0.,0.004,0.006,0.,0.006,0.006,0.,0.006,0.,0.,0.
71,0.011,0.,0.011,0.004,0.,0.004,0.006,0.,0.006,0.006,0.,0.006,0.,0.,0.
72,0.011,0.,0.011,0.004,0.,0.004,0.006,0.,0.006,0.006,0.,0.006,0.,0.,0.
73,0.012,0.,0.012,0.005,0.,0.005,0.006,0.,0.006,0.006,0.,0.006,0.,0.,0.
74,0.011,0.,0.011,0.005,0.,0.005,0.006,0.,0.006,0.006,0.,0.006,0.,0.,0.
75,0.011,0.,0.011,0.004,0.,0.004,0.006,0.,0.006,0.006,0.,0.006,0.,0.,0.
76,0.012,0.,0.012,0.005,0.,0.005,0.006,0.,0.006,0.006,0.,0.006,0.,0.,0.
77,0.012,0.,0.012,0.005,0.,0.005,0.006,0.,0.006,0.006,0.,0.006,0.,0.,0.
78,0.014,0.,0.014,0.005,0.,0.005,0.008,0.,0.008,0.008,0.,0.008,0.,0.,0.
79,0.013,0.,0.013,0.005,0.,0.005,0.007,0.,0.007,0.007,0.,0.007,0.,0.,0.
80,0.013,0.,0.013,0.005,0.,0.005,0.007,0.,0.007,0.007,0.,0.007,0.,0.,0.
81,0.013,0.,0.013,0.006,0.,0.006,0.007,0.,0.007,0.007,0.,0.007,0.,0.,0.
82,0.015,0.,0.015,0.006,0.,0.006,0.008,0.,0.008,0.008,0.,0.008,0.,0.,0.
83,0.014,0.,0.014,0.006,0.,0.006,0.007,0.,0.007,0.007,0.,0.007,0.,0.,0.
84,0.014,0.,0.014,0.006,0.,0.006,0.007,0.,0.007,0.007,0.,0.007,0.,0.,0.
85,0.014,0.,0.014,0.006,0.,0.006,0.007,0.,0.007,0.007,0.,0.007,0.,0.,0.
86,0.018,0.,0.018,0.006,0.,0.006,0.011,0.,0.011,0.011,0.,0.011,0.,0.,0.
87,0.015,0.,0.015,0.007,0.,0.007,0.007,0.,0.007,0.007,0.,0.007,0.,0.,0.
88,0.016,0.,0.016,0.007,0.,0.007,0.008,0.,0.008,0.008,0.,0.008,0.,0.,0.
89,0.016,0.,0.016,0.007,0.,0.007,0.008,0.,0.008,0.008,0.,0.008,0.,0.,0.
90,0.017,0.,0.017,0.007,0.,0.007,0.008,0.,0.008,0.008,0.,0.008,0.,0.,0.
91,0.018,0.,0.017,0.008,0.,0.008,0.01,0.,0.008,0.01,0.,0.008,0.,0.,0.
92,0.017,0.,0.017,0.008,0.,0.008,0.008,0.,0.008,0.008,0.,0.008,0.,0.,0.
93,0.018,0.,0.018,0.008,0.,0.008,0.01,0.,0.01,0.01,0.,0.01,0.,0.,0.
94,0.018,0.,0.018,0.008,0.,0.008,0.008,0.,0.008,0.008,0.,0.008,0.,0.,0.
95,0.018,0.,0.018,0.009,0.,0.009,0.008,0.,0.008,0.008,0.,0.008,0.,0.,0.
96,0.018,0.,0.018,0.009,0.,0.009,0.009,0.,0.009,0.009,0.,0.009,0.,0.,0.
97,0.02,0.,0.02,0.009,0.,0.009,0.009,0.,0.009,0.009,0.,0.009,0.,0.,0.
98,0.019,0.,0.019,0.009,0.,0.009,0.009,0.,0.009,0.009,0.,0.009,0.,0.,0.
99,0.02,0.,0.02,0.01,0.,0.01,0.009,0.,0.009,0.009,0.,0.009,0.,0.,0.
100,0.022,0.007,0.015,0.01,0.003,0.007,0.011,0.003,0.007,0.011,0.003,0.007,0.,0.,0.
110,0.025,0.,0.025,0.012,0.,0.012,0.012,0.,0.012,0.012,0.,0.012,0.,0.,0.
120,0.028,0.,0.028,0.015,0.,0.015,0.012,0.,0.012,0.012,0.,0.012,0.,0.,0.
130,0.034,0.,0.034,0.02,0.,0.02,0.013,0.,0.013,0.013,0.,0.013,0.001,0.,0.001
140,0.039,0.,0.039,0.023,0.,0.023,0.014,0.,0.014,0.014,0.,0.014,0.001,0.,0.001
150,0.088,0.,0.088,0.026,0.,0.026,0.061,0.,0.061,0.061,0.,0.061,0.001,0.,0.001
160,0.054,0.,0.054,0.035,0.,0.035,0.017,0.,0.017,0.017,0.,0.017,0.001,0.,0.001
170,0.059,0.,0.059,0.039,0.,0.039,0.019,0.,0.019,0.019,0.,0.019,0.001,0.,0.001
180,0.073,0.,0.073,0.048,0.,0.048,0.024,0.,0.024,0.024,0.,0.024,0.001,0.,0.001
190,0.083,0.003,0.08,0.059,0.002,0.057,0.022,0.,0.022,0.022,0.,0.022,0.001,0.,0.001
200,0.088,0.,0.088,0.063,0.,0.063,0.024,0.,0.024,0.024,0.,0.024,0.001,0.,0.001
210,0.1,0.,0.1,0.073,0.,0.073,0.026,0.,0.026,0.026,0.,0.026,0.001,0.,0.001
220,0.112,0.004,0.108,0.082,0.,0.082,0.029,0.003,0.025,0.029,0.003,0.025,0.001,0.,0.001
230,0.126,0.,0.126,0.091,0.,0.091,0.034,0.,0.034,0.033,0.,0.033,0.001,0.,0.001
240,0.142,0.,0.142,0.105,0.,0.105,0.035,0.,0.035,0.035,0.,0.035,0.001,0.,0.001
250,0.147,0.,0.147,0.111,0.,0.111,0.035,0.,0.035,0.035,0.,0.035,0.002,0.,0.002
260,0.175,0.,0.175,0.132,0.,0.132,0.043,0.,0.043,0.042,0.,0.042,0.002,0.,0.002
270,0.191,0.002,0.188,0.147,0.,0.147,0.043,0.001,0.041,0.043,0.001,0.041,0.002,0.,0.002
280,0.211,0.,0.211,0.163,0.,0.163,0.046,0.,0.046,0.046,0.,0.046,0.002,0.,0.002
290,0.225,0.,0.225,0.18,0.,0.18,0.044,0.,0.044,0.044,0.,0.044,0.002,0.,0.002
300,0.236,0.,0.236,0.19,0.,0.19,0.046,0.,0.046,0.046,0.,0.046,0.002,0.,0.002
310,0.271,0.,0.271,0.216,0.,0.216,0.054,0.,0.054,0.054,0.,0.054,0.002,0.,0.002
320,0.301,0.,0.301,0.24,0.,0.24,0.059,0.,0.059,0.059,0.,0.059,0.002,0.,0.002
330,0.31,0.,0.31,0.244,0.,0.244,0.065,0.,0.065,0.065,0.,0.065,0.002,0.,0.002
340,0.341,0.,0.341,0.284,0.,0.284,0.056,0.,0.056,0.056,0.,0.056,0.002,0.,0.002
350,0.377,0.,0.377,0.306,0.,0.306,0.07,0.,0.07,0.07,0.,0.07,0.003,0.,0.003
360,0.386,0.,0.386,0.32,0.,0.32,0.065,0.,0.065,0.065,0.,0.065,0.002,0.,0.002
370,0.436,0.,0.436,0.364,0.,0.364,0.071,0.,0.071,0.071,0.,0.071,0.002,0.,0.002
380,0.463,0.,0.463,0.388,0.,0.388,0.073,0.,0.073,0.073,0.,0.073,0.003,0.,0.003
390,0.494,0.,0.494,0.417,0.,0.417,0.076,0.,0.076,0.076,0.,0.076,0.003,0.,0.003
400,0.502,0.,0.502,0.425,0.,0.425,0.077,0.,0.077,0.077,0.,0.077,0.003,0.,0.003
500,0.915,0.003,0.911,0.801,0.,0.801,0.113,0.003,0.109,0.113,0.003,0.109,0.006,0.,0.006
600,1.616,0.,1.616,1.458,0.,1.458,0.156,0.,0.156,0.156,0.,0.156,0.004,0.,0.004
700,2.503,0.011,2.491,2.295,0.011,2.283,0.207,0.,0.207,0.207,0.,0.207,0.006,0.,0.006
800,3.556,0.,3.555,3.222,0.,3.221,0.333,0.,0.332,0.333,0.,0.332,0.006,0.,0.006
900,5.112,0.003,5.108,4.785,0.003,4.781,0.325,0.,0.325,0.325,0.,0.325,0.007,0.,0.007
1000,6.733,0.,6.732,6.336,0.,6.336,0.395,0.,0.395,0.395,0.,0.395,0.008,0.,0.008