param-n,fast-rewrite-regression-cubic-real,fast-rewrite-regression-cubic-sys,fast-rewrite-regression-cubic-user,pose-build-and-refine-regression-cubic-real,pose-build-and-refine-regression-cubic-sys,pose-build-and-refine-regression-cubic-user,refine-regression-quadratic-regression-linear-real,refine-regression-quadratic-regression-linear-sys,refine-regression-quadratic-regression-linear-user
1,0.,0.,0.,0.,0.,0.,0.,0.,0.
2,0.,0.,0.,0.,0.,0.,0.,0.,0.
3,0.,0.,0.,0.,0.,0.,0.,0.,0.
4,0.,0.,0.,0.,0.,0.,0.,0.,0.
5,0.,0.,0.,0.,0.,0.,0.,0.,0.
6,0.056,0.001,0.054,0.056,0.001,0.054,0.055,0.,0.054
7,0.,0.,0.,0.,0.,0.,0.,0.,0.
8,0.,0.,0.,0.,0.,0.,0.,0.,0.
9,0.,0.,0.,0.,0.,0.,0.,0.,0.
10,0.,0.,0.,0.,0.,0.,0.,0.,0.
11,0.,0.,0.,0.,0.,0.,0.,0.,0.
12,0.,0.,0.,0.,0.,0.,0.,0.,0.
13,0.001,0.,0.001,0.001,0.,0.001,0.,0.,0.
14,0.001,0.,0.001,0.001,0.,0.001,0.,0.,0.
15,0.001,0.,0.001,0.001,0.,0.001,0.,0.,0.
16,0.001,0.,0.001,0.001,0.,0.001,0.,0.,0.
17,0.001,0.,0.001,0.001,0.,0.001,0.,0.,0.
18,0.001,0.,0.001,0.001,0.,0.001,0.,0.,0.
19,0.001,0.,0.001,0.001,0.,0.001,0.,0.,0.
20,0.001,0.,0.001,0.001,0.,0.001,0.,0.,0.
21,0.001,0.,0.001,0.001,0.,0.001,0.,0.,0.
22,0.001,0.,0.001,0.001,0.,0.001,0.,0.,0.
23,0.001,0.,0.001,0.001,0.,0.001,0.,0.,0.
24,0.001,0.,0.001,0.001,0.,0.001,0.,0.,0.
25,0.001,0.,0.001,0.001,0.,0.001,0.,0.,0.
26,0.001,0.,0.001,0.001,0.,0.001,0.,0.,0.
27,0.002,0.,0.002,0.002,0.,0.002,0.,0.,0.
28,0.002,0.,0.002,0.002,0.,0.002,0.,0.,0.
29,0.002,0.,0.002,0.002,0.,0.002,0.,0.,0.
30,0.003,0.,0.003,0.003,0.,0.003,0.,0.,0.
31,0.002,0.,0.002,0.002,0.,0.002,0.,0.,0.
32,0.002,0.,0.002,0.002,0.,0.002,0.,0.,0.
33,0.002,0.,0.002,0.002,0.,0.002,0.,0.,0.
34,0.002,0.,0.002,0.002,0.,0.002,0.,0.,0.
35,0.002,0.,0.002,0.002,0.,0.002,0.,0.,0.
36,0.002,0.,0.002,0.002,0.,0.002,0.,0.,0.
37,0.002,0.,0.002,0.002,0.,0.002,0.,0.,0.
38,0.002,0.,0.002,0.002,0.,0.002,0.,0.,0.
39,0.003,0.,0.003,0.003,0.,0.003,0.,0.,0.
40,0.003,0.,0.003,0.003,0.,0.003,0.,0.,0.
41,0.003,0.,0.003,0.003,0.,0.003,0.,0.,0.
42,0.003,0.,0.003,0.003,0.,0.003,0.,0.,0.
43,0.005,0.,0.005,0.005,0.,0.005,0.,0.,0.
44,0.003,0.,0.003,0.003,0.,0.003,0.,0.,0.
45,0.003,0.,0.003,0.003,0.,0.003,0.,0.,0.
46,0.003,0.,0.003,0.003,0.,0.003,0.,0.,0.
47,0.003,0.,0.003,0.003,0.,0.003,0.,0.,0.
48,0.003,0.,0.003,0.003,0.,0.003,0.,0.,0.
49,0.003,0.,0.003,0.003,0.,0.003,0.,0.,0.
50,0.004,0.,0.004,0.004,0.,0.004,0.,0.,0.
51,0.004,0.,0.004,0.004,0.,0.004,0.,0.,0.
52,0.004,0.,0.004,0.004,0.,0.004,0.,0.,0.
53,0.005,0.,0.005,0.005,0.,0.005,0.,0.,0.
54,0.004,0.,0.004,0.004,0.,0.004,0.,0.,0.
55,0.004,0.,0.004,0.004,0.,0.004,0.,0.,0.
56,0.004,0.,0.004,0.004,0.,0.004,0.,0.,0.
57,0.004,0.,0.004,0.004,0.,0.004,0.,0.,0.
58,0.004,0.,0.004,0.004,0.,0.004,0.,0.,0.
59,0.004,0.,0.004,0.004,0.,0.004,0.,0.,0.
60,0.004,0.,0.004,0.004,0.,0.004,0.,0.,0.
61,0.007,0.,0.007,0.007,0.,0.007,0.,0.,0.
62,0.005,0.,0.005,0.005,0.,0.005,0.,0.,0.
63,0.005,0.,0.005,0.005,0.,0.005,0.,0.,0.
64,0.005,0.,0.005,0.005,0.,0.005,0.,0.,0.
65,0.005,0.,0.005,0.005,0.,0.005,0.,0.,0.
66,0.005,0.,0.005,0.005,0.,0.005,0.,0.,0.
67,0.005,0.,0.005,0.005,0.,0.005,0.,0.,0.
68,0.006,0.003,0.002,0.006,0.003,0.002,0.,0.,0.
69,0.005,0.,0.005,0.005,0.,0.005,0.,0.,0.
70,0.005,0.,0.005,0.005,0.,0.005,0.,0.,0.
71,0.005,0.,0.005,0.005,0.,0.005,0.,0.,0.
72,0.006,0.,0.006,0.006,0.,0.006,0.,0.,0.
73,0.006,0.,0.006,0.006,0.,0.006,0.,0.,0.
74,0.008,0.,0.008,0.008,0.,0.008,0.,0.,0.
75,0.006,0.,0.006,0.006,0.,0.006,0.,0.,0.
76,0.006,0.,0.006,0.006,0.,0.006,0.,0.,0.
77,0.006,0.,0.006,0.006,0.,0.006,0.,0.,0.
78,0.006,0.,0.006,0.006,0.,0.006,0.,0.,0.
79,0.006,0.,0.006,0.006,0.,0.006,0.,0.,0.
80,0.007,0.,0.007,0.007,0.,0.007,0.,0.,0.
81,0.006,0.,0.006,0.006,0.,0.006,0.,0.,0.
82,0.007,0.,0.007,0.007,0.,0.007,0.,0.,0.
83,0.007,0.,0.007,0.007,0.,0.007,0.,0.,0.
84,0.007,0.,0.007,0.007,0.,0.007,0.,0.,0.
85,0.009,0.,0.009,0.009,0.,0.009,0.,0.,0.
86,0.007,0.,0.007,0.007,0.,0.007,0.,0.,0.
87,0.007,0.,0.007,0.007,0.,0.007,0.,0.,0.
88,0.007,0.,0.007,0.007,0.,0.007,0.,0.,0.
89,0.007,0.,0.007,0.007,0.,0.007,0.,0.,0.
90,0.008,0.,0.008,0.008,0.,0.008,0.,0.,0.
91,0.008,0.,0.008,0.008,0.,0.008,0.,0.,0.
92,0.008,0.,0.008,0.008,0.,0.008,0.,0.,0.
93,0.008,0.,0.008,0.008,0.,0.008,0.,0.,0.
94,0.008,0.,0.008,0.008,0.,0.008,0.,0.,0.
95,0.012,0.,0.012,0.012,0.,0.012,0.,0.,0.
96,0.008,0.,0.008,0.008,0.,0.008,0.,0.,0.
97,0.008,0.,0.008,0.008,0.,0.008,0.,0.,0.
98,0.009,0.,0.009,0.009,0.,0.009,0.,0.,0.
99,0.01,0.,0.01,0.01,0.,0.01,0.,0.,0.
100,0.011,0.003,0.007,0.011,0.003,0.007,0.001,0.,0.
110,0.01,0.,0.01,0.01,0.,0.01,0.,0.,0.
120,0.011,0.,0.011,0.011,0.,0.011,0.,0.,0.
130,0.013,0.,0.013,0.013,0.,0.013,0.,0.,0.
140,0.018,0.,0.018,0.018,0.,0.018,0.001,0.,0.001
150,0.019,0.,0.018,0.019,0.,0.018,0.001,0.,0.001
160,0.017,0.,0.017,0.017,0.,0.017,0.001,0.,0.001
170,0.021,0.,0.021,0.021,0.,0.021,0.001,0.,0.001
180,0.02,0.,0.02,0.02,0.,0.02,0.001,0.,0.001
190,0.03,0.,0.03,0.03,0.,0.03,0.009,0.,0.009
200,0.061,0.007,0.054,0.061,0.007,0.054,0.001,0.,0.001
210,0.025,0.,0.025,0.025,0.,0.025,0.001,0.,0.001
220,0.03,0.,0.03,0.03,0.,0.03,0.001,0.,0.001
230,0.029,0.,0.029,0.029,0.,0.029,0.001,0.,0.001
240,0.039,0.,0.039,0.039,0.,0.039,0.001,0.,0.001
250,0.037,0.,0.037,0.037,0.,0.037,0.001,0.,0.001
260,0.039,0.,0.039,0.039,0.,0.039,0.001,0.,0.001
270,0.048,0.,0.048,0.048,0.,0.048,0.011,0.,0.011
280,0.04,0.,0.04,0.04,0.,0.04,0.002,0.,0.002
290,0.044,0.,0.044,0.044,0.,0.044,0.002,0.,0.002
300,0.054,0.,0.054,0.054,0.,0.054,0.011,0.,0.011
310,0.052,0.,0.052,0.052,0.,0.052,0.002,0.,0.002
320,0.053,0.,0.053,0.053,0.,0.053,0.002,0.,0.002
330,0.061,0.,0.061,0.061,0.,0.061,0.002,0.,0.002
340,0.058,0.,0.058,0.058,0.,0.058,0.002,0.,0.002
350,0.063,0.,0.063,0.063,0.,0.063,0.002,0.,0.002
360,0.069,0.,0.069,0.069,0.,0.069,0.003,0.,0.003
370,0.07,0.,0.07,0.07,0.,0.07,0.007,0.,0.007
380,0.072,0.,0.072,0.072,0.,0.072,0.002,0.,0.002
390,0.085,0.,0.085,0.085,0.,0.085,0.003,0.,0.003
400,0.087,0.,0.087,0.087,0.,0.087,0.003,0.,0.003
410,0.079,0.,0.079,0.079,0.,0.079,0.003,0.,0.003
420,0.091,0.,0.091,0.091,0.,0.091,0.003,0.,0.003
430,0.086,0.,0.086,0.086,0.,0.086,0.003,0.,0.003
440,0.085,0.,0.085,0.085,0.,0.085,0.003,0.,0.003
450,0.093,0.,0.093,0.093,0.,0.093,0.003,0.,0.003
460,0.097,0.003,0.093,0.097,0.003,0.093,0.003,0.,0.003
470,0.103,0.,0.103,0.103,0.,0.103,0.003,0.,0.003
480,0.106,0.,0.106,0.106,0.,0.106,0.004,0.,0.004
490,0.101,0.,0.101,0.101,0.,0.101,0.004,0.,0.004
500,0.105,0.,0.105,0.105,0.,0.105,0.004,0.,0.004
510,0.111,0.002,0.109,0.111,0.002,0.109,0.004,0.,0.004
520,0.117,0.,0.117,0.117,0.,0.117,0.004,0.,0.004
530,0.121,0.,0.121,0.121,0.,0.121,0.004,0.,0.004
540,0.128,0.,0.128,0.128,0.,0.128,0.004,0.,0.004
550,0.142,0.003,0.138,0.142,0.003,0.138,0.004,0.,0.004
560,0.158,0.,0.158,0.158,0.,0.158,0.004,0.,0.004
570,0.176,0.,0.176,0.176,0.,0.176,0.021,0.,0.021
580,0.159,0.,0.159,0.159,0.,0.159,0.004,0.,0.004
590,0.154,0.,0.154,0.154,0.,0.154,0.005,0.,0.005
600,0.158,0.,0.158,0.158,0.,0.158,0.004,0.,0.004
610,0.165,0.,0.165,0.165,0.,0.165,0.004,0.,0.004
620,0.16,0.003,0.156,0.16,0.003,0.156,0.005,0.,0.004
630,0.162,0.,0.162,0.162,0.,0.162,0.005,0.,0.005
640,0.17,0.,0.17,0.17,0.,0.17,0.004,0.,0.004
650,0.179,0.,0.179,0.179,0.,0.179,0.005,0.,0.005
660,0.181,0.001,0.179,0.181,0.001,0.179,0.005,0.,0.005
670,0.184,0.,0.184,0.184,0.,0.184,0.005,0.,0.005
680,0.191,0.,0.191,0.191,0.,0.191,0.005,0.,0.005
690,0.194,0.,0.194,0.194,0.,0.194,0.005,0.,0.005
700,0.208,0.,0.208,0.208,0.,0.208,0.005,0.,0.005
710,0.251,0.,0.251,0.251,0.,0.251,0.006,0.,0.006
720,0.244,0.,0.244,0.244,0.,0.244,0.006,0.,0.006
730,0.231,0.,0.231,0.231,0.,0.231,0.006,0.,0.006
740,0.227,0.,0.227,0.227,0.,0.227,0.006,0.,0.006
750,0.225,0.003,0.221,0.225,0.003,0.221,0.005,0.,0.005
760,0.233,0.,0.233,0.233,0.,0.233,0.005,0.,0.005
770,0.243,0.003,0.239,0.243,0.003,0.239,0.005,0.,0.005
780,0.245,0.,0.245,0.245,0.,0.245,0.006,0.,0.006
790,0.25,0.,0.25,0.25,0.,0.25,0.006,0.,0.006
800,0.255,0.,0.255,0.255,0.,0.255,0.006,0.,0.006
810,0.265,0.,0.263,0.265,0.,0.263,0.006,0.,0.006
820,0.296,0.,0.296,0.296,0.,0.296,0.006,0.,0.006
830,0.305,0.,0.305,0.305,0.,0.305,0.006,0.,0.006
840,0.312,0.,0.312,0.312,0.,0.312,0.007,0.,0.007
850,0.302,0.,0.302,0.302,0.,0.302,0.007,0.,0.007
860,0.293,0.,0.293,0.293,0.,0.293,0.006,0.,0.006
870,0.301,0.,0.301,0.301,0.,0.301,0.008,0.,0.008
880,0.3,0.,0.3,0.3,0.,0.3,0.006,0.,0.006
890,0.311,0.,0.311,0.311,0.,0.311,0.006,0.,0.006
900,0.318,0.,0.318,0.318,0.,0.318,0.007,0.,0.007
910,0.332,0.,0.332,0.332,0.,0.332,0.007,0.,0.007
920,0.374,0.,0.374,0.374,0.,0.374,0.007,0.,0.007
930,0.368,0.,0.368,0.368,0.,0.368,0.007,0.,0.007
940,0.362,0.,0.362,0.362,0.,0.362,0.007,0.,0.007
950,0.348,0.,0.348,0.348,0.,0.348,0.007,0.,0.007
960,0.355,0.,0.355,0.355,0.,0.355,0.007,0.,0.007
970,0.367,0.,0.367,0.367,0.,0.367,0.008,0.,0.008
980,0.369,0.,0.369,0.369,0.,0.369,0.007,0.,0.007
990,0.376,0.,0.376,0.376,0.,0.376,0.007,0.,0.007
1000,0.403,0.,0.403,0.403,0.,0.403,0.007,0.,0.007
1100,0.505,0.,0.505,0.505,0.,0.505,0.009,0.,0.009
1200,0.575,0.,0.575,0.575,0.,0.575,0.009,0.,0.009
1300,0.623,0.,0.623,0.623,0.,0.623,0.012,0.,0.012
1400,0.711,0.,0.711,0.711,0.,0.711,0.011,0.,0.011
1500,0.809,0.,0.809,0.809,0.,0.809,0.011,0.,0.011
1600,0.919,0.,0.918,0.918,0.,0.918,0.013,0.,0.013
1700,1.107,0.,1.107,1.107,0.,1.107,0.016,0.,0.016
1800,1.176,0.,1.176,1.175,0.,1.175,0.016,0.,0.016
1900,1.274,0.,1.274,1.274,0.,1.274,0.015,0.,0.015
2000,1.406,0.,1.406,1.406,0.,1.406,0.016,0.,0.016
3000,3.219,0.,3.219,3.219,0.,3.219,0.026,0.,0.026
4000,5.525,0.,5.524,5.525,0.,5.524,0.035,0.,0.035
5000,8.784,0.,8.783,8.784,0.,8.783,0.048,0.,0.048