param-n,abstract+autorewrite-regression-quadratic-real,abstract+autorewrite-regression-quadratic-sys,abstract+autorewrite-regression-quadratic-user,abstract+rewrite!-regression-quadratic-real,abstract+rewrite!-regression-quadratic-sys,abstract+rewrite!-regression-quadratic-user,autorewrite-noop-regression-linear-real,autorewrite-noop-regression-linear-sys,autorewrite-noop-regression-linear-user,autorewrite-regression-quadratic-real,autorewrite-regression-quadratic-sys,autorewrite-regression-quadratic-user,close-abstract+autorewrite-regression-quadratic-real,close-abstract+autorewrite-regression-quadratic-sys,close-abstract+autorewrite-regression-quadratic-user,close-abstract+rewrite!-regression-quadratic-real,close-abstract+rewrite!-regression-quadratic-sys,close-abstract+rewrite!-regression-quadratic-user,rewrite!-regression-quadratic-real,rewrite!-regression-quadratic-sys,rewrite!-regression-quadratic-user,rewrite?-noop-regression-linear-real,rewrite?-noop-regression-linear-sys,rewrite?-noop-regression-linear-user
1,0.001,0.,0.,0.001,0.,0.,0.,0.,0.,0.,0.,0.,0.,0.,0.,0.,0.,0.,0.,0.,0.,0.,0.,0.
2,0.001,0.,0.001,0.001,0.,0.,0.,0.,0.,0.,0.,0.,0.,0.,0.,0.,0.,0.,0.,0.,0.,0.,0.,0.
3,0.001,0.,0.001,0.001,0.,0.001,0.,0.,0.,0.,0.,0.,0.,0.,0.,0.,0.,0.,0.,0.,0.,0.,0.,0.
4,0.002,0.,0.001,0.001,0.,0.001,0.,0.,0.,0.001,0.,0.001,0.,0.,0.,0.,0.,0.,0.001,0.,0.,0.,0.,0.
5,0.002,0.,0.002,0.001,0.,0.001,0.,0.,0.,0.001,0.,0.001,0.,0.,0.,0.,0.,0.,0.001,0.,0.001,0.,0.,0.
6,0.002,0.,0.002,0.002,0.,0.002,0.,0.,0.,0.002,0.,0.002,0.,0.,0.,0.,0.,0.,0.001,0.,0.001,0.,0.,0.
7,0.003,0.,0.002,0.002,0.,0.002,0.,0.,0.,0.001,0.,0.001,0.,0.,0.,0.,0.,0.,0.001,0.,0.001,0.,0.,0.
8,0.003,0.,0.003,0.003,0.,0.003,0.,0.,0.,0.003,0.,0.002,0.,0.,0.,0.,0.,0.,0.002,0.,0.002,0.,0.,0.
9,0.003,0.,0.003,0.003,0.,0.003,0.,0.,0.,0.002,0.,0.002,0.,0.,0.,0.,0.,0.,0.002,0.,0.002,0.,0.,0.
10,0.004,0.,0.004,0.004,0.,0.004,0.,0.,0.,0.003,0.,0.003,0.001,0.,0.001,0.001,0.,0.001,0.003,0.,0.003,0.,0.,0.
11,0.005,0.,0.005,0.004,0.,0.004,0.,0.,0.,0.004,0.,0.004,0.001,0.,0.001,0.001,0.,0.001,0.003,0.,0.003,0.,0.,0.
12,0.005,0.,0.005,0.006,0.,0.005,0.,0.,0.,0.004,0.,0.004,0.001,0.,0.001,0.001,0.,0.001,0.004,0.,0.003,0.,0.,0.
13,0.006,0.,0.006,0.006,0.,0.006,0.,0.,0.,0.004,0.,0.004,0.001,0.,0.001,0.001,0.,0.001,0.004,0.,0.004,0.,0.,0.
14,0.007,0.,0.007,0.007,0.003,0.003,0.,0.,0.,0.005,0.,0.005,0.001,0.,0.001,0.001,0.,0.,0.004,0.003,0.001,0.,0.,0.
15,0.055,0.007,0.048,0.056,0.007,0.048,0.,0.,0.,0.053,0.007,0.046,0.001,0.,0.,0.001,0.,0.001,0.005,0.005,0.,0.,0.,0.
16,0.006,0.,0.005,0.005,0.,0.005,0.,0.,0.,0.004,0.,0.004,0.001,0.,0.001,0.001,0.,0.001,0.003,0.,0.003,0.,0.,0.
17,0.006,0.,0.006,0.006,0.,0.005,0.,0.,0.,0.004,0.,0.004,0.001,0.,0.001,0.001,0.,0.001,0.004,0.,0.004,0.,0.,0.
18,0.006,0.,0.006,0.006,0.,0.006,0.,0.,0.,0.004,0.,0.004,0.001,0.,0.001,0.001,0.,0.001,0.004,0.,0.004,0.,0.,0.
19,0.007,0.,0.007,0.007,0.,0.007,0.,0.,0.,0.005,0.,0.005,0.001,0.,0.001,0.001,0.,0.001,0.005,0.,0.005,0.,0.,0.
20,0.008,0.,0.008,0.007,0.,0.007,0.,0.,0.,0.005,0.,0.005,0.001,0.,0.001,0.001,0.,0.001,0.005,0.,0.005,0.,0.,0.
21,0.008,0.,0.008,0.008,0.,0.008,0.,0.,0.,0.006,0.,0.006,0.001,0.,0.001,0.001,0.,0.001,0.006,0.,0.006,0.,0.,0.
22,0.01,0.,0.01,0.01,0.,0.01,0.,0.,0.,0.008,0.,0.008,0.002,0.,0.002,0.001,0.,0.001,0.007,0.,0.007,0.,0.,0.
23,0.01,0.,0.01,0.009,0.,0.009,0.,0.,0.,0.007,0.,0.007,0.002,0.,0.002,0.002,0.,0.002,0.007,0.,0.007,0.,0.,0.
24,0.011,0.,0.011,0.01,0.,0.01,0.,0.,0.,0.007,0.,0.007,0.002,0.,0.002,0.002,0.,0.002,0.007,0.,0.007,0.,0.,0.
25,0.011,0.,0.011,0.011,0.,0.011,0.,0.,0.,0.008,0.,0.008,0.002,0.,0.002,0.002,0.,0.002,0.008,0.,0.008,0.,0.,0.
26,0.013,0.,0.013,0.012,0.,0.012,0.,0.,0.,0.01,0.,0.01,0.002,0.,0.002,0.002,0.,0.002,0.008,0.,0.008,0.,0.,0.
27,0.013,0.,0.013,0.015,0.,0.015,0.,0.,0.,0.009,0.,0.009,0.002,0.,0.002,0.002,0.,0.002,0.011,0.,0.011,0.,0.,0.
28,0.014,0.,0.014,0.013,0.,0.013,0.,0.,0.,0.01,0.,0.01,0.003,0.,0.003,0.003,0.,0.003,0.009,0.,0.009,0.,0.,0.
29,0.014,0.,0.014,0.014,0.,0.014,0.,0.,0.,0.01,0.,0.01,0.003,0.,0.003,0.003,0.,0.003,0.01,0.,0.01,0.,0.,0.
30,0.017,0.,0.017,0.016,0.003,0.012,0.,0.,0.,0.012,0.,0.012,0.003,0.,0.003,0.004,0.003,0.,0.011,0.,0.011,0.,0.,0.
31,0.016,0.,0.016,0.016,0.,0.016,0.,0.,0.,0.012,0.,0.012,0.003,0.,0.003,0.003,0.,0.003,0.011,0.,0.011,0.,0.,0.
32,0.017,0.,0.017,0.017,0.,0.017,0.,0.,0.,0.012,0.,0.012,0.003,0.,0.003,0.003,0.,0.003,0.012,0.,0.012,0.,0.,0.
33,0.02,0.,0.02,0.022,0.,0.021,0.,0.,0.,0.015,0.,0.015,0.004,0.,0.004,0.004,0.,0.004,0.017,0.,0.016,0.,0.,0.
34,0.019,0.,0.019,0.018,0.,0.018,0.,0.,0.,0.014,0.,0.014,0.004,0.,0.004,0.004,0.,0.004,0.013,0.,0.013,0.,0.,0.
35,0.021,0.,0.021,0.019,0.,0.019,0.,0.,0.,0.015,0.,0.015,0.004,0.,0.004,0.004,0.,0.004,0.014,0.,0.014,0.,0.,0.
36,0.021,0.,0.021,0.021,0.,0.021,0.,0.,0.,0.015,0.,0.015,0.004,0.,0.004,0.004,0.,0.004,0.016,0.,0.016,0.,0.,0.
37,0.025,0.,0.025,0.021,0.,0.021,0.,0.,0.,0.016,0.,0.016,0.008,0.,0.008,0.004,0.,0.004,0.016,0.,0.016,0.,0.,0.
38,0.023,0.,0.023,0.025,0.,0.025,0.,0.,0.,0.017,0.,0.017,0.005,0.,0.005,0.005,0.,0.005,0.019,0.,0.019,0.,0.,0.
39,0.025,0.,0.025,0.024,0.,0.024,0.,0.,0.,0.018,0.,0.018,0.006,0.,0.006,0.005,0.,0.005,0.017,0.,0.017,0.,0.,0.
40,0.026,0.,0.026,0.026,0.,0.026,0.,0.,0.,0.019,0.,0.019,0.005,0.,0.005,0.005,0.,0.005,0.019,0.,0.019,0.,0.,0.
41,0.029,0.,0.029,0.026,0.,0.026,0.,0.,0.,0.019,0.,0.019,0.008,0.,0.008,0.005,0.,0.005,0.019,0.,0.019,0.,0.,0.
42,0.028,0.,0.028,0.03,0.,0.03,0.,0.,0.,0.02,0.,0.02,0.006,0.,0.006,0.006,0.,0.006,0.023,0.,0.023,0.,0.,0.
43,0.03,0.,0.03,0.028,0.,0.028,0.,0.,0.,0.022,0.,0.022,0.006,0.,0.006,0.006,0.,0.006,0.02,0.,0.02,0.,0.,0.
44,0.03,0.,0.03,0.03,0.,0.03,0.,0.,0.,0.022,0.,0.022,0.007,0.,0.007,0.006,0.,0.006,0.022,0.,0.022,0.,0.,0.
45,0.034,0.,0.034,0.032,0.,0.032,0.,0.,0.,0.026,0.,0.026,0.007,0.,0.007,0.007,0.,0.007,0.024,0.,0.024,0.,0.,0.
46,0.034,0.,0.034,0.032,0.,0.032,0.,0.,0.,0.026,0.,0.026,0.007,0.,0.007,0.007,0.,0.007,0.023,0.,0.023,0.,0.,0.
47,0.034,0.,0.034,0.034,0.,0.034,0.,0.,0.,0.025,0.,0.025,0.007,0.,0.007,0.007,0.,0.007,0.025,0.,0.025,0.,0.,0.
48,0.038,0.,0.038,0.036,0.,0.036,0.,0.,0.,0.029,0.,0.029,0.008,0.,0.008,0.007,0.,0.007,0.027,0.,0.027,0.,0.,0.
49,0.038,0.,0.038,0.036,0.,0.036,0.,0.,0.,0.029,0.,0.029,0.008,0.,0.008,0.008,0.,0.008,0.026,0.,0.026,0.,0.,0.
50,0.103,0.031,0.071,0.055,0.016,0.039,0.,0.,0.,0.043,0.019,0.023,0.058,0.011,0.047,0.012,0.,0.012,0.042,0.015,0.026,0.001,0.,0.
51,0.041,0.,0.041,0.039,0.,0.039,0.,0.,0.,0.031,0.,0.031,0.009,0.,0.009,0.008,0.,0.008,0.028,0.,0.028,0.,0.,0.
52,0.041,0.,0.041,0.041,0.,0.041,0.,0.,0.,0.03,0.,0.03,0.01,0.,0.01,0.009,0.,0.009,0.03,0.,0.03,0.,0.,0.
53,0.042,0.,0.042,0.042,0.,0.042,0.,0.,0.,0.031,0.,0.031,0.009,0.,0.009,0.009,0.,0.009,0.032,0.,0.032,0.,0.,0.
54,0.045,0.,0.045,0.045,0.,0.045,0.,0.,0.,0.034,0.,0.034,0.01,0.,0.01,0.009,0.,0.009,0.034,0.,0.034,0.,0.,0.
55,0.046,0.,0.046,0.046,0.,0.046,0.,0.,0.,0.034,0.,0.034,0.01,0.,0.01,0.01,0.,0.01,0.034,0.,0.034,0.,0.,0.
56,0.048,0.,0.048,0.049,0.,0.049,0.,0.,0.,0.035,0.,0.035,0.01,0.,0.01,0.01,0.,0.01,0.037,0.,0.037,0.,0.,0.
57,0.048,0.,0.048,0.049,0.,0.049,0.,0.,0.,0.036,0.,0.036,0.01,0.,0.01,0.01,0.,0.01,0.035,0.,0.035,0.003,0.,0.003
58,0.051,0.,0.051,0.053,0.,0.053,0.,0.,0.,0.038,0.,0.038,0.011,0.,0.011,0.011,0.,0.011,0.04,0.,0.04,0.,0.,0.
59,0.052,0.,0.052,0.053,0.,0.053,0.,0.,0.,0.039,0.,0.039,0.011,0.,0.011,0.011,0.,0.011,0.04,0.,0.04,0.,0.,0.
60,0.054,0.,0.054,0.056,0.,0.056,0.,0.,0.,0.041,0.,0.041,0.012,0.,0.012,0.012,0.,0.012,0.042,0.,0.042,0.,0.,0.
61,0.056,0.,0.056,0.056,0.,0.056,0.,0.,0.,0.041,0.,0.041,0.013,0.,0.013,0.012,0.,0.012,0.042,0.,0.042,0.,0.,0.
62,0.058,0.,0.058,0.059,0.,0.059,0.,0.,0.,0.042,0.,0.042,0.012,0.,0.012,0.012,0.,0.012,0.044,0.,0.044,0.,0.,0.
63,0.061,0.,0.061,0.058,0.,0.058,0.,0.,0.,0.046,0.,0.046,0.013,0.,0.013,0.013,0.,0.013,0.043,0.,0.043,0.,0.,0.
64,0.06,0.,0.06,0.063,0.,0.063,0.,0.,0.,0.045,0.,0.045,0.013,0.,0.013,0.015,0.,0.015,0.046,0.,0.046,0.,0.,0.
65,0.064,0.,0.064,0.063,0.,0.063,0.,0.,0.,0.048,0.,0.048,0.014,0.,0.014,0.014,0.,0.014,0.048,0.,0.048,0.,0.,0.
66,0.064,0.,0.064,0.064,0.,0.064,0.001,0.,0.001,0.047,0.,0.047,0.014,0.,0.014,0.014,0.,0.014,0.048,0.,0.048,0.,0.,0.
67,0.067,0.,0.067,0.068,0.,0.068,0.,0.,0.,0.051,0.,0.05,0.014,0.,0.014,0.015,0.,0.015,0.051,0.,0.051,0.,0.,0.
68,0.072,0.,0.072,0.067,0.,0.067,0.,0.,0.,0.053,0.,0.053,0.016,0.,0.016,0.015,0.,0.015,0.05,0.,0.05,0.,0.,0.
69,0.07,0.,0.07,0.069,0.,0.069,0.,0.,0.,0.053,0.,0.053,0.015,0.,0.015,0.015,0.,0.015,0.053,0.,0.053,0.,0.,0.
70,0.072,0.,0.072,0.074,0.,0.074,0.,0.,0.,0.054,0.,0.054,0.016,0.,0.015,0.017,0.,0.017,0.056,0.,0.055,0.,0.,0.
71,0.077,0.,0.077,0.074,0.,0.074,0.,0.,0.,0.059,0.,0.059,0.016,0.,0.016,0.016,0.,0.016,0.056,0.,0.056,0.,0.,0.
72,0.081,0.,0.081,0.076,0.,0.076,0.,0.,0.,0.06,0.,0.06,0.019,0.,0.019,0.019,0.,0.019,0.055,0.,0.055,0.,0.,0.
73,0.079,0.,0.079,0.077,0.003,0.074,0.,0.,0.,0.059,0.,0.059,0.017,0.,0.017,0.017,0.003,0.014,0.058,0.,0.058,0.,0.,0.
74,0.081,0.,0.081,0.084,0.,0.084,0.,0.,0.,0.059,0.,0.059,0.02,0.,0.02,0.017,0.,0.017,0.065,0.,0.065,0.,0.,0.
75,0.082,0.,0.082,0.086,0.,0.086,0.,0.,0.,0.062,0.,0.062,0.018,0.,0.018,0.019,0.,0.019,0.065,0.,0.064,0.,0.,0.
76,0.088,0.,0.088,0.085,0.,0.085,0.,0.,0.,0.068,0.,0.068,0.018,0.,0.018,0.019,0.,0.019,0.064,0.,0.064,0.,0.,0.
77,0.091,0.,0.091,0.086,0.,0.086,0.003,0.,0.003,0.068,0.,0.067,0.018,0.,0.018,0.019,0.,0.019,0.065,0.,0.065,0.,0.,0.
78,0.093,0.,0.093,0.089,0.,0.089,0.,0.,0.,0.07,0.,0.07,0.021,0.,0.021,0.022,0.,0.022,0.065,0.,0.065,0.,0.,0.
79,0.093,0.,0.093,0.092,0.,0.092,0.,0.,0.,0.069,0.,0.069,0.022,0.,0.022,0.023,0.,0.023,0.067,0.,0.067,0.,0.,0.
80,0.093,0.,0.093,0.095,0.,0.095,0.,0.,0.,0.071,0.,0.07,0.02,0.,0.02,0.024,0.,0.024,0.069,0.,0.069,0.,0.,0.
81,0.093,0.,0.093,0.099,0.,0.099,0.001,0.,0.001,0.069,0.,0.069,0.021,0.,0.021,0.025,0.,0.025,0.071,0.,0.071,0.001,0.,0.001
82,0.096,0.,0.096,0.096,0.,0.096,0.001,0.,0.001,0.072,0.,0.072,0.022,0.,0.022,0.021,0.,0.021,0.072,0.,0.072,0.,0.,0.
83,0.099,0.,0.099,0.104,0.,0.104,0.001,0.,0.001,0.074,0.,0.074,0.023,0.,0.023,0.027,0.,0.027,0.075,0.,0.075,0.001,0.,0.001
84,0.101,0.,0.101,0.106,0.,0.106,0.001,0.,0.001,0.075,0.,0.075,0.024,0.,0.024,0.027,0.,0.027,0.076,0.,0.076,0.001,0.,0.001
85,0.106,0.,0.106,0.109,0.,0.109,0.001,0.,0.001,0.079,0.,0.079,0.025,0.,0.025,0.028,0.,0.028,0.078,0.,0.078,0.001,0.,0.001
86,0.11,0.003,0.106,0.11,0.,0.11,0.001,0.,0.001,0.081,0.,0.081,0.026,0.003,0.022,0.028,0.,0.028,0.079,0.,0.079,0.001,0.,0.001
87,0.113,0.,0.113,0.112,0.,0.112,0.001,0.,0.001,0.087,0.,0.087,0.023,0.,0.023,0.025,0.,0.025,0.085,0.,0.085,0.001,0.,0.001
88,0.12,0.,0.12,0.113,0.,0.113,0.001,0.,0.001,0.093,0.,0.093,0.024,0.,0.024,0.025,0.,0.025,0.085,0.,0.085,0.001,0.,0.001
89,0.127,0.,0.126,0.114,0.,0.114,0.001,0.,0.001,0.093,0.,0.093,0.031,0.,0.031,0.028,0.,0.028,0.084,0.,0.084,0.001,0.,0.001
90,0.12,0.,0.12,0.123,0.,0.123,0.001,0.,0.001,0.092,0.,0.092,0.026,0.,0.026,0.025,0.,0.025,0.095,0.,0.095,0.001,0.,0.001
91,0.121,0.,0.121,0.124,0.,0.124,0.001,0.,0.001,0.091,0.,0.091,0.028,0.,0.028,0.026,0.,0.026,0.096,0.,0.096,0.001,0.,0.001
92,0.12,0.,0.12,0.122,0.,0.122,0.001,0.,0.001,0.089,0.,0.089,0.029,0.,0.029,0.028,0.,0.028,0.091,0.,0.091,0.001,0.,0.001
93,0.125,0.,0.125,0.123,0.,0.123,0.001,0.,0.001,0.094,0.,0.094,0.029,0.,0.029,0.027,0.,0.027,0.093,0.,0.093,0.001,0.,0.001
94,0.125,0.,0.125,0.126,0.,0.126,0.001,0.,0.001,0.095,0.,0.095,0.028,0.,0.028,0.031,0.,0.031,0.092,0.,0.092,0.001,0.,0.001
95,0.128,0.,0.128,0.133,0.,0.133,0.001,0.,0.001,0.095,0.,0.095,0.03,0.,0.03,0.03,0.,0.03,0.1,0.,0.1,0.001,0.,0.001
96,0.132,0.006,0.125,0.132,0.003,0.128,0.001,0.,0.001,0.101,0.006,0.095,0.028,0.,0.028,0.029,0.,0.029,0.1,0.003,0.096,0.001,0.,0.001
97,0.134,0.,0.134,0.134,0.,0.134,0.001,0.,0.001,0.102,0.,0.102,0.03,0.,0.03,0.029,0.,0.029,0.103,0.,0.103,0.001,0.,0.001
98,0.136,0.,0.136,0.14,0.,0.14,0.001,0.,0.001,0.101,0.,0.101,0.032,0.,0.032,0.032,0.,0.032,0.106,0.,0.106,0.001,0.,0.001
99,0.142,0.,0.142,0.141,0.,0.141,0.001,0.,0.001,0.107,0.,0.107,0.033,0.,0.033,0.033,0.,0.033,0.105,0.,0.105,0.001,0.,0.001
100,0.147,0.,0.146,0.146,0.,0.146,0.001,0.,0.001,0.113,0.,0.112,0.032,0.,0.032,0.031,0.,0.031,0.113,0.,0.113,0.001,0.,0.001
110,0.171,0.,0.171,0.175,0.,0.175,0.001,0.,0.001,0.132,0.,0.132,0.037,0.,0.037,0.038,0.,0.038,0.134,0.,0.134,0.001,0.,0.001
120,0.21,0.,0.21,0.21,0.,0.21,0.001,0.,0.001,0.158,0.,0.158,0.046,0.,0.046,0.047,0.,0.047,0.159,0.,0.159,0.001,0.,0.001
130,0.243,0.003,0.239,0.245,0.003,0.241,0.001,0.,0.001,0.185,0.003,0.181,0.055,0.,0.055,0.055,0.,0.055,0.187,0.003,0.183,0.001,0.,0.001
140,0.282,0.,0.282,0.286,0.,0.286,0.001,0.,0.001,0.216,0.,0.216,0.062,0.,0.062,0.064,0.,0.064,0.219,0.,0.219,0.001,0.,0.001
150,0.341,0.,0.34,0.341,0.,0.34,0.002,0.,0.002,0.264,0.,0.264,0.073,0.,0.073,0.072,0.,0.072,0.266,0.,0.265,0.002,0.,0.002
160,0.377,0.,0.377,0.401,0.003,0.397,0.002,0.,0.002,0.285,0.,0.285,0.089,0.,0.089,0.095,0.,0.095,0.302,0.003,0.298,0.002,0.,0.002
170,0.448,0.003,0.444,0.446,0.,0.446,0.002,0.,0.002,0.351,0.,0.351,0.093,0.003,0.089,0.104,0.,0.104,0.338,0.,0.338,0.002,0.,0.002
180,0.505,0.003,0.501,0.506,0.003,0.502,0.002,0.,0.002,0.391,0.003,0.387,0.109,0.,0.109,0.116,0.,0.116,0.385,0.003,0.381,0.002,0.,0.002
190,0.567,0.003,0.563,0.547,0.,0.547,0.002,0.,0.002,0.441,0.003,0.437,0.121,0.,0.121,0.116,0.,0.116,0.427,0.,0.427,0.002,0.,0.002
200,0.631,0.007,0.623,0.633,0.003,0.63,0.003,0.,0.003,0.483,0.003,0.48,0.143,0.003,0.139,0.143,0.,0.143,0.486,0.003,0.483,0.003,0.,0.002
210,0.656,0.003,0.652,0.664,0.,0.664,0.003,0.,0.003,0.503,0.,0.503,0.147,0.003,0.143,0.147,0.,0.147,0.511,0.,0.511,0.003,0.,0.003
220,0.731,0.003,0.727,0.736,0.,0.736,0.003,0.,0.003,0.564,0.003,0.56,0.161,0.,0.161,0.16,0.,0.16,0.571,0.,0.571,0.003,0.,0.003
230,0.791,0.,0.791,0.795,0.,0.794,0.003,0.,0.003,0.614,0.,0.614,0.172,0.,0.172,0.171,0.,0.171,0.618,0.,0.618,0.003,0.,0.003
240,0.912,0.,0.909,0.924,0.,0.924,0.003,0.,0.003,0.705,0.,0.702,0.202,0.,0.202,0.207,0.,0.207,0.711,0.,0.711,0.004,0.,0.004
250,0.977,0.004,0.972,0.981,0.007,0.973,0.004,0.,0.004,0.767,0.003,0.763,0.204,0.,0.204,0.202,0.,0.202,0.774,0.007,0.766,0.004,0.,0.004
260,1.062,0.,1.062,1.073,0.,1.073,0.004,0.,0.004,0.836,0.,0.836,0.219,0.,0.219,0.221,0.,0.221,0.845,0.,0.845,0.004,0.,0.004
270,1.132,0.003,1.128,1.147,0.011,1.135,0.007,0.,0.007,0.881,0.,0.881,0.242,0.003,0.238,0.243,0.003,0.239,0.897,0.007,0.889,0.004,0.,0.004
280,1.207,0.003,1.203,1.224,0.004,1.219,0.004,0.,0.004,0.944,0.003,0.94,0.256,0.,0.256,0.26,0.,0.258,0.958,0.003,0.954,0.005,0.,0.005
290,1.362,0.,1.362,1.369,0.,1.369,0.005,0.,0.005,1.059,0.,1.059,0.296,0.,0.296,0.297,0.,0.297,1.062,0.,1.062,0.007,0.,0.007
300,1.409,0.003,1.405,1.419,0.007,1.409,0.007,0.,0.007,1.107,0.003,1.103,0.292,0.,0.292,0.292,0.003,0.288,1.12,0.003,1.115,0.005,0.,0.005
310,1.517,0.,1.516,1.545,0.,1.545,0.005,0.,0.005,1.195,0.,1.195,0.314,0.,0.313,0.318,0.,0.318,1.219,0.,1.219,0.005,0.,0.005
320,1.609,0.,1.609,1.638,0.,1.636,0.006,0.,0.006,1.271,0.,1.271,0.33,0.,0.33,0.335,0.,0.335,1.295,0.,1.293,0.006,0.,0.006
330,1.796,0.,1.796,1.803,0.,1.803,0.006,0.,0.006,1.41,0.,1.41,0.377,0.,0.377,0.38,0.,0.38,1.415,0.,1.414,0.006,0.,0.006
340,1.847,0.,1.847,1.879,0.,1.879,0.006,0.,0.006,1.457,0.,1.457,0.381,0.,0.381,0.385,0.,0.385,1.486,0.,1.486,0.006,0.,0.006
350,2.062,0.007,2.054,2.076,0.008,2.068,0.007,0.,0.007,1.641,0.003,1.637,0.413,0.003,0.409,0.415,0.,0.415,1.653,0.007,1.645,0.006,0.,0.006
360,2.117,0.,2.117,2.1,0.,2.099,0.007,0.,0.007,1.658,0.,1.657,0.45,0.,0.45,0.413,0.,0.413,1.677,0.,1.676,0.007,0.,0.007
370,2.262,0.003,2.258,2.318,0.,2.318,0.007,0.003,0.003,1.806,0.,1.806,0.446,0.,0.446,0.449,0.,0.449,1.86,0.,1.859,0.007,0.,0.007
380,2.347,0.,2.347,2.4,0.027,2.371,0.009,0.,0.009,1.876,0.,1.876,0.46,0.,0.46,0.481,0.003,0.475,1.91,0.023,1.885,0.007,0.,0.007
390,2.571,0.007,2.562,2.6,0.,2.6,0.008,0.,0.008,2.069,0.007,2.061,0.491,0.,0.491,0.526,0.,0.526,2.062,0.,2.061,0.01,0.,0.01
400,2.649,0.008,2.641,2.673,0.007,2.663,0.009,0.,0.009,2.125,0.007,2.117,0.512,0.,0.512,0.512,0.,0.512,2.151,0.007,2.141,0.008,0.,0.008