param-n,abstract+rewrite-strat-bottomup-real,abstract+rewrite-strat-bottomup-sys,abstract+rewrite-strat-bottomup-user,abstract+rewrite-strat-topdown-real,abstract+rewrite-strat-topdown-sys,abstract+rewrite-strat-topdown-user,close-abstract+rewrite-strat-bottomup-real,close-abstract+rewrite-strat-bottomup-sys,close-abstract+rewrite-strat-bottomup-user,close-abstract+rewrite-strat-topdown-real,close-abstract+rewrite-strat-topdown-sys,close-abstract+rewrite-strat-topdown-user,rewrite-strat-bottomup-real,rewrite-strat-bottomup-sys,rewrite-strat-bottomup-user,rewrite-strat-bottomup-noop-real,rewrite-strat-bottomup-noop-sys,rewrite-strat-bottomup-noop-user,rewrite-strat-topdown-real,rewrite-strat-topdown-sys,rewrite-strat-topdown-user,rewrite-strat-topdown-noop-real,rewrite-strat-topdown-noop-sys,rewrite-strat-topdown-noop-user
1,0.001,0.001,0.,0.001,0.,0.001,0.,0.,0.,0.,0.,0.,0.001,0.001,0.,0.,0.,0.,0.001,0.,0.,0.,0.,0.
2,0.001,0.001,0.,0.,0.,0.,0.,0.,0.,0.,0.,0.,0.,0.,0.,0.,0.,0.,0.,0.,0.,0.,0.,0.
3,0.001,0.,0.,0.001,0.,0.001,0.,0.,0.,0.,0.,0.,0.,0.,0.,0.,0.,0.,0.,0.,0.,0.,0.,0.
4,0.002,0.,0.002,0.002,0.,0.002,0.,0.,0.,0.,0.,0.,0.002,0.,0.001,0.,0.,0.,0.002,0.,0.002,0.,0.,0.
5,0.002,0.002,0.,0.001,0.,0.001,0.,0.,0.,0.,0.,0.,0.001,0.001,0.,0.,0.,0.,0.,0.,0.,0.,0.,0.
6,0.002,0.,0.002,0.001,0.001,0.,0.,0.,0.,0.,0.,0.,0.002,0.,0.001,0.,0.,0.,0.001,0.001,0.,0.,0.,0.
7,0.003,0.,0.002,0.001,0.001,0.,0.,0.,0.,0.,0.,0.,0.002,0.,0.001,0.,0.,0.,0.001,0.001,0.,0.,0.,0.
8,0.003,0.,0.003,0.002,0.,0.002,0.,0.,0.,0.,0.,0.,0.002,0.,0.002,0.,0.,0.,0.001,0.,0.001,0.,0.,0.
9,0.003,0.,0.003,0.002,0.002,0.,0.,0.,0.,0.,0.,0.,0.003,0.,0.003,0.,0.,0.,0.001,0.001,0.,0.,0.,0.
10,0.004,0.,0.004,0.002,0.001,0.001,0.,0.,0.,0.,0.,0.,0.003,0.,0.003,0.,0.,0.,0.001,0.,0.,0.,0.,0.
11,0.005,0.,0.005,0.003,0.,0.003,0.,0.,0.,0.,0.,0.,0.004,0.,0.004,0.,0.,0.,0.002,0.,0.002,0.,0.,0.
12,0.005,0.005,0.,0.003,0.,0.003,0.,0.,0.,0.,0.,0.,0.004,0.004,0.,0.,0.,0.,0.002,0.,0.002,0.,0.,0.
13,0.046,0.009,0.036,0.003,0.,0.003,0.,0.,0.,0.,0.,0.,0.045,0.009,0.035,0.,0.,0.,0.002,0.,0.002,0.,0.,0.
14,0.005,0.,0.005,0.004,0.,0.004,0.,0.,0.,0.,0.,0.,0.004,0.,0.004,0.,0.,0.,0.002,0.,0.002,0.,0.,0.
15,0.006,0.,0.006,0.045,0.003,0.042,0.,0.,0.,0.,0.,0.,0.004,0.,0.004,0.,0.,0.,0.044,0.003,0.041,0.,0.,0.
16,0.006,0.,0.006,0.004,0.,0.004,0.001,0.,0.001,0.,0.,0.,0.005,0.,0.005,0.,0.,0.,0.002,0.,0.002,0.,0.,0.
17,0.007,0.,0.007,0.004,0.,0.004,0.001,0.,0.001,0.,0.,0.,0.005,0.,0.005,0.,0.,0.,0.003,0.,0.003,0.,0.,0.
18,0.008,0.,0.008,0.004,0.,0.004,0.001,0.,0.001,0.,0.,0.,0.006,0.,0.006,0.,0.,0.,0.003,0.,0.003,0.,0.,0.
19,0.009,0.,0.009,0.005,0.,0.005,0.001,0.,0.001,0.001,0.,0.001,0.007,0.,0.007,0.,0.,0.,0.003,0.,0.003,0.,0.,0.
20,0.009,0.,0.009,0.005,0.,0.005,0.001,0.,0.001,0.001,0.,0.001,0.007,0.,0.007,0.,0.,0.,0.003,0.,0.003,0.,0.,0.
21,0.01,0.,0.01,0.005,0.,0.005,0.001,0.,0.001,0.001,0.,0.001,0.008,0.,0.008,0.,0.,0.,0.004,0.,0.004,0.,0.,0.
22,0.01,0.,0.01,0.006,0.,0.006,0.001,0.,0.001,0.001,0.,0.001,0.008,0.,0.008,0.,0.,0.,0.004,0.,0.004,0.,0.,0.
23,0.012,0.,0.012,0.007,0.,0.007,0.001,0.,0.001,0.001,0.,0.001,0.01,0.,0.01,0.,0.,0.,0.005,0.,0.005,0.,0.,0.
24,0.012,0.,0.012,0.007,0.,0.007,0.001,0.,0.001,0.001,0.,0.001,0.009,0.,0.009,0.,0.,0.,0.005,0.,0.005,0.,0.,0.
25,0.013,0.,0.013,0.007,0.,0.007,0.002,0.,0.002,0.001,0.,0.001,0.01,0.,0.01,0.,0.,0.,0.005,0.,0.005,0.,0.,0.
26,0.014,0.,0.014,0.007,0.,0.007,0.002,0.,0.002,0.001,0.,0.001,0.011,0.,0.011,0.,0.,0.,0.005,0.,0.005,0.,0.,0.
27,0.014,0.,0.014,0.01,0.,0.01,0.002,0.,0.002,0.003,0.,0.003,0.011,0.,0.011,0.,0.,0.,0.006,0.,0.006,0.,0.,0.
28,0.015,0.,0.015,0.008,0.,0.008,0.002,0.,0.002,0.001,0.,0.001,0.012,0.,0.012,0.,0.,0.,0.006,0.,0.006,0.,0.,0.
29,0.02,0.,0.02,0.009,0.,0.009,0.002,0.,0.002,0.001,0.,0.001,0.017,0.,0.017,0.,0.,0.,0.007,0.,0.007,0.,0.,0.
30,0.017,0.,0.017,0.009,0.,0.009,0.002,0.,0.002,0.002,0.,0.002,0.014,0.,0.014,0.,0.,0.,0.007,0.,0.007,0.,0.,0.
31,0.018,0.,0.018,0.011,0.,0.011,0.002,0.,0.002,0.002,0.,0.002,0.015,0.,0.015,0.,0.,0.,0.008,0.,0.008,0.,0.,0.
32,0.019,0.,0.019,0.011,0.,0.011,0.003,0.,0.003,0.002,0.,0.002,0.015,0.,0.015,0.,0.,0.,0.008,0.,0.008,0.,0.,0.
33,0.021,0.,0.021,0.011,0.,0.011,0.003,0.,0.003,0.002,0.,0.002,0.017,0.,0.017,0.,0.,0.,0.008,0.,0.008,0.,0.,0.
34,0.021,0.,0.021,0.014,0.,0.014,0.003,0.,0.003,0.005,0.,0.005,0.017,0.,0.017,0.,0.,0.,0.009,0.,0.009,0.,0.,0.
35,0.024,0.,0.024,0.012,0.,0.012,0.003,0.,0.003,0.002,0.,0.002,0.02,0.,0.02,0.,0.,0.,0.009,0.,0.009,0.,0.,0.
36,0.023,0.,0.023,0.013,0.,0.013,0.003,0.,0.003,0.002,0.,0.002,0.019,0.,0.019,0.,0.,0.,0.009,0.,0.009,0.,0.,0.
37,0.03,0.,0.03,0.014,0.,0.014,0.004,0.,0.004,0.002,0.,0.002,0.025,0.,0.025,0.,0.,0.,0.011,0.,0.011,0.,0.,0.
38,0.026,0.,0.026,0.014,0.,0.014,0.004,0.,0.004,0.003,0.,0.003,0.02,0.,0.02,0.,0.,0.,0.011,0.,0.011,0.,0.,0.
39,0.027,0.,0.027,0.015,0.,0.015,0.004,0.,0.004,0.003,0.,0.003,0.021,0.,0.021,0.,0.,0.,0.011,0.,0.011,0.,0.,0.
40,0.029,0.003,0.026,0.018,0.003,0.015,0.004,0.,0.004,0.003,0.003,0.,0.024,0.003,0.021,0.,0.,0.,0.014,0.,0.014,0.,0.,0.
41,0.03,0.,0.03,0.016,0.,0.016,0.004,0.,0.004,0.003,0.,0.003,0.024,0.,0.024,0.,0.,0.,0.012,0.,0.012,0.,0.,0.
42,0.03,0.,0.03,0.018,0.,0.018,0.005,0.,0.005,0.003,0.,0.003,0.025,0.,0.025,0.,0.,0.,0.013,0.,0.013,0.,0.,0.
43,0.034,0.,0.034,0.018,0.,0.018,0.005,0.,0.005,0.003,0.,0.003,0.028,0.,0.028,0.,0.,0.,0.013,0.,0.013,0.,0.,0.
44,0.033,0.,0.033,0.021,0.,0.021,0.005,0.,0.005,0.004,0.,0.004,0.027,0.,0.027,0.,0.,0.,0.016,0.,0.016,0.,0.,0.
45,0.037,0.,0.037,0.019,0.,0.019,0.005,0.,0.005,0.004,0.,0.004,0.03,0.,0.03,0.,0.,0.,0.014,0.,0.014,0.,0.,0.
46,0.037,0.,0.037,0.02,0.,0.02,0.005,0.,0.005,0.004,0.,0.004,0.03,0.,0.03,0.,0.,0.,0.015,0.,0.015,0.,0.,0.
47,0.04,0.,0.04,0.021,0.,0.021,0.007,0.,0.007,0.004,0.,0.004,0.032,0.,0.032,0.,0.,0.,0.015,0.,0.015,0.,0.,0.
48,0.039,0.,0.039,0.023,0.,0.023,0.007,0.,0.007,0.004,0.,0.004,0.031,0.,0.031,0.,0.,0.,0.018,0.,0.018,0.,0.,0.
49,0.042,0.,0.042,0.023,0.,0.023,0.008,0.,0.008,0.004,0.,0.004,0.032,0.,0.032,0.,0.,0.,0.018,0.,0.018,0.,0.,0.
50,0.09,0.015,0.074,0.03,0.007,0.023,0.006,0.,0.006,0.006,0.003,0.002,0.083,0.015,0.067,0.,0.,0.,0.023,0.003,0.019,0.,0.,0.
51,0.044,0.003,0.04,0.024,0.,0.024,0.007,0.003,0.004,0.005,0.,0.005,0.035,0.,0.035,0.,0.,0.,0.018,0.,0.018,0.,0.,0.
52,0.046,0.,0.046,0.027,0.,0.027,0.007,0.,0.007,0.005,0.,0.005,0.038,0.,0.038,0.,0.,0.,0.021,0.,0.021,0.,0.,0.
53,0.046,0.003,0.042,0.027,0.,0.027,0.007,0.003,0.004,0.005,0.,0.005,0.038,0.,0.037,0.,0.,0.,0.02,0.,0.02,0.,0.,0.
54,0.05,0.,0.05,0.03,0.,0.03,0.007,0.,0.007,0.008,0.,0.008,0.041,0.,0.041,0.,0.,0.,0.02,0.,0.02,0.,0.,0.
55,0.05,0.,0.05,0.028,0.,0.028,0.008,0.,0.008,0.005,0.,0.005,0.041,0.,0.04,0.,0.,0.,0.022,0.,0.022,0.,0.,0.
56,0.054,0.,0.054,0.03,0.003,0.026,0.008,0.,0.008,0.006,0.,0.006,0.045,0.,0.045,0.,0.,0.,0.023,0.003,0.019,0.,0.,0.
57,0.053,0.,0.053,0.032,0.,0.032,0.008,0.,0.008,0.006,0.,0.006,0.043,0.,0.043,0.,0.,0.,0.025,0.,0.025,0.,0.,0.
58,0.056,0.,0.056,0.032,0.,0.032,0.009,0.,0.009,0.006,0.,0.006,0.046,0.,0.046,0.,0.,0.,0.024,0.,0.024,0.,0.,0.
59,0.061,0.,0.061,0.036,0.,0.036,0.009,0.,0.009,0.009,0.,0.009,0.05,0.,0.05,0.,0.,0.,0.025,0.,0.025,0.,0.,0.
60,0.061,0.,0.061,0.034,0.,0.034,0.009,0.,0.009,0.007,0.,0.007,0.05,0.,0.05,0.,0.,0.,0.025,0.,0.025,0.,0.,0.
61,0.06,0.,0.06,0.035,0.,0.035,0.009,0.,0.009,0.007,0.,0.007,0.049,0.,0.049,0.,0.,0.,0.027,0.,0.027,0.,0.,0.
62,0.067,0.,0.067,0.036,0.,0.036,0.01,0.,0.01,0.007,0.,0.007,0.056,0.,0.055,0.,0.,0.,0.027,0.,0.027,0.,0.,0.
63,0.067,0.,0.067,0.036,0.,0.036,0.01,0.,0.01,0.007,0.,0.007,0.056,0.,0.056,0.,0.,0.,0.027,0.,0.027,0.,0.,0.
64,0.069,0.,0.067,0.038,0.,0.038,0.011,0.,0.011,0.007,0.,0.007,0.056,0.,0.054,0.,0.,0.,0.029,0.,0.029,0.,0.,0.
65,0.069,0.,0.069,0.038,0.,0.038,0.013,0.,0.013,0.008,0.,0.008,0.055,0.,0.055,0.,0.,0.,0.029,0.,0.029,0.,0.,0.
66,0.07,0.,0.07,0.04,0.,0.04,0.011,0.,0.011,0.008,0.,0.008,0.058,0.,0.058,0.,0.,0.,0.031,0.,0.031,0.,0.,0.
67,0.078,0.,0.078,0.04,0.,0.04,0.011,0.,0.011,0.008,0.,0.008,0.065,0.,0.065,0.,0.,0.,0.031,0.,0.031,0.,0.,0.
68,0.08,0.,0.08,0.043,0.,0.043,0.013,0.,0.013,0.009,0.,0.009,0.065,0.,0.065,0.,0.,0.,0.033,0.,0.033,0.,0.,0.
69,0.079,0.,0.079,0.046,0.,0.046,0.013,0.,0.013,0.011,0.,0.011,0.064,0.,0.064,0.,0.,0.,0.033,0.,0.033,0.,0.,0.
70,0.079,0.,0.079,0.045,0.,0.045,0.012,0.,0.012,0.009,0.,0.009,0.065,0.,0.065,0.,0.,0.,0.035,0.,0.035,0.,0.,0.
71,0.079,0.,0.079,0.049,0.,0.049,0.013,0.,0.013,0.009,0.,0.009,0.064,0.,0.064,0.,0.,0.,0.038,0.,0.038,0.,0.,0.
72,0.081,0.,0.081,0.048,0.,0.048,0.013,0.,0.013,0.009,0.,0.009,0.066,0.,0.066,0.,0.,0.,0.037,0.,0.037,0.,0.,0.
73,0.083,0.,0.083,0.053,0.,0.053,0.013,0.,0.013,0.012,0.,0.012,0.067,0.,0.067,0.,0.,0.,0.04,0.,0.04,0.,0.,0.
74,0.085,0.,0.085,0.052,0.,0.052,0.014,0.,0.014,0.01,0.,0.01,0.069,0.,0.069,0.,0.,0.,0.04,0.,0.04,0.,0.,0.
75,0.088,0.,0.088,0.051,0.,0.051,0.014,0.,0.014,0.01,0.,0.01,0.072,0.,0.072,0.,0.,0.,0.039,0.,0.039,0.,0.,0.
76,0.092,0.,0.092,0.06,0.,0.06,0.016,0.,0.016,0.015,0.,0.015,0.074,0.,0.074,0.,0.,0.,0.043,0.,0.043,0.,0.,0.
77,0.098,0.,0.098,0.061,0.,0.061,0.017,0.,0.017,0.011,0.,0.011,0.079,0.,0.079,0.,0.,0.,0.048,0.,0.048,0.,0.,0.
78,0.1,0.,0.1,0.054,0.003,0.051,0.015,0.,0.015,0.011,0.,0.011,0.083,0.,0.083,0.,0.,0.,0.042,0.003,0.038,0.,0.,0.
79,0.105,0.,0.105,0.061,0.,0.061,0.016,0.,0.016,0.011,0.,0.011,0.088,0.,0.087,0.,0.,0.,0.048,0.,0.048,0.,0.,0.
80,0.107,0.,0.107,0.062,0.,0.062,0.017,0.,0.017,0.011,0.,0.011,0.089,0.,0.089,0.,0.,0.,0.049,0.,0.049,0.,0.,0.
81,0.099,0.,0.099,0.062,0.,0.061,0.016,0.,0.016,0.012,0.,0.012,0.081,0.,0.081,0.,0.,0.,0.048,0.,0.047,0.,0.,0.
82,0.105,0.,0.105,0.062,0.,0.062,0.019,0.,0.019,0.015,0.,0.015,0.084,0.,0.084,0.,0.,0.,0.046,0.,0.046,0.,0.,0.
83,0.108,0.,0.108,0.062,0.,0.062,0.017,0.,0.017,0.012,0.,0.012,0.089,0.,0.089,0.,0.,0.,0.048,0.,0.048,0.,0.,0.
84,0.113,0.003,0.11,0.069,0.,0.069,0.019,0.,0.019,0.012,0.,0.012,0.093,0.003,0.089,0.,0.,0.,0.052,0.,0.052,0.003,0.,0.003
85,0.11,0.,0.11,0.07,0.,0.07,0.019,0.,0.019,0.014,0.,0.014,0.09,0.,0.089,0.,0.,0.,0.054,0.,0.054,0.,0.,0.
86,0.116,0.,0.116,0.07,0.,0.07,0.018,0.,0.018,0.014,0.,0.014,0.096,0.,0.096,0.,0.,0.,0.054,0.,0.054,0.,0.,0.
87,0.121,0.,0.121,0.068,0.,0.068,0.019,0.,0.019,0.014,0.,0.014,0.099,0.,0.099,0.,0.,0.,0.052,0.,0.052,0.,0.,0.
88,0.123,0.,0.123,0.07,0.,0.07,0.019,0.,0.019,0.015,0.,0.015,0.102,0.,0.102,0.,0.,0.,0.052,0.,0.052,0.,0.,0.
89,0.128,0.,0.128,0.074,0.,0.074,0.022,0.,0.022,0.018,0.,0.018,0.103,0.,0.103,0.,0.,0.,0.054,0.,0.054,0.,0.,0.
90,0.125,0.003,0.122,0.077,0.003,0.073,0.022,0.,0.022,0.018,0.,0.018,0.101,0.002,0.098,0.,0.,0.,0.056,0.003,0.053,0.,0.,0.
91,0.129,0.,0.129,0.077,0.,0.077,0.022,0.,0.022,0.014,0.,0.014,0.105,0.,0.105,0.,0.,0.,0.061,0.,0.061,0.,0.,0.
92,0.14,0.,0.14,0.078,0.,0.078,0.021,0.,0.021,0.015,0.,0.015,0.117,0.,0.117,0.,0.,0.,0.061,0.,0.061,0.,0.,0.
93,0.137,0.,0.137,0.08,0.,0.08,0.021,0.,0.021,0.015,0.,0.015,0.113,0.,0.113,0.,0.,0.,0.063,0.,0.063,0.,0.,0.
94,0.149,0.,0.149,0.083,0.,0.083,0.022,0.,0.022,0.017,0.,0.017,0.124,0.,0.124,0.,0.,0.,0.064,0.,0.064,0.,0.,0.
95,0.15,0.,0.15,0.082,0.,0.082,0.029,0.,0.029,0.017,0.,0.017,0.119,0.,0.119,0.,0.,0.,0.063,0.,0.063,0.,0.,0.
96,0.149,0.,0.149,0.085,0.,0.085,0.023,0.,0.022,0.017,0.,0.017,0.125,0.,0.125,0.,0.,0.,0.065,0.,0.065,0.,0.,0.
97,0.156,0.,0.156,0.091,0.,0.091,0.025,0.,0.025,0.02,0.,0.02,0.129,0.,0.129,0.,0.,0.,0.07,0.,0.069,0.,0.,0.
98,0.165,0.,0.165,0.084,0.003,0.081,0.024,0.,0.024,0.017,0.,0.017,0.125,0.,0.125,0.014,0.,0.014,0.065,0.002,0.062,0.,0.,0.
99,0.163,0.,0.163,0.086,0.,0.086,0.031,0.,0.031,0.017,0.,0.017,0.13,0.,0.13,0.,0.,0.,0.066,0.,0.066,0.,0.,0.
100,0.156,0.,0.156,0.129,0.,0.129,0.024,0.,0.024,0.022,0.,0.022,0.13,0.,0.129,0.,0.,0.,0.106,0.,0.106,0.,0.,0.
110,0.195,0.003,0.191,0.112,0.,0.112,0.037,0.,0.037,0.021,0.,0.021,0.156,0.003,0.152,0.001,0.,0.001,0.089,0.,0.089,0.001,0.,0.001
120,0.226,0.004,0.222,0.13,0.,0.13,0.039,0.,0.039,0.026,0.,0.026,0.184,0.003,0.18,0.001,0.,0.001,0.102,0.,0.102,0.001,0.,0.001
130,0.263,0.,0.263,0.149,0.,0.149,0.049,0.,0.049,0.03,0.,0.03,0.211,0.,0.211,0.001,0.,0.001,0.116,0.,0.116,0.001,0.,0.001
140,0.313,0.,0.313,0.182,0.,0.182,0.053,0.,0.053,0.039,0.,0.039,0.257,0.,0.257,0.001,0.,0.001,0.14,0.,0.14,0.001,0.,0.001
150,0.382,0.,0.382,0.22,0.,0.22,0.063,0.,0.063,0.045,0.,0.044,0.316,0.,0.316,0.001,0.,0.001,0.173,0.,0.173,0.001,0.,0.001
160,0.404,0.,0.404,0.248,0.,0.248,0.071,0.,0.071,0.054,0.,0.054,0.329,0.,0.329,0.001,0.,0.001,0.191,0.,0.191,0.001,0.,0.001
170,0.474,0.,0.474,0.33,0.003,0.326,0.082,0.,0.082,0.066,0.,0.066,0.388,0.,0.388,0.002,0.,0.002,0.26,0.003,0.256,0.002,0.,0.002
180,0.563,0.,0.563,0.301,0.003,0.297,0.089,0.,0.089,0.063,0.,0.063,0.47,0.,0.47,0.002,0.,0.002,0.235,0.003,0.231,0.002,0.,0.002
190,0.582,0.003,0.578,0.335,0.,0.335,0.098,0.,0.098,0.072,0.,0.072,0.478,0.003,0.474,0.002,0.,0.002,0.259,0.,0.259,0.002,0.,0.002
200,0.686,0.003,0.683,0.426,0.007,0.419,0.104,0.,0.104,0.093,0.004,0.089,0.578,0.003,0.575,0.002,0.,0.002,0.33,0.003,0.326,0.002,0.,0.002
210,0.746,0.011,0.734,0.406,0.,0.406,0.138,0.,0.138,0.082,0.,0.082,0.604,0.011,0.592,0.002,0.,0.002,0.317,0.,0.317,0.005,0.,0.005
220,0.85,0.,0.85,0.473,0.,0.473,0.129,0.,0.129,0.109,0.,0.109,0.717,0.,0.717,0.003,0.,0.003,0.359,0.,0.359,0.003,0.,0.003
230,0.861,0.,0.861,0.547,0.003,0.543,0.136,0.,0.136,0.122,0.,0.122,0.721,0.,0.721,0.003,0.,0.003,0.42,0.003,0.416,0.003,0.,0.003
240,0.972,0.,0.972,0.533,0.,0.533,0.174,0.,0.174,0.108,0.,0.108,0.793,0.,0.793,0.003,0.,0.003,0.42,0.,0.42,0.003,0.,0.003
250,1.048,0.007,1.04,0.604,0.007,0.596,0.183,0.,0.183,0.116,0.,0.116,0.859,0.007,0.852,0.003,0.,0.003,0.484,0.007,0.476,0.003,0.,0.003
260,1.177,0.,1.177,0.667,0.,0.667,0.177,0.,0.177,0.123,0.,0.123,0.994,0.,0.994,0.004,0.,0.004,0.538,0.,0.538,0.005,0.,0.005
270,1.284,0.003,1.28,0.775,0.,0.775,0.217,0.,0.217,0.133,0.,0.133,1.061,0.003,1.057,0.004,0.,0.004,0.636,0.,0.636,0.004,0.,0.004
280,1.353,0.,1.353,0.753,0.,0.753,0.209,0.,0.209,0.145,0.,0.145,1.137,0.,1.137,0.004,0.,0.004,0.602,0.,0.602,0.004,0.,0.004
290,1.406,0.008,1.398,0.986,0.,0.986,0.212,0.,0.212,0.176,0.,0.176,1.187,0.007,1.179,0.004,0.,0.004,0.804,0.,0.804,0.004,0.,0.004
300,1.59,0.007,1.582,0.932,0.007,0.924,0.234,0.,0.234,0.172,0.003,0.168,1.351,0.007,1.343,0.005,0.,0.005,0.753,0.003,0.75,0.005,0.,0.005
310,1.845,0.,1.845,0.976,0.,0.976,0.237,0.,0.237,0.172,0.,0.172,1.601,0.,1.6,0.006,0.,0.006,0.797,0.,0.797,0.005,0.,0.005
320,1.742,0.,1.742,1.057,0.,1.056,0.252,0.,0.252,0.218,0.,0.217,1.483,0.,1.483,0.005,0.,0.005,0.832,0.,0.831,0.005,0.,0.005
330,1.951,0.,1.951,1.117,0.,1.117,0.267,0.,0.267,0.195,0.,0.195,1.676,0.,1.676,0.005,0.,0.005,0.908,0.,0.908,0.011,0.,0.011
340,2.11,0.,2.11,1.137,0.003,1.133,0.336,0.,0.336,0.205,0.,0.205,1.766,0.,1.766,0.006,0.,0.006,0.924,0.003,0.92,0.006,0.,0.006
350,2.276,0.003,2.272,1.393,0.007,1.385,0.313,0.,0.313,0.248,0.,0.248,1.955,0.003,1.951,0.006,0.,0.006,1.138,0.007,1.13,0.006,0.,0.006
360,2.334,0.003,2.33,1.392,0.,1.392,0.326,0.,0.326,0.236,0.,0.236,1.999,0.003,1.995,0.006,0.,0.006,1.145,0.,1.144,0.01,0.,0.01
370,2.581,0.012,2.569,1.591,0.,1.591,0.351,0.,0.351,0.285,0.,0.285,2.215,0.011,2.203,0.013,0.,0.013,1.296,0.,1.296,0.007,0.,0.007
380,2.85,0.,2.85,1.439,0.,1.438,0.533,0.,0.533,0.255,0.,0.255,2.307,0.,2.307,0.007,0.,0.007,1.174,0.,1.174,0.007,0.,0.007
390,2.812,0.003,2.807,1.494,0.,1.494,0.374,0.,0.374,0.262,0.,0.262,2.427,0.003,2.423,0.007,0.,0.007,1.222,0.,1.222,0.007,0.,0.007
400,3.03,0.,3.03,1.615,0.003,1.611,0.395,0.,0.395,0.282,0.,0.282,2.626,0.,2.626,0.007,0.,0.007,1.323,0.003,1.319,0.008,0.,0.008