param-n,cbn-regression-cubic-real,cbn-regression-cubic-sys,cbn-regression-cubic-user,cbv-regression-quadratic-real,cbv-regression-quadratic-sys,cbv-regression-quadratic-user,lazy-regression-quadratic-real,lazy-regression-quadratic-sys,lazy-regression-quadratic-user,native-compute(1)-regression-quadratic-real,native-compute(1)-regression-quadratic-sys,native-compute(1)-regression-quadratic-user,native-compute(2)-regression-quadratic-real,native-compute(2)-regression-quadratic-sys,native-compute(2)-regression-quadratic-user,simpl-regression-cubic-real,simpl-regression-cubic-sys,simpl-regression-cubic-user,vm-compute-regression-quadratic-real,vm-compute-regression-quadratic-sys,vm-compute-regression-quadratic-user
2,0.001,0.,0.001,0.,0.,0.,0.,0.,0.,0.,0.,0.,0.,0.,0.,0.001,0.,0.,0.,0.,0.
3,0.003,0.,0.003,0.,0.,0.,0.,0.,0.,0.,0.,0.,0.,0.,0.,0.002,0.,0.002,0.,0.,0.
4,0.005,0.,0.005,0.,0.,0.,0.,0.,0.,0.,0.,0.,0.,0.,0.,0.005,0.,0.005,0.,0.,0.
5,0.009,0.,0.009,0.,0.,0.,0.,0.,0.,0.,0.,0.,0.,0.,0.,0.008,0.,0.008,0.,0.,0.
6,0.015,0.,0.015,0.,0.,0.,0.,0.,0.,0.,0.,0.,0.,0.,0.,0.014,0.,0.014,0.,0.,0.
7,0.03,0.,0.03,0.,0.,0.,0.,0.,0.,0.,0.,0.,0.,0.,0.,0.028,0.,0.028,0.,0.,0.
8,0.027,0.,0.027,0.,0.,0.,0.,0.,0.,0.,0.,0.,0.,0.,0.,0.027,0.,0.027,0.,0.,0.
9,0.038,0.,0.038,0.,0.,0.,0.,0.,0.,0.,0.,0.,0.,0.,0.,0.051,0.,0.051,0.,0.,0.
10,0.065,0.,0.065,0.,0.,0.,0.,0.,0.,0.,0.,0.,0.,0.,0.,0.048,0.003,0.044,0.,0.,0.
11,0.072,0.,0.072,0.,0.,0.,,,,,,,,,,0.066,0.003,0.062,,,
12,0.083,0.004,0.079,,,,0.,0.,0.,,,,,,,0.088,0.,0.088,,,
13,0.105,0.,0.105,,,,,,,,,,,,,0.086,0.,0.086,,,
14,0.113,0.,0.113,,,,,,,,,,,,,0.133,0.,0.133,,,
15,0.158,0.,0.157,,,,,,,,,,,,,0.133,0.,0.133,,,
16,0.145,0.,0.145,,,,,,,,,,,,,0.152,0.,0.152,,,
17,,,,,,,,,,,,,,,,0.171,0.,0.171,,,
18,0.206,0.,0.205,,,,0.,0.,0.,,,,,,,0.207,0.,0.207,,,
19,0.235,0.,0.235,0.,0.,0.,,,,,,,,,,,,,,,
20,,,,,,,,,,,,,,,,0.264,0.,0.264,,,
22,0.354,0.,0.354,,,,,,,,,,,,,0.352,0.,0.352,,,
23,,,,,,,0.,0.,0.,,,,,,,,,,,,
24,,,,,,,,,,,,,,,,0.423,0.,0.423,,,
25,0.459,0.,0.459,,,,,,,,,,,,,,,,,,
26,,,,,,,,,,,,,,,,0.522,0.,0.522,,,
28,0.613,0.,0.613,0.,0.,0.,0.001,0.,0.001,,,,,,,0.625,0.,0.625,,,
30,0.759,0.,0.759,,,,,,,,,,,,,0.768,0.,0.767,,,
32,,,,,,,,,,,,,,,,0.873,0.,0.873,,,
33,0.9,0.,0.9,,,,0.001,0.,0.001,,,,,,,,,,,,
34,,,,,,,,,,,,,,,,1.05,0.,1.05,,,
36,1.153,0.,1.152,0.001,0.,0.001,,,,,,,,,,,,,,,
39,,,,,,,0.002,0.,0.002,,,,,,,,,,,,
41,,,,,,,,,,,,,,,,1.696,0.003,1.692,0.,0.,0.
43,1.861,0.,1.861,,,,,,,,,,,,,,,,,,
44,,,,,,,0.002,0.,0.002,,,,,,,,,,,,
45,,,,0.001,0.,0.001,,,,,,,,,,,,,,,
47,,,,,,,,,,,,,,,,2.506,0.,2.506,,,
49,,,,,,,0.002,0.,0.002,,,,,,,,,,,,
50,2.702,0.,2.701,,,,,,,,,,,,,,,,,,
53,,,,0.002,0.,0.002,,,,,,,,,,,,,,,
54,,,,,,,0.003,0.,0.003,,,,,,,3.609,0.003,3.605,,,
56,3.648,0.,3.648,,,,,,,,,,,,,,,,,,
59,,,,,,,0.003,0.,0.003,,,,,,,,,,,,
60,,,,,,,,,,,,,,,,4.797,0.012,4.785,,,
62,,,,0.002,0.,0.002,,,,,,,,,,,,,,,
63,5.36,0.,5.359,,,,,,,,,,,,,,,,,,
65,,,,,,,0.004,0.,0.004,,,,,,,,,,,,
67,,,,,,,,,,,,,,,,6.649,0.011,6.636,,,
70,6.936,0.,6.935,,,,0.013,0.,0.013,,,,,,,,,,,,
71,,,,0.003,0.,0.003,,,,,,,,,,,,,,,
75,,,,,,,0.005,0.,0.005,,,,,,,,,,,,
79,,,,0.004,0.,0.004,,,,,,,,,,,,,,,
80,,,,,,,0.005,0.,0.005,,,,,,,,,,0.,0.,0.
86,,,,,,,0.006,0.,0.006,,,,,,,,,,,,
88,,,,0.004,0.,0.004,,,,,,,,,,,,,,,
91,,,,,,,0.007,0.,0.007,,,,,,,,,,,,
96,,,,0.015,0.003,0.011,0.007,0.,0.007,,,,,,,,,,,,
101,,,,,,,0.025,0.,0.025,,,,,,,,,,,,
105,,,,0.006,0.,0.006,,,,,,,,,,,,,,,
106,,,,,,,0.009,0.,0.009,,,,,,,,,,,,
112,,,,,,,0.009,0.,0.009,,,,,,,,,,,,
113,,,,0.006,0.,0.006,,,,,,,,,,,,,,,
116,,,,,,,,,,0.,0.,0.,0.,0.,0.,,,,,,
117,,,,,,,0.01,0.,0.01,,,,,,,,,,,,
120,,,,,,,,,,,,,,,,,,,0.,0.,0.
122,,,,0.007,0.,0.007,0.012,0.,0.012,,,,,,,,,,,,
127,,,,,,,0.012,0.,0.012,,,,,,,,,,,,
130,,,,0.008,0.,0.008,,,,,,,,,,,,,,,
133,,,,,,,0.013,0.,0.013,,,,,,,,,,,,
138,,,,,,,0.015,0.,0.015,,,,,,,,,,,,
139,,,,0.026,0.,0.026,,,,,,,,,,,,,,,
143,,,,,,,0.014,0.,0.014,,,,,,,,,,,,
148,,,,0.01,0.,0.01,0.018,0.,0.018,,,,,,,,,,,,
153,,,,,,,0.016,0.,0.016,,,,,,,,,,,,
156,,,,0.011,0.,0.011,,,,,,,,,,,,,,,
159,,,,,,,0.017,0.,0.017,,,,,,,,,,0.001,0.,0.001
164,,,,,,,0.02,0.,0.02,,,,,,,,,,,,
165,,,,0.012,0.,0.012,,,,,,,,,,,,,,,
169,,,,,,,0.019,0.,0.019,,,,,,,,,,,,
173,,,,0.013,0.,0.013,,,,,,,,,,,,,,,
174,,,,,,,0.021,0.,0.021,,,,,,,,,,,,
180,,,,,,,0.023,0.,0.023,,,,,,,,,,,,
182,,,,0.014,0.,0.014,,,,,,,,,,,,,,,
185,,,,,,,0.022,0.,0.022,,,,,,,,,,,,
190,,,,0.016,0.,0.016,0.026,0.003,0.022,,,,,,,,,,,,
195,,,,,,,0.024,0.,0.024,,,,,,,,,,,,
198,,,,,,,,,,,,,,,,,,,0.001,0.,0.001
199,,,,0.016,0.,0.016,,,,,,,,,,,,,,,
200,,,,,,,0.03,0.,0.03,,,,,,,,,,,,
206,,,,,,,0.03,0.,0.03,,,,,,,,,,,,
208,,,,0.018,0.,0.018,,,,,,,,,,,,,,,
211,,,,,,,0.034,0.,0.034,,,,,,,,,,,,
216,,,,0.019,0.,0.019,0.03,0.,0.03,,,,,,,,,,,,
221,,,,,,,0.034,0.,0.034,,,,,,,,,,,,
225,,,,0.02,0.,0.02,,,,,,,,,,,,,,,
227,,,,,,,0.038,0.,0.038,,,,,,,,,,,,
229,,,,,,,,,,0.002,0.,0.001,0.002,0.,0.002,,,,,,
232,,,,,,,0.037,0.,0.037,,,,,,,,,,,,
233,,,,0.021,0.,0.021,,,,,,,,,,,,,,,
237,,,,,,,0.043,0.,0.043,,,,,,,,,,0.002,0.,0.002
242,,,,0.023,0.,0.023,0.04,0.,0.04,,,,,,,,,,,,
247,,,,,,,0.044,0.,0.044,,,,,,,,,,,,
250,,,,0.024,0.,0.024,,,,,,,,,,,,,,,
253,,,,,,,0.042,0.,0.042,,,,,,,,,,,,
258,,,,,,,0.045,0.,0.045,,,,,,,,,,,,
259,,,,0.026,0.,0.026,,,,,,,,,,,,,,,
263,,,,,,,0.046,0.,0.046,,,,,,,,,,,,
268,,,,0.027,0.,0.027,0.05,0.,0.05,,,,,,,,,,,,
273,,,,,,,0.052,0.,0.052,,,,,,,,,,,,
276,,,,0.029,0.,0.029,,,,,,,,,,,,,0.002,0.,0.002
279,,,,,,,0.06,0.,0.06,,,,,,,,,,,,
284,,,,,,,0.063,0.,0.063,,,,,,,,,,,,
285,,,,0.03,0.,0.03,,,,,,,,,,,,,,,
289,,,,,,,0.056,0.,0.056,,,,,,,,,,,,
292,,,,,,,0.063,0.001,0.062,,,,,,,,,,,,
293,,,,0.032,0.,0.032,,,,,,,,,,,,,,,
294,,,,,,,0.06,0.,0.059,,,,,,,,,,,,
300,,,,,,,0.067,0.,0.067,,,,,,,,,,,,
302,,,,0.034,0.,0.034,,,,,,,,,,,,,,,
305,,,,,,,0.061,0.,0.061,,,,,,,,,,,,
310,,,,0.036,0.,0.036,0.074,0.,0.074,,,,,,,,,,,,
315,,,,,,,0.067,0.,0.067,,,,,,,,,,,,
316,,,,,,,,,,,,,,,,,,,0.003,0.,0.003
319,,,,0.037,0.,0.037,,,,,,,,,,,,,,,
320,,,,,,,0.075,0.,0.075,,,,,,,,,,,,
326,,,,,,,0.071,0.003,0.067,,,,,,,,,,,,
328,,,,0.039,0.,0.039,,,,,,,,,,,,,,,
331,,,,,,,0.085,0.,0.085,,,,,,,,,,,,
336,,,,0.04,0.,0.04,0.077,0.,0.077,,,,,,,,,,,,
341,,,,,,,0.072,0.,0.072,,,,,,,,,,,,
343,,,,,,,,,,0.003,0.,0.003,0.003,0.,0.003,,,,,,
345,,,,0.043,0.,0.043,,,,,,,,,,,,,,,
347,,,,,,,0.077,0.,0.077,,,,,,,,,,,,
352,,,,,,,0.081,0.,0.081,,,,,,,,,,,,
353,,,,0.045,0.003,0.041,,,,,,,,,,,,,,,
355,,,,,,,,,,,,,,,,,,,0.003,0.,0.003
357,,,,,,,0.087,0.,0.087,,,,,,,,,,,,
362,,,,0.047,0.,0.047,0.094,0.003,0.09,,,,,,,,,,,,
367,,,,,,,0.101,0.003,0.098,,,,,,,,,,,,
370,,,,0.048,0.,0.048,,,,,,,,,,,,,,,
373,,,,,,,0.105,0.008,0.097,,,,,,,,,,,,
378,,,,,,,0.106,0.003,0.102,,,,,,,,,,,,
379,,,,0.05,0.,0.05,,,,,,,,,,,,,,,
383,,,,,,,0.107,0.003,0.103,,,,,,,,,,,,
387,,,,0.052,0.,0.052,,,,,,,,,,,,,,,
388,,,,,,,0.106,0.,0.106,,,,,,,,,,,,
394,,,,,,,0.109,0.,0.109,,,,,,,,,,0.004,0.,0.004
396,,,,0.054,0.,0.054,,,,,,,,,,,,,,,
399,,,,,,,0.125,0.,0.125,,,,,,,,,,,,
404,,,,,,,0.139,0.004,0.135,,,,,,,,,,,,
405,,,,0.057,0.,0.057,,,,,,,,,,,,,,,
409,,,,,,,0.134,0.,0.134,,,,,,,,,,,,
413,,,,0.06,0.,0.06,,,,,,,,,,,,,,,
414,,,,,,,0.122,0.,0.122,,,,,,,,,,,,
420,,,,,,,0.109,0.,0.109,,,,,,,,,,,,
422,,,,0.06,0.,0.06,,,,,,,,,,,,,,,
425,,,,,,,0.147,0.003,0.143,,,,,,,,,,,,
430,,,,0.063,0.,0.063,0.144,0.003,0.139,,,,,,,,,,,,
433,,,,,,,,,,,,,,,,,,,0.005,0.,0.005
435,,,,,,,0.122,0.004,0.117,,,,,,,,,,,,
439,,,,0.065,0.,0.065,,,,,,,,,,,,,,,
441,,,,,,,0.126,0.007,0.119,,,,,,,,,,,,
446,,,,,,,0.141,0.,0.141,,,,,,,,,,,,
447,,,,0.068,0.,0.068,,,,,,,,,,,,,,,
451,,,,,,,0.126,0.,0.126,,,,,,,,,,,,
456,,,,0.07,0.,0.07,,,,0.005,0.,0.005,0.005,0.,0.005,,,,,,
458,,,,0.095,0.,0.095,,,,,,,,,,,,,,,
465,,,,0.072,0.,0.072,,,,,,,,,,,,,,,
469,,,,,,,0.16,0.003,0.156,,,,,,,,,,,,
472,,,,,,,,,,,,,,,,,,,0.015,0.003,0.012
473,,,,0.075,0.,0.075,,,,,,,,,,,,,,,
482,,,,0.077,0.,0.077,,,,,,,,,,,,,,,
487,,,,,,,0.147,0.,0.147,,,,,,,,,,,,
490,,,,0.08,0.003,0.076,,,,,,,,,,,,,,,
499,,,,0.082,0.,0.082,,,,,,,,,,,,,,,
505,,,,,,,0.17,0.,0.169,,,,,,,,,,,,
507,,,,0.086,0.,0.086,,,,,,,,,,,,,,,
511,,,,,,,,,,,,,,,,,,,0.007,0.,0.006
516,,,,0.088,0.,0.088,,,,,,,,,,,,,,,
523,,,,,,,0.186,0.,0.186,,,,,,,,,,,,
525,,,,0.092,0.,0.092,,,,,,,,,,,,,,,
533,,,,0.093,0.,0.093,,,,,,,,,,,,,,,
541,,,,,,,0.199,0.,0.199,,,,,,,,,,,,
542,,,,0.096,0.,0.096,,,,,,,,,,,,,,,
550,,,,0.098,0.,0.098,,,,,,,,,,,,,,,
551,,,,,,,,,,,,,,,,,,,0.008,0.,0.008
559,,,,0.102,0.,0.102,0.221,0.,0.22,,,,,,,,,,,,
567,,,,0.103,0.,0.103,,,,,,,,,,,,,,,
570,,,,,,,,,,0.018,0.,0.018,0.008,0.,0.008,,,,,,
576,,,,0.107,0.,0.107,,,,,,,,,,,,,,,
577,,,,,,,0.272,0.,0.272,,,,,,,,,,,,
583,,,,,,,0.288,0.,0.288,,,,,,,,,,,,
585,,,,0.11,0.,0.11,,,,,,,,,,,,,,,
590,,,,,,,,,,,,,,,,,,,0.009,0.,0.009
593,,,,0.112,0.,0.112,,,,,,,,,,,,,,,
595,,,,,,,0.286,0.,0.286,,,,,,,,,,,,
602,,,,0.114,0.,0.114,,,,,,,,,,,,,,,
610,,,,0.118,0.,0.118,,,,,,,,,,,,,,,
613,,,,,,,0.248,0.,0.248,,,,,,,,,,,,
619,,,,0.123,0.,0.123,,,,,,,,,,,,,,,
627,,,,0.124,0.,0.124,,,,,,,,,,,,,,,
629,,,,,,,,,,,,,,,,,,,0.01,0.,0.01
631,,,,,,,0.276,0.,0.276,,,,,,,,,,,,
636,,,,0.129,0.,0.129,,,,,,,,,,,,,,,
644,,,,0.131,0.,0.131,,,,,,,,,,,,,,,
649,,,,,,,0.298,0.,0.298,,,,,,,,,,,,
653,,,,0.138,0.,0.138,,,,,,,,,,,,,,,
662,,,,0.142,0.003,0.138,,,,,,,,,,,,,,,
667,,,,,,,0.326,0.,0.326,,,,,,,,,,,,
668,,,,,,,,,,,,,,,,,,,0.012,0.,0.012
670,,,,0.146,0.,0.146,,,,,,,,,,,,,,,
679,,,,0.146,0.003,0.142,,,,,,,,,,,,,,,
684,,,,,,,,,,0.011,0.,0.011,0.011,0.,0.011,,,,,,
685,,,,,,,0.401,0.,0.401,,,,,,,,,,,,
687,,,,0.149,0.,0.149,,,,,,,,,,,,,,,
696,,,,0.152,0.,0.152,,,,,,,,,,,,,,,
703,,,,,,,0.342,0.003,0.338,,,,,,,,,,,,
704,,,,0.155,0.,0.155,,,,,,,,,,,,,,,
707,,,,,,,,,,,,,,,,,,,0.012,0.,0.012
713,,,,0.159,0.,0.159,,,,,,,,,,,,,,,
721,,,,,,,0.368,0.008,0.36,,,,,,,,,,,,
739,,,,,,,0.39,0.003,0.386,,,,,,,,,,,,
744,,,,0.174,0.,0.174,,,,,,,,,,,,,,,
747,,,,,,,,,,,,,,,,,,,0.013,0.,0.013
757,,,,,,,0.438,0.,0.438,,,,,,,,,,,,
775,,,,0.185,0.,0.185,0.467,0.,0.467,,,,,,,,,,,,
786,,,,,,,,,,,,,,,,,,,0.015,0.,0.015
793,,,,,,,0.439,0.,0.439,,,,,,,,,,,,
797,,,,,,,,,,0.016,0.,0.016,0.015,0.,0.015,,,,,,
806,,,,0.202,0.,0.202,,,,,,,,,,,,,,,
811,,,,,,,0.454,0.,0.454,,,,,,,,,,,,
825,,,,,,,,,,,,,,,,,,,0.016,0.,0.016
829,,,,,,,0.568,0.,0.568,,,,,,,,,,,,
837,,,,0.216,0.,0.216,,,,,,,,,,,,,,,
847,,,,,,,0.502,0.,0.501,,,,,,,,,,,,
864,,,,,,,,,,,,,,,,,,,0.018,0.,0.018
865,,,,,,,0.518,0.,0.518,,,,,,,,,,,,
868,,,,0.227,0.,0.227,,,,,,,,,,,,,,,
873,,,,,,,0.577,0.003,0.573,,,,,,,,,,,,
883,,,,,,,0.588,0.,0.588,,,,,,,,,,,,
898,,,,0.247,0.,0.247,,,,,,,,,,,,,,,
901,,,,,,,0.61,0.,0.61,,,,,,,,,,,,
903,,,,,,,,,,,,,,,,,,,0.019,0.,0.019
911,,,,,,,,,,0.019,0.,0.019,0.019,0.,0.019,,,,,,
914,,,,0.251,0.,0.251,,,,,,,,,,,,,,,
929,,,,0.257,0.,0.257,,,,,,,,,,,,,,,
943,,,,,,,,,,,,,,,,,,,0.021,0.,0.021
960,,,,0.276,0.,0.276,,,,,,,,,,,,,,,
982,,,,,,,,,,,,,,,,,,,0.024,0.,0.024
991,,,,0.292,0.,0.292,0.708,0.015,0.692,,,,,,,,,,,,
1021,,,,,,,,,,,,,,,,,,,0.024,0.,0.024
1022,,,,0.31,0.,0.31,,,,,,,,,,,,,,,
1025,,,,,,,,,,0.024,0.,0.024,0.024,0.,0.024,,,,,,
1053,,,,0.326,0.,0.326,,,,,,,,,,,,,,,
1060,,,,,,,,,,,,,,,,,,,0.026,0.,0.026
1081,,,,,,,0.909,0.,0.909,,,,,,,,,,,,
1084,,,,0.343,0.,0.343,,,,,,,,,,,,,,,
1099,,,,,,,,,,,,,,,,,,,0.028,0.,0.028
1115,,,,0.356,0.003,0.352,,,,,,,,,,,,,,,
1138,,,,,,,,,,0.031,0.,0.031,0.029,0.,0.029,,,,0.029,0.,0.029
1146,,,,0.373,0.,0.373,,,,,,,,,,,,,,,
1164,,,,,,,1.126,0.039,1.086,,,,,,,,,,,,
1171,,,,,,,0.989,0.,0.989,,,,,,,,,,,,
1177,,,,0.394,0.003,0.39,,,,,,,,,,,,,,,
1178,,,,,,,,,,,,,,,,,,,0.033,0.,0.033
1208,,,,0.416,0.,0.416,,,,,,,,,,,,,,,
1217,,,,,,,,,,,,,,,,,,,0.033,0.,0.033
1239,,,,0.439,0.,0.439,,,,,,,,,,,,,,,
1252,,,,,,,,,,0.035,0.,0.035,0.036,0.,0.036,,,,,,
1256,,,,,,,,,,,,,,,,,,,0.036,0.,0.036
1261,,,,,,,1.208,0.,1.207,,,,,,,,,,,,
1269,,,,0.453,0.,0.453,,,,,,,,,,,,,,,
1295,,,,,,,,,,,,,,,,,,,0.039,0.,0.039
1300,,,,0.48,0.,0.48,,,,,,,,,,,,,,,
1331,,,,0.499,0.,0.499,,,,,,,,,,,,,,,
1334,,,,,,,,,,,,,,,,,,,0.039,0.,0.039
1351,,,,,,,1.382,0.,1.382,,,,,,,,,,,,
1362,,,,0.522,0.,0.522,,,,,,,,,,,,,,,
1365,,,,,,,,,,0.044,0.,0.044,0.041,0.,0.041,,,,,,
1370,,,,0.548,0.,0.548,,,,,,,,,,,,,,,
1374,,,,,,,,,,,,,,,,,,,0.042,0.,0.042
1393,,,,0.547,0.003,0.543,,,,,,,,,,,,,,,
1413,,,,,,,,,,,,,,,,,,,0.044,0.,0.044
1424,,,,0.566,0.,0.566,,,,,,,,,,,,,,,
1441,,,,,,,1.59,0.007,1.582,,,,,,,,,,,,
1452,,,,,,,,,,,,,,,,,,,0.048,0.,0.048
1454,,,,,,,1.623,0.031,1.59,,,,,,,,,,,,
1479,,,,,,,,,,0.048,0.,0.048,0.051,0.,0.051,,,,,,
1491,,,,,,,,,,,,,,,,,,,0.049,0.,0.049
1530,,,,,,,,,,,,,,,,,,,0.053,0.,0.053
1531,,,,,,,1.779,0.019,1.759,,,,,,,,,,,,
1566,,,,0.675,0.,0.675,,,,,,,,,,,,,,,
1570,,,,,,,,,,,,,,,,,,,0.054,0.,0.054
1593,,,,,,,,,,0.056,0.003,0.052,0.059,0.,0.059,,,,,,
1609,,,,,,,,,,,,,,,,,,,0.057,0.,0.057
1621,,,,,,,1.957,0.,1.956,,,,,,,,,,,,
1648,,,,,,,,,,,,,,,,,,,0.061,0.,0.061
1687,,,,,,,,,,,,,,,,,,,0.062,0.,0.062
1706,,,,,,,,,,0.063,0.,0.063,0.066,0.,0.066,,,,,,
1709,,,,0.809,0.,0.809,,,,,,,,,,,,,,,
1711,,,,,,,2.245,0.,2.245,,,,,,,,,,,,
1726,,,,,,,,,,,,,,,,,,,0.066,0.,0.066
1765,,,,,,,,,,,,,,,,,,,0.067,0.,0.067
1801,,,,,,,2.751,0.007,2.743,,,,,,,,,,,,
1805,,,,,,,,,,,,,,,,,,,0.072,0.,0.072
1820,,,,,,,,,,0.071,0.,0.071,0.075,0.,0.075,,,,,,
1826,,,,0.924,0.,0.924,,,,,,,,,,,,,,,
1844,,,,,,,,,,,,,,,,,,,0.074,0.,0.074
1851,,,,0.932,0.,0.932,,,,,,,,,,,,,,,
1883,,,,,,,,,,,,,,,,,,,0.074,0.,0.074
1922,,,,,,,,,,,,,,,,,,,0.08,0.,0.08
1933,,,,,,,,,,0.08,0.,0.08,0.083,0.,0.083,,,,,,
1961,,,,,,,,,,,,,,,,,,,0.082,0.,0.082
1993,,,,1.085,0.,1.085,,,,,,,,,,,,,,,
2001,,,,,,,,,,,,,,,,,,,0.087,0.,0.087
2013,,,,,,,,,,,,,,,,,,,0.096,0.,0.096
2040,,,,,,,,,,,,,,,,,,,0.09,0.,0.09
2047,,,,,,,,,,0.09,0.,0.09,0.09,0.,0.09,,,,,,
2079,,,,,,,,,,,,,,,,,,,0.091,0.,0.091
2118,,,,,,,,,,,,,,,,,,,0.097,0.,0.097
2136,,,,1.229,0.003,1.225,,,,,,,,,,,,,,,
2157,,,,,,,,,,,,,,,,,,,0.103,0.,0.103
2161,,,,,,,3.434,0.,3.434,0.102,0.,0.102,0.102,0.,0.102,,,,,,
2197,,,,,,,,,,,,,,,,,,,0.104,0.,0.104
2236,,,,,,,,,,,,,,,,,,,0.107,0.,0.107
2274,,,,,,,,,,0.11,0.,0.11,0.113,0.,0.113,,,,,,
2275,,,,,,,,,,,,,,,,,,,0.109,0.,0.109
2278,,,,1.39,0.,1.39,,,,,,,,,,,,,,,
2282,,,,1.423,0.,1.422,,,,,,,,,,,,,,,
2314,,,,,,,,,,,,,,,,,,,0.114,0.,0.114
2353,,,,,,,,,,,,,,,,,,,0.118,0.003,0.115
2388,,,,,,,,,,0.119,0.003,0.116,0.124,0.,0.124,,,,,,
2392,,,,,,,,,,,,,,,,,,,0.121,0.,0.121
2420,,,,1.59,0.,1.59,,,,,,,,,,,,,,,
2432,,,,,,,,,,,,,,,,,,,0.126,0.,0.126
2471,,,,,,,,,,,,,,,,,,,0.13,0.,0.13
2502,,,,,,,,,,0.132,0.,0.132,0.135,0.,0.135,,,,,,
2510,,,,,,,,,,,,,,,,,,,0.133,0.,0.133
2521,,,,,,,5.282,0.047,5.234,,,,,,,,,,,,
2549,,,,,,,,,,,,,,,,,,,0.137,0.,0.137
2562,,,,1.77,0.,1.77,,,,,,,,,,,,,,,
2588,,,,,,,,,,,,,,,,,,,0.141,0.,0.141
2615,,,,,,,,,,0.144,0.,0.144,0.145,0.,0.145,,,,,,
2628,,,,,,,,,,,,,,,,,,,0.145,0.,0.145
2667,,,,,,,,,,,,,,,,,,,0.149,0.,0.149
2705,,,,1.994,0.,1.994,,,,,,,,,,,,,,,
2706,,,,,,,,,,,,,,,,,,,0.154,0.,0.154
2729,,,,,,,,,,0.157,0.,0.157,0.159,0.,0.159,,,,,,
2745,,,,,,,,,,,,,,,,,,,0.158,0.,0.158
2784,,,,,,,,,,,,,,,,,,,0.162,0.,0.162
2824,,,,,,,,,,,,,,,,,,,0.166,0.,0.166
2842,,,,,,,,,,0.168,0.,0.168,0.172,0.,0.172,,,,,,
2847,,,,2.196,0.,2.196,,,,,,,,,,,,,,,
2863,,,,,,,,,,,,,,,,,,,0.171,0.,0.171
2881,,,,,,,6.514,0.012,6.502,,,,,,,,,,,,
2902,,,,,,,,,,,,,,,,,,,0.176,0.,0.176
2941,,,,,,,,,,,,,,,,,,,0.18,0.,0.18
2956,,,,,,,,,,0.183,0.,0.181,0.185,0.,0.185,,,,,,
2980,,,,,,,,,,,,,,,,,,,0.184,0.,0.184
3019,,,,,,,,,,,,,,,,,,,0.189,0.,0.189
3059,,,,,,,,,,,,,,,,,,,0.194,0.,0.194
3070,,,,,,,,,,0.197,0.,0.197,0.199,0.,0.199,,,,,,
3098,,,,,,,,,,,,,,,,,,,0.199,0.,0.199
3137,,,,,,,,,,,,,,,,,,,0.204,0.,0.204
3183,,,,,,,,,,0.21,0.,0.209,0.213,0.,0.213,,,,,,
3241,,,,,,,8.353,0.028,8.324,,,,,,,,,,,,
3268,,,,,,,,,,,,,,,,,,,0.221,0.,0.221
3297,,,,,,,,,,0.224,0.,0.224,0.228,0.003,0.224,,,,,,
3398,,,,,,,,,,,,,,,,,,,0.237,0.,0.237
3410,,,,,,,,,,0.239,0.,0.239,0.243,0.,0.243,,,,,,
3416,,,,3.083,0.011,3.071,,,,,,,,,,,,,,,
3524,,,,,,,,,,0.255,0.,0.255,0.259,0.003,0.255,,,,,,
3529,,,,,,,,,,,,,,,,,,,0.256,0.,0.256
3601,,,,,,,10.098,0.067,10.029,,,,,,,,,,,,
3638,,,,,,,,,,0.27,0.,0.27,0.275,0.003,0.271,,,,,,
3660,,,,,,,,,,,,,,,,,,,0.275,0.,0.275
3674,,,,,,,,,,0.284,0.004,0.279,0.279,0.003,0.275,,,,,,
3751,,,,,,,,,,0.287,0.003,0.283,0.291,0.,0.291,,,,,,
3790,,,,,,,,,,,,,,,,,,,0.293,0.,0.293
3865,,,,,,,,,,0.307,0.,0.307,0.31,0.,0.31,,,,,,
3921,,,,,,,,,,,,,,,,,,,0.313,0.,0.313
3979,,,,,,,,,,0.322,0.,0.322,0.329,0.,0.329,,,,,,
3985,,,,4.166,0.,4.166,,,,,,,,,,,,,,,
4024,,,,,,,,,,,,,,,,,,,0.329,0.,0.328
4052,,,,,,,,,,,,,,,,,,,0.335,0.,0.335
4092,,,,,,,,,,0.341,0.003,0.337,0.342,0.,0.342,,,,,,
4182,,,,,,,,,,,,,,,,,,,0.355,0.,0.355
4206,,,,,,,,,,0.358,0.,0.358,0.363,0.,0.363,,,,,,
4313,,,,,,,,,,,,,,,,,,,0.378,0.,0.378
4319,,,,,,,,,,0.375,0.,0.374,0.378,0.003,0.374,,,,,,
4433,,,,,,,,,,0.394,0.,0.394,0.398,0.,0.397,,,,,,
4444,,,,,,,,,,,,,,,,,,,0.399,0.,0.399
4547,,,,,,,,,,0.413,0.,0.413,0.418,0.,0.418,,,,,,
4555,,,,5.468,0.,5.467,,,,,,,,,,,,,,,
4574,,,,,,,,,,,,,,,,,,,0.426,0.,0.424
4660,,,,,,,,,,0.435,0.,0.435,0.438,0.003,0.434,,,,,,
4705,,,,,,,,,,,,,,,,,,,0.448,0.,0.448
4774,,,,,,,,,,0.456,0.,0.456,0.459,0.,0.459,,,,,,
4836,,,,,,,,,,,,,,,,,,,0.472,0.,0.472
4887,,,,,,,,,,0.478,0.,0.477,0.48,0.003,0.476,,,,,,
4966,,,,,,,,,,,,,,,,,,,0.498,0.003,0.494
5001,,,,,,,,,,0.499,0.,0.499,0.503,0.,0.503,,,,,,
5097,,,,,,,,,,,,,,,,,,,0.524,0.,0.523
5115,,,,,,,,,,0.522,0.,0.521,0.525,0.,0.525,,,,,,
5124,,,,6.873,0.,6.873,,,,,,,,,,,,,,,
5228,,,,,,,,,,0.544,0.,0.544,0.551,0.,0.551,,,,0.551,0.,0.551
5342,,,,,,,,,,0.57,0.,0.569,0.572,0.,0.571,,,,,,
5358,,,,,,,,,,,,,,,,,,,0.576,0.,0.576
5456,,,,,,,,,,0.592,0.,0.592,0.595,0.003,0.591,,,,,,
5489,,,,,,,,,,,,,,,,,,,0.607,0.,0.607
5569,,,,,,,,,,0.617,0.004,0.613,0.62,0.,0.62,,,,,,
5620,,,,,,,,,,,,,,,,,,,0.636,0.,0.636
5683,,,,,,,,,,0.646,0.,0.645,0.655,0.,0.655,,,,,,
5693,,,,8.501,0.007,8.492,,,,,,,,,,,,,,,
5750,,,,,,,,,,,,,,,,,,,0.664,0.,0.664
5796,,,,,,,,,,0.673,0.,0.673,0.681,0.,0.681,,,,,,
5881,,,,,,,,,,,,,,,,,,,0.692,0.,0.692
5910,,,,,,,,,,0.707,0.,0.707,0.703,0.,0.702,,,,,,
6012,,,,,,,,,,,,,,,,,,,0.722,0.003,0.718
6034,,,,,,,,,,,,,,,,,,,0.727,0.003,0.723
6142,,,,,,,,,,,,,,,,,,,0.749,0.,0.749
6221,,,,,,,,,,0.772,0.,0.772,0.783,0.003,0.779,,,,,,
6273,,,,,,,,,,,,,,,,,,,0.781,0.,0.781
6532,,,,,,,,,,0.847,0.003,0.843,0.855,0.004,0.851,,,,,,
6843,,,,,,,,,,0.929,0.,0.929,0.935,0.,0.935,,,,,,
6900,,,,,,,,,,,,,,,,,,,0.941,0.,0.941
7154,,,,,,,,,,1.015,0.,1.014,1.024,0.,1.024,,,,,,
7346,,,,,,,,,,1.071,0.,1.071,1.083,0.003,1.079,,,,,,
7465,,,,,,,,,,1.1,0.,1.1,1.104,0.003,1.1,,,,,,
7527,,,,,,,,,,,,,,,,,,,1.148,0.,1.148
7776,,,,,,,,,,1.188,0.,1.188,1.192,0.,1.192,,,,,,
8045,,,,,,,,,,,,,,,,,,,1.278,0.,1.278
8087,,,,,,,,,,1.286,0.,1.286,1.287,0.003,1.283,,,,,,
8154,,,,,,,,,,,,,,,,,,,1.317,0.,1.317
8398,,,,,,,,,,1.383,0.,1.383,1.389,0.007,1.381,,,,,,
8709,,,,,,,,,,1.486,0.,1.486,1.491,0.,1.491,,,,,,
8781,,,,,,,,,,,,,,,,,,,1.531,0.,1.531
9019,,,,,,,,,,1.59,0.003,1.586,1.596,0.,1.596,,,,,,
9330,,,,,,,,,,1.702,0.003,1.698,1.707,0.,1.707,,,,,,
9409,,,,,,,,,,,,,,,,,,,1.736,0.,1.736
9641,,,,,,,,,,1.819,0.,1.819,1.821,0.,1.821,,,,,,
9952,,,,,,,,,,1.939,0.,1.939,1.959,0.,1.958,,,,,,
10036,,,,,,,,,,,,,,,,,,,1.972,0.,1.972
10056,,,,,,,,,,,,,,,,,,,1.991,0.,1.991
10263,,,,,,,,,,2.065,0.,2.065,2.075,0.,2.075,,,,,,
10574,,,,,,,,,,2.19,0.,2.189,2.201,0.,2.201,,,,,,
10663,,,,,,,,,,,,,,,,,,,2.281,0.,2.281
10885,,,,,,,,,,2.317,0.,2.317,2.333,0.003,2.329,,,,,,
11017,,,,,,,,,,2.382,0.003,2.378,2.396,0.,2.396,,,,,,
11196,,,,,,,,,,2.45,0.,2.45,2.448,0.,2.448,,,,,,
11290,,,,,,,,,,,,,,,,,,,2.496,0.,2.495
11507,,,,,,,,,,2.577,0.004,2.573,2.584,0.,2.584,,,,,,
11818,,,,,,,,,,2.718,0.,2.717,2.724,0.,2.723,,,,,,
11917,,,,,,,,,,,,,,,,,,,2.779,0.003,2.774
12544,,,,,,,,,,,,,,,,,,,3.066,0.003,3.062
13000,,,,,,,,,,3.285,0.,3.284,3.284,0.,3.284,,,,,,
14181,,,,,,,,,,3.902,0.,3.902,3.903,0.,3.903,,,,,,
14689,,,,,,,,,,4.203,0.004,4.198,4.227,0.,4.226,,,,,,
15052,,,,,,,,,,,,,,,,,,,4.418,0.003,4.413
15363,,,,,,,,,,4.592,0.,4.592,4.603,0.003,4.599,,,,,,
16544,,,,,,,,,,5.313,0.,5.312,5.329,0.,5.329,,,,,,
17561,,,,,,,,,,,,,,,,,,,6.003,0.,6.002
17726,,,,,,,,,,6.092,0.,6.092,6.09,0.,6.089,,,,,,
18361,,,,,,,,,,6.549,0.003,6.541,6.531,0.003,6.526,,,,,,
18908,,,,,,,,,,6.901,0.003,6.896,6.96,0.,6.959,,,,,,
20069,,,,,,,,,,,,,,,,,,,7.818,0.008,7.808
20089,,,,,,,,,,7.784,0.,7.783,7.793,0.,7.792,,,,,,
21271,,,,,,,,,,8.726,0.,8.725,8.755,0.003,8.75,,,,,,
22452,,,,,,,,,,9.756,0.003,9.751,9.776,0.,9.775,,,,,,
22578,,,,,,,,,,,,,,,,,,,9.884,0.003,9.879
23634,,,,,,,,,,10.782,0.,10.781,10.79,0.,10.789,,,,,,
25086,,,,,,,,,,,,,,,,,,,12.178,0.004,12.173
28361,,,,,,,,,,15.484,0.,15.482,15.501,0.003,15.495,,,,,,
33087,,,,,,,,,,21.086,0.004,21.08,21.136,0.,21.134,,,,,,
37814,,,,,,,,,,27.519,0.,27.516,27.547,0.,27.544,,,,,,
42540,,,,,,,,,,34.863,0.003,34.855,34.911,0.,34.907,,,,,,
47267,,,,,,,,,,42.935,0.004,42.927,43.045,0.,43.041,,,,,,