param-n,abstract-regression-linear-real,abstract-regression-linear-sys,abstract-regression-linear-user,reify-regression-cubic-real,reify-regression-cubic-sys,reify-regression-cubic-user
1,0.,0.,0.,0.001,0.,0.
2,0.,0.,0.,0.002,0.,0.002
3,0.,0.,0.,0.003,0.,0.003
4,0.,0.,0.,0.004,0.,0.004
5,0.,0.,0.,0.005,0.,0.005
6,0.,0.,0.,0.006,0.002,0.003
7,0.,0.,0.,0.008,0.,0.008
8,0.,0.,0.,0.009,0.,0.009
9,0.,0.,0.,0.051,0.007,0.043
10,0.,0.,0.,0.01,0.,0.01
11,0.,0.,0.,0.012,0.,0.012
12,0.,0.,0.,0.013,0.,0.013
13,0.,0.,0.,0.016,0.,0.016
14,0.,0.,0.,0.017,0.,0.017
15,0.001,0.,0.001,0.019,0.,0.019
16,0.001,0.,0.001,0.025,0.,0.025
17,0.001,0.,0.001,0.023,0.,0.023
18,0.001,0.,0.001,0.027,0.,0.027
19,0.001,0.,0.001,0.028,0.,0.028
20,0.001,0.,0.001,0.036,0.,0.036
21,0.001,0.,0.001,0.036,0.,0.036
22,0.001,0.,0.001,0.037,0.,0.037
23,0.001,0.,0.001,0.045,0.,0.045
24,0.001,0.,0.001,0.044,0.,0.044
25,0.001,0.,0.001,0.05,0.,0.05
26,0.001,0.,0.001,0.051,0.,0.051
27,0.001,0.,0.001,0.058,0.,0.058
28,0.001,0.,0.001,0.059,0.,0.059
29,0.001,0.,0.001,0.067,0.,0.067
30,0.001,0.,0.001,0.067,0.,0.067
31,0.001,0.,0.001,0.076,0.,0.076
32,0.001,0.,0.001,0.078,0.,0.078
33,0.001,0.,0.001,0.08,0.,0.08
34,0.001,0.,0.001,0.093,0.,0.093
35,0.001,0.,0.001,0.101,0.003,0.097
36,0.001,0.,0.001,0.104,0.,0.104
37,0.001,0.,0.001,0.102,0.,0.102
38,0.002,0.,0.002,0.111,0.,0.111
39,0.002,0.,0.002,0.115,0.,0.115
40,0.002,0.,0.002,0.121,0.,0.121
41,0.004,0.,0.004,0.126,0.,0.126
42,0.002,0.,0.002,0.142,0.,0.142
43,0.002,0.,0.002,0.151,0.,0.151
44,0.002,0.,0.002,0.146,0.,0.146
45,0.002,0.,0.002,0.156,0.,0.156
46,0.002,0.,0.002,0.163,0.,0.163
47,0.002,0.,0.002,0.17,0.,0.17
48,0.002,0.,0.002,0.179,0.,0.179
49,0.002,0.,0.002,0.188,0.,0.188
50,0.002,0.,0.002,0.195,0.,0.195
51,0.002,0.,0.002,0.204,0.,0.204
52,0.002,0.,0.002,0.219,0.,0.219
53,0.002,0.,0.002,0.238,0.003,0.234
54,0.002,0.,0.002,0.246,0.,0.246
55,0.002,0.,0.002,0.253,0.,0.253
56,0.002,0.,0.002,0.261,0.,0.261
57,0.002,0.,0.002,0.272,0.,0.272
58,0.002,0.,0.002,0.276,0.003,0.272
59,0.002,0.,0.002,0.281,0.,0.281
60,0.002,0.,0.002,0.292,0.,0.292
61,0.002,0.,0.002,0.304,0.,0.304
62,0.002,0.,0.002,0.315,0.,0.315
63,0.002,0.,0.002,0.324,0.,0.324
64,0.003,0.,0.003,0.332,0.,0.332
65,0.003,0.,0.003,0.365,0.,0.365
66,0.003,0.,0.003,0.383,0.,0.383
67,0.003,0.,0.003,0.398,0.,0.398
68,0.003,0.,0.003,0.408,0.,0.408
69,0.003,0.,0.003,0.404,0.003,0.4
70,0.003,0.,0.003,0.424,0.,0.424
71,0.003,0.,0.003,0.439,0.,0.439
72,0.003,0.,0.003,0.451,0.,0.451
73,0.003,0.,0.003,0.463,0.,0.463
74,0.003,0.,0.003,0.482,0.,0.482
75,0.003,0.,0.003,0.519,0.,0.519
76,0.003,0.,0.003,0.54,0.,0.54
77,0.003,0.,0.003,0.535,0.,0.535
78,0.003,0.,0.003,0.544,0.,0.544
79,0.004,0.,0.004,0.56,0.,0.56
80,0.003,0.,0.003,0.579,0.,0.579
81,0.003,0.,0.003,0.599,0.,0.599
82,0.003,0.,0.003,0.645,0.,0.645
83,0.003,0.,0.003,0.675,0.,0.675
84,0.003,0.,0.003,0.659,0.,0.659
85,0.003,0.,0.003,0.672,0.,0.672
86,0.003,0.,0.003,0.691,0.,0.691
87,0.004,0.,0.004,0.714,0.,0.714
88,0.004,0.,0.004,0.759,0.,0.759
89,0.004,0.,0.004,0.778,0.,0.778
90,0.004,0.,0.004,0.778,0.,0.778
91,0.004,0.,0.004,0.798,0.,0.798
92,0.004,0.,0.004,0.805,0.,0.805
93,0.004,0.,0.004,0.9,0.,0.9
94,0.004,0.,0.004,0.897,0.003,0.893
95,0.004,0.,0.004,0.883,0.,0.883
96,0.004,0.,0.004,0.885,0.,0.885
97,0.004,0.,0.004,0.929,0.,0.929
98,0.004,0.,0.004,0.98,0.,0.98
99,0.004,0.,0.004,0.983,0.,0.983
100,0.004,0.,0.004,0.992,0.003,0.988
110,0.004,0.,0.004,1.383,0.019,1.364
120,0.005,0.,0.005,1.581,0.011,1.569
130,0.005,0.,0.005,1.977,0.,1.976
140,0.005,0.,0.005,2.292,0.003,2.288
150,0.006,0.,0.006,2.879,0.,2.879
160,0.006,0.,0.006,3.392,0.003,3.388
170,0.007,0.,0.007,3.972,0.,3.972
180,0.007,0.,0.007,4.55,0.011,4.538
190,0.007,0.,0.007,5.217,0.007,5.209
200,0.008,0.,0.008,6.149,0.,6.149
210,0.008,0.,0.008,6.998,0.,6.998
220,0.009,0.,0.009,7.879,0.,7.879
230,0.009,0.,0.009,8.823,0.,8.823
240,0.009,0.,0.009,9.922,0.,9.921
250,0.01,0.,0.01,11.209,0.,11.207
260,0.01,0.,0.01,12.391,0.,12.391
270,0.011,0.,0.011,13.46,0.,13.46
280,0.011,0.,0.011,15.261,0.,15.26
290,0.011,0.,0.011,16.68,0.,16.679
300,0.012,0.,0.012,18.51,0.011,18.497
350,0.014,0.,0.014,28.25,0.004,28.244
400,0.016,0.,0.016,42.211,0.,42.208
450,0.018,0.,0.018,58.734,0.027,58.703
500,0.02,0.,0.02,80.21,0.003,80.202