param-n,pattern-regression-linear-real,pattern-regression-linear-sys,pattern-regression-linear-user
1,0.,0.,0.
2,0.001,0.,0.
3,0.,0.,0.
4,0.,0.,0.
5,0.,0.,0.
6,0.,0.,0.
7,0.,0.,0.
8,0.,0.,0.
9,0.,0.,0.
10,0.,0.,0.
11,0.,0.,0.
12,0.,0.,0.
13,0.,0.,0.
14,0.,0.,0.
15,0.,0.,0.
16,0.,0.,0.
17,0.,0.,0.
18,0.,0.,0.
19,0.,0.,0.
20,0.,0.,0.
21,0.,0.,0.
22,0.,0.,0.
23,0.,0.,0.
24,0.,0.,0.
25,0.,0.,0.
26,0.,0.,0.
27,0.,0.,0.
28,0.,0.,0.
29,0.,0.,0.
30,0.,0.,0.
31,0.,0.,0.
32,0.,0.,0.
33,0.,0.,0.
34,0.,0.,0.
35,0.,0.,0.
36,0.,0.,0.
37,0.001,0.,0.001
38,0.001,0.,0.001
39,0.001,0.,0.001
40,0.001,0.,0.001
41,0.001,0.,0.001
42,0.001,0.,0.001
43,0.001,0.,0.001
44,0.001,0.,0.001
45,0.,0.,0.
46,0.001,0.,0.001
47,0.001,0.,0.001
48,0.001,0.,0.001
49,0.006,0.,0.006
50,0.001,0.,0.001
51,0.001,0.,0.001
52,0.001,0.,0.001
53,0.001,0.,0.001
54,0.001,0.,0.001
55,0.001,0.,0.001
56,0.001,0.,0.001
57,0.001,0.,0.001
58,0.001,0.,0.001
59,0.001,0.,0.001
60,0.001,0.,0.001
61,0.001,0.,0.001
62,0.001,0.,0.001
63,0.001,0.,0.001
64,0.001,0.,0.001
65,0.001,0.,0.001
66,0.001,0.,0.001
67,0.001,0.,0.001
68,0.001,0.,0.001
69,0.001,0.,0.001
70,0.001,0.,0.001
71,0.001,0.,0.001
72,0.001,0.,0.001
73,0.007,0.,0.007
74,0.001,0.,0.001
75,0.002,0.,0.002
76,0.001,0.,0.001
77,0.001,0.,0.001
78,0.001,0.,0.001
79,0.002,0.,0.002
80,0.002,0.,0.002
81,0.002,0.,0.002
82,0.002,0.,0.002
83,0.002,0.,0.002
84,0.002,0.,0.002
85,0.002,0.,0.002
86,0.002,0.,0.002
87,0.002,0.,0.002
88,0.001,0.,0.001
89,0.002,0.,0.002
90,0.002,0.,0.002
91,0.002,0.,0.002
92,0.005,0.,0.005
93,0.002,0.,0.002
94,0.002,0.,0.002
95,0.002,0.,0.002
96,0.002,0.,0.002
97,0.002,0.,0.002
98,0.002,0.,0.002
99,0.002,0.,0.002
100,0.002,0.,0.002
101,0.002,0.,0.002
102,0.002,0.,0.002
103,0.002,0.,0.002
104,0.002,0.,0.002
105,0.002,0.,0.002
106,0.002,0.,0.002
107,0.002,0.,0.002
108,0.006,0.,0.006
109,0.002,0.,0.002
110,0.002,0.,0.002
111,0.002,0.,0.002
112,0.002,0.,0.002
113,0.002,0.,0.002
114,0.002,0.,0.002
115,0.002,0.,0.002
116,0.003,0.,0.003
117,0.002,0.,0.002
118,0.002,0.,0.002
119,0.002,0.,0.002
120,0.002,0.,0.002
121,0.002,0.,0.002
122,0.004,0.,0.004
123,0.002,0.,0.002
124,0.002,0.,0.002
125,0.003,0.,0.003
126,0.003,0.,0.003
127,0.003,0.,0.003
128,0.003,0.,0.003
129,0.003,0.,0.003
130,0.003,0.,0.003
131,0.003,0.,0.003
132,0.003,0.,0.003
133,0.003,0.,0.003
134,0.003,0.,0.003
135,0.006,0.,0.006
136,0.003,0.,0.003
137,0.003,0.,0.003
138,0.003,0.,0.003
139,0.003,0.,0.003
140,0.003,0.,0.003
141,0.003,0.,0.003
142,0.003,0.,0.003
143,0.003,0.,0.003
144,0.004,0.,0.004
145,0.003,0.,0.003
146,0.003,0.,0.003
147,0.005,0.,0.005
148,0.003,0.,0.003
149,0.003,0.,0.003
150,0.003,0.,0.003
151,0.003,0.,0.003
152,0.003,0.,0.003
153,0.003,0.,0.003
154,0.003,0.,0.003
155,0.003,0.,0.003
156,0.003,0.,0.003
157,0.003,0.,0.003
158,0.003,0.,0.003
159,0.004,0.,0.004
160,0.004,0.,0.004
161,0.003,0.,0.003
162,0.004,0.,0.004
163,0.003,0.,0.003
164,0.004,0.,0.004
165,0.004,0.,0.004
166,0.004,0.,0.004
167,0.004,0.,0.004
168,0.005,0.,0.005
169,0.004,0.,0.004
170,0.003,0.,0.003
171,0.004,0.,0.004
172,0.004,0.,0.004
173,0.004,0.,0.004
174,0.004,0.,0.004
175,0.004,0.,0.004
176,0.004,0.,0.004
177,0.004,0.,0.004
178,0.004,0.,0.004
179,0.004,0.,0.004
180,0.004,0.,0.004
181,0.004,0.,0.004
182,0.004,0.,0.004
183,0.004,0.,0.004
184,0.004,0.,0.004
185,0.004,0.,0.004
186,0.004,0.,0.004
187,0.006,0.,0.006
188,0.004,0.,0.004
189,0.004,0.,0.004
190,0.004,0.,0.004
191,0.004,0.,0.004
192,0.004,0.,0.004
193,0.004,0.,0.004
194,0.004,0.,0.004
195,0.004,0.,0.004
196,0.007,0.,0.007
197,0.004,0.,0.004
198,0.004,0.,0.004
199,0.004,0.,0.004
200,0.004,0.,0.004
201,0.004,0.,0.004
202,0.004,0.,0.004
203,0.004,0.,0.004
204,0.006,0.,0.006
205,0.004,0.,0.004
206,0.004,0.,0.004
207,0.005,0.,0.005
208,0.005,0.,0.005
209,0.004,0.,0.004
210,0.004,0.,0.004
211,0.005,0.,0.005
212,0.007,0.,0.007
213,0.005,0.,0.005
214,0.005,0.,0.005
215,0.005,0.,0.005
216,0.005,0.,0.005
217,0.004,0.,0.004
218,0.005,0.,0.005
219,0.005,0.,0.005
220,0.006,0.,0.006
221,0.005,0.,0.005
222,0.004,0.,0.004
223,0.005,0.,0.005
224,0.005,0.,0.005
225,0.005,0.,0.005
226,0.005,0.,0.005
227,0.005,0.,0.005
228,0.008,0.,0.008
229,0.005,0.,0.005
230,0.005,0.,0.005
231,0.005,0.,0.005
232,0.005,0.,0.005
233,0.005,0.,0.005
234,0.005,0.,0.005
235,0.008,0.,0.008
236,0.005,0.,0.005
237,0.005,0.,0.005
238,0.005,0.,0.005
239,0.006,0.,0.006
240,0.005,0.,0.005
241,0.005,0.,0.005
242,0.008,0.,0.008
243,0.005,0.,0.005
244,0.005,0.,0.005
245,0.006,0.,0.006
246,0.005,0.,0.005
247,0.006,0.,0.006
248,0.005,0.,0.005
249,0.007,0.,0.007
250,0.005,0.,0.005
251,0.006,0.,0.006
252,0.006,0.,0.006
253,0.006,0.,0.006
254,0.006,0.,0.006
255,0.006,0.,0.006
256,0.009,0.,0.009
257,0.006,0.,0.006
258,0.006,0.,0.006
259,0.006,0.,0.006
260,0.006,0.,0.006
261,0.006,0.,0.006
262,0.006,0.,0.006
263,0.007,0.,0.007
264,0.006,0.,0.006
265,0.006,0.,0.006
266,0.006,0.,0.006
267,0.006,0.,0.006
268,0.006,0.,0.006
269,0.009,0.,0.009
270,0.006,0.,0.006
271,0.006,0.,0.006
272,0.006,0.,0.006
273,0.006,0.,0.006
274,0.006,0.,0.006
275,0.006,0.,0.006
276,0.006,0.,0.006
277,0.006,0.,0.006
278,0.006,0.001,0.005
279,0.006,0.,0.006
280,0.006,0.,0.006
281,0.007,0.,0.007
282,0.008,0.,0.008
283,0.007,0.,0.006
284,0.006,0.,0.006
285,0.006,0.,0.006
286,0.007,0.,0.007
287,0.007,0.,0.007
288,0.007,0.,0.007
289,0.006,0.,0.006
290,0.007,0.,0.007
291,0.007,0.,0.007
292,0.007,0.,0.007
293,0.006,0.,0.006
294,0.009,0.,0.009
295,0.007,0.,0.007
296,0.007,0.,0.007
297,0.007,0.,0.007
298,0.007,0.,0.007
299,0.007,0.,0.007
300,0.007,0.,0.006
301,0.006,0.,0.006
302,0.007,0.,0.007
303,0.007,0.,0.007
304,0.007,0.,0.007
305,0.007,0.,0.007
306,0.007,0.,0.007
307,0.007,0.,0.007
308,0.007,0.,0.007
309,0.007,0.,0.007
310,0.007,0.,0.007
311,0.008,0.,0.008
312,0.007,0.,0.007
313,0.007,0.,0.007
314,0.007,0.,0.007
315,0.007,0.,0.007
316,0.009,0.,0.009
317,0.007,0.,0.007
318,0.008,0.,0.008
319,0.007,0.,0.007
320,0.007,0.,0.007
321,0.007,0.,0.007
322,0.009,0.,0.009
323,0.007,0.,0.007
324,0.007,0.,0.007
325,0.007,0.,0.007
326,0.007,0.,0.007
327,0.009,0.,0.009
328,0.007,0.,0.007
329,0.007,0.,0.007
330,0.008,0.,0.008
331,0.007,0.,0.007
332,0.009,0.,0.009
333,0.008,0.,0.008
334,0.007,0.,0.007
335,0.007,0.,0.007
336,0.008,0.,0.008
337,0.007,0.,0.007
338,0.01,0.,0.01
339,0.008,0.,0.008
340,0.007,0.,0.007
341,0.008,0.,0.008
342,0.008,0.,0.008
343,0.01,0.,0.01
344,0.008,0.,0.008
345,0.007,0.,0.007
346,0.008,0.,0.008
347,0.008,0.,0.008
348,0.01,0.,0.01
349,0.008,0.,0.008
350,0.008,0.,0.008
351,0.008,0.,0.008
352,0.008,0.,0.008
353,0.009,0.,0.009
354,0.008,0.,0.008
355,0.008,0.,0.008
356,0.008,0.,0.008
357,0.008,0.,0.008
358,0.009,0.,0.009
359,0.008,0.,0.008
360,0.008,0.,0.008
361,0.008,0.,0.008
362,0.009,0.,0.009
363,0.008,0.,0.008
364,0.008,0.,0.008
365,0.008,0.,0.008
366,0.008,0.,0.008
367,0.01,0.,0.01
368,0.008,0.,0.008
369,0.008,0.,0.008
370,0.009,0.,0.009
371,0.009,0.,0.009
372,0.01,0.,0.01
373,0.009,0.,0.009
374,0.008,0.,0.008
375,0.008,0.,0.008
376,0.008,0.,0.008
377,0.012,0.,0.012
378,0.009,0.,0.009
379,0.009,0.,0.009
380,0.009,0.002,0.007
381,0.012,0.,0.012
382,0.009,0.,0.009
383,0.009,0.,0.009
384,0.008,0.,0.008
385,0.009,0.,0.009
386,0.011,0.,0.011
387,0.009,0.,0.009
388,0.009,0.,0.009
389,0.009,0.,0.009
390,0.011,0.,0.011
391,0.009,0.,0.009
392,0.009,0.,0.009
393,0.009,0.,0.009
394,0.009,0.,0.009
395,0.011,0.,0.011
396,0.009,0.,0.009
397,0.009,0.,0.009
398,0.009,0.,0.009
399,0.011,0.,0.011
400,0.009,0.,0.009
401,0.01,0.,0.01
402,0.009,0.,0.009
403,0.009,0.,0.009
404,0.01,0.,0.01
405,0.009,0.,0.009
406,0.009,0.,0.009
407,0.009,0.,0.009
408,0.011,0.003,0.008
409,0.009,0.,0.009
410,0.01,0.,0.01
411,0.01,0.,0.01
412,0.011,0.,0.011
413,0.01,0.,0.01
414,0.009,0.,0.009
415,0.01,0.,0.01
416,0.011,0.,0.011
417,0.01,0.,0.01
418,0.01,0.,0.01
419,0.01,0.,0.01
420,0.01,0.002,0.007
421,0.009,0.,0.009
422,0.01,0.,0.01
423,0.01,0.,0.01
424,0.009,0.,0.009
425,0.01,0.,0.01
426,0.01,0.,0.01
427,0.01,0.,0.01
428,0.01,0.,0.01
429,0.011,0.,0.011
430,0.01,0.,0.01
431,0.01,0.,0.01
432,0.01,0.,0.01
433,0.011,0.,0.011
434,0.01,0.,0.01
435,0.01,0.,0.01
436,0.01,0.,0.01
437,0.012,0.,0.012
438,0.01,0.,0.01
439,0.01,0.,0.01
440,0.01,0.,0.01
441,0.011,0.,0.011
442,0.01,0.,0.01
443,0.01,0.,0.01
444,0.01,0.,0.01
445,0.012,0.,0.012
446,0.01,0.,0.01
447,0.01,0.,0.01
448,0.01,0.,0.01
449,0.011,0.,0.011
450,0.01,0.,0.01
451,0.01,0.,0.01
452,0.011,0.,0.011
453,0.011,0.,0.011
454,0.011,0.,0.011
455,0.011,0.,0.011
456,0.013,0.,0.013
457,0.01,0.,0.01
458,0.01,0.,0.01
459,0.01,0.,0.01
460,0.013,0.,0.013
461,0.01,0.,0.01
462,0.011,0.,0.011
463,0.011,0.,0.011
464,0.012,0.,0.012
465,0.01,0.,0.01
466,0.011,0.,0.011
467,0.011,0.,0.011
468,0.013,0.,0.013
469,0.011,0.,0.011
470,0.011,0.,0.011
471,0.011,0.,0.011
472,0.01,0.,0.01
473,0.01,0.,0.01
474,0.011,0.,0.011
475,0.014,0.,0.014
476,0.011,0.,0.011
477,0.011,0.,0.011
478,0.011,0.,0.011
479,0.013,0.,0.013
480,0.011,0.,0.011
481,0.011,0.,0.011
482,0.011,0.,0.011
483,0.014,0.,0.014
484,0.011,0.,0.011
485,0.011,0.,0.011
486,0.013,0.,0.013
487,0.011,0.,0.011
488,0.011,0.,0.011
489,0.011,0.,0.011
490,0.014,0.,0.014
491,0.011,0.,0.011
492,0.011,0.,0.011
493,0.014,0.,0.014
494,0.012,0.,0.012
495,0.012,0.,0.012
496,0.011,0.,0.011
497,0.015,0.,0.015
498,0.011,0.,0.011
499,0.011,0.,0.011
500,0.011,0.,0.011
600,0.102,0.015,0.086
800,0.023,0.,0.023
1000,0.031,0.003,0.027
1200,0.03,0.,0.03
1400,0.046,0.,0.046
1600,0.044,0.,0.044
1800,0.056,0.,0.056
2000,0.055,0.,0.055
2200,0.07,0.,0.07
2400,0.08,0.,0.08
2600,0.075,0.,0.075
2800,0.094,0.003,0.09
3000,0.1,0.,0.1
3200,0.094,0.,0.094
3400,0.109,0.003,0.105
3600,0.118,0.,0.118
3800,0.109,0.,0.109
4000,0.113,0.,0.113
4200,0.148,0.008,0.14
4400,0.188,0.003,0.184
4600,0.149,0.004,0.145
4800,0.144,0.,0.143
5000,0.167,0.007,0.159
5200,0.194,0.003,0.19
5400,0.168,0.,0.168
5600,0.188,0.003,0.184
5800,0.193,0.,0.193
6000,0.165,0.,0.165
6200,0.199,0.,0.199
6400,0.198,0.,0.198
6600,0.194,0.,0.194
6800,0.206,0.,0.206
7000,0.19,0.,0.19
7200,0.195,0.,0.195
7400,0.21,0.,0.21
7600,0.229,0.,0.229
7800,0.223,0.,0.223
8000,0.231,0.,0.231
8200,0.251,0.,0.251
8400,0.274,0.,0.274
8600,0.277,0.,0.277
8800,0.293,0.,0.293
9000,0.305,0.,0.305
9200,0.316,0.,0.316
9400,0.316,0.,0.316
9600,0.321,0.,0.321
9800,0.328,0.,0.328
10000,0.327,0.,0.327
10200,0.378,0.,0.378
10400,0.393,0.,0.392
10600,0.406,0.,0.406
10800,0.403,0.,0.403
11000,0.413,0.,0.413
11200,0.415,0.,0.415
11400,0.421,0.,0.421
11600,0.422,0.,0.422
11800,0.421,0.,0.421
12000,0.43,0.,0.43
12200,0.463,0.,0.463
12400,0.467,0.,0.467
12600,0.473,0.,0.473
12800,0.475,0.,0.475
13000,0.476,0.,0.476
13200,0.477,0.,0.477
13400,0.478,0.,0.478
13600,0.487,0.,0.487
13800,0.484,0.,0.484
14000,0.463,0.,0.463
14200,0.456,0.,0.456
14400,0.501,0.,0.501
14600,0.458,0.,0.458
14800,0.43,0.,0.43
15000,0.466,0.,0.466
15200,0.483,0.,0.483
15400,0.489,0.,0.489
15600,0.505,0.,0.505
15800,0.524,0.,0.524
16000,0.522,0.,0.522
16200,0.544,0.,0.544
16400,0.567,0.,0.567
16600,0.59,0.,0.59
16800,0.623,0.,0.623
17000,0.644,0.,0.644
17200,0.661,0.,0.661
17400,0.682,0.,0.682
17600,0.7,0.,0.7
17800,0.717,0.,0.717
18000,0.749,0.,0.749
18200,0.767,0.,0.767
18400,0.791,0.,0.791
18600,0.794,0.,0.794
18800,0.805,0.007,0.797
19000,0.785,0.,0.785
19200,0.791,0.,0.791
19400,0.791,0.003,0.787
19600,0.784,0.,0.777
19800,0.788,0.,0.788
20000,0.791,0.,0.79