param-0-nm,param-1-n,param-2-m,param-3-input-size,param-4-output-size,param-5-num-rewrites,autorewrite-regression-cubic-real,autorewrite-regression-cubic-sys,autorewrite-regression-cubic-user,rewrite!-regression-cubic-real,rewrite!-regression-cubic-sys,rewrite!-regression-cubic-user,rewrite-strat(bottomup)-regression-cubic-real,rewrite-strat(bottomup)-regression-cubic-sys,rewrite-strat(bottomup)-regression-cubic-user,rewrite-strat(topdown)-regression-cubic-real,rewrite-strat(topdown)-regression-cubic-sys,rewrite-strat(topdown)-regression-cubic-user,setoid-rewrite-regression-cubic-real,setoid-rewrite-regression-cubic-sys,setoid-rewrite-regression-cubic-user,ssr-rewrite!-regression-cubic-real,ssr-rewrite!-regression-cubic-sys,ssr-rewrite!-regression-cubic-user
1,0,1,5,3,1,0.001,0.,0.,0.,0.,0.,0.,0.,0.,0.,0.,0.,0.,0.,0.,0.,0.,0.
2,0,2,7,3,2,0.001,0.001,0.,0.001,0.001,0.,0.001,0.,0.001,0.,0.,0.,0.002,0.,0.002,0.,0.,0.
3,0,3,9,3,3,0.001,0.,0.001,0.001,0.,0.001,0.002,0.,0.002,0.,0.,0.,0.002,0.,0.002,0.,0.,0.
3,1,1,13,7,3,0.001,0.,0.,0.,0.,0.,0.001,0.,0.001,0.001,0.,0.001,0.002,0.,0.002,0.001,0.001,0.
4,0,4,11,3,4,0.001,0.,0.001,0.001,0.,0.001,0.003,0.003,0.,0.001,0.,0.001,0.003,0.,0.003,0.001,0.001,0.
5,0,5,13,3,5,0.001,0.001,0.,0.001,0.,0.001,0.004,0.004,0.,0.001,0.,0.001,0.061,0.007,0.054,0.001,0.001,0.
6,0,6,15,3,6,0.002,0.,0.002,0.001,0.001,0.,0.062,0.015,0.047,0.001,0.001,0.,0.004,0.,0.004,0.002,0.002,0.
6,1,2,19,7,6,0.001,0.,0.001,0.001,0.,0.001,0.003,0.,0.003,0.06,0.008,0.052,0.003,0.,0.003,0.001,0.,0.001
7,0,7,17,3,7,0.002,0.,0.002,0.003,0.,0.003,0.008,0.004,0.004,0.002,0.,0.002,0.005,0.,0.005,0.002,0.,0.001
7,2,1,29,15,7,0.001,0.,0.001,0.001,0.,0.001,0.003,0.,0.003,0.002,0.,0.002,0.004,0.,0.004,0.005,0.,0.005
8,0,8,19,3,8,,,,,,,0.006,0.,0.006,0.062,0.007,0.055,,,,,,
9,0,9,21,3,9,,,,,,,0.065,0.007,0.058,0.002,0.,0.002,,,,,,
9,1,3,25,7,9,0.002,0.,0.002,0.001,0.,0.001,0.005,0.,0.005,0.002,0.,0.002,0.005,0.,0.005,0.002,0.002,0.
10,0,10,23,3,10,0.004,0.,0.004,,,,0.006,0.,0.006,0.002,0.,0.002,0.009,0.,0.009,0.003,0.,0.003
11,0,11,25,3,11,,,,,,,0.008,0.,0.008,0.002,0.,0.002,,,,,,
12,0,12,27,3,12,,,,,,,0.007,0.,0.007,0.003,0.,0.003,,,,,,
12,1,4,31,7,12,,,,,,,0.008,0.,0.008,0.003,0.,0.003,0.007,0.,0.007,,,
13,0,13,29,3,13,0.062,0.011,0.05,0.004,0.,0.004,0.009,0.,0.009,0.003,0.,0.003,0.009,0.,0.009,0.005,0.,0.005
14,0,14,31,3,14,,,,,,,0.01,0.,0.01,0.003,0.,0.003,,,,,,
14,2,2,43,15,14,0.003,0.,0.003,0.002,0.,0.002,0.009,0.,0.009,0.004,0.,0.004,0.008,0.,0.008,0.003,0.,0.003
15,0,15,33,3,15,,,,,,,0.011,0.,0.011,0.004,0.,0.004,,,,,,
15,1,5,37,7,15,0.003,0.,0.003,0.003,0.,0.003,0.01,0.,0.01,0.003,0.,0.003,0.01,0.,0.01,0.004,0.,0.004
15,3,1,61,31,15,0.002,0.,0.002,0.002,0.002,0.,0.011,0.,0.011,0.005,0.,0.005,0.011,0.003,0.007,0.003,0.,0.003
16,0,16,35,3,16,0.004,0.,0.004,,,,0.011,0.,0.011,0.004,0.,0.004,0.011,0.,0.011,0.062,0.003,0.059
17,0,17,37,3,17,,,,,,,0.012,0.,0.012,0.004,0.,0.004,,,,,,
18,0,18,39,3,18,,,,,,,0.015,0.,0.015,0.005,0.,0.005,,,,,,
18,1,6,43,7,18,,,,,,,0.014,0.,0.014,0.005,0.,0.005,0.013,0.,0.013,,,
19,0,19,41,3,19,0.006,0.,0.006,0.069,0.023,0.045,0.015,0.,0.015,0.005,0.,0.005,0.014,0.,0.014,0.006,0.,0.006
20,0,20,43,3,20,,,,,,,0.016,0.,0.016,0.005,0.,0.005,,,,,,
21,0,21,45,3,21,,,,,,,0.017,0.,0.017,0.005,0.,0.005,,,,,,
21,1,7,49,7,21,0.005,0.,0.005,0.005,0.,0.005,0.018,0.,0.018,0.006,0.,0.006,0.02,0.,0.02,0.007,0.,0.007
21,2,3,57,15,21,0.003,0.,0.003,0.003,0.,0.003,0.016,0.,0.016,0.006,0.,0.006,0.014,0.,0.014,0.006,0.,0.006
22,0,22,47,3,22,0.006,0.002,0.004,,,,0.018,0.,0.018,0.006,0.,0.006,0.017,0.,0.017,0.009,0.,0.009
23,0,23,49,3,23,,,,,,,0.021,0.,0.021,0.008,0.,0.008,,,,,,
24,0,24,51,3,24,,,,,,,0.022,0.,0.022,0.007,0.,0.007,,,,,,
24,1,8,55,7,24,,,,,,,0.021,0.,0.021,0.01,0.,0.01,0.021,0.,0.021,,,
25,0,25,53,3,25,0.008,0.,0.008,0.008,0.,0.008,0.024,0.,0.024,0.007,0.,0.007,0.02,0.,0.02,0.01,0.,0.01
26,0,26,55,3,26,,,,,,,0.025,0.,0.025,0.007,0.,0.007,,,,,,
27,0,27,57,3,27,,,,,,,0.029,0.,0.029,0.008,0.,0.008,,,,,,
27,1,9,61,7,27,0.007,0.,0.007,0.006,0.,0.006,0.024,0.,0.024,0.008,0.,0.008,0.02,0.,0.02,0.01,0.,0.01
28,0,28,59,3,28,0.009,0.,0.009,,,,0.027,0.,0.027,0.008,0.,0.008,0.025,0.,0.025,0.013,0.,0.013
28,2,4,71,15,28,0.005,0.,0.005,0.004,0.,0.004,0.025,0.,0.025,0.008,0.,0.008,0.018,0.,0.018,0.009,0.,0.009
29,0,29,61,3,29,,,,,,,0.029,0.,0.029,0.014,0.,0.014,,,,,,
30,0,30,63,3,30,,,,,,,0.034,0.,0.034,0.01,0.,0.01,,,,,,
30,1,10,67,7,30,,,,,,,0.03,0.,0.03,0.009,0.,0.009,0.022,0.,0.022,,,
30,3,2,91,31,30,0.004,0.,0.004,0.005,0.004,0.001,0.081,0.007,0.074,0.009,0.,0.009,0.077,0.008,0.069,0.006,0.003,0.002
31,0,31,65,3,31,0.011,0.,0.011,0.011,0.,0.011,0.033,0.,0.033,0.011,0.,0.011,0.028,0.,0.028,0.015,0.,0.015
31,4,1,125,63,31,0.004,0.,0.004,0.003,0.,0.003,0.025,0.,0.025,0.01,0.,0.01,0.017,0.,0.017,0.004,0.,0.004
32,0,32,67,3,32,,,,,,,0.034,0.,0.034,0.011,0.,0.011,,,,,,
33,0,33,69,3,33,,,,,,,0.037,0.,0.037,0.011,0.,0.011,,,,,,
33,1,11,73,7,33,0.009,0.,0.009,0.009,0.,0.009,0.032,0.,0.032,0.013,0.,0.013,0.025,0.,0.025,0.013,0.,0.013
34,0,34,71,3,34,0.014,0.,0.014,,,,0.037,0.,0.037,0.012,0.,0.012,0.03,0.,0.03,0.021,0.,0.021
35,0,35,73,3,35,,,,,,,0.036,0.,0.036,0.012,0.,0.012,,,,,,
35,2,5,85,15,35,0.007,0.,0.007,0.006,0.,0.006,0.037,0.,0.037,0.011,0.,0.011,0.024,0.,0.024,0.011,0.,0.011
36,0,36,75,3,36,,,,,,,0.039,0.,0.039,0.014,0.,0.014,,,,,,
36,1,12,79,7,36,,,,,,,0.044,0.,0.044,0.012,0.,0.012,0.029,0.,0.029,,,
37,0,37,77,3,37,0.014,0.,0.014,0.014,0.,0.014,0.042,0.,0.042,0.013,0.,0.013,0.036,0.,0.036,0.021,0.,0.021
38,0,38,79,3,38,,,,,,,0.042,0.002,0.039,0.014,0.,0.014,,,,,,
39,0,39,81,3,39,,,,,,,0.044,0.,0.044,0.014,0.,0.014,,,,,,
39,1,13,85,7,39,0.011,0.,0.011,0.012,0.,0.012,0.045,0.,0.045,0.014,0.,0.014,0.034,0.,0.034,0.018,0.,0.018
40,0,40,83,3,40,0.017,0.,0.017,,,,0.045,0.,0.045,0.015,0.,0.015,0.038,0.,0.038,0.023,0.,0.023
41,0,41,85,3,41,,,,,,,0.046,0.003,0.042,0.015,0.,0.015,,,,,,
42,0,42,87,3,42,,,,,,,0.05,0.,0.05,0.016,0.,0.016,,,,,,
42,1,14,91,7,42,,,,,,,0.05,0.,0.05,0.015,0.,0.015,0.038,0.,0.038,,,
42,2,6,99,15,42,0.009,0.,0.009,0.008,0.,0.008,0.055,0.,0.055,0.025,0.,0.025,0.036,0.003,0.032,0.017,0.,0.016
43,0,43,89,3,43,0.018,0.,0.018,0.019,0.,0.018,0.055,0.,0.055,0.016,0.,0.016,0.043,0.,0.043,0.029,0.,0.029
44,0,44,91,3,44,,,,,,,0.052,0.,0.052,0.019,0.,0.019,,,,,,
45,0,45,93,3,45,,,,,,,0.057,0.,0.057,0.018,0.,0.018,,,,,,
45,1,15,97,7,45,0.013,0.,0.013,0.014,0.,0.014,0.054,0.,0.054,0.016,0.,0.016,0.038,0.,0.038,0.022,0.,0.022
45,3,3,121,31,45,0.007,0.,0.007,0.066,0.003,0.062,0.048,0.004,0.044,0.021,0.,0.021,0.028,0.,0.028,0.071,0.015,0.055
46,0,46,95,3,46,0.021,0.,0.021,,,,0.061,0.,0.061,0.019,0.,0.019,0.046,0.,0.046,0.032,0.,0.032
47,0,47,97,3,47,,,,,,,0.061,0.,0.061,0.021,0.,0.021,,,,,,
48,0,48,99,3,48,,,,,,,0.061,0.,0.061,0.023,0.,0.023,,,,,,
48,1,16,103,7,48,,,,,,,0.061,0.,0.061,0.02,0.,0.02,0.044,0.,0.044,,,
49,0,49,101,3,49,0.022,0.,0.022,0.023,0.,0.023,0.072,0.,0.072,0.023,0.,0.023,0.051,0.,0.051,0.034,0.,0.034
49,2,7,113,15,49,0.011,0.,0.011,0.011,0.,0.011,0.06,0.,0.06,0.017,0.,0.017,0.037,0.,0.037,0.019,0.,0.019
50,0,50,103,3,50,,,,,,,0.065,0.,0.065,0.022,0.,0.022,,,,,,
51,0,51,105,3,51,,,,,,,0.066,0.003,0.062,0.025,0.,0.025,,,,,,
51,1,17,109,7,51,0.017,0.,0.017,0.017,0.,0.017,0.067,0.,0.067,0.02,0.,0.02,0.045,0.,0.045,0.028,0.,0.028
52,0,52,107,3,52,0.024,0.,0.024,,,,0.073,0.,0.073,0.024,0.,0.024,0.055,0.,0.055,0.038,0.,0.038
53,0,53,109,3,53,,,,,,,0.073,0.,0.073,0.026,0.001,0.025,,,,,,
54,0,54,111,3,54,,,,,,,0.068,0.,0.068,0.025,0.,0.025,,,,,,
54,1,18,115,7,54,,,,,,,0.073,0.,0.073,0.022,0.,0.022,0.052,0.,0.052,,,
55,0,55,113,3,55,0.027,0.,0.027,0.026,0.,0.026,0.08,0.,0.08,0.026,0.,0.026,0.061,0.,0.061,0.047,0.,0.047
56,0,56,115,3,56,,,,,,,0.083,0.,0.083,0.029,0.,0.029,,,,,,
56,2,8,127,15,56,0.013,0.,0.013,0.014,0.,0.014,0.068,0.,0.068,0.022,0.,0.022,0.045,0.,0.045,0.024,0.,0.024
57,0,57,117,3,57,,,,,,,0.086,0.,0.086,0.027,0.,0.027,,,,,,
57,1,19,121,7,57,0.02,0.,0.02,0.02,0.,0.02,0.079,0.,0.079,0.027,0.,0.027,0.057,0.,0.057,0.033,0.,0.033
58,0,58,119,3,58,0.03,0.,0.03,,,,0.092,0.,0.092,0.031,0.,0.031,0.067,0.,0.067,0.044,0.,0.044
59,0,59,121,3,59,,,,,,,0.083,0.,0.083,0.029,0.,0.028,,,,,,
60,0,60,123,3,60,,,,,,,0.095,0.,0.095,0.03,0.,0.03,,,,,,
60,1,20,127,7,60,,,,,,,0.086,0.,0.086,0.027,0.,0.027,0.059,0.,0.059,,,
60,3,4,151,31,60,0.01,0.,0.01,0.01,0.,0.01,0.075,0.,0.075,0.021,0.,0.021,0.046,0.,0.046,0.016,0.,0.016
61,0,61,125,3,61,0.03,0.,0.03,0.031,0.,0.031,0.088,0.,0.088,0.03,0.,0.03,0.071,0.,0.071,0.051,0.,0.051
62,0,62,127,3,62,,,,,,,0.099,0.,0.099,0.033,0.,0.033,,,,,,
62,4,2,187,63,62,0.008,0.,0.008,0.007,0.,0.007,0.076,0.003,0.072,0.024,0.,0.024,0.045,0.,0.045,0.013,0.,0.013
63,0,63,129,3,63,,,,,,,0.098,0.003,0.094,0.031,0.,0.031,,,,,,
63,1,21,133,7,63,0.023,0.,0.023,0.026,0.,0.026,0.102,0.,0.102,0.031,0.,0.031,0.065,0.,0.065,0.04,0.,0.04
63,2,9,141,15,63,0.015,0.,0.015,0.015,0.,0.015,0.094,0.,0.094,0.028,0.,0.028,0.051,0.,0.051,0.028,0.,0.028
63,5,1,253,127,63,0.008,0.,0.008,0.006,0.,0.006,0.06,0.,0.06,0.027,0.,0.027,0.043,0.,0.043,0.009,0.,0.009
64,0,64,131,3,64,0.033,0.,0.033,,,,0.109,0.,0.109,0.034,0.,0.034,0.076,0.,0.076,0.055,0.,0.055
65,0,65,133,3,65,,,,,,,0.101,0.,0.101,0.034,0.,0.034,,,,,,
66,0,66,135,3,66,,,,,,,0.11,0.,0.11,0.038,0.,0.038,,,,,,
66,1,22,139,7,66,,,,,,,0.107,0.,0.107,0.03,0.,0.03,0.067,0.,0.067,,,
67,0,67,137,3,67,0.036,0.,0.036,0.038,0.,0.038,0.102,0.,0.102,0.036,0.,0.036,0.08,0.002,0.078,0.055,0.,0.055
68,0,68,139,3,68,,,,,,,,,,0.038,0.,0.038,,,,,,
69,0,69,141,3,69,,,,,,,,,,0.038,0.,0.038,,,,,,
69,1,23,145,7,69,0.027,0.,0.027,0.027,0.,0.027,0.118,0.,0.118,0.033,0.,0.033,0.07,0.,0.07,0.046,0.,0.046
70,0,70,143,3,70,0.04,0.003,0.036,,,,,,,0.041,0.,0.041,0.086,0.,0.086,0.061,0.,0.061
70,2,10,155,15,70,0.018,0.,0.018,0.018,0.,0.018,0.113,0.,0.113,0.029,0.,0.029,0.06,0.,0.06,0.034,0.,0.034
71,0,71,145,3,71,,,,,,,,,,0.04,0.003,0.037,,,,,,
72,0,72,147,3,72,,,,,,,,,,0.039,0.,0.039,,,,,,
72,1,24,151,7,72,,,,,,,,,,0.033,0.,0.033,0.078,0.,0.078,,,
73,0,73,149,3,73,0.041,0.,0.041,0.045,0.,0.045,,,,0.045,0.,0.045,0.098,0.,0.098,0.066,0.,0.066
74,0,74,151,3,74,,,,,,,0.138,0.,0.138,0.046,0.,0.046,,,,,,
75,0,75,153,3,75,,,,,,,,,,0.044,0.,0.044,,,,,,
75,1,25,157,7,75,0.031,0.,0.031,0.034,0.,0.034,,,,0.038,0.,0.038,0.083,0.,0.083,0.055,0.,0.055
75,3,5,181,31,75,0.014,0.,0.014,0.018,0.,0.018,0.12,0.,0.12,0.036,0.,0.036,0.058,0.,0.058,0.021,0.,0.021
76,0,76,155,3,76,0.046,0.,0.046,,,,,,,0.052,0.,0.052,0.102,0.,0.102,0.074,0.,0.073
77,0,77,157,3,77,,,,,,,,,,0.05,0.,0.05,,,,,,
77,2,11,169,15,77,0.023,0.,0.023,0.023,0.,0.023,,,,0.038,0.,0.038,0.071,0.,0.071,0.049,0.,0.049
78,0,78,159,3,78,,,,,,,,,,0.054,0.,0.054,,,,,,
78,1,26,163,7,78,,,,,,,0.132,0.003,0.129,0.044,0.,0.044,0.087,0.,0.087,,,
79,0,79,161,3,79,0.047,0.,0.047,0.05,0.,0.05,,,,0.051,0.,0.051,0.11,0.,0.11,0.075,0.,0.075
80,0,80,163,3,80,,,,,,,,,,0.053,0.003,0.049,,,,,,
81,0,81,165,3,81,,,,,,,0.16,0.003,0.156,0.053,0.,0.053,,,,,,
81,1,27,169,7,81,0.036,0.,0.036,0.036,0.,0.036,,,,0.045,0.,0.045,0.093,0.,0.093,0.06,0.,0.06
82,0,82,167,3,82,0.052,0.,0.052,,,,,,,0.055,0.003,0.051,0.115,0.,0.115,0.079,0.,0.079
83,0,83,169,3,83,,,,,,,,,,0.056,0.,0.056,,,,,,
84,0,84,171,3,84,,,,,,,,,,0.053,0.,0.053,,,,,,
84,1,28,175,7,84,,,,,,,,,,0.048,0.,0.048,0.101,0.,0.101,,,
84,2,12,183,15,84,0.025,0.,0.025,0.025,0.,0.025,0.142,0.,0.142,0.04,0.,0.04,0.084,0.,0.084,0.046,0.,0.046
85,0,85,173,3,85,0.054,0.,0.054,0.058,0.,0.058,,,,0.056,0.,0.056,0.124,0.,0.124,0.092,0.,0.092
86,0,86,175,3,86,,,,,,,,,,0.061,0.,0.061,,,,,,
87,0,87,177,3,87,,,,,,,,,,0.057,0.,0.057,,,,,,
87,1,29,181,7,87,0.04,0.,0.04,0.041,0.,0.041,0.178,0.,0.178,0.048,0.,0.048,0.112,0.,0.112,0.069,0.,0.069
88,0,88,179,3,88,0.058,0.,0.058,,,,0.175,0.,0.175,0.061,0.,0.061,0.136,0.,0.136,0.094,0.003,0.091
89,0,89,181,3,89,,,,,,,,,,0.062,0.003,0.058,,,,,,
90,0,90,183,3,90,,,,,,,,,,0.068,0.,0.068,,,,,,
90,1,30,187,7,90,,,,,,,,,,0.054,0.,0.054,0.114,0.,0.114,,,
90,3,6,211,31,90,0.018,0.,0.018,0.018,0.,0.018,0.148,0.,0.148,0.041,0.,0.041,0.077,0.003,0.074,0.032,0.,0.032
91,0,91,185,3,91,0.061,0.,0.061,0.067,0.,0.067,,,,0.065,0.,0.065,0.141,0.,0.141,0.099,0.,0.099
91,2,13,197,15,91,0.029,0.,0.029,0.028,0.,0.028,,,,0.048,0.,0.048,0.097,0.,0.097,0.052,0.,0.052
92,0,92,187,3,92,,,,,,,,,,0.07,0.,0.07,,,,,,
93,0,93,189,3,93,,,,,,,,,,0.068,0.,0.068,,,,,,
93,1,31,193,7,93,0.045,0.,0.045,0.048,0.,0.048,,,,0.055,0.,0.055,0.126,0.003,0.122,0.078,0.,0.078
93,4,3,249,63,93,0.014,0.,0.014,0.013,0.,0.013,0.172,0.,0.172,0.038,0.,0.038,0.079,0.,0.079,0.024,0.,0.024
94,0,94,191,3,94,0.066,0.,0.066,,,,,,,0.073,0.,0.073,0.163,0.,0.163,0.112,0.,0.112
95,0,95,193,3,95,,,,,,,0.222,0.,0.222,0.072,0.,0.072,,,,,,
96,0,96,195,3,96,,,,,,,,,,0.077,0.,0.077,,,,,,
96,1,32,199,7,96,,,,,,,0.215,0.,0.215,0.061,0.,0.061,0.122,0.,0.122,,,
97,0,97,197,3,97,0.069,0.,0.069,0.073,0.,0.073,,,,0.073,0.,0.073,0.153,0.,0.153,0.124,0.,0.124
98,0,98,199,3,98,,,,,,,,,,0.077,0.,0.077,,,,,,
98,2,14,211,15,98,0.03,0.,0.03,0.033,0.,0.033,0.189,0.,0.189,0.052,0.,0.052,0.104,0.,0.104,0.058,0.,0.058
99,0,99,201,3,99,,,,,,,,,,0.075,0.003,0.071,,,,,,
99,1,33,205,7,99,0.051,0.,0.051,0.058,0.,0.058,,,,0.068,0.,0.068,0.122,0.,0.122,0.086,0.,0.086
100,0,100,203,3,100,0.071,0.,0.071,,,,,,,0.082,0.,0.082,0.161,0.,0.161,0.132,0.,0.132
101,0,101,205,3,101,,,,,,,,,,0.082,0.,0.082,,,,,,
102,0,102,207,3,102,,,,,,,,,,0.077,0.,0.077,,,,,,
102,1,34,211,7,102,,,,,,,0.225,0.003,0.221,0.065,0.,0.065,0.128,0.,0.128,,,
103,0,103,209,3,103,0.075,0.,0.075,0.08,0.,0.08,,,,0.085,0.,0.085,0.168,0.,0.168,0.132,0.,0.132
104,0,104,211,3,104,,,,,,,,,,0.084,0.,0.084,,,,,,
105,0,105,213,3,105,,,,,,,,,,0.088,0.,0.088,,,,,,
105,1,35,217,7,105,0.056,0.,0.056,0.055,0.,0.055,,,,0.072,0.,0.072,0.136,0.,0.136,0.098,0.,0.098
105,2,15,225,15,105,0.036,0.,0.036,0.038,0.,0.038,,,,0.057,0.,0.057,0.117,0.,0.117,0.066,0.,0.066
105,3,7,241,31,105,0.023,0.,0.023,0.028,0.,0.028,0.206,0.007,0.198,0.05,0.002,0.047,0.1,0.,0.1,0.04,0.,0.04
106,0,106,215,3,106,0.086,0.,0.085,,,,,,,0.091,0.,0.091,0.17,0.,0.17,0.133,0.,0.133
107,0,107,217,3,107,,,,,,,,,,0.088,0.003,0.084,,,,,,
108,0,108,219,3,108,,,,,,,,,,0.099,0.004,0.095,,,,,,
108,1,36,223,7,108,,,,,,,,,,0.078,0.,0.078,0.146,0.,0.146,,,
109,0,109,221,3,109,0.089,0.,0.089,0.087,0.,0.087,,,,0.096,0.,0.096,0.191,0.003,0.187,0.14,0.003,0.137
110,0,110,223,3,110,,,,,,,,,,0.091,0.,0.091,,,,,,
111,0,111,225,3,111,,,,,,,,,,0.115,0.,0.115,,,,,,
111,1,37,229,7,111,0.061,0.,0.061,0.06,0.,0.06,,,,0.076,0.,0.076,0.158,0.,0.158,0.109,0.,0.109
112,0,112,227,3,112,0.097,0.,0.097,,,,,,,0.092,0.,0.092,0.192,0.,0.192,0.15,0.,0.15
112,2,16,239,15,112,0.04,0.,0.04,0.042,0.,0.042,,,,0.065,0.,0.065,0.127,0.,0.127,0.076,0.,0.076
113,0,113,229,3,113,,,,,,,,,,0.092,0.,0.092,,,,,,
114,0,114,231,3,114,,,,,,,,,,0.096,0.,0.096,,,,,,
114,1,38,235,7,114,,,,,,,,,,0.097,0.,0.097,0.167,0.,0.167,,,
115,0,115,233,3,115,0.1,0.,0.1,0.1,0.,0.1,,,,0.106,0.,0.106,0.195,0.,0.195,0.161,0.,0.161
116,0,116,235,3,116,,,,,,,,,,0.101,0.,0.101,,,,,,
117,0,117,237,3,117,,,,,,,,,,0.1,0.,0.1,,,,,,
117,1,39,241,7,117,0.071,0.003,0.067,0.068,0.,0.068,,,,0.092,0.,0.092,0.19,0.,0.19,0.128,0.003,0.124
118,0,118,239,3,118,0.097,0.,0.097,,,,,,,0.1,0.,0.1,0.204,0.,0.204,0.161,0.,0.161
119,0,119,241,3,119,,,,,,,,,,0.109,0.,0.109,,,,,,
119,2,17,253,15,119,0.046,0.003,0.042,0.047,0.,0.047,,,,0.071,0.,0.071,0.14,0.,0.14,0.082,0.,0.082
120,0,120,243,3,120,,,,,,,,,,0.114,0.,0.114,,,,,,
120,1,40,247,7,120,,,,,,,,,,0.092,0.,0.092,0.175,0.003,0.171,,,
120,3,8,271,31,120,0.029,0.,0.029,0.028,0.,0.028,0.244,0.,0.244,0.061,0.,0.061,0.126,0.,0.126,0.051,0.,0.051
121,0,121,245,3,121,0.105,0.,0.105,0.106,0.,0.106,,,,0.111,0.,0.111,0.219,0.,0.219,0.175,0.003,0.171
122,0,122,247,3,122,,,,,,,,,,0.106,0.,0.106,,,,,,
123,0,123,249,3,123,,,,,,,,,,0.111,0.,0.111,,,,,,
123,1,41,253,7,123,0.073,0.,0.073,0.076,0.,0.076,,,,0.099,0.,0.099,0.196,0.,0.196,0.141,0.,0.141
124,0,124,251,3,124,0.113,0.,0.113,,,,,,,0.114,0.,0.114,0.224,0.,0.224,0.174,0.003,0.171
124,4,4,311,63,124,0.02,0.,0.02,0.025,0.,0.025,0.27,0.006,0.263,0.058,0.,0.058,0.102,0.,0.102,0.035,0.,0.035
125,0,125,253,3,125,,,,,,,,,,0.123,0.,0.123,,,,,,
126,0,126,255,3,126,,,,,,,,,,0.129,0.,0.129,,,,,,
126,1,42,259,7,126,,,,,,,,,,0.096,0.,0.096,0.194,0.002,0.192,,,
126,2,18,267,15,126,0.049,0.,0.049,0.052,0.,0.052,,,,0.08,0.,0.08,0.158,0.,0.158,0.093,0.,0.093
126,5,2,379,127,126,0.015,0.,0.015,0.015,0.,0.015,,,,0.06,0.,0.06,0.101,0.,0.101,0.025,0.,0.025
127,0,127,257,3,127,0.129,0.,0.129,0.118,0.003,0.114,,,,0.126,0.,0.126,0.238,0.,0.238,0.187,0.,0.187
127,6,1,509,255,127,0.015,0.,0.015,0.011,0.,0.011,0.185,0.,0.185,0.07,0.,0.07,0.096,0.,0.096,0.019,0.,0.019
128,0,128,259,3,128,,,,,,,,,,0.122,0.,0.122,,,,,,
129,0,129,261,3,129,,,,,,,,,,0.117,0.,0.117,0.238,0.003,0.234,,,
129,1,43,265,7,129,0.081,0.,0.081,0.079,0.,0.079,,,,0.105,0.002,0.103,0.199,0.002,0.196,0.152,0.,0.152
130,0,130,263,3,130,0.124,0.,0.124,,,,,,,0.122,0.,0.122,,,,0.189,0.,0.189
131,0,131,265,3,131,,,,,,,,,,0.122,0.,0.122,,,,,,
132,0,132,267,3,132,,,,,,,,,,0.12,0.,0.12,,,,,,
132,1,44,271,7,132,,,,,,,0.338,0.003,0.334,0.106,0.,0.106,,,,,,
133,0,133,269,3,133,0.131,0.,0.131,0.125,0.,0.125,,,,0.127,0.,0.127,,,,0.199,0.,0.199
133,2,19,281,15,133,0.054,0.,0.054,0.057,0.,0.057,,,,0.095,0.,0.095,0.173,0.,0.173,0.103,0.,0.103
134,0,134,271,3,134,,,,,,,,,,0.15,0.003,0.147,,,,,,
135,0,135,273,3,135,,,,,,,,,,0.15,0.,0.15,,,,,,
135,1,45,277,7,135,0.084,0.,0.084,0.087,0.,0.087,,,,0.115,0.,0.115,,,,0.169,0.,0.169
135,3,9,301,31,135,0.034,0.,0.034,0.037,0.,0.037,0.336,0.,0.336,0.074,0.,0.074,0.141,0.,0.141,0.06,0.,0.06
136,0,136,275,3,136,0.129,0.,0.129,,,,,,,0.148,0.,0.148,,,,0.21,0.,0.21
137,0,137,277,3,137,,,,,,,,,,0.151,0.,0.151,,,,,,
138,0,138,279,3,138,,,,,,,,,,0.154,0.,0.154,,,,,,
138,1,46,283,7,138,,,,,,,,,,0.124,0.,0.124,,,,0.167,0.,0.167
139,0,139,281,3,139,0.138,0.,0.138,0.135,0.,0.135,,,,0.163,0.,0.163,,,,,,
140,0,140,283,3,140,,,,,,,,,,0.174,0.,0.174,,,,,,
140,2,20,295,15,140,0.058,0.,0.058,0.058,0.,0.058,,,,0.096,0.,0.096,,,,0.109,0.,0.109
141,0,141,285,3,141,,,,,,,,,,0.16,0.,0.16,,,,,,
141,1,47,289,7,141,0.092,0.003,0.088,0.094,0.,0.094,,,,0.12,0.,0.12,,,,,,
142,0,142,287,3,142,0.149,0.,0.149,,,,,,,0.159,0.,0.159,,,,,,
143,0,143,289,3,143,,,,,,,,,,0.168,0.003,0.164,,,,,,
144,0,144,291,3,144,,,,,,,,,,0.152,0.,0.152,,,,,,
144,1,48,295,7,144,,,,,,,,,,0.134,0.,0.134,,,,,,
145,0,145,293,3,145,0.15,0.,0.15,0.162,0.003,0.158,,,,0.147,0.,0.147,,,,,,
146,0,146,295,3,146,,,,,,,,,,0.157,0.003,0.153,,,,,,
147,0,147,297,3,147,,,,,,,,,,0.164,0.,0.164,,,,,,
147,1,49,301,7,147,0.099,0.,0.099,0.101,0.,0.101,,,,0.14,0.,0.14,,,,,,
147,2,21,309,15,147,0.064,0.,0.064,0.073,0.003,0.069,,,,0.103,0.,0.103,,,,,,
148,0,148,299,3,148,0.159,0.003,0.155,,,,,,,0.169,0.,0.169,,,,,,
149,0,149,301,3,149,,,,,,,,,,0.175,0.,0.175,,,,,,
150,0,150,303,3,150,,,,,,,,,,0.176,0.,0.176,,,,,,
150,1,50,307,7,150,,,,,,,,,,0.147,0.,0.147,,,,,,
150,3,10,331,31,150,0.041,0.003,0.037,0.044,0.,0.044,0.353,0.003,0.349,0.088,0.,0.088,0.169,0.003,0.166,0.074,0.,0.074
151,0,151,305,3,151,0.159,0.,0.159,0.166,0.,0.166,,,,0.164,0.,0.164,,,,,,
152,0,152,307,3,152,,,,,,,,,,0.174,0.,0.174,,,,,,
153,0,153,309,3,153,,,,,,,,,,0.183,0.,0.183,,,,,,
153,1,51,313,7,153,0.122,0.,0.122,0.111,0.,0.111,,,,0.154,0.,0.154,,,,,,
154,0,154,311,3,154,0.173,0.003,0.169,,,,,,,0.168,0.003,0.164,,,,,,
154,2,22,323,15,154,0.068,0.,0.068,0.07,0.,0.07,,,,0.111,0.,0.111,,,,,,
155,0,155,313,3,155,,,,,,,,,,0.191,0.,0.191,,,,,,
155,4,5,373,63,155,0.028,0.,0.028,0.028,0.,0.028,0.411,0.,0.411,0.081,0.,0.081,0.149,0.,0.148,0.063,0.,0.063
156,0,156,315,3,156,,,,,,,,,,0.181,0.,0.181,,,,,,
156,1,52,319,7,156,,,,,,,,,,0.156,0.,0.156,,,,,,
157,0,157,317,3,157,0.191,0.,0.191,0.177,0.,0.177,,,,0.204,0.,0.204,,,,,,
158,0,158,319,3,158,,,,,,,,,,0.207,0.,0.207,,,,,,
159,0,159,321,3,159,,,,,,,,,,0.201,0.,0.201,,,,,,
159,1,53,325,7,159,0.116,0.,0.116,0.115,0.,0.115,,,,0.172,0.,0.172,,,,,,
160,0,160,323,3,160,0.184,0.003,0.18,,,,,,,0.208,0.,0.208,,,,,,
161,0,161,325,3,161,,,,,,,,,,0.201,0.,0.201,0.347,0.,0.347,,,
161,2,23,337,15,161,0.074,0.,0.074,0.074,0.004,0.07,,,,0.132,0.,0.132,,,,,,
162,0,162,327,3,162,,,,,,,,,,0.206,0.,0.206,,,,,,
162,1,54,331,7,162,,,,,,,,,,0.163,0.,0.163,,,,,,
163,0,163,329,3,163,0.195,0.,0.195,0.193,0.,0.193,,,,0.198,0.,0.198,,,,,,
164,0,164,331,3,164,,,,,,,,,,0.205,0.,0.205,,,,,,
165,0,165,333,3,165,,,,,,,,,,0.201,0.,0.201,,,,,,
165,1,55,337,7,165,0.123,0.,0.123,0.128,0.,0.128,,,,0.162,0.,0.162,,,,,,
165,3,11,361,31,165,0.046,0.,0.046,0.053,0.,0.053,0.445,0.003,0.441,0.103,0.,0.103,0.206,0.,0.206,0.084,0.,0.084
166,0,166,335,3,166,0.187,0.,0.187,,,,,,,0.2,0.,0.2,,,,,,
167,0,167,337,3,167,,,,,,,,,,0.202,0.,0.202,,,,,,
168,0,168,339,3,168,,,,,,,,,,0.2,0.,0.2,,,,,,
168,1,56,343,7,168,,,,,,,,,,0.163,0.,0.163,,,,,,
168,2,24,351,15,168,0.086,0.,0.086,0.085,0.,0.085,,,,0.139,0.,0.139,,,,,,
169,0,169,341,3,169,0.193,0.,0.193,0.201,0.,0.201,,,,0.2,0.,0.2,,,,,,
170,0,170,343,3,170,0.187,0.,0.187,,,,,,,,,,,,,0.336,0.003,0.332
171,0,171,345,3,171,,,,0.2,0.,0.2,,,,,,,,,,,,
171,1,57,349,7,171,0.136,0.,0.136,0.147,0.003,0.143,,,,0.171,0.,0.171,0.327,0.003,0.323,0.24,0.,0.24
175,2,25,365,15,175,0.094,0.,0.094,0.086,0.,0.086,,,,0.145,0.,0.145,0.278,0.,0.278,,,
180,3,12,391,31,180,0.058,0.,0.058,0.068,0.003,0.064,0.512,0.004,0.508,0.128,0.,0.128,0.234,0.,0.234,0.103,0.,0.103
182,2,26,379,15,182,,,,,,,,,,,,,,,,0.203,0.,0.203
186,4,6,435,63,186,0.045,0.,0.045,0.041,0.,0.041,,,,0.111,0.,0.111,,,,0.074,0.,0.074
189,5,3,505,127,189,0.029,0.,0.029,0.027,0.,0.027,,,,0.102,0.,0.102,0.183,0.,0.183,0.046,0.,0.046
193,0,193,389,3,193,,,,,,,,,,,,,0.462,0.003,0.458,,,
195,3,13,421,31,195,,,,0.068,0.,0.068,0.624,0.008,0.615,,,,0.29,0.,0.29,0.121,0.002,0.118
197,0,197,397,3,197,,,,,,,,,,0.272,0.,0.272,,,,,,
199,0,199,401,3,199,0.261,0.,0.261,,,,,,,,,,,,,,,
200,0,200,403,3,200,,,,0.267,0.,0.267,,,,,,,,,,,,
204,0,204,411,3,204,,,,,,,,,,,,,,,,0.474,0.007,0.466
204,1,68,415,7,204,,,,,,,,,,0.24,0.004,0.236,,,,0.367,0.003,0.363
207,1,69,421,7,207,0.198,0.003,0.194,,,,,,,,,,,,,,,
210,2,30,435,15,210,,,,,,,,,,0.204,0.,0.204,,,,,,
210,3,14,451,31,210,,,,0.105,0.004,0.101,0.708,0.011,0.696,,,,0.308,0.,0.308,0.14,0.,0.14
213,1,71,433,7,213,,,,,,,,,,,,,0.491,0.,0.491,,,
216,1,72,439,7,216,,,,0.221,0.,0.221,,,,,,,,,,,,
217,2,31,449,15,217,0.13,0.,0.13,,,,,,,,,,0.396,0.,0.396,,,
217,4,7,497,63,217,,,,,,,0.674,0.011,0.661,0.137,0.,0.137,0.258,0.,0.258,0.093,0.,0.093
224,2,32,463,15,224,,,,,,,,,,,,,,,,0.269,0.,0.269
225,0,225,453,3,225,,,,,,,,,,0.353,0.,0.352,0.625,0.004,0.621,,,
225,3,15,481,31,225,,,,0.088,0.014,0.074,0.792,0.,0.792,0.189,0.,0.189,0.349,0.,0.349,0.157,0.,0.157
228,0,228,459,3,228,0.356,0.003,0.352,,,,,,,,,,,,,,,
229,0,229,461,3,229,,,,0.347,0.003,0.343,,,,,,,,,,,,
231,2,33,477,15,231,,,,0.149,0.003,0.145,,,,,,,,,,,,
237,1,79,481,7,237,,,,,,,,,,0.328,0.,0.328,,,,0.441,0.,0.441
238,0,238,479,3,238,,,,,,,,,,,,,,,,0.634,0.004,0.629
240,3,16,511,31,240,0.096,0.,0.096,0.095,0.,0.095,0.912,0.003,0.908,,,,0.384,0.003,0.38,0.174,0.,0.174
243,1,81,493,7,243,0.284,0.003,0.28,,,,,,,,,,,,,,,
245,2,35,505,15,245,,,,,,,,,,0.293,0.,0.293,,,,,,
248,4,8,559,63,248,0.061,0.,0.061,,,,,,,0.194,0.,0.194,,,,0.113,0.,0.113
252,5,4,631,127,252,0.041,0.,0.041,0.04,0.,0.04,,,,0.146,0.,0.146,0.275,0.,0.275,0.077,0.,0.077
253,0,253,509,3,253,,,,,,,,,,0.447,0.,0.447,,,,,,
254,6,2,763,255,254,0.033,0.,0.033,0.028,0.002,0.026,,,,0.153,0.,0.153,0.256,0.003,0.252,0.058,0.,0.058
255,1,85,517,7,255,,,,,,,,,,,,,0.673,0.003,0.669,,,
255,3,17,541,31,255,,,,0.11,0.,0.11,0.971,0.,0.971,,,,0.433,0.,0.433,0.192,0.,0.192
255,7,1,1021,511,255,0.035,0.,0.035,0.027,0.,0.027,0.558,0.,0.557,0.179,0.,0.179,0.261,0.003,0.257,0.037,0.,0.037
257,0,257,517,3,257,0.432,0.,0.432,,,,,,,,,,0.801,0.,0.801,,,
258,0,258,519,3,258,,,,0.43,0.,0.43,,,,,,,,,,,,
259,2,37,533,15,259,0.178,0.,0.178,,,,,,,,,,0.579,0.,0.578,,,
261,1,87,529,7,261,,,,0.315,0.,0.315,,,,,,,,,,,,
266,2,38,547,15,266,,,,,,,,,,,,,,,,0.372,0.,0.372
270,1,90,547,7,270,,,,,,,,,,0.411,0.003,0.407,,,,0.571,0.,0.571
270,3,18,571,31,270,,,,0.115,0.,0.115,,,,0.249,0.,0.249,0.485,0.,0.485,0.232,0.003,0.229
279,1,93,565,7,279,0.353,0.008,0.345,,,,,,,,,,,,,,,
279,4,9,621,63,279,,,,0.079,0.,0.079,,,,0.209,0.,0.209,0.397,0.,0.396,,,
280,2,40,575,15,280,,,,,,,,,,0.365,0.,0.365,,,,,,
281,0,281,565,3,281,,,,,,,,,,0.56,0.,0.56,,,,,,
283,0,283,569,3,283,0.596,0.014,0.58,,,,,,,,,,,,,,,
285,3,19,601,31,285,,,,0.125,0.,0.125,,,,,,,0.535,0.,0.535,0.249,0.,0.249
286,0,286,575,3,286,0.546,0.003,0.542,,,,,,,,,,,,,,,
287,0,287,577,3,287,,,,0.551,0.003,0.547,,,,,,,,,,,,
287,2,41,589,15,287,,,,0.237,0.,0.237,,,,,,,,,,,,
288,0,288,579,3,288,,,,,,,,,,0.675,0.032,0.642,,,,,,
300,3,20,631,31,300,0.146,0.,0.146,0.148,0.003,0.144,,,,,,,0.585,0.,0.585,0.276,0.003,0.272
301,2,43,617,15,301,0.239,0.003,0.235,,,,,,,,,,,,,,,
303,1,101,613,7,303,,,,,,,,,,0.506,0.,0.506,,,,,,
306,1,102,619,7,306,,,,0.413,0.,0.413,,,,,,,,,,,,
309,0,309,621,3,309,,,,,,,,,,0.651,0.,0.651,,,,,,
310,4,10,683,63,310,0.087,0.,0.086,0.098,0.003,0.094,,,,0.245,0.003,0.241,,,,,,
315,0,315,633,3,315,0.648,0.,0.648,,,,,,,,,,,,,,,
315,1,105,637,7,315,0.43,0.,0.43,,,,,,,,,,,,,,,
315,2,45,645,15,315,,,,,,,,,,0.428,0.,0.428,,,,,,
315,3,21,661,31,315,,,,0.154,0.,0.154,,,,0.332,0.,0.332,0.637,0.,0.637,0.306,0.003,0.302
315,5,5,757,127,315,0.062,0.,0.062,0.063,0.,0.063,,,,0.202,0.,0.202,,,,0.134,0.,0.134
316,0,316,635,3,316,,,,0.646,0.003,0.642,,,,,,,,,,,,
330,3,22,691,31,330,,,,0.177,0.003,0.173,,,,,,,0.711,0.004,0.707,0.326,0.,0.326
336,1,112,679,7,336,,,,,,,,,,0.61,0.,0.61,,,,,,
337,0,337,677,3,337,,,,,,,,,,0.779,0.007,0.771,,,,,,
341,4,11,745,63,341,0.107,0.,0.107,,,,,,,0.3,0.,0.3,,,,,,
342,0,342,687,3,342,,,,0.806,0.004,0.802,,,,,,,,,,,,
343,2,49,701,15,343,0.305,0.,0.305,0.311,0.,0.311,,,,0.493,0.,0.493,,,,,,
345,3,23,721,31,345,,,,0.195,0.007,0.187,,,,,,,0.726,0.007,0.718,0.363,0.,0.363
350,2,50,715,15,350,,,,,,,,,,0.529,0.,0.529,,,,,,
357,2,51,729,15,357,,,,,,,,,,0.566,0.,0.566,,,,,,
360,3,24,751,31,360,,,,0.22,0.008,0.212,,,,,,,0.84,0.004,0.836,0.398,0.,0.398
364,2,52,743,15,364,,,,,,,,,,0.576,0.,0.576,,,,,,
371,2,53,757,15,371,,,,,,,,,,0.621,0.,0.621,,,,,,
372,4,12,807,63,372,0.129,0.,0.129,0.129,0.,0.129,,,,,,,,,,,,
375,3,25,781,31,375,,,,0.224,0.003,0.22,,,,,,,0.897,0.,0.897,0.417,0.,0.417
378,2,54,771,15,378,,,,,,,,,,0.58,0.,0.58,,,,,,
378,5,6,883,127,378,0.085,0.,0.085,,,,,,,0.303,0.,0.303,,,,0.156,0.,0.156
381,6,3,1017,255,381,,,,0.058,0.,0.058,,,,,,,0.464,0.,0.464,0.121,0.,0.121
385,0,385,773,3,385,,,,,,,,,,,,,1.724,0.004,1.72,,,
385,2,55,785,15,385,,,,,,,,,,0.592,0.,0.592,1.176,0.003,1.172,,,
390,3,26,811,31,390,,,,0.243,0.,0.243,,,,,,,0.931,0.003,0.927,0.444,0.,0.444
392,2,56,799,15,392,,,,,,,,,,0.636,0.,0.636,,,,,,
399,2,57,813,15,399,,,,,,,,,,0.705,0.,0.705,,,,,,
403,4,13,869,63,403,0.148,0.,0.148,,,,,,,,,,0.768,0.,0.761,,,
405,3,27,841,31,405,,,,0.257,0.003,0.253,,,,,,,,,,0.482,0.003,0.478
406,2,58,827,15,406,,,,,,,,,,0.733,0.007,0.725,,,,,,
413,2,59,841,15,413,,,,,,,,,,0.757,0.007,0.749,,,,,,
420,2,60,855,15,420,,,,,,,,,,0.702,0.,0.702,,,,,,
420,3,28,871,31,420,,,,0.283,0.,0.283,,,,,,,,,,0.515,0.008,0.507
427,0,427,857,3,427,,,,1.192,0.003,1.188,,,,,,,,,,,,
427,2,61,869,15,427,0.477,0.,0.477,0.492,0.,0.491,,,,0.727,0.,0.727,,,,,,
434,2,62,883,15,434,,,,,,,,,,0.806,0.,0.806,,,,,,
434,4,14,931,63,434,0.163,0.,0.163,0.174,0.,0.174,,,,0.515,0.,0.515,,,,0.339,0.,0.339
435,3,29,901,31,435,,,,0.295,0.007,0.287,,,,,,,,,,0.56,0.,0.56
441,2,63,897,15,441,,,,,,,,,,0.845,0.,0.845,,,,,,
441,5,7,1009,127,441,0.116,0.,0.116,,,,,,,0.385,0.,0.385,,,,,,
448,2,64,911,15,448,,,,,,,,,,0.889,0.,0.889,,,,,,
450,3,30,931,31,450,,,,0.316,0.007,0.308,,,,,,,,,,0.636,0.003,0.632
455,2,65,925,15,455,,,,,,,,,,0.903,0.,0.903,,,,,,
462,2,66,939,15,462,,,,,,,,,,0.897,0.,0.897,,,,,,
465,3,31,961,31,465,,,,0.323,0.,0.323,,,,,,,,,,0.679,0.003,0.675
465,4,15,993,63,465,0.199,0.,0.199,,,,,,,,,,,,,,,
469,2,67,953,15,469,,,,,,,,,,0.95,0.,0.95,,,,,,
476,2,68,967,15,476,,,,,,,,,,0.887,0.,0.887,,,,,,
480,3,32,991,31,480,,,,0.339,0.003,0.335,,,,,,,,,,0.731,0.,0.731
483,2,69,981,15,483,,,,,,,,,,0.953,0.,0.953,,,,,,
490,2,70,995,15,490,,,,,,,,,,1.031,0.,1.031,,,,,,
495,3,33,1021,31,495,,,,0.374,0.007,0.366,,,,,,,,,,0.731,0.007,0.723
496,4,16,1055,63,496,0.215,0.,0.215,0.218,0.,0.218,,,,,,,,,,0.45,0.,0.45
497,2,71,1009,15,497,,,,,,,,,,1.099,0.,1.098,,,,,,
504,2,72,1023,15,504,,,,,,,,,,1.114,0.,1.114,,,,,,
504,5,8,1135,127,504,0.132,0.,0.132,,,,,,,0.448,0.,0.448,,,,,,
505,0,505,1013,3,505,,,,,,,,,,1.767,0.016,1.751,,,,,,
508,0,508,1019,3,508,1.601,0.,1.601,,,,,,,,,,,,,,,
508,6,4,1271,255,508,,,,0.083,0.,0.083,,,,,,,0.748,0.,0.748,,,
510,3,34,1051,31,510,,,,0.398,0.003,0.394,,,,,,,,,,0.771,0.,0.771
511,2,73,1037,15,511,,,,0.71,0.,0.71,,,,,,,1.995,0.015,1.971,,,
511,8,1,2045,1023,511,0.065,0.003,0.061,0.05,0.,0.05,,,,0.452,0.,0.452,0.67,0.,0.67,0.086,0.,0.086
512,0,512,1027,3,512,,,,1.655,0.,1.655,,,,,,,,,,,,
513,0,513,1029,3,513,,,,,,,,,,,,,2.896,0.,2.896,,,
525,3,35,1081,31,525,,,,0.449,0.023,0.425,,,,,,,,,,0.853,0.,0.853
527,4,17,1117,63,527,0.242,0.,0.242,0.254,0.,0.254,,,,0.635,0.,0.635,,,,,,
540,3,36,1111,31,540,,,,0.459,0.003,0.455,,,,,,,,,,0.901,0.,0.901
541,0,541,1085,3,541,,,,,,,,,,,,,,,,3.183,0.003,3.178
555,3,37,1141,31,555,,,,0.472,0.008,0.464,,,,,,,,,,,,
558,4,18,1179,63,558,,,,0.294,0.,0.293,,,,,,,,,,,,
565,0,565,1133,3,565,1.96,0.016,1.944,,,,,,,,,,,,,,,
567,5,9,1261,127,567,,,,,,,,,,,,,1.07,0.007,1.062,0.345,0.,0.345
570,3,38,1171,31,570,,,,0.505,0.007,0.497,,,,,,,,,,,,
575,0,575,1153,3,575,,,,,,,,,,2.224,0.095,2.128,,,,,,
589,4,19,1241,63,589,0.309,0.,0.309,0.294,0.,0.294,,,,0.754,0.,0.754,,,,,,
590,0,590,1183,3,590,,,,,,,,,,2.409,0.015,2.393,,,,,,
593,0,593,1189,3,593,2.166,0.008,2.158,,,,,,,,,,,,,,,
620,4,20,1303,63,620,,,,0.336,0.,0.336,,,,,,,,,,,,
651,4,21,1365,63,651,0.357,0.,0.357,0.363,0.,0.363,,,,0.926,0.,0.926,,,,,,
674,0,674,1351,3,674,,,,,,,,,,3.037,0.024,3.013,,,,,,
677,0,677,1357,3,677,2.828,0.,2.827,,,,,,,,,,,,,,,
682,4,22,1427,63,682,,,,0.402,0.003,0.398,,,,,,,,,,,,
683,0,683,1369,3,683,,,,2.887,0.,2.886,,,,,,,,,,,,
693,5,11,1513,127,693,0.243,0.,0.243,0.236,0.007,0.228,,,,0.782,0.,0.782,,,,,,
769,0,769,1541,3,769,,,,,,,,,,,,,6.44,0.,6.439,,,
811,0,811,1625,3,811,,,,,,,,,,,,,,,,6.778,0.,6.777
819,5,13,1765,127,819,,,,,,,,,,,,,2.114,0.024,2.089,0.688,0.,0.688
1008,5,16,2143,127,1008,0.468,0.003,0.464,0.491,0.016,0.475,,,,1.61,0.,1.61,,,,,,
1011,0,1011,2025,3,1011,,,,,,,,,,6.656,0.096,6.559,,,,,,
1016,0,1016,2035,3,1016,6.109,0.,6.109,,,,,,,,,,,,,,,
1023,9,1,4093,2047,1023,0.137,0.,0.137,0.099,0.,0.099,,,,1.328,0.,1.328,1.742,0.,1.741,0.179,0.003,0.175
1024,0,1024,2051,3,1024,,,,6.411,0.02,6.391,,,,,,,,,,,,
1025,0,1025,2053,3,1025,,,,,,,,,,,,,11.346,0.032,11.313,,,
1071,5,17,2269,127,1071,,,,,,,,,,,,,,,,1.168,0.007,1.16
1081,0,1081,2165,3,1081,,,,,,,,,,,,,,,,11.912,0.015,11.894
1323,5,21,2773,127,1323,0.781,0.008,0.773,0.828,0.012,0.816,,,,2.618,0.,2.618,,,,,,
1365,0,1365,2733,3,1365,,,,11.289,0.028,11.26,,,,,,,,,,,,