param-n,abstract+autorewrite-regression-quadratic-real,abstract+autorewrite-regression-quadratic-sys,abstract+autorewrite-regression-quadratic-user,abstract+rewrite!-regression-quadratic-real,abstract+rewrite!-regression-quadratic-sys,abstract+rewrite!-regression-quadratic-user,autorewrite-noop-regression-linear-real,autorewrite-noop-regression-linear-sys,autorewrite-noop-regression-linear-user,autorewrite-regression-quadratic-real,autorewrite-regression-quadratic-sys,autorewrite-regression-quadratic-user,close-abstract+autorewrite-regression-quadratic-real,close-abstract+autorewrite-regression-quadratic-sys,close-abstract+autorewrite-regression-quadratic-user,close-abstract+rewrite!-regression-quadratic-real,close-abstract+rewrite!-regression-quadratic-sys,close-abstract+rewrite!-regression-quadratic-user,rewrite!-regression-quadratic-real,rewrite!-regression-quadratic-sys,rewrite!-regression-quadratic-user,rewrite?-noop-regression-linear-real,rewrite?-noop-regression-linear-sys,rewrite?-noop-regression-linear-user
1,0.001,0.,0.001,0.001,0.,0.001,0.,0.,0.,0.001,0.,0.,0.,0.,0.,0.,0.,0.,0.,0.,0.,0.,0.,0.
2,0.001,0.001,0.,0.001,0.,0.001,0.,0.,0.,0.001,0.001,0.,0.,0.,0.,0.,0.,0.,0.,0.,0.,0.,0.,0.
3,0.002,0.002,0.,0.001,0.,0.001,0.,0.,0.,0.001,0.001,0.,0.,0.,0.,0.,0.,0.,0.001,0.,0.001,0.,0.,0.
4,0.003,0.,0.002,0.002,0.,0.001,0.,0.,0.,0.002,0.,0.001,0.001,0.,0.001,0.,0.,0.,0.001,0.,0.001,0.,0.,0.
5,0.003,0.,0.003,0.003,0.,0.003,0.,0.,0.,0.001,0.,0.001,0.,0.,0.,0.001,0.,0.001,0.002,0.,0.002,0.,0.,0.
6,0.004,0.,0.004,0.003,0.001,0.001,0.,0.,0.,0.002,0.,0.002,0.001,0.,0.001,0.,0.,0.,0.001,0.,0.001,0.,0.,0.
7,0.005,0.003,0.001,0.004,0.001,0.003,0.,0.,0.,0.003,0.003,0.,0.001,0.,0.001,0.001,0.,0.,0.002,0.,0.002,0.,0.,0.
8,0.006,0.003,0.003,0.005,0.,0.005,0.,0.,0.,0.004,0.003,0.,0.002,0.,0.002,0.001,0.,0.001,0.003,0.,0.003,0.,0.,0.
9,0.064,0.011,0.052,0.006,0.004,0.001,0.,0.,0.,0.004,0.003,0.,0.06,0.008,0.052,0.001,0.,0.001,0.004,0.003,0.,0.,0.,0.
10,0.006,0.,0.006,0.066,0.019,0.046,0.,0.,0.,0.003,0.,0.003,0.001,0.,0.001,0.001,0.,0.001,0.064,0.018,0.045,0.,0.,0.
11,0.006,0.,0.006,0.006,0.,0.006,0.,0.,0.,0.003,0.,0.003,0.001,0.,0.001,0.001,0.,0.001,0.003,0.,0.003,0.,0.,0.
12,0.006,0.,0.006,0.007,0.,0.007,0.,0.,0.,0.004,0.,0.004,0.002,0.,0.002,0.002,0.,0.002,0.004,0.,0.004,0.,0.,0.
13,0.007,0.,0.007,0.008,0.,0.008,0.,0.,0.,0.005,0.,0.005,0.002,0.,0.002,0.002,0.,0.002,0.005,0.,0.005,0.,0.,0.
14,0.008,0.,0.008,0.009,0.,0.009,0.,0.,0.,0.005,0.,0.005,0.002,0.,0.002,0.002,0.,0.002,0.005,0.,0.005,0.,0.,0.
15,0.009,0.,0.009,0.009,0.,0.009,0.,0.,0.,0.006,0.,0.006,0.002,0.,0.002,0.002,0.,0.002,0.005,0.,0.005,0.,0.,0.
16,0.011,0.,0.011,0.01,0.,0.01,0.,0.,0.,0.006,0.,0.006,0.003,0.,0.003,0.003,0.,0.003,0.006,0.,0.006,0.,0.,0.
17,0.017,0.,0.017,0.012,0.,0.012,0.,0.,0.,0.009,0.,0.009,0.007,0.,0.007,0.004,0.,0.004,0.007,0.,0.007,0.,0.,0.
18,0.013,0.,0.013,0.015,0.,0.015,0.,0.,0.,0.008,0.,0.008,0.004,0.,0.004,0.004,0.,0.004,0.01,0.,0.01,0.,0.,0.
19,0.014,0.,0.014,0.015,0.,0.015,0.,0.,0.,0.008,0.,0.008,0.004,0.,0.004,0.005,0.,0.005,0.008,0.,0.008,0.,0.,0.
20,0.016,0.,0.016,0.014,0.,0.014,0.,0.,0.,0.009,0.,0.009,0.005,0.,0.005,0.005,0.,0.005,0.008,0.,0.008,0.,0.,0.
21,0.016,0.,0.016,0.015,0.,0.015,0.,0.,0.,0.01,0.,0.01,0.005,0.,0.005,0.005,0.,0.005,0.009,0.,0.009,0.,0.,0.
22,0.02,0.,0.02,0.018,0.,0.018,0.,0.,0.,0.011,0.,0.011,0.006,0.,0.006,0.005,0.,0.005,0.012,0.,0.012,0.,0.,0.
23,0.018,0.,0.018,0.017,0.,0.017,0.,0.,0.,0.011,0.,0.011,0.006,0.,0.006,0.006,0.,0.006,0.01,0.,0.01,0.,0.,0.
24,0.02,0.,0.02,0.02,0.,0.02,0.,0.,0.,0.012,0.,0.012,0.007,0.,0.007,0.007,0.,0.007,0.011,0.,0.011,0.,0.,0.
25,0.022,0.,0.022,0.023,0.,0.023,0.,0.,0.,0.013,0.,0.013,0.007,0.,0.007,0.01,0.,0.01,0.011,0.,0.011,0.,0.,0.
26,0.023,0.,0.023,0.022,0.,0.022,0.,0.,0.,0.013,0.,0.013,0.008,0.,0.008,0.009,0.,0.009,0.012,0.,0.012,0.,0.,0.
27,0.025,0.,0.025,0.024,0.,0.024,0.,0.,0.,0.014,0.,0.014,0.009,0.,0.009,0.008,0.,0.008,0.014,0.,0.014,0.,0.,0.
28,0.026,0.,0.026,0.029,0.,0.029,0.,0.,0.,0.015,0.,0.015,0.009,0.,0.009,0.009,0.,0.009,0.018,0.,0.018,0.,0.,0.
29,0.028,0.,0.028,0.027,0.,0.027,0.,0.,0.,0.016,0.,0.016,0.011,0.,0.011,0.01,0.,0.01,0.015,0.,0.015,0.,0.,0.
30,0.03,0.,0.03,0.03,0.,0.03,0.,0.,0.,0.018,0.,0.018,0.011,0.,0.011,0.012,0.,0.012,0.016,0.,0.016,0.,0.,0.
31,0.033,0.,0.033,0.033,0.,0.033,0.,0.,0.,0.019,0.,0.019,0.013,0.,0.013,0.012,0.,0.012,0.02,0.,0.02,0.,0.,0.
32,0.035,0.,0.035,0.036,0.,0.036,0.,0.,0.,0.022,0.,0.022,0.012,0.,0.012,0.015,0.,0.015,0.019,0.,0.019,0.,0.,0.
33,0.033,0.,0.033,0.034,0.,0.034,0.,0.,0.,0.019,0.,0.019,0.013,0.,0.013,0.013,0.,0.013,0.019,0.,0.019,0.,0.,0.
34,0.037,0.,0.037,0.036,0.,0.036,0.,0.,0.,0.022,0.,0.022,0.014,0.,0.014,0.013,0.,0.013,0.021,0.,0.021,0.,0.,0.
35,0.04,0.,0.04,0.039,0.,0.039,0.,0.,0.,0.021,0.,0.021,0.017,0.,0.017,0.015,0.,0.015,0.022,0.,0.022,0.,0.,0.
36,0.04,0.,0.04,0.044,0.,0.044,0.,0.,0.,0.022,0.,0.022,0.016,0.,0.016,0.016,0.,0.016,0.026,0.,0.026,0.,0.,0.
37,0.043,0.,0.043,0.045,0.,0.045,0.,0.,0.,0.025,0.,0.025,0.016,0.,0.016,0.02,0.,0.02,0.024,0.,0.024,0.,0.,0.
38,0.044,0.,0.044,0.045,0.,0.045,0.,0.,0.,0.024,0.,0.024,0.018,0.,0.018,0.018,0.,0.018,0.025,0.,0.025,0.,0.,0.
39,0.047,0.,0.047,0.051,0.,0.051,0.,0.,0.,0.026,0.,0.026,0.019,0.,0.019,0.02,0.,0.02,0.03,0.,0.03,0.,0.,0.
40,0.05,0.,0.05,0.053,0.,0.053,0.,0.,0.,0.029,0.,0.029,0.02,0.,0.02,0.02,0.,0.02,0.031,0.,0.031,0.,0.,0.
41,0.053,0.,0.053,0.053,0.,0.053,0.,0.,0.,0.03,0.,0.03,0.021,0.,0.021,0.022,0.,0.022,0.029,0.,0.029,0.,0.,0.
42,0.055,0.003,0.052,0.054,0.003,0.05,0.,0.,0.,0.033,0.,0.033,0.021,0.003,0.018,0.022,0.003,0.019,0.03,0.,0.03,0.,0.,0.
43,0.06,0.,0.06,0.056,0.,0.056,0.003,0.,0.003,0.032,0.,0.032,0.023,0.,0.023,0.023,0.,0.023,0.031,0.,0.031,0.,0.,0.
44,0.064,0.003,0.06,0.058,0.,0.058,0.,0.,0.,0.036,0.003,0.033,0.026,0.,0.026,0.023,0.,0.023,0.033,0.,0.033,0.,0.,0.
45,0.064,0.,0.064,0.06,0.002,0.058,0.,0.,0.,0.034,0.,0.034,0.028,0.,0.028,0.024,0.,0.024,0.034,0.001,0.032,0.,0.,0.
46,0.069,0.,0.069,0.065,0.,0.065,0.,0.,0.,0.039,0.,0.039,0.028,0.,0.028,0.027,0.,0.027,0.036,0.,0.036,0.,0.,0.
47,0.071,0.,0.071,0.068,0.,0.068,0.,0.,0.,0.04,0.,0.04,0.03,0.,0.03,0.027,0.,0.027,0.039,0.,0.039,0.,0.,0.
48,0.076,0.,0.076,0.073,0.,0.073,0.,0.,0.,0.044,0.,0.044,0.029,0.,0.029,0.029,0.,0.029,0.042,0.,0.042,0.,0.,0.
49,0.076,0.,0.076,0.072,0.,0.072,0.,0.,0.,0.044,0.,0.044,0.03,0.,0.03,0.03,0.,0.03,0.04,0.,0.04,0.,0.,0.
50,0.137,0.029,0.107,0.143,0.028,0.114,0.,0.,0.,0.107,0.029,0.078,0.028,0.,0.028,0.03,0.,0.03,0.111,0.027,0.083,0.,0.,0.
51,0.084,0.,0.084,0.079,0.,0.079,0.,0.,0.,0.047,0.,0.047,0.035,0.,0.035,0.033,0.,0.033,0.044,0.,0.044,0.,0.,0.
52,0.082,0.,0.082,0.082,0.,0.082,0.,0.,0.,0.046,0.,0.046,0.033,0.,0.033,0.033,0.,0.033,0.047,0.,0.047,0.,0.,0.
53,0.083,0.,0.083,0.084,0.,0.084,0.,0.,0.,0.046,0.,0.046,0.035,0.,0.035,0.034,0.,0.034,0.048,0.,0.048,0.001,0.,0.001
54,0.086,0.,0.086,0.087,0.,0.087,0.,0.,0.,0.05,0.,0.05,0.034,0.,0.034,0.036,0.,0.036,0.049,0.,0.049,0.,0.,0.
55,0.091,0.,0.091,0.09,0.,0.09,0.,0.,0.,0.051,0.,0.051,0.038,0.,0.038,0.037,0.,0.037,0.051,0.,0.051,0.,0.,0.
56,0.091,0.,0.091,0.092,0.,0.092,0.,0.,0.,0.052,0.,0.051,0.037,0.,0.037,0.039,0.,0.039,0.05,0.,0.05,0.,0.,0.
57,0.098,0.,0.098,0.093,0.,0.093,0.,0.,0.,0.055,0.,0.055,0.041,0.,0.041,0.037,0.,0.037,0.054,0.,0.054,0.001,0.,0.001
58,0.102,0.,0.102,0.1,0.,0.1,0.001,0.,0.001,0.058,0.,0.058,0.041,0.,0.041,0.041,0.,0.041,0.057,0.,0.057,0.,0.,0.
59,0.106,0.,0.105,0.101,0.,0.101,0.001,0.,0.001,0.059,0.,0.059,0.044,0.,0.044,0.042,0.,0.042,0.057,0.,0.057,0.,0.,0.
60,0.104,0.,0.104,0.104,0.,0.104,0.001,0.,0.001,0.059,0.,0.059,0.043,0.,0.043,0.044,0.,0.044,0.058,0.,0.058,0.,0.,0.
61,0.105,0.003,0.101,0.114,0.,0.114,0.,0.,0.,0.059,0.003,0.055,0.043,0.,0.043,0.049,0.,0.049,0.062,0.,0.062,0.,0.,0.
62,0.113,0.,0.113,0.115,0.,0.115,0.001,0.,0.001,0.062,0.,0.062,0.048,0.,0.048,0.046,0.,0.046,0.066,0.,0.066,0.,0.,0.
63,0.118,0.,0.118,0.119,0.,0.119,0.,0.,0.,0.066,0.,0.066,0.049,0.,0.049,0.047,0.,0.047,0.07,0.,0.07,0.,0.,0.
64,0.121,0.003,0.117,0.127,0.003,0.123,0.,0.,0.,0.066,0.003,0.062,0.052,0.,0.052,0.05,0.,0.05,0.074,0.003,0.07,0.001,0.,0.001
65,0.127,0.,0.127,0.122,0.,0.122,0.001,0.,0.001,0.069,0.,0.069,0.055,0.,0.055,0.05,0.,0.05,0.069,0.,0.069,0.,0.,0.
66,0.134,0.,0.134,0.122,0.,0.122,0.001,0.,0.001,0.076,0.,0.076,0.056,0.,0.056,0.05,0.,0.05,0.068,0.,0.068,0.001,0.,0.001
67,0.145,0.,0.145,0.126,0.,0.126,0.001,0.,0.001,0.078,0.,0.078,0.064,0.,0.064,0.053,0.,0.053,0.07,0.,0.07,0.001,0.,0.001
68,0.141,0.,0.141,0.129,0.,0.129,0.001,0.,0.001,0.078,0.,0.078,0.061,0.,0.061,0.052,0.,0.052,0.074,0.,0.074,0.001,0.,0.001
69,0.145,0.,0.145,0.137,0.,0.137,0.001,0.,0.001,0.078,0.,0.078,0.064,0.,0.064,0.055,0.,0.055,0.08,0.,0.08,0.,0.,0.
70,0.149,0.003,0.145,0.146,0.,0.146,0.001,0.,0.001,0.082,0.003,0.078,0.064,0.,0.064,0.06,0.,0.06,0.083,0.,0.083,0.,0.,0.
71,0.146,0.,0.146,0.144,0.,0.144,0.001,0.,0.001,0.082,0.,0.082,0.061,0.,0.061,0.063,0.,0.062,0.079,0.,0.079,0.001,0.,0.001
72,0.156,0.,0.156,0.149,0.,0.149,0.001,0.,0.001,0.089,0.,0.089,0.064,0.,0.064,0.064,0.,0.064,0.082,0.,0.082,0.001,0.,0.001
73,0.155,0.,0.155,0.147,0.003,0.143,0.001,0.,0.001,0.087,0.,0.087,0.066,0.,0.066,0.062,0.003,0.058,0.083,0.,0.083,0.001,0.,0.001
74,0.166,0.,0.166,0.155,0.,0.155,0.001,0.,0.001,0.095,0.,0.095,0.069,0.,0.069,0.065,0.,0.065,0.087,0.,0.087,0.001,0.,0.001
75,0.165,0.,0.165,0.169,0.,0.169,0.001,0.,0.001,0.089,0.,0.089,0.073,0.,0.073,0.074,0.,0.074,0.092,0.,0.092,0.001,0.,0.001
76,0.176,0.,0.176,0.163,0.,0.163,0.001,0.,0.001,0.097,0.,0.097,0.075,0.,0.075,0.072,0.,0.072,0.088,0.,0.088,0.001,0.,0.001
77,0.18,0.,0.18,0.165,0.,0.165,0.001,0.,0.001,0.106,0.,0.106,0.071,0.,0.071,0.071,0.,0.071,0.092,0.,0.092,0.001,0.,0.001
78,0.188,0.,0.188,0.18,0.,0.18,0.001,0.,0.001,0.106,0.,0.106,0.08,0.,0.08,0.079,0.,0.079,0.098,0.,0.098,0.001,0.,0.001
79,0.19,0.003,0.187,0.178,0.,0.178,0.001,0.,0.001,0.107,0.,0.107,0.08,0.003,0.076,0.074,0.,0.074,0.102,0.,0.102,0.001,0.,0.001
80,0.196,0.,0.196,0.173,0.,0.173,0.001,0.,0.001,0.108,0.,0.108,0.086,0.,0.086,0.076,0.,0.076,0.094,0.,0.094,0.001,0.,0.001
81,0.2,0.,0.2,0.191,0.,0.191,0.001,0.,0.001,0.113,0.,0.113,0.084,0.,0.084,0.081,0.,0.081,0.107,0.,0.107,0.001,0.,0.001
82,0.201,0.003,0.197,0.183,0.,0.183,0.001,0.,0.001,0.113,0.003,0.109,0.085,0.,0.085,0.08,0.,0.08,0.1,0.,0.1,0.001,0.,0.001
83,0.2,0.,0.2,0.196,0.,0.196,0.001,0.,0.001,0.111,0.,0.111,0.086,0.,0.086,0.078,0.,0.078,0.11,0.,0.11,0.001,0.,0.001
84,0.21,0.,0.209,0.198,0.003,0.194,0.001,0.,0.001,0.124,0.,0.124,0.083,0.,0.083,0.084,0.,0.084,0.111,0.003,0.108,0.001,0.,0.001
85,0.208,0.,0.208,0.197,0.,0.197,0.001,0.,0.001,0.116,0.,0.116,0.088,0.,0.088,0.083,0.,0.083,0.111,0.,0.111,0.001,0.,0.001
86,0.212,0.,0.212,0.209,0.,0.209,0.001,0.,0.001,0.122,0.,0.122,0.088,0.,0.088,0.088,0.,0.088,0.119,0.,0.119,0.001,0.,0.001
87,0.223,0.003,0.22,0.21,0.,0.21,0.001,0.,0.001,0.123,0.003,0.119,0.098,0.,0.098,0.087,0.,0.087,0.12,0.,0.12,0.001,0.,0.001
88,0.224,0.,0.224,0.212,0.,0.212,0.001,0.,0.001,0.124,0.,0.124,0.097,0.,0.096,0.09,0.,0.09,0.119,0.,0.119,0.001,0.,0.001
89,0.231,0.004,0.227,0.215,0.003,0.211,0.001,0.,0.001,0.133,0.003,0.129,0.095,0.,0.095,0.085,0.,0.085,0.124,0.003,0.12,0.004,0.,0.004
90,0.232,0.004,0.228,0.219,0.004,0.215,0.001,0.,0.001,0.132,0.003,0.128,0.096,0.,0.096,0.094,0.,0.094,0.122,0.004,0.118,0.001,0.,0.001
91,0.245,0.,0.245,0.231,0.,0.231,0.001,0.,0.001,0.135,0.,0.135,0.107,0.,0.107,0.095,0.,0.095,0.132,0.,0.132,0.001,0.,0.001
92,0.237,0.,0.237,0.241,0.,0.241,0.001,0.,0.001,0.134,0.,0.134,0.1,0.,0.1,0.106,0.,0.106,0.132,0.,0.132,0.001,0.,0.001
93,0.25,0.,0.25,0.242,0.,0.242,0.001,0.,0.001,0.141,0.,0.141,0.106,0.,0.106,0.102,0.,0.102,0.137,0.,0.137,0.001,0.,0.001
94,0.258,0.,0.258,0.251,0.,0.251,0.001,0.,0.001,0.147,0.,0.147,0.108,0.,0.108,0.105,0.,0.105,0.142,0.,0.142,0.001,0.,0.001
95,0.262,0.,0.262,0.257,0.,0.257,0.001,0.,0.001,0.153,0.,0.153,0.106,0.,0.106,0.11,0.,0.11,0.143,0.,0.143,0.001,0.,0.001
96,0.26,0.,0.26,0.258,0.,0.258,0.001,0.,0.001,0.148,0.,0.148,0.109,0.,0.109,0.11,0.,0.11,0.145,0.,0.145,0.001,0.,0.001
97,0.262,0.,0.262,0.267,0.,0.267,0.001,0.,0.001,0.149,0.,0.149,0.11,0.,0.11,0.112,0.,0.112,0.152,0.,0.152,0.001,0.,0.001
98,0.265,0.,0.265,0.27,0.003,0.266,0.001,0.,0.001,0.15,0.,0.15,0.112,0.,0.112,0.112,0.,0.112,0.154,0.003,0.15,0.001,0.,0.001
99,0.268,0.003,0.264,0.271,0.,0.271,0.001,0.001,0.,0.152,0.,0.152,0.113,0.002,0.11,0.113,0.,0.113,0.155,0.,0.155,0.001,0.,0.001
100,0.274,0.,0.274,0.286,0.,0.286,0.001,0.,0.001,0.153,0.,0.153,0.119,0.,0.119,0.121,0.,0.121,0.162,0.,0.162,0.001,0.,0.001
110,0.338,0.,0.338,0.355,0.,0.355,0.001,0.,0.001,0.19,0.,0.19,0.144,0.,0.144,0.149,0.,0.149,0.203,0.,0.203,0.001,0.,0.001
120,0.415,0.,0.415,0.429,0.,0.429,0.001,0.,0.001,0.238,0.,0.238,0.174,0.,0.174,0.171,0.,0.171,0.254,0.,0.253,0.002,0.,0.002
130,0.471,0.,0.471,0.494,0.,0.494,0.002,0.,0.002,0.269,0.,0.269,0.198,0.,0.198,0.196,0.,0.196,0.293,0.,0.293,0.002,0.,0.002
140,0.562,0.,0.562,0.56,0.003,0.556,0.002,0.,0.002,0.327,0.,0.327,0.231,0.,0.231,0.234,0.,0.234,0.323,0.003,0.319,0.002,0.,0.002
150,0.62,0.003,0.617,0.637,0.003,0.633,0.002,0.,0.002,0.362,0.,0.362,0.254,0.003,0.251,0.257,0.,0.257,0.377,0.003,0.373,0.002,0.,0.002
160,0.706,0.003,0.702,0.736,0.004,0.732,0.002,0.,0.002,0.405,0.,0.405,0.296,0.003,0.292,0.305,0.,0.305,0.422,0.004,0.417,0.007,0.,0.007
170,0.787,0.003,0.783,0.813,0.,0.813,0.002,0.,0.002,0.456,0.003,0.452,0.326,0.,0.326,0.343,0.,0.343,0.465,0.,0.465,0.002,0.,0.002
180,0.887,0.,0.887,0.878,0.001,0.875,0.003,0.,0.003,0.516,0.,0.516,0.365,0.,0.365,0.362,0.,0.362,0.51,0.,0.509,0.003,0.,0.003
190,0.971,0.003,0.967,0.977,0.,0.977,0.003,0.,0.003,0.571,0.,0.571,0.394,0.003,0.39,0.396,0.,0.396,0.575,0.,0.575,0.003,0.,0.003
200,1.133,0.,1.132,1.144,0.,1.144,0.003,0.,0.003,0.652,0.,0.652,0.476,0.,0.476,0.478,0.,0.478,0.661,0.,0.661,0.003,0.,0.003
210,1.179,0.004,1.175,1.19,0.007,1.182,0.004,0.,0.004,0.7,0.003,0.696,0.473,0.,0.473,0.487,0.003,0.483,0.695,0.003,0.691,0.007,0.,0.007
220,1.31,0.,1.31,1.374,0.,1.374,0.004,0.,0.004,0.78,0.,0.78,0.523,0.,0.523,0.562,0.,0.562,0.806,0.,0.805,0.004,0.,0.004
230,1.489,0.,1.489,1.611,0.,1.611,0.004,0.,0.004,0.874,0.,0.874,0.608,0.,0.608,0.648,0.,0.648,0.955,0.,0.955,0.005,0.,0.005
240,1.631,0.,1.631,1.686,0.,1.685,0.005,0.,0.005,0.987,0.,0.987,0.636,0.,0.636,0.652,0.,0.652,1.026,0.,1.026,0.004,0.,0.004
250,1.707,0.003,1.703,1.714,0.015,1.698,0.005,0.,0.005,1.042,0.,1.042,0.658,0.003,0.655,0.664,0.003,0.66,1.043,0.011,1.031,0.005,0.,0.005
260,1.861,0.,1.86,1.853,0.,1.853,0.005,0.,0.005,1.13,0.,1.13,0.723,0.,0.723,0.748,0.,0.748,1.095,0.,1.095,0.005,0.,0.005
270,2.053,0.,2.053,2.025,0.,2.025,0.006,0.,0.006,1.224,0.,1.224,0.821,0.,0.821,0.783,0.,0.783,1.235,0.,1.234,0.005,0.,0.005
280,2.296,0.,2.296,2.226,0.,2.225,0.006,0.,0.006,1.39,0.,1.39,0.896,0.,0.896,0.901,0.,0.901,1.316,0.,1.316,0.005,0.,0.005
290,2.388,0.,2.388,2.409,0.003,2.405,0.006,0.,0.006,1.465,0.,1.465,0.914,0.,0.914,0.917,0.003,0.913,1.483,0.,1.483,0.006,0.,0.006
300,2.587,0.007,2.577,2.556,0.016,2.54,0.007,0.,0.007,1.562,0.003,1.558,1.016,0.003,1.01,0.992,0.004,0.988,1.555,0.011,1.543,0.006,0.,0.006
310,2.715,0.015,2.696,2.769,0.003,2.763,0.007,0.,0.007,1.671,0.011,1.656,1.035,0.003,1.031,1.082,0.,1.08,1.673,0.003,1.669,0.01,0.,0.01
320,2.946,0.003,2.942,2.928,0.005,2.922,0.009,0.,0.009,1.761,0.003,1.757,1.172,0.,1.172,1.138,0.003,1.134,1.779,0.,1.779,0.008,0.,0.008
330,3.24,0.,3.24,3.213,0.,3.213,0.007,0.,0.007,2.023,0.,2.023,1.207,0.,1.207,1.248,0.,1.248,1.952,0.,1.952,0.007,0.,0.007
340,3.484,0.,3.484,3.298,0.011,3.286,0.01,0.,0.01,2.174,0.,2.174,1.296,0.,1.296,1.243,0.011,1.231,2.044,0.,2.044,0.008,0.,0.008
350,3.665,0.008,3.656,3.641,0.028,3.613,0.008,0.,0.008,2.3,0.008,2.292,1.354,0.,1.354,1.315,0.008,1.307,2.316,0.02,2.296,0.008,0.,0.008
360,3.917,0.,3.917,3.768,0.,3.768,0.009,0.,0.009,2.443,0.,2.442,1.463,0.,1.463,1.4,0.,1.4,2.355,0.,2.355,0.009,0.,0.009
370,4.086,0.,4.085,4.052,0.003,4.048,0.009,0.,0.009,2.535,0.,2.535,1.538,0.,1.538,1.465,0.003,1.461,2.573,0.,2.573,0.01,0.,0.01
380,4.372,0.,4.372,4.26,0.007,4.252,0.01,0.,0.01,2.765,0.,2.765,1.594,0.,1.594,1.556,0.,1.556,2.691,0.007,2.683,0.01,0.,0.01
390,4.599,0.007,4.59,4.656,0.,4.656,0.011,0.,0.011,2.99,0.,2.99,1.595,0.007,1.587,1.729,0.,1.729,2.913,0.,2.913,0.011,0.,0.011
400,4.822,0.011,4.81,4.915,0.021,4.894,0.012,0.,0.012,3.086,0.011,3.074,1.721,0.,1.721,1.8,0.,1.8,3.102,0.02,3.082,0.01,0.,0.01