param-n,abstract+rewrite-strat-bottomup-real,abstract+rewrite-strat-bottomup-sys,abstract+rewrite-strat-bottomup-user,abstract+rewrite-strat-topdown-real,abstract+rewrite-strat-topdown-sys,abstract+rewrite-strat-topdown-user,close-abstract+rewrite-strat-bottomup-real,close-abstract+rewrite-strat-bottomup-sys,close-abstract+rewrite-strat-bottomup-user,close-abstract+rewrite-strat-topdown-real,close-abstract+rewrite-strat-topdown-sys,close-abstract+rewrite-strat-topdown-user,rewrite-strat-bottomup-real,rewrite-strat-bottomup-sys,rewrite-strat-bottomup-user,rewrite-strat-bottomup-noop-real,rewrite-strat-bottomup-noop-sys,rewrite-strat-bottomup-noop-user,rewrite-strat-topdown-real,rewrite-strat-topdown-sys,rewrite-strat-topdown-user,rewrite-strat-topdown-noop-real,rewrite-strat-topdown-noop-sys,rewrite-strat-topdown-noop-user
1,0.001,0.,0.001,0.001,0.,0.001,0.,0.,0.,0.,0.,0.,0.001,0.,0.001,0.,0.,0.,0.,0.,0.,0.,0.,0.
2,0.002,0.,0.002,0.001,0.,0.001,0.,0.,0.,0.,0.,0.,0.001,0.,0.001,0.,0.,0.,0.,0.,0.,0.,0.,0.
3,0.002,0.,0.002,0.001,0.,0.001,0.,0.,0.,0.,0.,0.,0.001,0.,0.001,0.,0.,0.,0.001,0.,0.001,0.,0.,0.
4,0.004,0.,0.004,0.002,0.002,0.,0.001,0.,0.001,0.,0.,0.,0.002,0.,0.002,0.,0.,0.,0.001,0.001,0.,0.,0.,0.
5,0.004,0.004,0.,0.003,0.003,0.,0.,0.,0.,0.001,0.001,0.,0.003,0.003,0.,0.,0.,0.,0.001,0.001,0.,0.,0.,0.
6,0.005,0.003,0.002,0.003,0.,0.003,0.001,0.,0.,0.,0.,0.,0.003,0.002,0.,0.,0.,0.,0.002,0.,0.002,0.,0.,0.
7,0.013,0.008,0.004,0.004,0.,0.004,0.001,0.,0.001,0.,0.,0.,0.01,0.007,0.003,0.,0.,0.,0.002,0.,0.002,0.,0.,0.
8,0.066,0.019,0.046,0.005,0.003,0.001,0.059,0.019,0.039,0.001,0.,0.001,0.006,0.,0.006,0.,0.,0.,0.003,0.002,0.,0.,0.,0.
9,0.008,0.,0.008,0.006,0.003,0.002,0.002,0.,0.002,0.001,0.,0.001,0.005,0.,0.005,0.,0.,0.,0.003,0.003,0.,0.,0.,0.
10,0.009,0.,0.009,0.062,0.,0.062,0.002,0.,0.002,0.001,0.,0.001,0.006,0.,0.006,0.,0.,0.,0.06,0.,0.06,0.,0.,0.
11,0.011,0.,0.011,0.005,0.,0.005,0.002,0.,0.002,0.001,0.,0.001,0.007,0.,0.007,0.,0.,0.,0.003,0.,0.003,0.,0.,0.
12,0.011,0.,0.011,0.006,0.,0.006,0.002,0.,0.002,0.001,0.,0.001,0.008,0.,0.008,0.,0.,0.,0.003,0.,0.003,0.,0.,0.
13,0.013,0.,0.013,0.007,0.,0.007,0.003,0.,0.003,0.002,0.,0.002,0.009,0.,0.009,0.,0.,0.,0.004,0.,0.004,0.,0.,0.
14,0.015,0.003,0.011,0.008,0.,0.008,0.003,0.003,0.,0.002,0.,0.002,0.011,0.,0.011,0.,0.,0.,0.004,0.,0.004,0.,0.,0.
15,0.019,0.,0.019,0.009,0.,0.009,0.006,0.,0.006,0.003,0.,0.003,0.011,0.,0.011,0.,0.,0.,0.006,0.,0.006,0.,0.,0.
16,0.017,0.,0.017,0.01,0.,0.01,0.004,0.,0.004,0.003,0.,0.003,0.012,0.,0.012,0.,0.,0.,0.006,0.,0.006,0.,0.,0.
17,0.019,0.,0.019,0.011,0.,0.011,0.005,0.,0.005,0.003,0.,0.003,0.013,0.,0.013,0.,0.,0.,0.006,0.,0.006,0.,0.,0.
18,0.02,0.,0.02,0.013,0.,0.013,0.005,0.,0.005,0.005,0.,0.005,0.014,0.,0.014,0.,0.,0.,0.007,0.,0.007,0.,0.,0.
19,0.024,0.,0.024,0.012,0.,0.012,0.007,0.,0.007,0.004,0.,0.004,0.016,0.,0.016,0.,0.,0.,0.007,0.,0.007,0.,0.,0.
20,0.026,0.,0.026,0.014,0.,0.014,0.007,0.,0.007,0.005,0.,0.005,0.018,0.,0.018,0.,0.,0.,0.008,0.,0.008,0.,0.,0.
21,0.025,0.,0.025,0.015,0.,0.015,0.007,0.,0.007,0.005,0.,0.005,0.017,0.,0.017,0.,0.,0.,0.009,0.,0.009,0.,0.,0.
22,0.028,0.,0.028,0.016,0.,0.016,0.008,0.,0.008,0.006,0.,0.006,0.018,0.,0.018,0.,0.,0.,0.009,0.,0.009,0.,0.,0.
23,0.03,0.,0.03,0.02,0.,0.02,0.009,0.,0.009,0.007,0.,0.006,0.02,0.,0.02,0.,0.,0.,0.01,0.,0.01,0.002,0.,0.002
24,0.031,0.,0.031,0.018,0.,0.018,0.009,0.,0.009,0.007,0.,0.007,0.021,0.,0.021,0.,0.,0.,0.01,0.,0.01,0.,0.,0.
25,0.036,0.,0.036,0.02,0.,0.02,0.01,0.,0.01,0.007,0.,0.007,0.024,0.,0.024,0.,0.,0.,0.011,0.,0.011,0.,0.,0.
26,0.036,0.,0.036,0.02,0.,0.02,0.011,0.,0.011,0.008,0.,0.008,0.024,0.,0.024,0.,0.,0.,0.012,0.,0.012,0.,0.,0.
27,0.04,0.,0.04,0.023,0.,0.023,0.012,0.,0.012,0.008,0.,0.008,0.027,0.,0.027,0.,0.,0.,0.014,0.,0.014,0.,0.,0.
28,0.041,0.,0.041,0.023,0.,0.023,0.012,0.,0.012,0.009,0.,0.009,0.027,0.,0.027,0.,0.,0.,0.013,0.,0.013,0.,0.,0.
29,0.045,0.,0.045,0.027,0.,0.027,0.013,0.,0.013,0.01,0.,0.01,0.031,0.,0.031,0.,0.,0.,0.015,0.,0.015,0.,0.,0.
30,0.047,0.,0.047,0.031,0.,0.031,0.015,0.,0.015,0.01,0.,0.01,0.03,0.,0.03,0.,0.,0.,0.019,0.,0.019,0.,0.,0.
31,0.05,0.,0.05,0.028,0.,0.028,0.015,0.,0.015,0.011,0.,0.011,0.033,0.,0.033,0.,0.,0.,0.016,0.,0.016,0.,0.,0.
32,0.054,0.,0.054,0.03,0.,0.03,0.019,0.,0.019,0.012,0.,0.012,0.034,0.,0.034,0.,0.,0.,0.017,0.,0.017,0.,0.,0.
33,0.055,0.,0.055,0.031,0.,0.031,0.018,0.,0.018,0.012,0.,0.012,0.035,0.,0.035,0.,0.,0.,0.017,0.,0.017,0.,0.,0.
34,0.06,0.,0.06,0.032,0.,0.032,0.018,0.,0.018,0.013,0.,0.013,0.04,0.,0.04,0.,0.,0.,0.018,0.,0.018,0.,0.,0.
35,0.063,0.,0.063,0.036,0.,0.036,0.023,0.,0.023,0.014,0.,0.014,0.038,0.,0.038,0.,0.,0.,0.02,0.,0.02,0.,0.,0.
36,0.069,0.,0.069,0.037,0.,0.037,0.026,0.,0.026,0.015,0.,0.015,0.042,0.,0.042,0.,0.,0.,0.02,0.,0.02,0.,0.,0.
37,0.068,0.,0.068,0.039,0.,0.039,0.023,0.,0.023,0.015,0.,0.015,0.043,0.,0.043,0.,0.,0.,0.022,0.,0.022,0.,0.,0.
38,0.071,0.003,0.068,0.042,0.,0.042,0.023,0.003,0.02,0.018,0.,0.018,0.047,0.,0.047,0.,0.,0.,0.022,0.,0.022,0.,0.,0.
39,0.074,0.004,0.07,0.046,0.,0.046,0.024,0.,0.024,0.018,0.,0.018,0.049,0.004,0.045,0.,0.,0.,0.027,0.,0.027,0.,0.,0.
40,0.079,0.,0.079,0.047,0.,0.047,0.025,0.,0.025,0.02,0.,0.02,0.052,0.,0.052,0.,0.,0.,0.025,0.,0.025,0.,0.,0.
41,0.079,0.,0.079,0.047,0.,0.047,0.026,0.,0.026,0.019,0.,0.019,0.051,0.,0.051,0.,0.,0.,0.026,0.,0.026,0.,0.,0.
42,0.085,0.,0.085,0.053,0.,0.053,0.026,0.,0.026,0.022,0.,0.022,0.057,0.,0.057,0.,0.,0.,0.029,0.,0.029,0.,0.,0.
43,0.088,0.,0.088,0.052,0.,0.052,0.028,0.,0.028,0.022,0.,0.022,0.058,0.,0.058,0.,0.,0.,0.028,0.,0.028,0.,0.,0.
44,0.091,0.,0.091,0.052,0.,0.052,0.03,0.,0.03,0.022,0.,0.022,0.059,0.,0.059,0.,0.,0.,0.029,0.,0.029,0.,0.,0.
45,0.092,0.,0.092,0.056,0.,0.056,0.031,0.,0.031,0.023,0.,0.023,0.059,0.,0.059,0.,0.,0.,0.032,0.,0.032,0.,0.,0.
46,0.1,0.,0.1,0.058,0.,0.058,0.034,0.,0.034,0.024,0.,0.024,0.065,0.,0.065,0.,0.,0.,0.032,0.,0.032,0.,0.,0.
47,0.099,0.,0.099,0.06,0.,0.06,0.035,0.,0.035,0.026,0.,0.026,0.062,0.,0.062,0.,0.,0.,0.031,0.,0.031,0.,0.,0.
48,0.107,0.,0.107,0.065,0.,0.065,0.035,0.,0.035,0.027,0.,0.027,0.07,0.,0.07,0.,0.,0.,0.036,0.,0.036,0.,0.,0.
49,0.111,0.,0.11,0.062,0.,0.062,0.038,0.,0.038,0.027,0.,0.027,0.071,0.,0.071,0.,0.,0.,0.034,0.,0.034,0.,0.,0.
50,0.167,0.02,0.147,0.128,0.032,0.095,0.034,0.,0.034,0.026,0.,0.026,0.132,0.02,0.112,0.,0.,0.,0.099,0.031,0.067,0.,0.,0.
51,0.122,0.,0.122,0.069,0.,0.069,0.043,0.,0.043,0.029,0.,0.029,0.077,0.,0.077,0.,0.,0.,0.038,0.,0.038,0.,0.,0.
52,0.117,0.,0.117,0.07,0.003,0.066,0.04,0.,0.04,0.031,0.,0.031,0.075,0.,0.075,0.,0.,0.,0.037,0.003,0.033,0.,0.,0.
53,0.131,0.,0.131,0.074,0.,0.074,0.048,0.,0.048,0.031,0.,0.031,0.081,0.,0.081,0.,0.,0.,0.041,0.,0.041,0.,0.,0.
54,0.133,0.,0.133,0.076,0.,0.076,0.044,0.,0.044,0.033,0.,0.033,0.086,0.,0.086,0.,0.,0.,0.042,0.,0.042,0.,0.,0.
55,0.136,0.,0.136,0.085,0.,0.085,0.048,0.,0.048,0.035,0.,0.035,0.084,0.,0.084,0.002,0.,0.002,0.048,0.,0.048,0.,0.,0.
56,0.142,0.,0.142,0.082,0.,0.082,0.053,0.,0.053,0.035,0.,0.035,0.087,0.,0.087,0.,0.,0.,0.044,0.,0.044,0.,0.,0.
57,0.147,0.,0.147,0.087,0.,0.087,0.05,0.,0.05,0.037,0.,0.037,0.095,0.,0.095,0.,0.,0.,0.048,0.,0.048,0.001,0.,0.001
58,0.161,0.003,0.157,0.091,0.,0.091,0.052,0.,0.052,0.04,0.,0.04,0.107,0.003,0.103,0.,0.,0.,0.048,0.,0.048,0.,0.,0.
59,0.164,0.,0.164,0.091,0.,0.091,0.056,0.,0.056,0.038,0.,0.038,0.106,0.,0.106,0.,0.,0.,0.048,0.,0.048,0.002,0.,0.002
60,0.17,0.,0.17,0.096,0.,0.096,0.059,0.,0.059,0.041,0.,0.041,0.109,0.,0.109,0.,0.,0.,0.053,0.,0.053,0.,0.,0.
61,0.167,0.,0.167,0.095,0.,0.095,0.06,0.,0.06,0.042,0.,0.042,0.105,0.,0.105,0.,0.,0.,0.051,0.,0.051,0.,0.,0.
62,0.18,0.,0.18,0.103,0.,0.103,0.063,0.,0.063,0.044,0.,0.044,0.114,0.,0.114,0.,0.,0.,0.054,0.,0.054,0.,0.,0.
63,0.179,0.,0.179,0.106,0.,0.106,0.062,0.,0.062,0.046,0.,0.046,0.115,0.,0.115,0.,0.,0.,0.058,0.,0.058,0.,0.,0.
64,0.187,0.,0.187,0.108,0.003,0.105,0.063,0.,0.063,0.049,0.,0.049,0.122,0.,0.122,0.,0.,0.,0.057,0.003,0.054,0.,0.,0.
65,0.196,0.,0.196,0.111,0.,0.111,0.071,0.,0.071,0.05,0.,0.05,0.123,0.,0.123,0.,0.,0.,0.059,0.,0.059,0.001,0.,0.001
66,0.2,0.,0.2,0.116,0.,0.116,0.076,0.,0.076,0.05,0.,0.05,0.121,0.,0.121,0.,0.,0.,0.063,0.,0.063,0.,0.,0.
67,0.212,0.,0.212,0.115,0.,0.115,0.084,0.,0.084,0.05,0.,0.05,0.126,0.,0.126,0.001,0.,0.001,0.062,0.,0.062,0.001,0.,0.001
68,0.196,0.,0.196,0.124,0.,0.124,0.072,0.,0.072,0.057,0.,0.057,0.122,0.,0.122,0.001,0.,0.001,0.065,0.,0.065,0.001,0.,0.001
69,0.21,0.003,0.206,0.125,0.,0.125,0.078,0.003,0.074,0.054,0.,0.054,0.13,0.,0.13,0.,0.,0.,0.069,0.,0.069,0.,0.,0.
70,0.226,0.,0.226,0.131,0.,0.131,0.081,0.,0.081,0.056,0.,0.056,0.142,0.,0.142,0.,0.,0.,0.072,0.,0.072,0.001,0.,0.001
71,0.217,0.003,0.213,0.137,0.,0.137,0.078,0.,0.078,0.058,0.,0.058,0.136,0.003,0.133,0.001,0.,0.001,0.076,0.,0.076,0.001,0.,0.001
72,0.216,0.,0.216,0.135,0.,0.135,0.08,0.,0.08,0.06,0.,0.06,0.134,0.,0.134,0.,0.,0.,0.073,0.,0.073,0.001,0.,0.001
73,0.226,0.,0.225,0.141,0.,0.141,0.08,0.,0.08,0.065,0.,0.065,0.143,0.,0.143,0.001,0.,0.001,0.073,0.,0.073,0.001,0.,0.001
74,0.223,0.,0.223,0.14,0.,0.14,0.079,0.,0.079,0.063,0.,0.063,0.141,0.,0.141,0.001,0.,0.001,0.074,0.,0.074,0.001,0.,0.001
75,0.235,0.,0.235,0.153,0.,0.153,0.085,0.,0.085,0.07,0.,0.07,0.147,0.,0.147,0.001,0.,0.001,0.08,0.,0.08,0.001,0.,0.001
76,0.251,0.004,0.246,0.148,0.,0.148,0.09,0.,0.09,0.068,0.,0.068,0.158,0.004,0.154,0.001,0.,0.001,0.077,0.,0.077,0.001,0.,0.001
77,0.245,0.,0.245,0.155,0.,0.155,0.088,0.,0.088,0.07,0.,0.07,0.154,0.,0.154,0.001,0.,0.001,0.082,0.,0.082,0.001,0.,0.001
78,0.256,0.,0.256,0.161,0.,0.161,0.094,0.,0.094,0.074,0.,0.074,0.159,0.,0.159,0.001,0.,0.001,0.085,0.,0.085,0.001,0.,0.001
79,0.265,0.,0.265,0.165,0.,0.165,0.098,0.,0.098,0.076,0.,0.076,0.164,0.,0.164,0.001,0.,0.001,0.086,0.,0.086,0.001,0.,0.001
80,0.258,0.,0.258,0.173,0.,0.173,0.094,0.,0.094,0.079,0.,0.079,0.161,0.,0.161,0.001,0.,0.001,0.091,0.,0.091,0.001,0.,0.001
81,0.28,0.,0.28,0.178,0.,0.178,0.099,0.,0.099,0.082,0.,0.082,0.178,0.,0.178,0.001,0.,0.001,0.093,0.,0.093,0.001,0.,0.001
82,0.278,0.003,0.274,0.167,0.,0.167,0.097,0.,0.097,0.077,0.,0.077,0.174,0.,0.174,0.005,0.003,0.001,0.088,0.,0.088,0.001,0.,0.001
83,0.278,0.,0.278,0.175,0.,0.175,0.105,0.,0.105,0.078,0.,0.078,0.17,0.,0.17,0.001,0.,0.001,0.095,0.,0.095,0.001,0.,0.001
84,0.301,0.,0.3,0.182,0.,0.182,0.107,0.,0.107,0.083,0.,0.083,0.19,0.,0.19,0.001,0.,0.001,0.096,0.,0.096,0.001,0.,0.001
85,0.296,0.,0.296,0.192,0.,0.192,0.105,0.,0.105,0.085,0.,0.085,0.188,0.,0.188,0.001,0.,0.001,0.104,0.,0.104,0.001,0.,0.001
86,0.311,0.,0.311,0.202,0.,0.202,0.109,0.,0.109,0.088,0.,0.088,0.199,0.,0.199,0.001,0.,0.001,0.11,0.,0.11,0.001,0.,0.001
87,0.316,0.003,0.312,0.197,0.,0.197,0.115,0.,0.115,0.088,0.,0.088,0.198,0.003,0.194,0.001,0.,0.001,0.106,0.,0.106,0.001,0.,0.001
88,0.331,0.003,0.327,0.189,0.,0.189,0.118,0.,0.118,0.083,0.,0.083,0.207,0.,0.207,0.003,0.003,0.,0.103,0.,0.103,0.001,0.,0.001
89,0.351,0.004,0.347,0.209,0.,0.209,0.137,0.,0.137,0.092,0.,0.092,0.211,0.003,0.207,0.001,0.,0.001,0.113,0.,0.113,0.001,0.,0.001
90,0.361,0.003,0.357,0.21,0.,0.21,0.132,0.003,0.128,0.09,0.,0.09,0.22,0.,0.22,0.007,0.,0.007,0.116,0.,0.116,0.001,0.,0.001
91,0.37,0.,0.37,0.203,0.,0.203,0.127,0.,0.127,0.085,0.,0.085,0.24,0.,0.24,0.001,0.,0.001,0.115,0.,0.115,0.001,0.,0.001
92,0.369,0.,0.369,0.212,0.,0.212,0.135,0.,0.135,0.091,0.,0.091,0.231,0.,0.231,0.001,0.,0.001,0.117,0.,0.117,0.001,0.,0.001
93,0.37,0.007,0.362,0.224,0.,0.224,0.144,0.003,0.14,0.1,0.,0.1,0.223,0.003,0.219,0.001,0.,0.001,0.122,0.,0.122,0.001,0.,0.001
94,0.373,0.,0.373,0.22,0.,0.22,0.14,0.,0.14,0.098,0.,0.098,0.23,0.,0.23,0.001,0.,0.001,0.119,0.,0.119,0.001,0.,0.001
95,0.378,0.003,0.374,0.227,0.003,0.224,0.142,0.,0.142,0.097,0.,0.097,0.233,0.003,0.229,0.001,0.,0.001,0.127,0.003,0.124,0.001,0.,0.001
96,0.39,0.,0.39,0.227,0.,0.227,0.141,0.,0.141,0.098,0.,0.098,0.246,0.,0.246,0.001,0.,0.001,0.125,0.,0.125,0.001,0.,0.001
97,0.39,0.003,0.386,0.237,0.,0.237,0.143,0.003,0.139,0.101,0.,0.101,0.244,0.,0.244,0.001,0.,0.001,0.132,0.,0.132,0.001,0.,0.001
98,0.393,0.,0.393,0.243,0.003,0.239,0.148,0.,0.148,0.107,0.003,0.103,0.242,0.,0.242,0.001,0.,0.001,0.133,0.,0.133,0.001,0.,0.001
99,0.407,0.004,0.403,0.249,0.,0.249,0.15,0.,0.15,0.113,0.,0.113,0.254,0.004,0.249,0.001,0.,0.001,0.133,0.,0.133,0.001,0.,0.001
100,0.415,0.003,0.411,0.244,0.,0.244,0.151,0.003,0.147,0.113,0.,0.113,0.262,0.,0.262,0.001,0.,0.001,0.128,0.,0.128,0.001,0.,0.001
110,0.495,0.,0.494,0.303,0.003,0.299,0.186,0.,0.186,0.13,0.,0.13,0.305,0.,0.305,0.001,0.,0.001,0.17,0.003,0.166,0.001,0.,0.001
120,0.59,0.,0.59,0.384,0.008,0.376,0.22,0.,0.22,0.177,0.,0.177,0.366,0.,0.366,0.002,0.,0.002,0.202,0.008,0.194,0.002,0.,0.002
130,0.694,0.,0.694,0.461,0.004,0.456,0.262,0.,0.262,0.216,0.,0.216,0.428,0.,0.428,0.002,0.,0.002,0.24,0.004,0.236,0.002,0.,0.002
140,0.802,0.,0.802,0.516,0.,0.516,0.311,0.,0.311,0.247,0.,0.247,0.487,0.,0.487,0.002,0.,0.002,0.264,0.,0.264,0.002,0.,0.002
150,0.941,0.,0.941,0.576,0.003,0.573,0.343,0.,0.343,0.253,0.003,0.249,0.594,0.,0.594,0.002,0.,0.002,0.318,0.,0.318,0.003,0.,0.003
160,1.033,0.,1.033,0.705,0.011,0.693,0.401,0.,0.401,0.311,0.,0.311,0.627,0.,0.627,0.002,0.,0.002,0.388,0.011,0.376,0.003,0.,0.003
170,1.129,0.,1.129,0.723,0.007,0.715,0.401,0.,0.401,0.317,0.007,0.309,0.723,0.,0.723,0.003,0.,0.003,0.389,0.,0.389,0.014,0.,0.014
180,1.243,0.003,1.239,0.834,0.012,0.822,0.461,0.003,0.457,0.371,0.,0.371,0.777,0.,0.777,0.003,0.,0.003,0.457,0.012,0.445,0.003,0.,0.003
190,1.381,0.,1.38,0.915,0.,0.915,0.501,0.,0.501,0.402,0.,0.402,0.873,0.,0.873,0.003,0.,0.003,0.501,0.,0.501,0.003,0.,0.003
200,1.558,0.011,1.546,1.043,0.008,1.034,0.554,0.007,0.546,0.459,0.,0.459,0.999,0.003,0.995,0.004,0.,0.004,0.578,0.008,0.569,0.004,0.,0.004
210,1.718,0.,1.718,1.146,0.,1.145,0.639,0.,0.639,0.497,0.,0.497,1.072,0.,1.072,0.004,0.,0.004,0.642,0.,0.641,0.004,0.,0.004
220,1.974,0.,1.974,1.193,0.,1.193,0.688,0.,0.688,0.505,0.,0.505,1.28,0.,1.279,0.004,0.,0.004,0.681,0.,0.681,0.005,0.,0.005
230,2.012,0.,2.012,1.316,0.,1.316,0.722,0.,0.722,0.551,0.,0.551,1.278,0.,1.278,0.009,0.,0.009,0.757,0.,0.757,0.005,0.,0.005
240,2.339,0.,2.339,1.459,0.,1.459,0.813,0.,0.813,0.625,0.,0.625,1.518,0.,1.518,0.005,0.,0.005,0.825,0.,0.825,0.006,0.,0.006
250,2.485,0.015,2.469,1.534,0.007,1.525,0.916,0.003,0.912,0.644,0.,0.643,1.561,0.011,1.549,0.006,0.,0.006,0.883,0.007,0.875,0.006,0.,0.006
260,2.731,0.,2.731,1.787,0.,1.787,0.962,0.,0.962,0.749,0.,0.749,1.76,0.,1.76,0.006,0.,0.006,1.017,0.,1.017,0.018,0.,0.018
270,2.941,0.003,2.937,1.829,0.023,1.805,0.998,0.,0.998,0.751,0.007,0.742,1.934,0.002,1.931,0.006,0.,0.006,1.069,0.015,1.053,0.006,0.,0.006
280,3.236,0.019,3.216,2.037,0.008,2.029,1.167,0.007,1.159,0.838,0.,0.837,2.06,0.011,2.048,0.006,0.,0.006,1.19,0.007,1.182,0.007,0.,0.007
290,3.346,0.019,3.326,2.217,0.,2.217,1.14,0.003,1.136,0.915,0.,0.915,2.196,0.015,2.18,0.007,0.,0.007,1.292,0.,1.292,0.008,0.,0.008
300,3.759,0.019,3.738,2.188,0.011,2.176,1.273,0.008,1.265,0.953,0.003,0.949,2.476,0.011,2.464,0.008,0.,0.008,1.223,0.007,1.215,0.01,0.,0.01
310,3.817,0.004,3.813,2.757,0.015,2.741,1.345,0.,1.344,1.235,0.003,1.23,2.453,0.003,2.449,0.016,0.,0.016,1.51,0.011,1.498,0.009,0.,0.009
320,4.145,0.009,4.135,2.611,0.,2.611,1.396,0.008,1.388,1.037,0.,1.037,2.728,0.,2.728,0.017,0.,0.017,1.561,0.,1.561,0.01,0.,0.01
330,4.479,0.003,4.474,2.795,0.,2.794,1.548,0.,1.548,1.146,0.,1.146,2.919,0.003,2.915,0.009,0.,0.009,1.635,0.,1.635,0.01,0.,0.01
340,4.597,0.015,4.58,3.064,0.,3.064,1.584,0.011,1.572,1.201,0.,1.201,3.001,0.003,2.997,0.009,0.,0.009,1.849,0.,1.849,0.01,0.,0.01
350,5.056,0.035,5.019,3.101,0.048,3.053,1.647,0.015,1.631,1.182,0.007,1.174,3.396,0.019,3.375,0.01,0.,0.01,1.907,0.04,1.867,0.01,0.,0.01
360,5.373,0.004,5.369,3.49,0.,3.49,1.839,0.,1.839,1.406,0.,1.406,3.521,0.004,3.517,0.01,0.,0.01,2.069,0.,2.069,0.013,0.,0.013
370,5.971,0.,5.971,3.552,0.023,3.528,1.972,0.,1.972,1.405,0.003,1.401,3.985,0.,3.985,0.011,0.,0.011,2.131,0.019,2.111,0.012,0.,0.012
380,5.805,0.,5.804,3.966,0.02,3.945,1.942,0.,1.941,1.55,0.004,1.545,3.848,0.,3.848,0.012,0.,0.012,2.4,0.015,2.383,0.013,0.,0.013
390,6.249,0.,6.249,3.96,0.,3.959,2.013,0.,2.013,1.572,0.,1.571,4.212,0.,4.211,0.021,0.,0.021,2.371,0.,2.371,0.014,0.,0.014
400,6.808,0.043,6.763,4.188,0.007,4.18,2.257,0.007,2.249,1.647,0.,1.647,4.536,0.036,4.5,0.012,0.,0.012,2.519,0.007,2.51,0.013,0.,0.013