param-n,abstract-regression-cubic-real,abstract-regression-cubic-sys,abstract-regression-cubic-user,close-abstract-regression-cubic-real,close-abstract-regression-cubic-sys,close-abstract-regression-cubic-user,fast-rewrite-regression-cubic-real,fast-rewrite-regression-cubic-sys,fast-rewrite-regression-cubic-user,pose-build-and-refine-regression-cubic-real,pose-build-and-refine-regression-cubic-sys,pose-build-and-refine-regression-cubic-user,refine-regression-quadratic-regression-linear-real,refine-regression-quadratic-regression-linear-sys,refine-regression-quadratic-regression-linear-user
1,0.,0.,0.,0.,0.,0.,0.,0.,0.,0.,0.,0.,0.,0.,0.
2,0.,0.,0.,0.,0.,0.,0.,0.,0.,0.,0.,0.,0.,0.,0.
3,0.,0.,0.,0.,0.,0.,0.,0.,0.,0.,0.,0.,0.,0.,0.
4,0.001,0.001,0.,0.,0.,0.,0.,0.,0.,0.,0.,0.,0.,0.,0.
5,0.001,0.001,0.,0.,0.,0.,0.,0.,0.,0.,0.,0.,0.,0.,0.
6,0.001,0.001,0.,0.,0.,0.,0.,0.,0.,0.,0.,0.,0.,0.,0.
7,0.001,0.001,0.,0.,0.,0.,0.001,0.001,0.,0.001,0.001,0.,0.,0.,0.
8,0.001,0.001,0.,0.,0.,0.,0.001,0.,0.,0.001,0.,0.,0.,0.,0.
9,0.002,0.,0.002,0.,0.,0.,0.001,0.,0.001,0.001,0.,0.001,0.,0.,0.
10,0.001,0.,0.001,0.,0.,0.,0.001,0.,0.001,0.001,0.,0.001,0.,0.,0.
11,0.002,0.,0.001,0.,0.,0.,0.001,0.,0.001,0.001,0.,0.001,0.,0.,0.
12,0.002,0.,0.002,0.,0.,0.,0.001,0.,0.001,0.001,0.,0.001,0.,0.,0.
13,0.002,0.002,0.,0.,0.,0.,0.001,0.001,0.,0.001,0.001,0.,0.,0.,0.
14,0.002,0.,0.001,0.,0.,0.,0.001,0.,0.,0.001,0.,0.,0.,0.,0.
15,0.002,0.,0.002,0.,0.,0.,0.001,0.,0.001,0.001,0.,0.001,0.,0.,0.
16,0.002,0.,0.002,0.,0.,0.,0.002,0.,0.002,0.002,0.,0.002,0.,0.,0.
17,0.002,0.002,0.,0.,0.,0.,0.002,0.002,0.,0.002,0.002,0.,0.,0.,0.
18,0.002,0.002,0.,0.,0.,0.,0.002,0.002,0.,0.002,0.002,0.,0.,0.,0.
19,0.002,0.002,0.,0.,0.,0.,0.002,0.002,0.,0.002,0.002,0.,0.,0.,0.
20,0.003,0.,0.003,0.001,0.,0.,0.002,0.,0.002,0.002,0.,0.002,0.,0.,0.
21,0.003,0.003,0.,0.,0.,0.,0.002,0.002,0.,0.002,0.002,0.,0.,0.,0.
22,0.003,0.003,0.,0.,0.,0.,0.002,0.002,0.,0.002,0.002,0.,0.,0.,0.
23,0.003,0.,0.003,0.001,0.,0.001,0.002,0.,0.002,0.002,0.,0.002,0.,0.,0.
24,0.004,0.,0.004,0.001,0.,0.001,0.002,0.,0.002,0.002,0.,0.002,0.,0.,0.
25,0.004,0.,0.004,0.001,0.,0.001,0.002,0.,0.002,0.002,0.,0.002,0.,0.,0.
26,0.043,0.015,0.027,0.,0.,0.,0.041,0.014,0.027,0.041,0.014,0.027,0.,0.,0.
27,0.003,0.,0.003,0.,0.,0.,0.002,0.,0.002,0.002,0.,0.002,0.,0.,0.
28,0.003,0.,0.002,0.,0.,0.,0.002,0.,0.001,0.002,0.,0.001,0.,0.,0.
29,0.003,0.,0.003,0.,0.,0.,0.002,0.,0.002,0.002,0.,0.002,0.,0.,0.
30,0.003,0.,0.003,0.001,0.,0.001,0.002,0.,0.002,0.002,0.,0.002,0.,0.,0.
31,0.003,0.,0.003,0.001,0.,0.001,0.002,0.,0.002,0.002,0.,0.002,0.,0.,0.
32,0.003,0.,0.003,0.001,0.,0.001,0.002,0.,0.002,0.002,0.,0.002,0.,0.,0.
33,0.004,0.,0.004,0.001,0.,0.001,0.002,0.,0.002,0.002,0.,0.002,0.,0.,0.
34,0.004,0.,0.004,0.001,0.,0.001,0.002,0.,0.002,0.002,0.,0.002,0.,0.,0.
35,0.004,0.,0.004,0.001,0.,0.001,0.002,0.,0.002,0.002,0.,0.002,0.,0.,0.
36,0.004,0.,0.004,0.001,0.,0.001,0.002,0.,0.002,0.002,0.,0.002,0.,0.,0.
37,0.004,0.,0.004,0.001,0.,0.001,0.002,0.,0.002,0.002,0.,0.002,0.,0.,0.
38,0.021,0.,0.021,0.001,0.,0.001,0.019,0.,0.019,0.019,0.,0.019,0.,0.,0.
39,0.004,0.,0.004,0.001,0.,0.001,0.003,0.,0.003,0.003,0.,0.003,0.,0.,0.
40,0.005,0.,0.005,0.001,0.,0.001,0.003,0.,0.003,0.003,0.,0.003,0.,0.,0.
41,0.005,0.,0.005,0.001,0.,0.001,0.003,0.,0.003,0.003,0.,0.003,0.,0.,0.
42,0.005,0.,0.005,0.001,0.,0.001,0.003,0.,0.003,0.003,0.,0.003,0.,0.,0.
43,0.005,0.,0.005,0.001,0.,0.001,0.003,0.,0.003,0.003,0.,0.003,0.,0.,0.
44,0.005,0.,0.005,0.001,0.,0.001,0.003,0.,0.003,0.003,0.,0.003,0.,0.,0.
45,0.005,0.,0.005,0.001,0.,0.001,0.003,0.,0.003,0.003,0.,0.003,0.,0.,0.
46,0.006,0.,0.006,0.002,0.,0.002,0.003,0.,0.003,0.003,0.,0.003,0.,0.,0.
47,0.008,0.,0.008,0.003,0.,0.003,0.004,0.,0.004,0.004,0.,0.004,0.,0.,0.
48,0.006,0.,0.006,0.002,0.,0.002,0.003,0.,0.003,0.003,0.,0.003,0.,0.,0.
49,0.006,0.,0.006,0.002,0.,0.002,0.003,0.,0.003,0.003,0.,0.003,0.,0.,0.
50,0.009,0.003,0.005,0.002,0.,0.002,0.006,0.003,0.003,0.006,0.003,0.003,0.,0.,0.
51,0.006,0.,0.006,0.002,0.,0.002,0.004,0.,0.004,0.004,0.,0.004,0.,0.,0.
52,0.007,0.,0.007,0.002,0.,0.002,0.004,0.,0.004,0.004,0.,0.004,0.,0.,0.
53,0.007,0.,0.007,0.002,0.,0.002,0.004,0.,0.004,0.004,0.,0.004,0.,0.,0.
54,0.007,0.,0.007,0.002,0.,0.002,0.004,0.,0.004,0.004,0.,0.004,0.,0.,0.
55,0.007,0.,0.007,0.002,0.,0.002,0.004,0.,0.004,0.004,0.,0.004,0.,0.,0.
56,0.008,0.,0.008,0.003,0.,0.003,0.004,0.,0.004,0.004,0.,0.004,0.,0.,0.
57,0.008,0.,0.008,0.003,0.,0.003,0.004,0.,0.004,0.004,0.,0.004,0.,0.,0.
58,0.008,0.,0.008,0.003,0.,0.003,0.004,0.,0.004,0.004,0.,0.004,0.,0.,0.
59,0.008,0.,0.008,0.003,0.,0.003,0.004,0.,0.004,0.004,0.,0.004,0.,0.,0.
60,0.008,0.,0.008,0.003,0.,0.003,0.005,0.,0.005,0.005,0.,0.005,0.,0.,0.
61,0.009,0.,0.009,0.003,0.,0.003,0.005,0.,0.005,0.005,0.,0.005,0.,0.,0.
62,0.01,0.,0.01,0.004,0.,0.004,0.005,0.,0.005,0.005,0.,0.005,0.,0.,0.
63,0.009,0.,0.009,0.003,0.,0.003,0.005,0.,0.005,0.005,0.,0.005,0.,0.,0.
64,0.009,0.,0.009,0.003,0.,0.003,0.005,0.,0.005,0.005,0.,0.005,0.,0.,0.
65,0.009,0.,0.009,0.004,0.,0.004,0.005,0.,0.005,0.005,0.,0.005,0.,0.,0.
66,0.01,0.,0.01,0.004,0.,0.004,0.005,0.,0.005,0.005,0.,0.005,0.,0.,0.
67,0.01,0.,0.01,0.004,0.,0.004,0.005,0.,0.005,0.005,0.,0.005,0.,0.,0.
68,0.016,0.,0.016,0.01,0.,0.01,0.006,0.,0.006,0.006,0.,0.006,0.,0.,0.
69,0.01,0.,0.01,0.004,0.,0.004,0.005,0.,0.005,0.005,0.,0.005,0.,0.,0.
70,0.011,0.,0.011,0.004,0.,0.004,0.006,0.,0.006,0.006,0.,0.006,0.,0.,0.
71,0.011,0.,0.011,0.004,0.,0.004,0.006,0.,0.006,0.006,0.,0.006,0.,0.,0.
72,0.011,0.,0.011,0.005,0.,0.005,0.006,0.,0.006,0.006,0.,0.006,0.,0.,0.
73,0.012,0.,0.012,0.005,0.,0.005,0.006,0.,0.006,0.006,0.,0.006,0.,0.,0.
74,0.013,0.,0.013,0.005,0.,0.005,0.007,0.,0.007,0.007,0.,0.007,0.,0.,0.
75,0.012,0.,0.012,0.005,0.,0.005,0.006,0.,0.006,0.006,0.,0.006,0.,0.,0.
76,0.012,0.,0.012,0.005,0.,0.005,0.006,0.,0.006,0.006,0.,0.006,0.,0.,0.
77,0.013,0.,0.013,0.006,0.,0.006,0.006,0.,0.006,0.006,0.,0.006,0.,0.,0.
78,0.014,0.003,0.01,0.006,0.002,0.003,0.007,0.001,0.006,0.007,0.,0.006,0.,0.,0.
79,0.022,0.,0.022,0.006,0.,0.006,0.007,0.,0.007,0.007,0.,0.007,0.,0.,0.
80,0.015,0.,0.014,0.006,0.,0.006,0.007,0.,0.007,0.007,0.,0.007,0.,0.,0.
81,0.015,0.,0.015,0.006,0.,0.006,0.008,0.,0.008,0.008,0.,0.008,0.,0.,0.
82,0.015,0.,0.015,0.006,0.,0.006,0.008,0.,0.008,0.008,0.,0.008,0.,0.,0.
83,0.015,0.,0.015,0.007,0.,0.007,0.007,0.,0.007,0.007,0.,0.007,0.,0.,0.
84,0.015,0.,0.015,0.007,0.,0.007,0.007,0.,0.007,0.007,0.,0.007,0.,0.,0.
85,0.015,0.,0.015,0.007,0.,0.007,0.007,0.,0.007,0.007,0.,0.007,0.,0.,0.
86,0.016,0.,0.016,0.007,0.,0.007,0.007,0.,0.007,0.007,0.,0.007,0.,0.,0.
87,0.016,0.,0.016,0.007,0.,0.007,0.007,0.,0.007,0.007,0.,0.007,0.,0.,0.
88,0.016,0.,0.016,0.008,0.,0.008,0.008,0.,0.008,0.008,0.,0.008,0.,0.,0.
89,0.016,0.,0.016,0.008,0.,0.008,0.008,0.,0.008,0.008,0.,0.008,0.,0.,0.
90,0.017,0.,0.017,0.008,0.,0.008,0.008,0.,0.008,0.008,0.,0.008,0.,0.,0.
91,0.017,0.,0.017,0.008,0.,0.008,0.008,0.,0.008,0.008,0.,0.008,0.,0.,0.
92,0.085,0.,0.085,0.009,0.,0.009,0.075,0.,0.075,0.075,0.,0.075,0.,0.,0.
93,0.019,0.,0.019,0.009,0.,0.009,0.009,0.,0.009,0.009,0.,0.009,0.,0.,0.
94,0.02,0.,0.02,0.009,0.,0.009,0.009,0.,0.009,0.009,0.,0.009,0.,0.,0.
95,0.02,0.,0.02,0.009,0.,0.009,0.009,0.,0.009,0.009,0.,0.009,0.,0.,0.
96,0.019,0.,0.019,0.009,0.,0.009,0.009,0.,0.009,0.009,0.,0.009,0.,0.,0.
97,0.019,0.,0.019,0.01,0.,0.01,0.009,0.,0.009,0.009,0.,0.009,0.,0.,0.
98,0.02,0.,0.02,0.01,0.,0.01,0.009,0.,0.009,0.009,0.,0.009,0.,0.,0.
99,0.057,0.,0.057,0.047,0.,0.047,0.009,0.,0.009,0.009,0.,0.009,0.,0.,0.
100,0.026,0.008,0.018,0.012,0.,0.012,0.013,0.008,0.005,0.013,0.008,0.005,0.001,0.,0.
110,0.025,0.,0.025,0.013,0.,0.013,0.01,0.,0.01,0.01,0.,0.01,0.001,0.,0.001
120,0.03,0.,0.03,0.017,0.,0.017,0.012,0.,0.012,0.012,0.,0.012,0.001,0.,0.001
130,0.037,0.,0.037,0.022,0.,0.022,0.014,0.,0.014,0.014,0.,0.014,0.001,0.,0.001
140,0.04,0.,0.04,0.025,0.,0.025,0.015,0.,0.015,0.015,0.,0.015,0.001,0.,0.001
150,0.057,0.022,0.035,0.033,0.011,0.022,0.024,0.011,0.012,0.024,0.011,0.012,0.001,0.,0.
160,0.054,0.,0.054,0.035,0.,0.035,0.018,0.,0.018,0.018,0.,0.018,0.001,0.,0.001
170,0.062,0.,0.062,0.042,0.,0.042,0.019,0.,0.019,0.019,0.,0.019,0.001,0.,0.001
180,0.075,0.,0.075,0.053,0.,0.053,0.021,0.,0.021,0.021,0.,0.021,0.001,0.,0.001
190,0.08,0.,0.08,0.056,0.,0.056,0.023,0.,0.023,0.023,0.,0.023,0.001,0.,0.001
200,0.134,0.011,0.122,0.065,0.,0.065,0.069,0.011,0.057,0.069,0.011,0.057,0.001,0.,0.001
210,0.101,0.,0.101,0.074,0.,0.074,0.026,0.,0.026,0.026,0.,0.026,0.002,0.,0.002
220,0.118,0.,0.118,0.088,0.,0.088,0.028,0.,0.028,0.028,0.,0.028,0.002,0.,0.002
230,0.126,0.,0.126,0.095,0.,0.095,0.03,0.,0.03,0.03,0.,0.03,0.002,0.,0.002
240,0.148,0.,0.148,0.107,0.,0.107,0.04,0.,0.04,0.04,0.,0.04,0.002,0.,0.002
250,0.172,0.,0.172,0.136,0.,0.136,0.035,0.,0.035,0.035,0.,0.035,0.002,0.,0.002
260,0.175,0.,0.175,0.134,0.,0.134,0.04,0.,0.04,0.04,0.,0.04,0.002,0.,0.002
270,0.201,0.003,0.197,0.149,0.,0.149,0.051,0.003,0.047,0.051,0.003,0.047,0.002,0.,0.002
280,0.208,0.,0.208,0.165,0.,0.165,0.042,0.,0.042,0.042,0.,0.042,0.002,0.,0.002
290,0.235,0.,0.235,0.182,0.,0.182,0.052,0.,0.052,0.052,0.,0.052,0.002,0.,0.002
300,0.249,0.,0.249,0.202,0.,0.202,0.047,0.,0.047,0.047,0.,0.047,0.003,0.,0.003
310,0.339,0.,0.339,0.221,0.,0.221,0.117,0.,0.117,0.117,0.,0.117,0.003,0.,0.003
320,0.331,0.001,0.329,0.277,0.,0.277,0.052,0.,0.051,0.052,0.,0.051,0.003,0.,0.003
330,0.329,0.,0.329,0.262,0.,0.262,0.066,0.,0.066,0.066,0.,0.066,0.002,0.,0.002
340,0.363,0.,0.362,0.285,0.,0.285,0.076,0.,0.076,0.076,0.,0.076,0.003,0.,0.003
350,0.37,0.,0.37,0.31,0.,0.31,0.059,0.,0.059,0.059,0.,0.059,0.003,0.,0.003
360,0.4,0.,0.4,0.336,0.,0.336,0.063,0.,0.063,0.063,0.,0.063,0.003,0.,0.003
370,0.438,0.,0.438,0.365,0.,0.365,0.071,0.,0.071,0.071,0.,0.071,0.003,0.,0.003
380,0.464,0.,0.464,0.395,0.,0.395,0.068,0.,0.068,0.068,0.,0.068,0.003,0.,0.003
390,0.508,0.007,0.5,0.435,0.007,0.427,0.071,0.,0.071,0.071,0.,0.071,0.003,0.,0.003
400,0.537,0.003,0.534,0.461,0.,0.461,0.076,0.003,0.072,0.076,0.003,0.072,0.004,0.003,0.
500,0.989,0.,0.989,0.874,0.,0.873,0.114,0.,0.114,0.114,0.,0.114,0.005,0.,0.005
600,1.64,0.,1.64,1.474,0.,1.474,0.164,0.,0.164,0.164,0.,0.164,0.005,0.,0.005
700,2.595,0.007,2.587,2.385,0.003,2.38,0.209,0.003,0.205,0.209,0.003,0.205,0.006,0.,0.006
800,3.75,0.015,3.734,3.477,0.015,3.461,0.271,0.,0.271,0.271,0.,0.271,0.007,0.,0.007
900,5.309,0.023,5.285,4.919,0.023,4.895,0.388,0.,0.388,0.388,0.,0.388,0.008,0.,0.008
1000,7.141,0.007,7.133,6.739,0.007,6.731,0.4,0.,0.4,0.4,0.,0.4,0.009,0.,0.009