param-n,abstract+repeat-rewrite-strat-bottomup-regression-cubic-real,abstract+repeat-rewrite-strat-bottomup-regression-cubic-sys,abstract+repeat-rewrite-strat-bottomup-regression-cubic-user,abstract+repeat-rewrite-strat-topdown-regression-cubic-real,abstract+repeat-rewrite-strat-topdown-regression-cubic-sys,abstract+repeat-rewrite-strat-topdown-regression-cubic-user,close-abstract+repeat-rewrite-strat-bottomup-regression-quadratic-real,close-abstract+repeat-rewrite-strat-bottomup-regression-quadratic-sys,close-abstract+repeat-rewrite-strat-bottomup-regression-quadratic-user,close-abstract+repeat-rewrite-strat-topdown-regression-quadratic-real,close-abstract+repeat-rewrite-strat-topdown-regression-quadratic-sys,close-abstract+repeat-rewrite-strat-topdown-regression-quadratic-user,noop-repeat-rewrite-strat-bottomup-regression-cubic-real,noop-repeat-rewrite-strat-bottomup-regression-cubic-sys,noop-repeat-rewrite-strat-bottomup-regression-cubic-user,noop-repeat-rewrite-strat-topdown-regression-cubic-real,noop-repeat-rewrite-strat-topdown-regression-cubic-sys,noop-repeat-rewrite-strat-topdown-regression-cubic-user,repeat-rewrite-strat-bottomup-regression-cubic-real,repeat-rewrite-strat-bottomup-regression-cubic-sys,repeat-rewrite-strat-bottomup-regression-cubic-user,repeat-rewrite-strat-topdown-regression-cubic-real,repeat-rewrite-strat-topdown-regression-cubic-sys,repeat-rewrite-strat-topdown-regression-cubic-user
0,0.004,0.004,0.,0.004,0.,0.004,0.,0.,0.,0.,0.,0.,0.,0.,0.,0.,0.,0.,0.003,0.003,0.,0.003,0.,0.003
1,0.005,0.,0.005,0.005,0.005,0.,0.,0.,0.,0.,0.,0.,0.,0.,0.,0.,0.,0.,0.004,0.,0.004,0.004,0.004,0.
2,0.008,0.003,0.005,0.008,0.005,0.003,0.,0.,0.,0.,0.,0.,0.,0.,0.,0.,0.,0.,0.007,0.003,0.004,0.007,0.004,0.002
3,0.015,0.011,0.003,0.014,0.004,0.009,0.001,0.,0.,0.001,0.,0.001,0.001,0.,0.,0.001,0.,0.,0.012,0.01,0.001,0.012,0.004,0.008
4,0.018,0.01,0.007,0.017,0.004,0.013,0.001,0.001,0.,0.001,0.,0.001,0.001,0.001,0.,0.001,0.,0.001,0.015,0.007,0.007,0.014,0.004,0.01
5,0.024,0.012,0.011,0.023,0.006,0.016,0.001,0.,0.001,0.001,0.001,0.,0.001,0.,0.001,0.001,0.001,0.,0.02,0.012,0.007,0.02,0.003,0.016
6,0.068,0.012,0.056,0.068,0.032,0.036,0.001,0.,0.,0.04,0.02,0.02,0.04,0.004,0.036,0.001,0.,0.001,0.026,0.007,0.018,0.025,0.011,0.014
7,0.025,0.,0.025,0.025,0.,0.025,0.001,0.,0.001,0.001,0.,0.001,0.001,0.,0.001,0.001,0.,0.001,0.022,0.,0.022,0.022,0.,0.022
8,0.048,0.,0.048,0.048,0.,0.048,0.001,0.,0.001,0.001,0.,0.001,0.001,0.,0.001,0.001,0.,0.001,0.045,0.,0.045,0.044,0.,0.044
9,0.037,0.,0.037,0.036,0.,0.036,0.001,0.,0.001,0.001,0.,0.001,0.002,0.,0.002,0.002,0.,0.002,0.033,0.,0.033,0.032,0.,0.032
10,0.066,0.031,0.034,0.064,0.022,0.042,0.003,0.,0.003,0.002,0.002,0.,0.003,0.,0.003,0.003,0.,0.003,0.059,0.031,0.027,0.058,0.019,0.039
11,0.052,0.,0.052,0.052,0.,0.052,0.002,0.,0.002,0.002,0.,0.002,0.002,0.,0.002,0.002,0.,0.002,0.047,0.,0.047,0.047,0.,0.047
12,0.06,0.,0.06,0.061,0.,0.061,0.003,0.,0.003,0.002,0.,0.002,0.002,0.,0.002,0.002,0.,0.002,0.054,0.,0.054,0.056,0.,0.056
13,0.075,0.,0.075,0.075,0.,0.075,0.002,0.,0.002,0.002,0.,0.002,0.002,0.,0.002,0.003,0.,0.003,0.069,0.,0.069,0.069,0.,0.069
14,0.079,0.,0.079,0.084,0.,0.084,0.003,0.,0.003,0.003,0.,0.003,0.003,0.,0.003,0.003,0.,0.003,0.072,0.,0.072,0.077,0.,0.077
15,0.097,0.,0.097,0.097,0.,0.097,0.003,0.,0.003,0.003,0.,0.003,0.003,0.,0.003,0.003,0.,0.003,0.09,0.,0.09,0.089,0.,0.089
16,0.166,0.,0.166,0.163,0.,0.163,0.003,0.,0.003,0.003,0.,0.003,0.003,0.,0.003,0.004,0.,0.003,0.158,0.,0.158,0.155,0.,0.155
17,0.145,0.,0.145,0.144,0.,0.144,0.004,0.,0.004,0.004,0.,0.004,0.004,0.,0.004,0.004,0.,0.004,0.137,0.,0.137,0.136,0.,0.136
18,0.156,0.,0.156,0.155,0.,0.155,0.004,0.,0.004,0.004,0.,0.004,0.004,0.,0.004,0.004,0.,0.004,0.147,0.,0.146,0.146,0.,0.145
19,0.148,0.,0.148,0.143,0.,0.143,0.004,0.,0.004,0.005,0.,0.005,0.004,0.,0.004,0.004,0.,0.004,0.139,0.,0.139,0.133,0.,0.133
20,0.221,0.015,0.206,0.227,0.024,0.202,0.006,0.,0.006,0.005,0.,0.005,0.005,0.,0.005,0.005,0.,0.004,0.21,0.015,0.194,0.216,0.024,0.192
21,0.181,0.,0.181,0.191,0.,0.191,0.005,0.,0.005,0.005,0.,0.005,0.005,0.,0.005,0.005,0.,0.005,0.17,0.,0.17,0.18,0.,0.179
22,0.29,0.,0.29,0.286,0.,0.286,0.006,0.,0.006,0.037,0.,0.037,0.005,0.,0.005,0.005,0.,0.005,0.278,0.,0.278,0.242,0.,0.242
23,0.24,0.,0.24,0.241,0.,0.241,0.006,0.,0.006,0.006,0.,0.006,0.005,0.,0.005,0.006,0.,0.006,0.227,0.,0.227,0.227,0.,0.227
24,0.231,0.,0.231,0.231,0.002,0.229,0.006,0.,0.006,0.007,0.,0.007,0.006,0.,0.006,0.006,0.,0.006,0.217,0.,0.217,0.217,0.002,0.215
25,0.258,0.,0.256,0.255,0.,0.255,0.007,0.,0.007,0.007,0.,0.008,0.006,0.,0.006,0.006,0.,0.006,0.243,0.,0.241,0.24,0.,0.24
30,0.468,0.,0.467,0.467,0.,0.465,0.01,0.,0.01,0.01,0.,0.01,0.008,0.,0.008,0.072,0.,0.072,0.449,0.,0.447,0.383,0.,0.381
35,0.561,0.,0.558,0.553,0.,0.552,0.016,0.,0.016,0.013,0.,0.013,0.012,0.,0.012,0.011,0.,0.011,0.532,0.,0.529,0.527,0.,0.527
40,0.949,0.,0.949,0.968,0.,0.967,0.017,0.,0.017,0.047,0.,0.047,0.047,0.,0.047,0.013,0.,0.013,0.885,0.,0.884,0.906,0.,0.906
45,1.03,0.,1.03,1.049,0.003,1.045,0.022,0.,0.022,0.02,0.,0.02,0.015,0.,0.015,0.016,0.,0.016,0.992,0.,0.991,1.011,0.003,1.007
50,1.352,0.003,1.349,1.378,0.,1.378,0.024,0.,0.024,0.025,0.,0.025,0.02,0.003,0.017,0.019,0.,0.019,1.306,0.,1.306,1.333,0.,1.332