param-n,fast-rewrite-regression-cubic-real,fast-rewrite-regression-cubic-sys,fast-rewrite-regression-cubic-user,pose-build-and-refine-regression-cubic-real,pose-build-and-refine-regression-cubic-sys,pose-build-and-refine-regression-cubic-user,refine-regression-quadratic-regression-linear-real,refine-regression-quadratic-regression-linear-sys,refine-regression-quadratic-regression-linear-user
1,0.,0.,0.,0.,0.,0.,0.,0.,0.
2,0.,0.,0.,0.,0.,0.,0.,0.,0.
3,0.,0.,0.,0.,0.,0.,0.,0.,0.
4,0.,0.,0.,0.,0.,0.,0.,0.,0.
5,0.,0.,0.,0.,0.,0.,0.,0.,0.
6,0.,0.,0.,0.,0.,0.,0.,0.,0.
7,0.,0.,0.,0.,0.,0.,0.,0.,0.
8,0.,0.,0.,0.,0.,0.,0.,0.,0.
9,0.,0.,0.,0.,0.,0.,0.,0.,0.
10,0.,0.,0.,0.,0.,0.,0.,0.,0.
11,0.,0.,0.,0.,0.,0.,0.,0.,0.
12,0.,0.,0.,0.,0.,0.,0.,0.,0.
13,0.001,0.,0.001,0.,0.,0.,0.,0.,0.
14,0.,0.,0.,0.,0.,0.,0.,0.,0.
15,0.001,0.,0.001,0.001,0.,0.001,0.,0.,0.
16,0.001,0.001,0.,0.001,0.001,0.,0.,0.,0.
17,0.001,0.001,0.,0.001,0.001,0.,0.,0.,0.
18,0.001,0.001,0.,0.001,0.001,0.,0.,0.,0.
19,0.044,0.003,0.041,0.044,0.003,0.041,0.,0.,0.
20,0.001,0.,0.,0.,0.,0.,0.,0.,0.
21,0.001,0.,0.,0.001,0.,0.,0.,0.,0.
22,0.001,0.,0.001,0.001,0.,0.001,0.,0.,0.
23,0.001,0.,0.001,0.001,0.,0.001,0.,0.,0.
24,0.001,0.,0.001,0.001,0.,0.001,0.,0.,0.
25,0.001,0.,0.001,0.001,0.,0.001,0.,0.,0.
26,0.001,0.,0.001,0.001,0.,0.001,0.,0.,0.
27,0.001,0.,0.001,0.001,0.,0.001,0.,0.,0.
28,0.001,0.,0.001,0.001,0.,0.001,0.,0.,0.
29,0.001,0.,0.001,0.001,0.,0.001,0.,0.,0.
30,0.001,0.,0.001,0.001,0.,0.001,0.,0.,0.
31,0.001,0.,0.001,0.001,0.,0.001,0.,0.,0.
32,0.001,0.,0.001,0.001,0.,0.001,0.,0.,0.
33,0.001,0.,0.001,0.001,0.,0.001,0.,0.,0.
34,0.001,0.,0.001,0.001,0.,0.001,0.,0.,0.
35,0.001,0.,0.001,0.001,0.,0.001,0.,0.,0.
36,0.001,0.,0.001,0.001,0.,0.001,0.,0.,0.
37,0.001,0.,0.001,0.001,0.,0.001,0.,0.,0.
38,0.001,0.,0.001,0.001,0.,0.001,0.,0.,0.
39,0.002,0.,0.002,0.001,0.,0.001,0.,0.,0.
40,0.002,0.,0.002,0.002,0.,0.002,0.,0.,0.
41,0.002,0.,0.002,0.002,0.,0.002,0.,0.,0.
42,0.002,0.,0.002,0.002,0.,0.002,0.,0.,0.
43,0.002,0.,0.002,0.002,0.,0.002,0.,0.,0.
44,0.002,0.,0.002,0.002,0.,0.002,0.,0.,0.
45,0.002,0.,0.002,0.002,0.,0.002,0.,0.,0.
46,0.002,0.,0.002,0.002,0.,0.002,0.,0.,0.
47,0.002,0.,0.002,0.002,0.,0.002,0.,0.,0.
48,0.004,0.,0.004,0.004,0.,0.004,0.,0.,0.
49,0.002,0.,0.002,0.002,0.,0.002,0.,0.,0.
50,0.003,0.,0.003,0.003,0.,0.003,0.,0.,0.
51,0.002,0.,0.002,0.002,0.,0.002,0.,0.,0.
52,0.002,0.,0.002,0.002,0.,0.002,0.,0.,0.
53,0.003,0.,0.003,0.003,0.,0.003,0.,0.,0.
54,0.003,0.,0.003,0.003,0.,0.003,0.,0.,0.
55,0.003,0.,0.003,0.003,0.,0.003,0.,0.,0.
56,0.003,0.,0.003,0.003,0.,0.003,0.,0.,0.
57,0.003,0.,0.003,0.003,0.,0.003,0.,0.,0.
58,0.003,0.,0.003,0.003,0.,0.003,0.,0.,0.
59,0.003,0.,0.003,0.003,0.,0.003,0.,0.,0.
60,0.003,0.,0.003,0.003,0.,0.003,0.,0.,0.
61,0.003,0.,0.003,0.003,0.,0.003,0.,0.,0.
62,0.003,0.,0.003,0.003,0.,0.003,0.,0.,0.
63,0.003,0.,0.003,0.003,0.,0.003,0.,0.,0.
64,0.003,0.,0.003,0.003,0.,0.003,0.,0.,0.
65,0.003,0.,0.003,0.003,0.,0.003,0.,0.,0.
66,0.003,0.,0.003,0.003,0.,0.003,0.,0.,0.
67,0.004,0.,0.004,0.004,0.,0.004,0.,0.,0.
68,0.004,0.,0.004,0.003,0.,0.003,0.,0.,0.
69,0.004,0.,0.004,0.004,0.,0.004,0.,0.,0.
70,0.004,0.,0.004,0.004,0.,0.004,0.,0.,0.
71,0.004,0.,0.004,0.004,0.,0.004,0.,0.,0.
72,0.004,0.,0.004,0.004,0.,0.004,0.,0.,0.
73,0.004,0.,0.004,0.004,0.,0.004,0.,0.,0.
74,0.008,0.,0.008,0.008,0.,0.008,0.,0.,0.
75,0.004,0.,0.004,0.004,0.,0.004,0.,0.,0.
76,0.004,0.,0.004,0.004,0.,0.004,0.,0.,0.
77,0.004,0.,0.004,0.004,0.,0.004,0.,0.,0.
78,0.004,0.,0.004,0.004,0.,0.004,0.,0.,0.
79,0.004,0.,0.004,0.004,0.,0.004,0.,0.,0.
80,0.006,0.,0.006,0.006,0.,0.006,0.,0.,0.
81,0.004,0.,0.004,0.004,0.,0.004,0.,0.,0.
82,0.004,0.,0.004,0.004,0.,0.004,0.,0.,0.
83,0.005,0.,0.005,0.005,0.,0.005,0.,0.,0.
84,0.005,0.,0.005,0.005,0.,0.005,0.,0.,0.
85,0.005,0.,0.005,0.005,0.,0.005,0.,0.,0.
86,0.012,0.,0.012,0.012,0.,0.012,0.,0.,0.
87,0.005,0.,0.005,0.005,0.,0.005,0.,0.,0.
88,0.005,0.,0.005,0.005,0.,0.005,0.,0.,0.
89,0.005,0.,0.005,0.005,0.,0.005,0.,0.,0.
90,0.005,0.,0.005,0.005,0.,0.005,0.,0.,0.
91,0.005,0.,0.005,0.005,0.,0.005,0.,0.,0.
92,0.006,0.,0.006,0.006,0.,0.006,0.,0.,0.
93,0.006,0.,0.006,0.006,0.,0.006,0.,0.,0.
94,0.006,0.,0.006,0.006,0.,0.006,0.,0.,0.
95,0.006,0.,0.006,0.006,0.,0.006,0.,0.,0.
96,0.006,0.,0.006,0.006,0.,0.006,0.,0.,0.
97,0.008,0.,0.008,0.008,0.,0.008,0.,0.,0.
98,0.006,0.,0.006,0.006,0.,0.006,0.,0.,0.
99,0.006,0.,0.006,0.006,0.,0.006,0.,0.,0.
100,0.008,0.,0.008,0.008,0.,0.008,0.,0.,0.
110,0.007,0.,0.007,0.007,0.,0.007,0.,0.,0.
120,0.008,0.,0.008,0.008,0.,0.008,0.,0.,0.
130,0.065,0.,0.065,0.065,0.,0.065,0.001,0.,0.001
140,0.01,0.,0.01,0.01,0.,0.01,0.001,0.,0.001
150,0.014,0.,0.013,0.014,0.,0.013,0.001,0.,0.001
160,0.013,0.,0.013,0.012,0.,0.012,0.001,0.,0.001
170,0.016,0.,0.016,0.016,0.,0.016,0.001,0.,0.001
180,0.015,0.,0.015,0.015,0.,0.015,0.001,0.,0.001
190,0.016,0.,0.016,0.016,0.,0.016,0.001,0.,0.001
200,0.021,0.003,0.017,0.021,0.003,0.017,0.001,0.,0.001
210,0.019,0.,0.019,0.019,0.,0.019,0.001,0.,0.001
220,0.02,0.,0.02,0.02,0.,0.02,0.001,0.,0.001
230,0.023,0.,0.023,0.023,0.,0.023,0.001,0.,0.001
240,0.023,0.,0.023,0.023,0.,0.023,0.001,0.,0.001
250,0.024,0.,0.024,0.024,0.,0.024,0.001,0.,0.001
260,0.039,0.,0.039,0.039,0.,0.039,0.002,0.,0.002
270,0.035,0.,0.035,0.035,0.,0.035,0.001,0.,0.001
280,0.03,0.,0.03,0.03,0.,0.03,0.002,0.,0.002
290,0.031,0.,0.031,0.031,0.,0.031,0.002,0.,0.002
300,0.045,0.,0.045,0.045,0.,0.045,0.002,0.,0.002
310,0.041,0.,0.041,0.041,0.,0.041,0.001,0.,0.001
320,0.036,0.,0.036,0.036,0.,0.036,0.002,0.,0.002
330,0.043,0.,0.043,0.043,0.,0.043,0.002,0.,0.002
340,0.045,0.,0.044,0.045,0.,0.044,0.002,0.,0.002
350,0.049,0.003,0.045,0.049,0.003,0.045,0.008,0.003,0.005
360,0.057,0.001,0.055,0.057,0.001,0.055,0.002,0.,0.002
370,0.048,0.,0.048,0.048,0.,0.048,0.002,0.,0.002
380,0.058,0.,0.058,0.058,0.,0.058,0.002,0.,0.002
390,0.117,0.,0.117,0.117,0.,0.117,0.003,0.,0.003
400,0.054,0.,0.054,0.054,0.,0.054,0.002,0.,0.002
410,0.067,0.003,0.063,0.067,0.003,0.063,0.002,0.,0.002
420,0.091,0.,0.091,0.091,0.,0.091,0.003,0.,0.003
430,0.072,0.003,0.068,0.072,0.003,0.068,0.003,0.,0.003
440,0.069,0.,0.069,0.069,0.,0.069,0.003,0.,0.003
450,0.074,0.,0.074,0.074,0.,0.074,0.003,0.,0.003
460,0.069,0.,0.069,0.069,0.,0.069,0.003,0.,0.003
470,0.075,0.,0.075,0.074,0.,0.074,0.003,0.,0.003
480,0.085,0.,0.085,0.085,0.,0.085,0.003,0.,0.003
490,0.08,0.,0.08,0.08,0.,0.08,0.004,0.,0.004
500,0.086,0.,0.086,0.086,0.,0.086,0.003,0.,0.003
510,0.094,0.,0.094,0.094,0.,0.094,0.003,0.,0.003
520,0.097,0.,0.097,0.097,0.,0.097,0.003,0.,0.003
530,0.091,0.,0.091,0.091,0.,0.091,0.004,0.,0.004
540,0.107,0.,0.107,0.107,0.,0.107,0.004,0.,0.004
550,0.104,0.,0.104,0.104,0.,0.104,0.004,0.,0.004
560,0.111,0.003,0.107,0.111,0.003,0.107,0.004,0.,0.004
570,0.129,0.,0.129,0.129,0.,0.129,0.015,0.,0.015
580,0.117,0.,0.117,0.117,0.,0.117,0.004,0.,0.004
590,0.12,0.,0.12,0.12,0.,0.12,0.004,0.,0.004
600,0.123,0.,0.123,0.123,0.,0.123,0.004,0.,0.004
610,0.129,0.,0.129,0.129,0.,0.129,0.004,0.,0.004
620,0.148,0.003,0.144,0.148,0.003,0.144,0.004,0.,0.004
630,0.155,0.,0.155,0.155,0.,0.155,0.004,0.,0.004
640,0.151,0.003,0.147,0.151,0.003,0.147,0.017,0.003,0.013
650,0.136,0.,0.136,0.136,0.,0.136,0.005,0.,0.005
660,0.134,0.,0.134,0.134,0.,0.134,0.005,0.,0.005
670,0.138,0.,0.138,0.138,0.,0.138,0.005,0.,0.005
680,0.142,0.,0.142,0.142,0.,0.142,0.005,0.,0.005
690,0.145,0.,0.145,0.145,0.,0.145,0.005,0.,0.005
700,0.149,0.,0.149,0.149,0.,0.149,0.005,0.,0.005
710,0.164,0.,0.164,0.164,0.,0.164,0.017,0.,0.017
720,0.174,0.,0.174,0.174,0.,0.174,0.005,0.,0.005
730,0.178,0.,0.178,0.178,0.,0.178,0.005,0.,0.005
740,0.185,0.,0.185,0.185,0.,0.185,0.005,0.,0.005
750,0.186,0.,0.185,0.185,0.,0.185,0.005,0.,0.005
760,0.19,0.,0.19,0.19,0.,0.19,0.005,0.,0.005
770,0.198,0.,0.198,0.198,0.,0.198,0.005,0.,0.005
780,0.242,0.003,0.238,0.242,0.003,0.238,0.022,0.,0.022
790,0.213,0.004,0.209,0.213,0.004,0.209,0.005,0.,0.005
800,0.213,0.,0.213,0.213,0.,0.213,0.014,0.,0.014
810,0.224,0.,0.224,0.224,0.,0.224,0.005,0.,0.005
820,0.25,0.003,0.246,0.25,0.003,0.246,0.006,0.,0.006
830,0.223,0.,0.223,0.223,0.,0.223,0.006,0.,0.006
840,0.228,0.003,0.224,0.228,0.003,0.224,0.005,0.,0.005
850,0.245,0.003,0.241,0.245,0.003,0.241,0.007,0.,0.007
860,0.236,0.,0.236,0.236,0.,0.236,0.013,0.,0.013
870,0.244,0.,0.244,0.244,0.,0.244,0.006,0.,0.006
880,0.244,0.,0.244,0.244,0.,0.244,0.006,0.,0.006
890,0.253,0.,0.252,0.253,0.,0.252,0.006,0.,0.006
900,0.264,0.,0.264,0.264,0.,0.264,0.006,0.,0.006
910,0.303,0.,0.303,0.303,0.,0.303,0.007,0.,0.007
920,0.277,0.,0.277,0.277,0.,0.277,0.006,0.,0.006
930,0.307,0.,0.307,0.307,0.,0.307,0.007,0.,0.007
940,0.3,0.,0.3,0.3,0.,0.3,0.021,0.,0.021
950,0.293,0.,0.293,0.293,0.,0.293,0.006,0.,0.006
960,0.288,0.,0.288,0.288,0.,0.288,0.007,0.,0.007
970,0.3,0.,0.3,0.3,0.,0.3,0.006,0.,0.006
980,0.305,0.,0.305,0.304,0.,0.304,0.007,0.,0.007
990,0.306,0.,0.306,0.306,0.,0.306,0.007,0.,0.007
1000,0.319,0.,0.319,0.319,0.,0.319,0.012,0.,0.012
1100,0.408,0.,0.408,0.408,0.,0.408,0.013,0.,0.013
1200,0.481,0.,0.481,0.481,0.,0.48,0.008,0.,0.008
1300,0.558,0.001,0.556,0.558,0.001,0.556,0.009,0.,0.009
1400,0.607,0.,0.606,0.607,0.,0.606,0.01,0.,0.01
1500,0.664,0.,0.664,0.664,0.,0.664,0.015,0.,0.015
1600,0.768,0.,0.768,0.768,0.,0.768,0.012,0.,0.012
1700,0.859,0.,0.858,0.858,0.,0.858,0.016,0.,0.016
1800,1.037,0.,1.037,1.037,0.,1.037,0.021,0.,0.021
1900,1.127,0.,1.127,1.127,0.,1.127,0.015,0.,0.015
2000,1.197,0.,1.196,1.197,0.,1.196,0.016,0.,0.016
3000,2.641,0.,2.641,2.641,0.,2.641,0.028,0.,0.028
4000,4.938,0.003,4.933,4.938,0.003,4.933,0.036,0.,0.036
5000,7.23,0.003,7.226,7.23,0.003,7.226,0.043,0.,0.043