param-n,abstract-regression-linear-real,abstract-regression-linear-sys,abstract-regression-linear-user,reify-regression-cubic-real,reify-regression-cubic-sys,reify-regression-cubic-user
1,0.,0.,0.,0.002,0.,0.002
2,0.,0.,0.,0.002,0.002,0.
3,0.,0.,0.,0.003,0.,0.003
4,0.001,0.,0.001,0.004,0.,0.004
5,0.,0.,0.,0.005,0.,0.005
6,0.001,0.,0.001,0.006,0.,0.006
7,0.001,0.,0.001,0.007,0.,0.007
8,0.,0.,0.,0.009,0.003,0.005
9,0.001,0.,0.,0.01,0.007,0.002
10,0.,0.,0.,0.012,0.004,0.008
11,0.001,0.,0.,0.013,0.002,0.01
12,0.001,0.,0.001,0.015,0.003,0.011
13,0.001,0.,0.001,0.051,0.003,0.047
14,0.001,0.,0.,0.013,0.,0.013
15,0.001,0.,0.001,0.015,0.,0.015
16,0.001,0.,0.001,0.016,0.,0.016
17,0.001,0.,0.001,0.036,0.,0.036
18,0.001,0.,0.001,0.02,0.,0.02
19,0.001,0.,0.001,0.022,0.,0.022
20,0.001,0.,0.001,0.025,0.,0.025
21,0.001,0.,0.001,0.027,0.,0.027
22,0.001,0.,0.001,0.029,0.,0.029
23,0.001,0.,0.001,0.03,0.,0.03
24,0.001,0.,0.001,0.032,0.,0.032
25,0.001,0.,0.001,0.036,0.,0.036
26,0.001,0.,0.001,0.037,0.,0.037
27,0.001,0.,0.001,0.039,0.,0.039
28,0.001,0.,0.001,0.042,0.,0.042
29,0.001,0.,0.001,0.05,0.,0.05
30,0.001,0.,0.001,0.047,0.,0.047
31,0.001,0.,0.001,0.06,0.,0.06
32,0.001,0.,0.001,0.053,0.,0.053
33,0.001,0.,0.001,0.056,0.,0.056
34,0.001,0.,0.001,0.062,0.,0.062
35,0.002,0.,0.002,0.132,0.,0.132
36,0.002,0.,0.002,0.071,0.,0.071
37,0.002,0.,0.002,0.106,0.,0.106
38,0.002,0.,0.002,0.079,0.,0.079
39,0.002,0.,0.002,0.095,0.,0.095
40,0.002,0.,0.001,0.09,0.003,0.087
41,0.002,0.,0.002,0.086,0.,0.086
42,0.002,0.,0.002,0.096,0.003,0.093
43,0.002,0.,0.002,0.103,0.,0.103
44,0.002,0.,0.002,0.108,0.007,0.098
45,0.002,0.,0.002,0.115,0.,0.115
46,0.002,0.,0.002,0.116,0.003,0.112
47,0.002,0.,0.002,0.192,0.,0.192
48,0.002,0.,0.002,0.161,0.,0.161
49,0.002,0.,0.002,0.129,0.,0.129
50,0.002,0.,0.002,0.141,0.003,0.137
51,0.002,0.,0.002,0.146,0.,0.146
52,0.002,0.,0.002,0.15,0.,0.149
53,0.002,0.,0.002,0.154,0.,0.154
54,0.002,0.,0.002,0.161,0.,0.161
55,0.002,0.,0.002,0.191,0.,0.191
56,0.01,0.,0.01,0.179,0.,0.179
57,0.003,0.,0.003,0.192,0.,0.192
58,0.003,0.,0.003,0.203,0.003,0.199
59,0.003,0.,0.003,0.21,0.,0.21
60,0.003,0.,0.003,0.222,0.004,0.218
61,0.003,0.,0.003,0.223,0.003,0.219
62,0.003,0.,0.003,0.234,0.004,0.23
63,0.003,0.,0.003,0.225,0.,0.225
64,0.003,0.,0.003,0.235,0.,0.235
65,0.003,0.,0.003,0.242,0.003,0.238
66,0.003,0.,0.003,0.25,0.,0.25
67,0.003,0.,0.003,0.26,0.,0.26
68,0.003,0.,0.003,0.271,0.,0.271
69,0.003,0.,0.003,0.277,0.003,0.274
70,0.003,0.,0.003,0.286,0.,0.286
71,0.003,0.,0.003,0.296,0.,0.296
72,0.003,0.,0.003,0.306,0.,0.306
73,0.003,0.,0.003,0.332,0.007,0.324
74,0.003,0.,0.003,0.347,0.003,0.343
75,0.003,0.,0.003,0.354,0.,0.354
76,0.003,0.,0.003,0.348,0.003,0.344
77,0.004,0.,0.004,0.375,0.,0.375
78,0.004,0.,0.004,0.396,0.008,0.385
79,0.003,0.,0.003,0.399,0.,0.399
80,0.003,0.,0.003,0.394,0.,0.394
81,0.003,0.,0.003,0.405,0.003,0.401
82,0.017,0.,0.017,0.42,0.003,0.415
83,0.003,0.,0.003,0.428,0.,0.428
84,0.004,0.,0.004,0.437,0.,0.437
85,0.004,0.,0.004,0.465,0.,0.465
86,0.004,0.,0.004,0.482,0.,0.482
87,0.004,0.,0.004,0.498,0.,0.498
88,0.004,0.,0.004,0.518,0.,0.518
89,0.004,0.,0.004,0.513,0.,0.513
90,0.004,0.,0.004,0.53,0.,0.529
91,0.004,0.,0.004,0.528,0.,0.528
92,0.004,0.,0.004,0.545,0.,0.544
93,0.004,0.,0.004,0.564,0.003,0.558
94,0.004,0.,0.004,0.597,0.,0.597
95,0.004,0.,0.004,0.611,0.003,0.607
96,0.004,0.,0.004,0.632,0.,0.632
97,0.004,0.,0.004,0.628,0.,0.628
98,0.004,0.,0.004,0.633,0.,0.633
99,0.004,0.,0.004,0.667,0.003,0.662
100,0.005,0.,0.005,0.658,0.,0.657
110,0.005,0.,0.005,1.206,0.044,1.162
120,0.005,0.,0.005,1.034,0.007,1.027
130,0.006,0.,0.006,1.297,0.004,1.293
140,0.006,0.,0.006,1.576,0.,1.576
150,0.006,0.,0.006,1.835,0.011,1.822
160,0.007,0.,0.007,2.167,0.,2.165
170,0.007,0.,0.007,2.601,0.019,2.581
180,0.008,0.,0.008,2.907,0.,2.907
190,0.009,0.,0.009,3.408,0.,3.407
200,0.008,0.,0.008,3.856,0.,3.854
210,0.009,0.,0.009,4.426,0.,4.425
220,0.01,0.,0.01,4.989,0.003,4.984
230,0.01,0.,0.01,5.595,0.,5.594
240,0.01,0.,0.01,6.302,0.012,6.288
250,0.011,0.,0.011,7.058,0.027,7.028
260,0.011,0.,0.011,7.771,0.,7.77
270,0.011,0.,0.011,8.674,0.019,8.653
280,0.012,0.,0.012,9.601,0.011,9.588
290,0.013,0.,0.013,10.527,0.,10.526
300,0.016,0.,0.016,11.46,0.,11.459
350,0.015,0.,0.015,17.577,0.003,17.57
400,0.017,0.,0.017,25.593,0.007,25.581
450,0.022,0.,0.021,35.479,0.024,35.448
500,0.023,0.,0.023,48.049,0.067,47.973