param-0-nm,param-1-n,param-2-m,param-3-input-size,param-4-output-size,param-5-num-rewrites,autorewrite-regression-cubic-real,autorewrite-regression-cubic-sys,autorewrite-regression-cubic-user,rewrite!-regression-cubic-real,rewrite!-regression-cubic-sys,rewrite!-regression-cubic-user,rewrite-strat(bottomup)-regression-cubic-real,rewrite-strat(bottomup)-regression-cubic-sys,rewrite-strat(bottomup)-regression-cubic-user,rewrite-strat(topdown)-regression-cubic-real,rewrite-strat(topdown)-regression-cubic-sys,rewrite-strat(topdown)-regression-cubic-user,setoid-rewrite-regression-cubic-real,setoid-rewrite-regression-cubic-sys,setoid-rewrite-regression-cubic-user,ssr-rewrite!-regression-cubic-real,ssr-rewrite!-regression-cubic-sys,ssr-rewrite!-regression-cubic-user
1,0,1,5,3,1,0.,0.,0.,0.,0.,0.,0.,0.,0.,0.,0.,0.,0.001,0.,0.001,0.,0.,0.
2,0,2,7,3,2,0.001,0.,0.001,0.,0.,0.,0.001,0.,0.001,0.,0.,0.,0.001,0.,0.001,0.,0.,0.
3,0,3,9,3,3,0.001,0.,0.001,0.,0.,0.,0.002,0.,0.002,0.001,0.,0.001,0.002,0.,0.002,0.,0.,0.
3,1,1,13,7,3,0.001,0.,0.001,0.,0.,0.,0.001,0.,0.001,0.001,0.,0.001,0.001,0.,0.001,0.001,0.,0.001
4,0,4,11,3,4,0.001,0.,0.001,0.,0.,0.,0.002,0.,0.002,0.001,0.,0.001,0.003,0.,0.003,0.001,0.,0.001
5,0,5,13,3,5,0.001,0.,0.001,0.001,0.,0.001,0.003,0.,0.003,0.001,0.,0.001,0.003,0.,0.003,0.001,0.,0.001
6,0,6,15,3,6,0.001,0.,0.001,0.001,0.,0.001,0.003,0.,0.003,0.001,0.,0.001,0.004,0.,0.004,0.001,0.,0.001
6,1,2,19,7,6,0.001,0.,0.001,0.001,0.,0.001,0.003,0.,0.003,0.001,0.,0.001,0.003,0.,0.003,0.001,0.,0.001
7,0,7,17,3,7,0.002,0.,0.002,0.001,0.,0.001,0.004,0.,0.004,0.002,0.,0.001,0.005,0.,0.004,0.002,0.,0.001
7,2,1,29,15,7,0.001,0.,0.001,0.001,0.,0.001,0.003,0.,0.003,0.002,0.,0.002,0.004,0.,0.004,0.001,0.,0.001
8,0,8,19,3,8,,,,,,,0.005,0.,0.005,0.002,0.,0.002,,,,,,
9,0,9,21,3,9,,,,,,,0.005,0.,0.005,0.002,0.,0.002,,,,,,
9,1,3,25,7,9,0.002,0.,0.002,0.001,0.,0.001,0.006,0.,0.006,0.002,0.,0.002,0.005,0.,0.005,0.002,0.,0.002
10,0,10,23,3,10,0.002,0.,0.002,,,,0.006,0.,0.006,0.002,0.,0.002,0.007,0.,0.007,0.002,0.,0.002
11,0,11,25,3,11,,,,,,,0.007,0.,0.007,0.003,0.,0.003,,,,,,
12,0,12,27,3,12,,,,,,,0.008,0.,0.008,0.003,0.,0.003,,,,,,
12,1,4,31,7,12,,,,,,,0.008,0.,0.008,0.003,0.,0.003,0.007,0.,0.007,,,
13,0,13,29,3,13,0.003,0.,0.003,0.003,0.,0.003,0.01,0.,0.01,0.003,0.,0.003,0.008,0.,0.008,0.004,0.,0.004
14,0,14,31,3,14,,,,,,,0.01,0.,0.01,0.004,0.,0.004,,,,,,
14,2,2,43,15,14,0.002,0.,0.002,0.002,0.,0.002,0.01,0.,0.01,0.005,0.,0.005,0.016,0.,0.016,0.003,0.,0.003
15,0,15,33,3,15,,,,,,,0.011,0.,0.011,0.004,0.,0.004,,,,,,
15,1,5,37,7,15,0.003,0.,0.003,0.003,0.,0.003,0.011,0.,0.011,0.004,0.,0.004,0.01,0.,0.01,0.004,0.,0.004
15,3,1,61,31,15,0.002,0.,0.002,0.001,0.,0.001,0.009,0.,0.008,0.005,0.,0.005,0.009,0.,0.008,0.002,0.,0.001
16,0,16,35,3,16,0.005,0.,0.005,,,,0.012,0.,0.012,0.004,0.,0.004,0.011,0.,0.011,0.005,0.,0.005
17,0,17,37,3,17,,,,,,,0.016,0.,0.016,0.004,0.,0.004,,,,,,
18,0,18,39,3,18,,,,,,,0.016,0.,0.016,0.005,0.002,0.002,,,,,,
18,1,6,43,7,18,,,,,,,0.014,0.,0.014,0.005,0.,0.005,0.012,0.,0.012,,,
19,0,19,41,3,19,0.005,0.,0.005,0.006,0.,0.006,0.017,0.,0.017,0.005,0.,0.005,0.015,0.,0.015,0.007,0.,0.007
20,0,20,43,3,20,,,,,,,0.02,0.,0.02,0.007,0.,0.007,,,,,,
21,0,21,45,3,21,,,,,,,0.021,0.,0.021,0.006,0.,0.006,,,,,,
21,1,7,49,7,21,0.005,0.,0.005,0.004,0.,0.004,0.019,0.,0.019,0.006,0.,0.006,0.014,0.,0.014,0.013,0.,0.013
21,2,3,57,15,21,0.004,0.,0.004,0.003,0.002,0.001,0.022,0.,0.022,0.006,0.,0.006,0.012,0.,0.012,0.005,0.,0.005
22,0,22,47,3,22,0.007,0.,0.007,,,,0.021,0.,0.021,0.006,0.,0.006,0.017,0.,0.017,0.008,0.,0.008
23,0,23,49,3,23,,,,,,,0.037,0.,0.037,0.026,0.,0.026,,,,,,
24,0,24,51,3,24,,,,,,,0.021,0.,0.021,0.008,0.,0.008,,,,,,
24,1,8,55,7,24,,,,,,,0.021,0.,0.021,0.009,0.,0.009,0.017,0.,0.017,,,
25,0,25,53,3,25,0.007,0.,0.007,0.007,0.,0.007,0.023,0.,0.023,0.007,0.,0.007,0.021,0.,0.021,0.011,0.,0.011
26,0,26,55,3,26,,,,,,,0.031,0.,0.031,0.008,0.,0.008,,,,,,
27,0,27,57,3,27,,,,,,,0.028,0.003,0.025,0.008,0.,0.008,,,,,,
27,1,9,61,7,27,0.006,0.,0.006,0.005,0.,0.005,0.025,0.,0.025,0.008,0.,0.008,0.02,0.,0.02,0.01,0.,0.01
28,0,28,59,3,28,0.009,0.,0.009,,,,0.027,0.,0.027,0.009,0.,0.009,0.041,0.,0.041,0.013,0.,0.013
28,2,4,71,15,28,0.005,0.,0.005,0.005,0.,0.005,0.025,0.,0.025,0.009,0.,0.009,0.018,0.,0.018,0.008,0.,0.008
29,0,29,61,3,29,,,,,,,0.029,0.,0.029,0.009,0.,0.009,,,,,,
30,0,30,63,3,30,,,,,,,0.05,0.,0.05,0.01,0.,0.01,,,,,,
30,1,10,67,7,30,,,,,,,0.033,0.,0.033,0.01,0.,0.01,0.027,0.,0.027,,,
30,3,2,91,31,30,0.004,0.,0.004,0.003,0.,0.003,0.025,0.,0.025,0.01,0.,0.01,0.019,0.,0.019,0.004,0.,0.004
31,0,31,65,3,31,0.01,0.,0.01,0.01,0.,0.01,0.031,0.,0.031,0.01,0.,0.01,0.027,0.,0.027,0.014,0.,0.014
31,4,1,125,63,31,0.004,0.,0.004,0.003,0.,0.003,0.023,0.002,0.021,0.013,0.,0.013,0.019,0.,0.019,0.005,0.,0.005
32,0,32,67,3,32,,,,,,,0.034,0.,0.034,0.016,0.,0.016,,,,,,
33,0,33,69,3,33,,,,,,,0.036,0.,0.036,0.011,0.,0.011,,,,,,
33,1,11,73,7,33,0.008,0.,0.008,0.007,0.,0.007,0.142,0.,0.142,0.015,0.,0.015,0.028,0.,0.028,0.013,0.,0.013
34,0,34,71,3,34,0.012,0.,0.012,,,,0.037,0.,0.037,0.012,0.,0.012,0.031,0.,0.031,0.035,0.015,0.02
35,0,35,73,3,35,,,,,,,0.038,0.,0.038,0.013,0.,0.013,,,,,,
35,2,5,85,15,35,0.006,0.,0.006,0.005,0.,0.005,0.037,0.,0.037,0.026,0.,0.026,0.024,0.,0.024,0.011,0.,0.011
36,0,36,75,3,36,,,,,,,0.072,0.,0.072,0.015,0.,0.015,,,,,,
36,1,12,79,7,36,,,,,,,0.04,0.,0.04,0.012,0.,0.012,0.029,0.,0.029,,,
37,0,37,77,3,37,0.034,0.007,0.026,0.013,0.,0.013,0.042,0.,0.042,0.014,0.,0.013,0.052,0.,0.052,0.021,0.,0.021
38,0,38,79,3,38,,,,,,,0.043,0.,0.043,0.016,0.,0.016,,,,,,
39,0,39,81,3,39,,,,,,,0.043,0.,0.043,0.018,0.,0.018,,,,,,
39,1,13,85,7,39,0.011,0.,0.011,0.009,0.,0.009,0.046,0.,0.046,0.014,0.,0.014,0.031,0.,0.031,0.017,0.,0.017
40,0,40,83,3,40,0.016,0.,0.016,,,,0.055,0.,0.054,0.036,0.,0.036,0.038,0.,0.038,0.023,0.,0.023
41,0,41,85,3,41,,,,,,,0.05,0.,0.05,0.016,0.,0.016,,,,,,
42,0,42,87,3,42,,,,,,,0.053,0.,0.053,0.018,0.,0.018,,,,,,
42,1,14,91,7,42,,,,,,,0.052,0.,0.052,0.015,0.,0.015,0.036,0.,0.036,,,
42,2,6,99,15,42,0.01,0.,0.01,0.007,0.,0.007,0.048,0.,0.048,0.015,0.,0.015,0.033,0.003,0.029,0.02,0.,0.02
43,0,43,89,3,43,0.017,0.,0.017,0.017,0.,0.017,0.056,0.,0.056,0.028,0.,0.027,0.044,0.,0.044,0.027,0.,0.027
44,0,44,91,3,44,,,,,,,0.056,0.,0.056,0.023,0.,0.023,,,,,,
45,0,45,93,3,45,,,,,,,0.081,0.,0.081,0.02,0.,0.02,,,,,,
45,1,15,97,7,45,0.013,0.,0.013,0.028,0.,0.028,0.077,0.,0.077,0.017,0.,0.017,0.04,0.,0.04,0.021,0.,0.021
45,3,3,121,31,45,0.007,0.,0.007,0.006,0.,0.006,0.055,0.,0.054,0.016,0.,0.016,0.03,0.,0.03,0.009,0.,0.009
46,0,46,95,3,46,0.018,0.,0.018,,,,0.062,0.,0.062,0.022,0.,0.022,0.047,0.,0.047,0.048,0.,0.048
47,0,47,97,3,47,,,,,,,0.062,0.,0.062,0.022,0.,0.022,,,,,,
48,0,48,99,3,48,,,,,,,0.085,0.,0.085,0.023,0.,0.023,,,,,,
48,1,16,103,7,48,,,,,,,0.064,0.,0.064,0.02,0.,0.02,0.043,0.,0.043,,,
49,0,49,101,3,49,0.041,0.,0.041,0.039,0.007,0.031,0.065,0.,0.065,0.023,0.,0.023,0.069,0.,0.069,0.033,0.,0.033
49,2,7,113,15,49,0.01,0.,0.01,0.011,0.,0.011,0.062,0.,0.062,0.018,0.,0.018,0.041,0.,0.041,0.019,0.,0.019
50,0,50,103,3,50,,,,,,,0.172,0.,0.172,0.023,0.,0.023,,,,,,
51,0,51,105,3,51,,,,,,,0.074,0.,0.074,0.025,0.,0.025,,,,,,
51,1,17,109,7,51,0.017,0.,0.017,0.015,0.,0.015,0.076,0.,0.076,0.021,0.,0.021,0.047,0.,0.047,0.032,0.,0.032
52,0,52,107,3,52,0.022,0.002,0.02,,,,0.074,0.,0.074,0.025,0.,0.025,0.06,0.,0.059,0.038,0.,0.038
53,0,53,109,3,53,,,,,,,0.11,0.,0.11,0.028,0.,0.028,,,,,,
54,0,54,111,3,54,,,,,,,0.08,0.,0.08,0.028,0.,0.028,,,,,,
54,1,18,115,7,54,,,,,,,0.083,0.,0.083,0.026,0.,0.026,0.052,0.,0.052,,,
55,0,55,113,3,55,0.025,0.,0.025,0.025,0.,0.025,0.088,0.,0.088,0.028,0.002,0.025,0.063,0.,0.063,0.041,0.,0.041
56,0,56,115,3,56,,,,,,,0.085,0.,0.085,0.061,0.,0.06,,,,,,
56,2,8,127,15,56,0.012,0.,0.012,0.012,0.,0.012,0.079,0.,0.079,0.023,0.,0.023,0.049,0.,0.049,0.023,0.,0.023
57,0,57,117,3,57,,,,,,,0.085,0.,0.085,0.029,0.,0.029,,,,,,
57,1,19,121,7,57,0.018,0.,0.018,0.018,0.,0.018,0.082,0.,0.082,0.026,0.,0.026,0.055,0.,0.055,0.034,0.,0.034
58,0,58,119,3,58,0.026,0.,0.026,,,,0.107,0.,0.107,0.031,0.,0.031,0.17,0.,0.17,0.064,0.,0.064
59,0,59,121,3,59,,,,,,,0.091,0.,0.091,0.031,0.,0.031,,,,,,
60,0,60,123,3,60,,,,,,,0.113,0.,0.113,0.039,0.,0.039,,,,,,
60,1,20,127,7,60,,,,,,,0.092,0.,0.092,0.028,0.,0.028,0.062,0.,0.062,,,
60,3,4,151,31,60,0.009,0.,0.009,0.008,0.,0.008,0.093,0.007,0.086,0.023,0.,0.023,0.06,0.,0.06,0.017,0.,0.017
61,0,61,125,3,61,0.048,0.,0.048,0.049,0.,0.049,0.214,0.,0.214,0.032,0.,0.032,0.073,0.,0.073,0.052,0.003,0.049
62,0,62,127,3,62,,,,,,,0.1,0.,0.1,0.036,0.,0.036,,,,,,
62,4,2,187,63,62,0.016,0.,0.016,0.006,0.,0.006,0.08,0.,0.08,0.024,0.,0.024,0.055,0.,0.055,0.017,0.,0.017
63,0,63,129,3,63,,,,,,,0.135,0.,0.135,0.034,0.,0.034,,,,,,
63,1,21,133,7,63,0.021,0.,0.021,0.022,0.,0.022,0.099,0.,0.099,0.032,0.,0.032,0.067,0.,0.067,0.042,0.,0.042
63,2,9,141,15,63,0.015,0.,0.015,0.015,0.,0.015,0.089,0.,0.089,0.027,0.,0.027,0.054,0.,0.054,0.034,0.,0.034
63,5,1,253,127,63,0.007,0.,0.007,0.006,0.,0.006,0.097,0.,0.097,0.028,0.,0.028,0.046,0.,0.046,0.009,0.,0.009
64,0,64,131,3,64,0.03,0.,0.03,,,,0.106,0.,0.106,0.054,0.,0.054,0.107,0.,0.107,0.052,0.,0.052
65,0,65,133,3,65,,,,,,,0.105,0.,0.105,0.037,0.,0.037,,,,,,
66,0,66,135,3,66,,,,,,,0.113,0.,0.113,0.038,0.,0.038,,,,,,
66,1,22,139,7,66,,,,,,,0.12,0.,0.12,0.032,0.,0.032,0.069,0.,0.069,,,
67,0,67,137,3,67,0.036,0.,0.036,0.033,0.,0.033,0.135,0.,0.135,0.037,0.,0.037,0.082,0.,0.082,0.06,0.,0.06
68,0,68,139,3,68,,,,,,,,,,0.061,0.,0.061,,,,,,
69,0,69,141,3,69,,,,,,,,,,0.038,0.,0.038,,,,,,
69,1,23,145,7,69,0.026,0.,0.026,0.023,0.,0.023,0.11,0.,0.11,0.035,0.,0.035,0.08,0.,0.08,0.045,0.,0.045
70,0,70,143,3,70,0.034,0.,0.034,,,,,,,0.143,0.,0.143,0.086,0.,0.086,0.168,0.,0.168
70,2,10,155,15,70,0.018,0.,0.018,0.016,0.,0.016,0.119,0.,0.119,0.031,0.,0.031,0.064,0.,0.064,0.036,0.,0.036
71,0,71,145,3,71,,,,,,,,,,0.044,0.,0.044,,,,,,
72,0,72,147,3,72,,,,,,,,,,0.041,0.,0.041,,,,,,
72,1,24,151,7,72,,,,,,,,,,0.038,0.,0.038,0.081,0.,0.081,,,
73,0,73,149,3,73,0.038,0.,0.038,0.039,0.,0.039,,,,0.074,0.,0.074,0.095,0.,0.095,0.074,0.,0.074
74,0,74,151,3,74,,,,,,,0.127,0.,0.127,0.049,0.,0.049,,,,,,
75,0,75,153,3,75,,,,,,,,,,0.046,0.,0.046,,,,,,
75,1,25,157,7,75,0.028,0.,0.028,0.031,0.,0.031,,,,0.042,0.,0.042,0.084,0.,0.084,0.06,0.,0.06
75,3,5,181,31,75,0.013,0.,0.013,0.012,0.,0.012,0.133,0.,0.132,0.032,0.,0.032,0.077,0.,0.077,0.021,0.,0.021
76,0,76,155,3,76,0.151,0.,0.151,,,,,,,0.046,0.002,0.043,0.118,0.,0.118,0.101,0.,0.101
77,0,77,157,3,77,,,,,,,,,,0.048,0.,0.048,,,,,,
77,2,11,169,15,77,0.02,0.,0.02,0.02,0.,0.02,,,,0.038,0.,0.038,0.074,0.,0.074,0.042,0.003,0.038
78,0,78,159,3,78,,,,,,,,,,0.049,0.,0.049,,,,,,
78,1,26,163,7,78,,,,,,,0.145,0.,0.145,0.042,0.,0.042,0.098,0.,0.098,,,
79,0,79,161,3,79,0.043,0.,0.043,0.063,0.,0.063,,,,0.069,0.,0.069,0.129,0.,0.129,0.079,0.,0.079
80,0,80,163,3,80,,,,,,,,,,0.06,0.,0.06,,,,,,
81,0,81,165,3,81,,,,,,,0.165,0.,0.165,0.075,0.,0.075,,,,,,
81,1,27,169,7,81,0.031,0.,0.031,0.032,0.,0.032,,,,0.045,0.,0.045,0.095,0.,0.095,0.075,0.003,0.071
82,0,82,167,3,82,0.047,0.,0.047,,,,,,,0.162,0.,0.162,0.225,0.,0.225,0.08,0.,0.08
83,0,83,169,3,83,,,,,,,,,,0.055,0.,0.055,,,,,,
84,0,84,171,3,84,,,,,,,,,,0.057,0.,0.057,,,,,,
84,1,28,175,7,84,,,,,,,,,,0.053,0.,0.053,0.102,0.,0.102,,,
84,2,12,183,15,84,0.022,0.,0.022,0.022,0.,0.022,0.159,0.,0.159,0.04,0.,0.04,0.089,0.,0.089,0.044,0.,0.044
85,0,85,173,3,85,0.078,0.,0.078,0.049,0.,0.049,,,,0.092,0.,0.092,0.151,0.,0.151,0.115,0.,0.115
86,0,86,175,3,86,,,,,,,,,,0.064,0.,0.064,,,,,,
87,0,87,177,3,87,,,,,,,,,,0.058,0.,0.058,,,,,,
87,1,29,181,7,87,0.037,0.,0.037,0.038,0.,0.038,0.175,0.,0.175,0.053,0.,0.053,0.112,0.,0.112,0.089,0.,0.089
88,0,88,179,3,88,0.056,0.,0.056,,,,0.18,0.,0.18,0.063,0.,0.063,0.132,0.,0.132,0.101,0.,0.101
89,0,89,181,3,89,,,,,,,,,,0.081,0.,0.081,,,,,,
90,0,90,183,3,90,,,,,,,,,,0.069,0.,0.069,,,,,,
90,1,30,187,7,90,,,,,,,,,,0.066,0.,0.066,0.115,0.,0.115,,,
90,3,6,211,31,90,0.017,0.,0.017,0.015,0.,0.015,0.159,0.,0.159,0.042,0.,0.042,0.08,0.,0.08,0.044,0.011,0.033
91,0,91,185,3,91,0.059,0.,0.059,0.059,0.,0.059,,,,0.087,0.,0.087,0.157,0.,0.157,0.129,0.,0.129
91,2,13,197,15,91,0.027,0.,0.027,0.025,0.,0.025,,,,0.047,0.,0.047,0.106,0.,0.106,0.052,0.,0.052
92,0,92,187,3,92,,,,,,,,,,0.082,0.,0.082,,,,,,
93,0,93,189,3,93,,,,,,,,,,0.071,0.,0.071,,,,,,
93,1,31,193,7,93,0.042,0.,0.042,0.039,0.,0.039,,,,0.057,0.,0.057,0.117,0.,0.117,0.091,0.,0.091
93,4,3,249,63,93,0.019,0.,0.019,0.011,0.,0.011,0.146,0.,0.146,0.044,0.,0.044,0.072,0.,0.072,0.021,0.,0.021
94,0,94,191,3,94,0.06,0.,0.059,,,,,,,0.076,0.,0.076,0.163,0.,0.163,0.233,0.,0.233
95,0,95,193,3,95,,,,,,,0.195,0.,0.195,0.074,0.002,0.072,,,,,,
96,0,96,195,3,96,,,,,,,,,,0.08,0.,0.08,,,,,,
96,1,32,199,7,96,,,,,,,0.194,0.,0.194,0.065,0.,0.065,0.123,0.,0.123,,,
97,0,97,197,3,97,0.078,0.,0.078,0.162,0.,0.162,,,,0.074,0.,0.074,0.251,0.,0.251,0.131,0.,0.131
98,0,98,199,3,98,,,,,,,,,,0.079,0.,0.079,,,,,,
98,2,14,211,15,98,0.03,0.003,0.026,0.03,0.,0.03,0.206,0.,0.206,0.054,0.,0.054,0.114,0.,0.114,0.059,0.,0.059
99,0,99,201,3,99,,,,,,,,,,0.076,0.,0.076,,,,,,
99,1,33,205,7,99,0.045,0.,0.045,0.045,0.,0.045,,,,0.065,0.,0.065,0.131,0.,0.131,0.103,0.,0.103
100,0,100,203,3,100,0.067,0.,0.067,,,,,,,0.082,0.,0.082,0.192,0.,0.192,0.121,0.,0.121
101,0,101,205,3,101,,,,,,,,,,0.081,0.,0.081,,,,,,
102,0,102,207,3,102,,,,,,,,,,0.09,0.,0.09,,,,,,
102,1,34,211,7,102,,,,,,,0.206,0.,0.206,0.069,0.,0.069,0.142,0.003,0.138,,,
103,0,103,209,3,103,0.085,0.,0.085,0.071,0.004,0.067,,,,0.088,0.,0.088,0.162,0.,0.162,0.15,0.,0.15
104,0,104,211,3,104,,,,,,,,,,0.086,0.,0.086,,,,,,
105,0,105,213,3,105,,,,,,,,,,0.087,0.,0.087,,,,,,
105,1,35,217,7,105,0.051,0.,0.051,0.049,0.,0.049,,,,0.085,0.,0.085,0.149,0.,0.149,0.111,0.,0.111
105,2,15,225,15,105,0.035,0.,0.035,0.032,0.,0.032,,,,0.066,0.,0.066,0.121,0.,0.121,0.067,0.,0.067
105,3,7,241,31,105,0.02,0.,0.02,0.038,0.,0.038,0.205,0.,0.205,0.05,0.,0.05,0.119,0.,0.119,0.037,0.,0.037
106,0,106,215,3,106,0.175,0.,0.175,,,,,,,0.088,0.,0.088,0.204,0.,0.204,0.17,0.003,0.166
107,0,107,217,3,107,,,,,,,,,,0.1,0.003,0.096,,,,,,
108,0,108,219,3,108,,,,,,,,,,0.106,0.,0.106,,,,,,
108,1,36,223,7,108,,,,,,,,,,0.08,0.,0.08,0.156,0.,0.156,,,
109,0,109,221,3,109,0.106,0.,0.106,0.104,0.002,0.101,,,,0.087,0.,0.087,0.174,0.,0.174,0.273,0.002,0.27
110,0,110,223,3,110,,,,,,,,,,0.104,0.,0.104,,,,,,
111,0,111,225,3,111,,,,,,,,,,0.105,0.,0.105,,,,,,
111,1,37,229,7,111,0.055,0.,0.055,0.053,0.,0.053,,,,0.082,0.,0.082,0.166,0.003,0.162,0.122,0.,0.122
112,0,112,227,3,112,0.077,0.,0.077,,,,,,,0.09,0.003,0.086,0.188,0.,0.188,0.178,0.,0.178
112,2,16,239,15,112,0.037,0.,0.037,0.039,0.,0.039,,,,0.067,0.,0.067,0.133,0.003,0.129,0.075,0.,0.075
113,0,113,229,3,113,,,,,,,,,,0.104,0.,0.104,,,,,,
114,0,114,231,3,114,,,,,,,,,,0.107,0.,0.107,,,,,,
114,1,38,235,7,114,,,,,,,,,,0.086,0.,0.086,0.169,0.,0.169,,,
115,0,115,233,3,115,0.086,0.,0.086,0.089,0.,0.089,,,,0.098,0.,0.098,0.201,0.,0.201,0.162,0.,0.162
116,0,116,235,3,116,,,,,,,,,,0.104,0.,0.104,,,,,,
117,0,117,237,3,117,,,,,,,,,,0.125,0.,0.125,,,,,,
117,1,39,241,7,117,0.064,0.,0.064,0.059,0.,0.059,,,,0.102,0.,0.102,0.181,0.,0.181,0.135,0.,0.135
118,0,118,239,3,118,0.116,0.,0.116,,,,,,,0.112,0.,0.112,0.234,0.,0.233,0.208,0.,0.208
119,0,119,241,3,119,,,,,,,,,,0.105,0.,0.105,,,,,,
119,2,17,253,15,119,0.043,0.,0.043,0.04,0.,0.04,,,,0.075,0.,0.075,0.157,0.,0.157,0.083,0.,0.083
120,0,120,243,3,120,,,,,,,,,,0.108,0.,0.108,,,,,,
120,1,40,247,7,120,,,,,,,,,,0.09,0.,0.09,0.18,0.,0.18,,,
120,3,8,271,31,120,0.026,0.,0.026,0.026,0.,0.026,0.375,0.003,0.371,0.063,0.,0.063,0.113,0.003,0.109,0.062,0.,0.062
121,0,121,245,3,121,0.109,0.,0.109,0.099,0.,0.099,,,,0.114,0.004,0.11,0.214,0.,0.214,0.199,0.,0.199
122,0,122,247,3,122,,,,,,,,,,0.119,0.,0.119,,,,,,
123,0,123,249,3,123,,,,,,,,,,0.115,0.,0.115,,,,,,
123,1,41,253,7,123,0.068,0.,0.068,0.063,0.,0.063,,,,0.097,0.,0.097,0.209,0.003,0.205,0.144,0.,0.144
124,0,124,251,3,124,0.095,0.,0.095,,,,,,,0.115,0.,0.115,0.232,0.,0.232,0.2,0.,0.2
124,4,4,311,63,124,0.022,0.,0.022,0.021,0.,0.021,0.254,0.,0.254,0.065,0.,0.065,0.106,0.,0.106,0.041,0.,0.041
125,0,125,253,3,125,,,,,,,,,,0.12,0.,0.12,,,,,,
126,0,126,255,3,126,,,,,,,,,,0.139,0.003,0.135,,,,,,
126,1,42,259,7,126,,,,,,,,,,0.099,0.,0.099,0.201,0.,0.201,,,
126,2,18,267,15,126,0.049,0.,0.049,0.045,0.,0.045,,,,0.085,0.,0.085,0.159,0.,0.159,0.092,0.,0.092
126,5,2,379,127,126,0.016,0.,0.016,0.014,0.,0.014,,,,0.062,0.,0.062,0.101,0.,0.101,0.024,0.,0.024
127,0,127,257,3,127,0.211,0.,0.211,0.12,0.,0.119,,,,0.121,0.,0.121,0.234,0.,0.234,0.193,0.,0.193
127,6,1,509,255,127,0.016,0.,0.016,0.011,0.,0.011,0.205,0.,0.205,0.073,0.,0.073,0.107,0.,0.107,0.018,0.,0.018
128,0,128,259,3,128,,,,,,,,,,0.127,0.003,0.123,,,,,,
129,0,129,261,3,129,,,,,,,,,,0.129,0.,0.129,0.251,0.,0.251,,,
129,1,43,265,7,129,0.071,0.,0.071,0.069,0.,0.069,,,,0.117,0.,0.117,0.209,0.,0.209,0.148,0.,0.148
130,0,130,263,3,130,0.134,0.,0.134,,,,,,,0.143,0.,0.143,,,,0.201,0.,0.201
131,0,131,265,3,131,,,,,,,,,,0.138,0.,0.138,,,,,,
132,0,132,267,3,132,,,,,,,,,,0.141,0.,0.141,,,,,,
132,1,44,271,7,132,,,,,,,0.318,0.003,0.315,0.122,0.,0.122,,,,,,
133,0,133,269,3,133,0.108,0.,0.108,0.25,0.,0.25,,,,0.145,0.,0.145,,,,0.218,0.,0.218
133,2,19,281,15,133,0.053,0.,0.053,0.05,0.,0.05,,,,0.095,0.,0.095,0.172,0.,0.172,0.093,0.,0.093
134,0,134,271,3,134,,,,,,,,,,0.153,0.,0.153,,,,,,
135,0,135,273,3,135,,,,,,,,,,0.151,0.003,0.147,,,,,,
135,1,45,277,7,135,0.079,0.,0.079,0.078,0.,0.078,,,,0.123,0.003,0.119,,,,0.16,0.,0.16
135,3,9,301,31,135,0.032,0.,0.032,0.047,0.,0.047,0.366,0.,0.366,0.074,0.,0.074,0.244,0.,0.244,0.066,0.003,0.063
136,0,136,275,3,136,0.12,0.,0.12,,,,,,,0.148,0.003,0.144,,,,0.218,0.,0.218
137,0,137,277,3,137,,,,,,,,,,0.151,0.003,0.147,,,,,,
138,0,138,279,3,138,,,,,,,,,,0.166,0.003,0.162,,,,,,
138,1,46,283,7,138,,,,,,,,,,0.122,0.,0.122,,,,0.167,0.,0.165
139,0,139,281,3,139,0.113,0.,0.113,0.143,0.,0.143,,,,0.17,0.003,0.166,,,,,,
140,0,140,283,3,140,,,,,,,,,,0.16,0.,0.16,,,,,,
140,2,20,295,15,140,0.055,0.,0.055,0.051,0.,0.051,,,,0.099,0.,0.099,,,,0.12,0.,0.12
141,0,141,285,3,141,,,,,,,,,,0.17,0.003,0.166,,,,,,
141,1,47,289,7,141,0.086,0.,0.086,0.082,0.,0.082,,,,0.145,0.,0.145,,,,,,
142,0,142,287,3,142,0.144,0.,0.144,,,,,,,0.164,0.003,0.16,,,,,,
143,0,143,289,3,143,,,,,,,,,,0.163,0.003,0.159,,,,,,
144,0,144,291,3,144,,,,,,,,,,0.15,0.,0.15,,,,,,
144,1,48,295,7,144,,,,,,,,,,0.152,0.,0.152,,,,,,
145,0,145,293,3,145,0.136,0.,0.136,0.132,0.,0.132,,,,0.15,0.003,0.146,,,,,,
146,0,146,295,3,146,,,,,,,,,,0.153,0.,0.153,,,,,,
147,0,147,297,3,147,,,,,,,,,,0.166,0.003,0.162,,,,,,
147,1,49,301,7,147,0.094,0.,0.094,0.09,0.,0.09,,,,0.147,0.,0.147,,,,,,
147,2,21,309,15,147,0.057,0.,0.057,0.057,0.,0.057,,,,0.115,0.,0.115,,,,,,
148,0,148,299,3,148,0.135,0.,0.135,,,,,,,0.183,0.007,0.175,,,,,,
149,0,149,301,3,149,,,,,,,,,,0.177,0.003,0.173,,,,,,
150,0,150,303,3,150,,,,,,,,,,0.182,0.,0.182,,,,,,
150,1,50,307,7,150,,,,,,,,,,0.154,0.,0.154,,,,,,
150,3,10,331,31,150,0.039,0.,0.039,0.037,0.,0.037,0.408,0.006,0.401,0.088,0.,0.088,0.225,0.,0.225,0.09,0.,0.09
151,0,151,305,3,151,0.14,0.,0.14,0.157,0.,0.157,,,,0.173,0.,0.173,,,,,,
152,0,152,307,3,152,,,,,,,,,,0.184,0.,0.184,,,,,,
153,0,153,309,3,153,,,,,,,,,,0.18,0.,0.18,,,,,,
153,1,51,313,7,153,0.104,0.,0.104,0.101,0.,0.101,,,,0.165,0.,0.165,,,,,,
154,0,154,311,3,154,0.138,0.,0.138,,,,,,,0.179,0.,0.179,,,,,,
154,2,22,323,15,154,0.064,0.,0.064,0.066,0.,0.066,,,,0.121,0.,0.121,,,,,,
155,0,155,313,3,155,,,,,,,,,,0.178,0.,0.178,,,,,,
155,4,5,373,63,155,0.025,0.,0.025,0.03,0.,0.03,0.413,0.,0.413,0.086,0.,0.086,0.161,0.003,0.157,0.063,0.,0.063
156,0,156,315,3,156,,,,,,,,,,0.181,0.,0.181,,,,,,
156,1,52,319,7,156,,,,,,,,,,0.175,0.,0.175,,,,,,
157,0,157,317,3,157,0.146,0.,0.146,0.177,0.,0.177,,,,0.181,0.,0.181,,,,,,
158,0,158,319,3,158,,,,,,,,,,0.227,0.,0.227,,,,,,
159,0,159,321,3,159,,,,,,,,,,0.192,0.003,0.188,,,,,,
159,1,53,325,7,159,0.112,0.,0.112,0.108,0.,0.108,,,,0.169,0.,0.169,,,,,,
160,0,160,323,3,160,0.161,0.,0.161,,,,,,,0.191,0.,0.191,,,,,,
161,0,161,325,3,161,,,,,,,,,,0.222,0.,0.222,0.345,0.,0.345,,,
161,2,23,337,15,161,0.068,0.,0.068,0.07,0.,0.07,,,,0.129,0.,0.129,,,,,,
162,0,162,327,3,162,,,,,,,,,,0.212,0.,0.212,,,,,,
162,1,54,331,7,162,,,,,,,,,,0.182,0.,0.182,,,,,,
163,0,163,329,3,163,0.158,0.,0.158,0.291,0.,0.291,,,,0.22,0.,0.22,,,,,,
164,0,164,331,3,164,,,,,,,,,,0.214,0.,0.214,,,,,,
165,0,165,333,3,165,,,,,,,,,,0.205,0.,0.205,,,,,,
165,1,55,337,7,165,0.113,0.,0.113,0.116,0.,0.116,,,,0.197,0.,0.197,,,,,,
165,3,11,361,31,165,0.043,0.,0.043,0.045,0.,0.045,0.468,0.,0.468,0.103,0.,0.103,0.211,0.003,0.207,0.096,0.,0.096
166,0,166,335,3,166,0.167,0.003,0.163,,,,,,,0.208,0.004,0.204,,,,,,
167,0,167,337,3,167,,,,,,,,,,0.216,0.003,0.212,,,,,,
168,0,168,339,3,168,,,,,,,,,,0.236,0.004,0.231,,,,,,
168,1,56,343,7,168,,,,,,,,,,0.186,0.,0.186,,,,,,
168,2,24,351,15,168,0.073,0.,0.073,0.078,0.,0.078,,,,0.133,0.,0.133,,,,,,
169,0,169,341,3,169,0.184,0.,0.184,0.174,0.,0.174,,,,0.23,0.004,0.226,,,,,,
170,0,170,343,3,170,0.204,0.,0.204,,,,,,,,,,,,,0.354,0.003,0.35
171,0,171,345,3,171,,,,0.184,0.,0.184,,,,,,,,,,,,
171,1,57,349,7,171,0.122,0.,0.122,0.119,0.,0.119,,,,0.187,0.,0.187,0.336,0.,0.335,0.246,0.,0.246
175,2,25,365,15,175,0.073,0.,0.073,0.08,0.,0.08,,,,0.151,0.,0.151,0.283,0.,0.283,,,
180,3,12,391,31,180,0.068,0.016,0.05,0.07,0.,0.07,0.533,0.004,0.528,0.123,0.,0.123,0.368,0.,0.368,0.204,0.,0.204
182,2,26,379,15,182,,,,,,,,,,,,,,,,0.191,0.003,0.188
186,4,6,435,63,186,0.036,0.,0.036,0.037,0.,0.037,,,,0.116,0.,0.116,,,,0.073,0.,0.073
189,5,3,505,127,189,0.025,0.,0.025,0.026,0.,0.026,,,,0.108,0.,0.108,0.181,0.002,0.178,0.044,0.,0.044
193,0,193,389,3,193,,,,,,,,,,,,,0.489,0.003,0.485,,,
195,3,13,421,31,195,,,,0.059,0.,0.059,0.617,0.011,0.605,,,,0.279,0.,0.279,0.149,0.,0.149
197,0,197,397,3,197,,,,,,,,,,0.273,0.,0.273,,,,,,
199,0,199,401,3,199,0.251,0.,0.251,,,,,,,,,,,,,,,
200,0,200,403,3,200,,,,0.236,0.,0.236,,,,,,,,,,,,
204,0,204,411,3,204,,,,,,,,,,,,,,,,0.471,0.003,0.467
204,1,68,415,7,204,,,,,,,,,,0.278,0.,0.278,,,,0.354,0.004,0.35
207,1,69,421,7,207,0.167,0.,0.167,,,,,,,,,,,,,,,
210,2,30,435,15,210,,,,,,,,,,0.203,0.,0.203,,,,,,
210,3,14,451,31,210,,,,0.067,0.,0.067,0.683,0.003,0.679,,,,0.447,0.,0.447,0.132,0.,0.132
213,1,71,433,7,213,,,,,,,,,,,,,0.496,0.,0.496,,,
216,1,72,439,7,216,,,,0.2,0.,0.2,,,,,,,,,,,,
217,2,31,449,15,217,0.111,0.,0.111,,,,,,,,,,0.423,0.,0.423,,,
217,4,7,497,63,217,,,,,,,0.75,0.,0.75,0.15,0.,0.15,0.255,0.,0.255,0.1,0.,0.1
224,2,32,463,15,224,,,,,,,,,,,,,,,,0.285,0.,0.285
225,0,225,453,3,225,,,,,,,,,,0.355,0.,0.355,0.642,0.003,0.638,,,
225,3,15,481,31,225,,,,0.189,0.,0.189,0.792,0.003,0.788,0.212,0.,0.212,0.381,0.,0.381,0.164,0.002,0.162
228,0,228,459,3,228,0.314,0.,0.314,,,,,,,,,,,,,,,
229,0,229,461,3,229,,,,0.33,0.004,0.326,,,,,,,,,,,,
231,2,33,477,15,231,,,,0.13,0.,0.13,,,,,,,,,,,,
237,1,79,481,7,237,,,,,,,,,,0.322,0.,0.321,,,,0.493,0.,0.493
238,0,238,479,3,238,,,,,,,,,,,,,,,,0.623,0.,0.623
240,3,16,511,31,240,0.091,0.,0.089,0.115,0.,0.115,0.912,0.003,0.908,,,,0.413,0.,0.413,0.324,0.,0.324
243,1,81,493,7,243,0.227,0.,0.227,,,,,,,,,,,,,,,
245,2,35,505,15,245,,,,,,,,,,0.297,0.002,0.294,,,,,,
248,4,8,559,63,248,0.061,0.,0.061,,,,,,,0.187,0.,0.187,,,,0.116,0.,0.116
252,5,4,631,127,252,0.039,0.,0.039,0.035,0.,0.035,,,,0.163,0.,0.163,0.283,0.004,0.279,0.087,0.,0.087
253,0,253,509,3,253,,,,,,,,,,0.448,0.,0.448,,,,,,
254,6,2,763,255,254,0.028,0.,0.028,0.029,0.,0.029,,,,0.155,0.,0.155,0.269,0.003,0.265,0.059,0.,0.059
255,1,85,517,7,255,,,,,,,,,,,,,0.715,0.004,0.711,,,
255,3,17,541,31,255,,,,0.102,0.,0.102,1.05,0.007,1.042,,,,0.424,0.,0.424,0.23,0.,0.229
255,7,1,1021,511,255,0.032,0.,0.032,0.019,0.,0.019,0.6,0.003,0.596,0.167,0.,0.167,0.262,0.003,0.258,0.043,0.,0.043
257,0,257,517,3,257,0.385,0.003,0.381,,,,,,,,,,0.803,0.,0.803,,,
258,0,258,519,3,258,,,,0.41,0.003,0.406,,,,,,,,,,,,
259,2,37,533,15,259,0.161,0.,0.161,,,,,,,,,,0.584,0.,0.584,,,
261,1,87,529,7,261,,,,0.277,0.003,0.273,,,,,,,,,,,,
266,2,38,547,15,266,,,,,,,,,,,,,,,,0.375,0.,0.375
270,1,90,547,7,270,,,,,,,,,,0.416,0.,0.416,,,,0.6,0.004,0.596
270,3,18,571,31,270,,,,0.125,0.,0.124,,,,0.266,0.,0.266,0.483,0.,0.483,0.223,0.,0.223
279,1,93,565,7,279,0.292,0.,0.292,,,,,,,,,,,,,,,
279,4,9,621,63,279,,,,0.068,0.,0.068,,,,0.227,0.,0.227,0.401,0.,0.401,,,
280,2,40,575,15,280,,,,,,,,,,0.364,0.,0.364,,,,,,
281,0,281,565,3,281,,,,,,,,,,0.545,0.003,0.54,,,,,,
283,0,283,569,3,283,0.636,0.,0.635,,,,,,,,,,,,,,,
285,3,19,601,31,285,,,,0.139,0.,0.139,,,,,,,0.55,0.,0.55,0.376,0.,0.376
286,0,286,575,3,286,0.48,0.003,0.476,,,,,,,,,,,,,,,
287,0,287,577,3,287,,,,0.505,0.,0.505,,,,,,,,,,,,
287,2,41,589,15,287,,,,0.193,0.003,0.189,,,,,,,,,,,,
288,0,288,579,3,288,,,,,,,,,,0.753,0.007,0.745,,,,,,
300,3,20,631,31,300,0.129,0.003,0.125,0.232,0.,0.232,,,,,,,0.601,0.004,0.597,0.274,0.,0.274
301,2,43,617,15,301,0.218,0.003,0.214,,,,,,,,,,,,,,,
303,1,101,613,7,303,,,,,,,,,,0.52,0.,0.52,,,,,,
306,1,102,619,7,306,,,,0.355,0.,0.355,,,,,,,,,,,,
309,0,309,621,3,309,,,,,,,,,,0.658,0.003,0.654,,,,,,
310,4,10,683,63,310,0.086,0.,0.086,0.081,0.,0.081,,,,0.26,0.,0.26,,,,,,
315,0,315,633,3,315,0.56,0.,0.56,,,,,,,,,,,,,,,
315,1,105,637,7,315,0.375,0.,0.375,,,,,,,,,,,,,,,
315,2,45,645,15,315,,,,,,,,,,0.455,0.,0.455,,,,,,
315,3,21,661,31,315,,,,0.183,0.002,0.181,,,,0.374,0.,0.374,0.639,0.003,0.635,0.371,0.,0.371
315,5,5,757,127,315,0.057,0.,0.057,0.051,0.,0.051,,,,0.244,0.,0.244,,,,0.118,0.,0.118
316,0,316,635,3,316,,,,0.622,0.,0.622,,,,,,,,,,,,
330,3,22,691,31,330,,,,0.177,0.,0.177,,,,,,,0.705,0.003,0.701,0.329,0.,0.329
336,1,112,679,7,336,,,,,,,,,,0.67,0.,0.67,,,,,,
337,0,337,677,3,337,,,,,,,,,,0.815,0.,0.815,,,,,,
341,4,11,745,63,341,0.095,0.,0.095,,,,,,,0.312,0.,0.312,,,,,,
342,0,342,687,3,342,,,,0.649,0.,0.649,,,,,,,,,,,,
343,2,49,701,15,343,0.283,0.,0.283,0.294,0.003,0.29,,,,0.534,0.,0.534,,,,,,
345,3,23,721,31,345,,,,0.286,0.,0.286,,,,,,,0.762,0.004,0.758,0.373,0.,0.373
350,2,50,715,15,350,,,,,,,,,,0.559,0.,0.558,,,,,,
357,2,51,729,15,357,,,,,,,,,,0.566,0.,0.565,,,,,,
360,3,24,751,31,360,,,,0.209,0.,0.209,,,,,,,0.828,0.,0.828,0.393,0.,0.393
364,2,52,743,15,364,,,,,,,,,,0.581,0.,0.581,,,,,,
371,2,53,757,15,371,,,,,,,,,,0.642,0.,0.642,,,,,,
372,4,12,807,63,372,0.112,0.,0.112,0.116,0.,0.116,,,,,,,,,,,,
375,3,25,781,31,375,,,,0.212,0.007,0.204,,,,,,,0.904,0.007,0.896,0.425,0.,0.425
378,2,54,771,15,378,,,,,,,,,,0.593,0.,0.593,,,,,,
378,5,6,883,127,378,0.078,0.,0.078,,,,,,,0.28,0.,0.279,,,,0.161,0.,0.161
381,6,3,1017,255,381,,,,0.051,0.002,0.048,,,,,,,0.479,0.004,0.475,0.107,0.,0.107
385,0,385,773,3,385,,,,,,,,,,,,,1.73,0.004,1.726,,,
385,2,55,785,15,385,,,,,,,,,,0.735,0.,0.734,1.206,0.,1.206,,,
390,3,26,811,31,390,,,,0.264,0.,0.263,,,,,,,0.988,0.004,0.984,0.477,0.,0.477
392,2,56,799,15,392,,,,,,,,,,0.634,0.,0.634,,,,,,
399,2,57,813,15,399,,,,,,,,,,0.655,0.,0.655,,,,,,
403,4,13,869,63,403,0.133,0.,0.133,,,,,,,,,,0.756,0.003,0.752,,,
405,3,27,841,31,405,,,,0.235,0.,0.235,,,,,,,,,,0.477,0.,0.477
406,2,58,827,15,406,,,,,,,,,,0.717,0.,0.717,,,,,,
413,2,59,841,15,413,,,,,,,,,,0.737,0.,0.737,,,,,,
420,2,60,855,15,420,,,,,,,,,,0.747,0.,0.747,,,,,,
420,3,28,871,31,420,,,,0.247,0.,0.247,,,,,,,,,,0.522,0.003,0.518
427,0,427,857,3,427,,,,1.01,0.011,0.998,,,,,,,,,,,,
427,2,61,869,15,427,0.448,0.,0.448,0.438,0.004,0.434,,,,0.907,0.,0.906,,,,,,
434,2,62,883,15,434,,,,,,,,,,0.841,0.,0.841,,,,,,
434,4,14,931,63,434,0.163,0.,0.163,0.149,0.,0.149,,,,0.467,0.,0.467,,,,0.369,0.,0.369
435,3,29,901,31,435,,,,0.27,0.,0.27,,,,,,,,,,0.572,0.,0.572
441,2,63,897,15,441,,,,,,,,,,0.804,0.,0.804,,,,,,
441,5,7,1009,127,441,0.098,0.004,0.094,,,,,,,0.391,0.,0.391,,,,,,
448,2,64,911,15,448,,,,,,,,,,0.866,0.,0.866,,,,,,
450,3,30,931,31,450,,,,0.292,0.,0.292,,,,,,,,,,0.642,0.,0.642
455,2,65,925,15,455,,,,,,,,,,0.859,0.,0.859,,,,,,
462,2,66,939,15,462,,,,,,,,,,0.91,0.,0.91,,,,,,
465,3,31,961,31,465,,,,0.323,0.,0.323,,,,,,,,,,0.662,0.004,0.658
465,4,15,993,63,465,0.177,0.,0.177,,,,,,,,,,,,,,,
469,2,67,953,15,469,,,,,,,,,,0.902,0.002,0.899,,,,,,
476,2,68,967,15,476,,,,,,,,,,1.022,0.,1.022,,,,,,
480,3,32,991,31,480,,,,0.321,0.,0.321,,,,,,,,,,0.706,0.,0.706
483,2,69,981,15,483,,,,,,,,,,1.017,0.018,0.998,,,,,,
490,2,70,995,15,490,,,,,,,,,,1.003,0.016,0.987,,,,,,
495,3,33,1021,31,495,,,,0.328,0.003,0.324,,,,,,,,,,0.731,0.011,0.719
496,4,16,1055,63,496,0.196,0.,0.196,0.196,0.007,0.187,,,,,,,,,,0.459,0.,0.459
497,2,71,1009,15,497,,,,,,,,,,1.03,0.003,1.026,,,,,,
504,2,72,1023,15,504,,,,,,,,,,1.309,0.,1.309,,,,,,
504,5,8,1135,127,504,0.132,0.,0.132,,,,,,,0.503,0.,0.503,,,,,,
505,0,505,1013,3,505,,,,,,,,,,1.704,0.012,1.689,,,,,,
508,0,508,1019,3,508,1.429,0.,1.429,,,,,,,,,,,,,,,
508,6,4,1271,255,508,,,,0.074,0.,0.074,,,,,,,0.691,0.,0.691,,,
510,3,34,1051,31,510,,,,0.361,0.003,0.357,,,,,,,,,,0.803,0.,0.803
511,2,73,1037,15,511,,,,0.597,0.,0.597,,,,,,,2.028,0.,2.027,,,
511,8,1,2045,1023,511,0.06,0.,0.06,0.048,0.,0.048,,,,0.481,0.,0.481,0.663,0.,0.663,0.104,0.,0.104
512,0,512,1027,3,512,,,,1.479,0.011,1.467,,,,,,,,,,,,
513,0,513,1029,3,513,,,,,,,,,,,,,2.958,0.,2.957,,,
525,3,35,1081,31,525,,,,0.38,0.,0.38,,,,,,,,,,0.836,0.,0.836
527,4,17,1117,63,527,0.215,0.,0.214,0.228,0.,0.228,,,,0.636,0.003,0.632,,,,,,
540,3,36,1111,31,540,,,,0.41,0.003,0.406,,,,,,,,,,0.89,0.,0.89
541,0,541,1085,3,541,,,,,,,,,,,,,,,,3.295,0.011,3.283
555,3,37,1141,31,555,,,,0.421,0.003,0.417,,,,,,,,,,,,
558,4,18,1179,63,558,,,,0.253,0.,0.253,,,,,,,,,,,,
565,0,565,1133,3,565,2.158,0.012,2.145,,,,,,,,,,,,,,,
567,5,9,1261,127,567,,,,,,,,,,,,,1.125,0.003,1.121,0.338,0.,0.338
570,3,38,1171,31,570,,,,0.463,0.004,0.458,,,,,,,,,,,,
575,0,575,1153,3,575,,,,,,,,,,2.968,0.028,2.939,,,,,,
589,4,19,1241,63,589,0.28,0.,0.28,0.275,0.003,0.271,,,,0.846,0.004,0.842,,,,,,
590,0,590,1183,3,590,,,,,,,,,,2.43,0.008,2.421,,,,,,
593,0,593,1189,3,593,1.832,0.,1.831,,,,,,,,,,,,,,,
620,4,20,1303,63,620,,,,0.303,0.,0.303,,,,,,,,,,,,
651,4,21,1365,63,651,0.325,0.,0.325,0.34,0.,0.34,,,,0.901,0.,0.901,,,,,,
674,0,674,1351,3,674,,,,,,,,,,3.124,0.003,3.12,,,,,,
677,0,677,1357,3,677,2.537,0.007,2.529,,,,,,,,,,,,,,,
682,4,22,1427,63,682,,,,0.384,0.003,0.38,,,,,,,,,,,,
683,0,683,1369,3,683,,,,2.629,0.,2.629,,,,,,,,,,,,
693,5,11,1513,127,693,0.209,0.,0.209,0.202,0.,0.202,,,,0.784,0.008,0.776,,,,,,
769,0,769,1541,3,769,,,,,,,,,,,,,6.389,0.,6.388,,,
811,0,811,1625,3,811,,,,,,,,,,,,,,,,6.872,0.004,6.867
819,5,13,1765,127,819,,,,,,,,,,,,,2.062,0.011,2.049,0.687,0.003,0.683
1008,5,16,2143,127,1008,0.438,0.008,0.43,0.429,0.,0.428,,,,1.727,0.007,1.719,,,,,,
1011,0,1011,2025,3,1011,,,,,,,,,,6.87,0.104,6.763,,,,,,
1016,0,1016,2035,3,1016,5.547,0.012,5.534,,,,,,,,,,,,,,,
1023,9,1,4093,2047,1023,0.13,0.,0.13,0.09,0.,0.09,,,,1.299,0.,1.299,1.764,0.,1.764,0.186,0.004,0.182
1024,0,1024,2051,3,1024,,,,5.656,0.,5.655,,,,,,,,,,,,
1025,0,1025,2053,3,1025,,,,,,,,,,,,,11.042,0.004,11.037,,,
1071,5,17,2269,127,1071,,,,,,,,,,,,,,,,1.15,0.,1.15
1081,0,1081,2165,3,1081,,,,,,,,,,,,,,,,11.947,0.015,11.93
1323,5,21,2773,127,1323,0.701,0.,0.701,0.75,0.,0.75,,,,2.728,0.,2.728,,,,,,
1365,0,1365,2733,3,1365,,,,9.951,0.023,9.926,,,,,,,,,,,,