param-n abstract-regression-cubic-real abstract-regression-cubic-sys abstract-regression-cubic-user close-abstract-regression-cubic-real close-abstract-regression-cubic-sys close-abstract-regression-cubic-user fast-rewrite-regression-cubic-real fast-rewrite-regression-cubic-sys fast-rewrite-regression-cubic-user pose-build-and-refine-regression-cubic-real pose-build-and-refine-regression-cubic-sys pose-build-and-refine-regression-cubic-user refine-regression-quadratic-regression-linear-real refine-regression-quadratic-regression-linear-sys refine-regression-quadratic-regression-linear-user
1 0. 0. 0. 0. 0. 0. 0. 0. 0. 0. 0. 0. 0. 0. 0.
2 0. 0. 0. 0. 0. 0. 0. 0. 0. 0. 0. 0. 0. 0. 0.
3 0.002 0. 0.001 0. 0. 0. 0.001 0. 0.001 0.001 0. 0.001 0. 0. 0.
4 0.001 0. 0.001 0. 0. 0. 0.001 0. 0. 0.001 0. 0. 0. 0. 0.
5 0.001 0. 0.001 0. 0. 0. 0.001 0. 0.001 0.001 0. 0.001 0. 0. 0.
6 0.001 0.001 0. 0. 0. 0. 0.001 0.001 0. 0.001 0.001 0. 0. 0. 0.
7 0.002 0.001 0. 0. 0. 0. 0.001 0.001 0. 0.001 0.001 0. 0. 0. 0.
8 0.002 0. 0.002 0. 0. 0. 0.001 0. 0.001 0.001 0. 0.001 0. 0. 0.
9 0.003 0.002 0. 0.001 0. 0. 0.001 0.001 0. 0.001 0.001 0. 0. 0. 0.
10 0.066 0.015 0.051 0. 0. 0. 0.066 0.015 0.05 0.066 0.015 0.05 0. 0. 0.
11 0.002 0. 0.002 0. 0. 0. 0.001 0. 0.001 0.001 0. 0.001 0. 0. 0.
12 0.002 0. 0.002 0. 0. 0. 0.001 0. 0.001 0.001 0. 0.001 0. 0. 0.
13 0.002 0. 0.002 0. 0. 0. 0.001 0. 0.001 0.001 0. 0.001 0. 0. 0.
14 0.003 0. 0.003 0. 0. 0. 0.002 0. 0.002 0.002 0. 0.002 0. 0. 0.
15 0.003 0. 0.003 0. 0. 0. 0.002 0. 0.002 0.002 0. 0.002 0. 0. 0.
16 0.003 0. 0.003 0. 0. 0. 0.002 0. 0.002 0.002 0. 0.002 0. 0. 0.
17 0.003 0. 0.003 0. 0. 0. 0.002 0. 0.002 0.002 0. 0.002 0. 0. 0.
18 0.003 0.003 0. 0.001 0. 0. 0.002 0.002 0. 0.002 0.002 0. 0. 0. 0.
19 0.003 0. 0.003 0.001 0. 0.001 0.002 0. 0.002 0.002 0. 0.002 0. 0. 0.
20 0.004 0. 0.004 0.001 0. 0.001 0.002 0. 0.002 0.002 0. 0.002 0. 0. 0.
21 0.004 0. 0.004 0.001 0. 0.001 0.003 0. 0.003 0.003 0. 0.003 0. 0. 0.
22 0.004 0. 0.004 0.001 0. 0.001 0.003 0. 0.003 0.003 0. 0.003 0. 0. 0.
23 0.004 0. 0.004 0.001 0. 0.001 0.003 0. 0.003 0.003 0. 0.003 0. 0. 0.
24 0.005 0. 0.005 0.001 0. 0.001 0.003 0. 0.003 0.003 0. 0.003 0. 0. 0.
25 0.005 0. 0.005 0.001 0. 0.001 0.003 0. 0.003 0.003 0. 0.003 0. 0. 0.
26 0.007 0. 0.007 0.001 0. 0.001 0.005 0. 0.005 0.005 0. 0.005 0. 0. 0.
27 0.005 0. 0.005 0.001 0. 0.001 0.003 0. 0.003 0.003 0. 0.003 0. 0. 0.
28 0.005 0. 0.005 0.001 0. 0.001 0.003 0. 0.003 0.003 0. 0.003 0. 0. 0.
29 0.006 0. 0.006 0.001 0. 0.001 0.004 0. 0.004 0.004 0. 0.004 0. 0. 0.
30 0.006 0. 0.006 0.001 0. 0.001 0.004 0. 0.004 0.004 0. 0.004 0. 0. 0.
31 0.006 0. 0.006 0.002 0. 0.002 0.004 0. 0.004 0.004 0. 0.004 0. 0. 0.
32 0.006 0. 0.006 0.002 0. 0.002 0.004 0. 0.004 0.004 0. 0.004 0. 0. 0.
33 0.007 0. 0.007 0.002 0. 0.002 0.004 0. 0.004 0.004 0. 0.004 0. 0. 0.
34 0.007 0.002 0.005 0.002 0.002 0. 0.005 0. 0.005 0.005 0. 0.005 0. 0. 0.
35 0.007 0. 0.006 0.002 0. 0.002 0.005 0. 0.004 0.005 0. 0.004 0. 0. 0.
36 0.011 0.003 0.007 0.002 0. 0.002 0.005 0.003 0.001 0.005 0.003 0.001 0. 0. 0.
37 0.008 0. 0.008 0.002 0. 0.002 0.005 0. 0.005 0.005 0. 0.005 0. 0. 0.
38 0.008 0. 0.008 0.002 0. 0.002 0.005 0. 0.005 0.005 0. 0.005 0. 0. 0.
39 0.008 0. 0.008 0.002 0. 0.002 0.005 0. 0.005 0.005 0. 0.005 0. 0. 0.
40 0.008 0. 0.008 0.002 0. 0.002 0.005 0. 0.005 0.005 0. 0.005 0. 0. 0.
41 0.009 0. 0.009 0.002 0. 0.002 0.006 0. 0.006 0.005 0. 0.005 0. 0. 0.
42 0.009 0. 0.009 0.003 0. 0.003 0.006 0. 0.006 0.006 0. 0.006 0. 0. 0.
43 0.012 0. 0.012 0.003 0. 0.003 0.008 0. 0.008 0.008 0. 0.008 0. 0. 0.
44 0.01 0. 0.01 0.003 0. 0.003 0.006 0. 0.006 0.006 0. 0.006 0. 0. 0.
45 0.01 0. 0.01 0.003 0. 0.003 0.006 0. 0.006 0.006 0. 0.006 0. 0. 0.
46 0.01 0. 0.01 0.003 0. 0.003 0.006 0. 0.006 0.006 0. 0.006 0. 0. 0.
47 0.01 0. 0.01 0.003 0. 0.003 0.006 0. 0.006 0.006 0. 0.006 0. 0. 0.
48 0.011 0. 0.011 0.003 0. 0.003 0.007 0. 0.007 0.007 0. 0.007 0. 0. 0.
49 0.011 0. 0.011 0.003 0. 0.003 0.007 0. 0.007 0.007 0. 0.007 0. 0. 0.
50 0.016 0.004 0.012 0.004 0. 0.004 0.011 0.003 0.007 0.011 0.003 0.007 0. 0. 0.
51 0.017 0. 0.017 0.003 0. 0.003 0.007 0. 0.007 0.007 0. 0.007 0. 0. 0.
52 0.012 0. 0.012 0.004 0. 0.004 0.007 0. 0.007 0.007 0. 0.007 0. 0. 0.
53 0.012 0. 0.012 0.004 0. 0.004 0.008 0. 0.008 0.008 0. 0.008 0. 0. 0.
54 0.013 0. 0.013 0.004 0. 0.004 0.008 0. 0.008 0.008 0. 0.008 0. 0. 0.
55 0.013 0. 0.013 0.004 0. 0.004 0.008 0. 0.008 0.008 0. 0.008 0. 0. 0.
56 0.015 0. 0.015 0.004 0. 0.004 0.01 0. 0.01 0.01 0. 0.01 0. 0. 0.
57 0.013 0. 0.013 0.004 0. 0.004 0.008 0. 0.008 0.008 0. 0.008 0. 0. 0.
58 0.014 0. 0.014 0.004 0. 0.004 0.008 0. 0.008 0.008 0. 0.008 0. 0. 0.
59 0.014 0. 0.014 0.005 0. 0.005 0.008 0. 0.008 0.008 0. 0.008 0. 0. 0.
60 0.015 0.002 0.012 0.005 0.002 0.003 0.008 0. 0.008 0.008 0. 0.008 0. 0. 0.
61 0.021 0. 0.02 0.005 0. 0.005 0.015 0. 0.015 0.015 0. 0.015 0. 0. 0.
62 0.015 0. 0.015 0.005 0. 0.005 0.009 0. 0.009 0.009 0. 0.009 0. 0. 0.
63 0.015 0. 0.015 0.005 0. 0.005 0.009 0. 0.009 0.009 0. 0.009 0. 0. 0.
64 0.015 0. 0.015 0.005 0. 0.005 0.009 0. 0.009 0.009 0. 0.009 0. 0. 0.
65 0.016 0. 0.016 0.006 0. 0.006 0.009 0. 0.009 0.009 0. 0.009 0. 0. 0.
66 0.018 0. 0.018 0.006 0. 0.006 0.011 0. 0.011 0.011 0. 0.011 0. 0. 0.
67 0.017 0. 0.017 0.006 0. 0.006 0.01 0. 0.01 0.01 0. 0.01 0. 0. 0.
68 0.018 0. 0.018 0.006 0. 0.006 0.01 0. 0.01 0.01 0. 0.01 0. 0. 0.
69 0.018 0. 0.018 0.006 0. 0.006 0.01 0. 0.01 0.01 0. 0.01 0. 0. 0.
70 0.021 0. 0.021 0.007 0. 0.007 0.013 0. 0.013 0.013 0. 0.013 0. 0. 0.
71 0.018 0. 0.018 0.007 0. 0.007 0.01 0. 0.01 0.01 0. 0.01 0. 0. 0.
72 0.019 0. 0.019 0.007 0. 0.007 0.011 0. 0.011 0.011 0. 0.011 0. 0. 0.
73 0.021 0. 0.021 0.007 0. 0.007 0.013 0. 0.013 0.013 0. 0.013 0. 0. 0.
74 0.021 0. 0.021 0.007 0. 0.007 0.013 0. 0.013 0.013 0. 0.013 0. 0. 0.
75 0.02 0. 0.02 0.007 0. 0.007 0.011 0. 0.011 0.011 0. 0.011 0. 0. 0.
76 0.02 0. 0.02 0.008 0. 0.008 0.011 0. 0.011 0.011 0. 0.011 0. 0. 0.
77 0.021 0. 0.021 0.007 0. 0.007 0.012 0. 0.012 0.012 0. 0.012 0. 0. 0.
78 0.021 0. 0.021 0.008 0. 0.008 0.012 0. 0.012 0.012 0. 0.012 0. 0. 0.
79 0.021 0. 0.021 0.008 0. 0.008 0.012 0. 0.012 0.012 0. 0.012 0. 0. 0.
80 0.021 0. 0.021 0.008 0. 0.008 0.012 0. 0.012 0.012 0. 0.012 0. 0. 0.
81 0.024 0. 0.024 0.009 0. 0.009 0.015 0. 0.015 0.015 0. 0.015 0. 0. 0.
82 0.022 0. 0.022 0.008 0. 0.008 0.012 0. 0.012 0.012 0. 0.012 0. 0. 0.
83 0.023 0. 0.023 0.009 0. 0.009 0.013 0. 0.013 0.013 0. 0.013 0.001 0. 0.001
84 0.029 0. 0.029 0.015 0. 0.015 0.013 0. 0.013 0.013 0. 0.013 0.001 0. 0.001
85 0.024 0. 0.024 0.01 0. 0.01 0.013 0. 0.013 0.013 0. 0.013 0. 0. 0.
86 0.024 0. 0.024 0.01 0. 0.01 0.013 0. 0.013 0.013 0. 0.013 0. 0. 0.
87 0.024 0. 0.024 0.01 0. 0.01 0.013 0. 0.013 0.013 0. 0.013 0.001 0. 0.001
88 0.026 0. 0.026 0.01 0. 0.01 0.015 0. 0.015 0.015 0. 0.015 0.001 0. 0.001
89 0.025 0. 0.025 0.01 0. 0.01 0.014 0. 0.014 0.014 0. 0.014 0.001 0. 0.001
90 0.026 0. 0.026 0.011 0. 0.011 0.014 0. 0.014 0.014 0. 0.014 0.001 0. 0.001
91 0.029 0. 0.029 0.012 0. 0.012 0.016 0. 0.016 0.016 0. 0.016 0.001 0. 0.001
92 0.027 0. 0.027 0.011 0. 0.011 0.015 0. 0.015 0.015 0. 0.015 0.001 0. 0.001
93 0.028 0. 0.028 0.012 0. 0.012 0.015 0. 0.015 0.015 0. 0.015 0.001 0. 0.001
94 0.029 0. 0.029 0.012 0. 0.012 0.016 0. 0.016 0.016 0. 0.016 0.001 0. 0.001
95 0.028 0. 0.028 0.012 0. 0.012 0.015 0. 0.015 0.015 0. 0.015 0.001 0. 0.001
96 0.031 0. 0.031 0.015 0. 0.015 0.015 0. 0.015 0.015 0. 0.015 0.001 0. 0.001
97 0.029 0. 0.029 0.012 0. 0.012 0.016 0. 0.016 0.016 0. 0.016 0.001 0. 0.001
98 0.03 0. 0.03 0.013 0. 0.013 0.016 0. 0.016 0.016 0. 0.016 0.001 0. 0.001
99 0.033 0. 0.033 0.016 0. 0.016 0.016 0. 0.016 0.016 0. 0.016 0.001 0. 0.001
100 0.097 0.019 0.077 0.014 0. 0.014 0.082 0.019 0.063 0.082 0.019 0.063 0.001 0. 0.
110 0.036 0. 0.036 0.017 0. 0.017 0.018 0. 0.018 0.018 0. 0.018 0.001 0. 0.001
120 0.042 0. 0.042 0.021 0. 0.021 0.02 0. 0.02 0.02 0. 0.02 0.001 0. 0.001
130 0.067 0. 0.067 0.025 0. 0.025 0.036 0. 0.036 0.036 0. 0.036 0.001 0. 0.001
140 0.071 0. 0.071 0.03 0. 0.03 0.039 0. 0.039 0.039 0. 0.039 0.001 0. 0.001
150 0.076 0. 0.076 0.037 0. 0.037 0.039 0. 0.039 0.039 0. 0.039 0.001 0. 0.001
160 0.096 0. 0.096 0.043 0. 0.043 0.051 0. 0.051 0.051 0. 0.051 0.001 0. 0.001
170 0.111 0.003 0.108 0.05 0. 0.05 0.06 0.003 0.057 0.06 0.003 0.056 0.001 0. 0.001
180 0.128 0.004 0.124 0.061 0. 0.061 0.066 0.004 0.062 0.066 0.004 0.062 0.001 0. 0.001
190 0.147 0. 0.147 0.068 0. 0.068 0.078 0. 0.078 0.078 0. 0.078 0.002 0. 0.002
200 0.163 0.003 0.16 0.08 0. 0.08 0.083 0.003 0.079 0.083 0.003 0.079 0.002 0. 0.001
210 0.183 0.007 0.176 0.091 0.003 0.087 0.091 0.003 0.087 0.091 0.003 0.087 0.002 0. 0.002
220 0.177 0. 0.177 0.101 0. 0.101 0.075 0. 0.075 0.075 0. 0.075 0.002 0. 0.002
230 0.2 0. 0.2 0.114 0. 0.114 0.085 0. 0.085 0.085 0. 0.085 0.002 0. 0.002
240 0.227 0.003 0.223 0.132 0.003 0.129 0.093 0. 0.093 0.093 0. 0.093 0.002 0. 0.002
250 0.274 0.004 0.269 0.15 0.004 0.147 0.123 0. 0.122 0.123 0. 0.122 0.003 0. 0.002
260 0.274 0.008 0.265 0.169 0. 0.168 0.103 0.007 0.095 0.103 0.007 0.095 0.002 0. 0.002
270 0.321 0.011 0.309 0.185 0. 0.185 0.135 0.011 0.123 0.135 0.011 0.123 0.003 0. 0.003
280 0.373 0. 0.373 0.214 0. 0.214 0.157 0. 0.157 0.157 0. 0.157 0.003 0. 0.003
290 0.388 0. 0.388 0.225 0. 0.225 0.161 0. 0.161 0.161 0. 0.161 0.003 0. 0.003
300 0.427 0.007 0.419 0.257 0. 0.257 0.169 0.007 0.161 0.169 0.007 0.161 0.003 0. 0.003
310 0.429 0.003 0.425 0.268 0. 0.268 0.159 0.003 0.155 0.159 0.003 0.155 0.003 0. 0.003
320 0.454 0.003 0.45 0.305 0. 0.305 0.148 0.003 0.144 0.148 0.003 0.144 0.003 0. 0.003
330 0.494 0.007 0.486 0.334 0. 0.334 0.158 0.007 0.15 0.158 0.007 0.15 0.003 0. 0.003
340 0.547 0. 0.547 0.36 0. 0.36 0.186 0. 0.185 0.185 0. 0.185 0.004 0. 0.004
350 0.594 0.003 0.591 0.397 0. 0.397 0.197 0.003 0.193 0.197 0.003 0.193 0.004 0. 0.004
360 0.663 0. 0.662 0.435 0. 0.435 0.226 0. 0.226 0.226 0. 0.226 0.004 0. 0.004
370 0.691 0. 0.691 0.463 0. 0.463 0.226 0. 0.226 0.226 0. 0.226 0.004 0. 0.004
380 0.7 0.003 0.696 0.505 0.003 0.501 0.193 0. 0.193 0.193 0. 0.193 0.004 0. 0.004
390 0.75 0. 0.75 0.543 0. 0.543 0.205 0. 0.205 0.205 0. 0.205 0.004 0. 0.004
400 0.8 0.008 0.791 0.583 0. 0.582 0.216 0.008 0.208 0.216 0.008 0.208 0.004 0. 0.004
500 1.524 0.008 1.516 1.154 0.008 1.146 0.368 0. 0.368 0.368 0. 0.368 0.005 0. 0.005
600 2.406 0.012 2.394 1.966 0. 1.965 0.439 0.012 0.427 0.439 0.012 0.427 0.007 0. 0.007
700 3.763 0. 3.762 3.142 0. 3.141 0.619 0. 0.619 0.619 0. 0.619 0.008 0. 0.008
800 5.232 0. 5.231 4.58 0. 4.58 0.65 0. 0.65 0.65 0. 0.65 0.009 0. 0.009
900 7.418 0.007 7.409 6.499 0.003 6.494 0.917 0.003 0.913 0.917 0.003 0.913 0.011 0. 0.011
1000 9.857 0.003 9.85 8.774 0.003 8.767 1.081 0. 1.081 1.081 0. 1.081 0.013 0. 0.013