param-n,fast-rewrite-regression-cubic-real,pose-build-and-refine-regression-cubic-real,refine-regression-quadratic-regression-linear-real
1,0.,0.,0.
2,0.001,0.001,0.
3,0.001,0.001,0.
4,0.,0.,0.
5,0.,0.,0.
6,0.001,0.001,0.
7,0.001,0.001,0.
8,0.001,0.001,0.
9,0.001,0.001,0.
10,0.001,0.001,0.
11,0.001,0.001,0.
12,0.001,0.001,0.
13,0.001,0.001,0.
14,0.002,0.002,0.
15,0.002,0.002,0.
16,0.002,0.002,0.
17,0.002,0.002,0.
18,0.002,0.002,0.
19,0.002,0.002,0.
20,0.002,0.002,0.
21,0.003,0.003,0.
22,0.003,0.003,0.
23,0.019,0.019,0.
24,0.003,0.003,0.
25,0.003,0.003,0.
26,0.003,0.003,0.
27,0.003,0.003,0.
28,0.004,0.004,0.
29,0.004,0.004,0.
30,0.004,0.004,0.
31,0.004,0.004,0.
32,0.004,0.004,0.
33,0.004,0.004,0.
34,0.005,0.005,0.
35,0.005,0.005,0.
36,0.005,0.005,0.
37,0.03,0.03,0.
38,0.005,0.005,0.
39,0.005,0.005,0.
40,0.006,0.005,0.
41,0.006,0.006,0.
42,0.006,0.006,0.
43,0.006,0.006,0.
44,0.006,0.006,0.
45,0.006,0.006,0.
46,0.007,0.007,0.
47,0.007,0.007,0.
48,0.007,0.007,0.
49,0.007,0.007,0.
50,0.011,0.011,0.001
51,0.007,0.007,0.
52,0.008,0.007,0.
53,0.008,0.008,0.
54,0.008,0.008,0.
55,0.008,0.008,0.
56,0.008,0.008,0.
57,0.008,0.008,0.
58,0.009,0.009,0.
59,0.009,0.009,0.
60,0.009,0.009,0.
61,0.009,0.009,0.
62,0.011,0.011,0.002
63,0.01,0.01,0.
64,0.01,0.01,0.
65,0.01,0.01,0.
66,0.01,0.01,0.
67,0.01,0.01,0.
68,0.01,0.01,0.
69,0.014,0.014,0.
70,0.011,0.011,0.
71,0.011,0.011,0.
72,0.011,0.011,0.
73,0.011,0.011,0.
74,0.014,0.014,0.
75,0.012,0.012,0.
76,0.012,0.012,0.
77,0.012,0.012,0.001
78,0.013,0.013,0.001
79,0.016,0.016,0.004
80,0.013,0.013,0.001
81,0.013,0.013,0.001
82,0.013,0.013,0.001
83,0.013,0.013,0.001
84,0.016,0.016,0.
85,0.014,0.014,0.001
86,0.014,0.014,0.001
87,0.014,0.014,0.001
88,0.014,0.014,0.001
89,0.019,0.019,0.001
90,0.015,0.015,0.001
91,0.015,0.015,0.001
92,0.015,0.015,0.001
93,0.018,0.018,0.001
94,0.016,0.016,0.001
95,0.016,0.016,0.001
96,0.016,0.016,0.001
97,0.021,0.021,0.001
98,0.017,0.017,0.001
99,0.017,0.017,0.001
100,0.084,0.084,0.001
110,0.019,0.019,0.001
120,0.023,0.023,0.001
130,0.041,0.041,0.001
140,0.041,0.041,0.001
150,0.04,0.04,0.001
160,0.052,0.052,0.001
170,0.059,0.059,0.001
180,0.065,0.065,0.002
190,0.073,0.073,0.002
200,0.084,0.084,0.002
210,0.084,0.084,0.002
220,0.086,0.086,0.002
230,0.08,0.08,0.002
240,0.088,0.088,0.002
250,0.12,0.12,0.002
260,0.1,0.1,0.003
270,0.108,0.108,0.003
280,0.116,0.116,0.003
290,0.156,0.156,0.003
300,0.157,0.157,0.003
310,0.169,0.169,0.003
320,0.176,0.175,0.003
330,0.178,0.178,0.003
340,0.154,0.153,0.004
350,0.205,0.205,0.004
360,0.173,0.173,0.004
370,0.181,0.181,0.004
380,0.194,0.194,0.004
390,0.247,0.247,0.004
400,0.207,0.207,0.004
410,0.257,0.257,0.004
420,0.242,0.242,0.005
430,0.231,0.231,0.005
440,0.239,0.239,0.005
450,0.267,0.267,0.005
460,0.316,0.316,0.005
470,0.303,0.303,0.005
480,0.273,0.273,0.005
490,0.285,0.285,0.005
500,0.313,0.313,0.006
510,0.378,0.378,0.006
520,0.343,0.343,0.006
530,0.323,0.323,0.006
540,0.335,0.335,0.006
550,0.422,0.422,0.006
560,0.395,0.395,0.006
570,0.367,0.367,0.007
580,0.396,0.396,0.007
590,0.477,0.477,0.007
600,0.416,0.416,0.007
610,0.411,0.411,0.007
620,0.496,0.496,0.007
630,0.484,0.484,0.007
640,0.443,0.443,0.007
650,0.532,0.532,0.007
660,0.52,0.52,0.008
670,0.485,0.485,0.008
680,0.586,0.586,0.008
690,0.531,0.531,0.008
700,0.534,0.534,0.008
710,0.649,0.649,0.008
720,0.544,0.544,0.008
730,0.62,0.62,0.009
740,0.646,0.646,0.009
750,0.589,0.589,0.009
760,0.716,0.716,0.009
770,0.61,0.61,0.009
780,0.72,0.72,0.009
790,0.663,0.663,0.009
800,0.716,0.716,0.009
810,0.738,0.738,0.01
820,0.716,0.716,0.01
830,0.791,0.791,0.01
840,0.716,0.716,0.01
850,0.872,0.872,0.01
860,0.746,0.746,0.01
870,0.881,0.881,0.01
880,0.773,0.773,0.01
890,0.909,0.909,0.011
900,0.852,0.852,0.011
910,0.899,0.899,0.011
920,0.904,0.904,0.011
930,0.914,0.914,0.011
940,0.955,0.955,0.011
950,0.925,0.925,0.011
960,1.027,1.027,0.011
970,0.924,0.924,0.012
980,1.063,1.063,0.012
990,1.012,1.012,0.012
1000,1.051,1.051,0.012
1100,1.292,1.292,0.014
1200,1.445,1.445,0.015
1300,1.643,1.643,0.016
1400,1.936,1.936,0.018
1500,2.224,2.224,0.019
1600,2.482,2.482,0.02
1700,2.845,2.845,0.021
1800,3.128,3.128,0.023
1900,3.467,3.467,0.024
2000,3.916,3.916,0.025
3000,8.477,8.477,0.04
4000,15.019,15.019,0.054
5000,23.25,23.25,0.074