param-n,abstract+autorewrite-regression-quadratic-real,abstract+autorewrite-regression-quadratic-sys,abstract+autorewrite-regression-quadratic-user,abstract+rewrite!-regression-quadratic-real,abstract+rewrite!-regression-quadratic-sys,abstract+rewrite!-regression-quadratic-user,autorewrite-noop-regression-linear-real,autorewrite-noop-regression-linear-sys,autorewrite-noop-regression-linear-user,autorewrite-regression-quadratic-real,autorewrite-regression-quadratic-sys,autorewrite-regression-quadratic-user,close-abstract+autorewrite-regression-quadratic-real,close-abstract+autorewrite-regression-quadratic-sys,close-abstract+autorewrite-regression-quadratic-user,close-abstract+rewrite!-regression-quadratic-real,close-abstract+rewrite!-regression-quadratic-sys,close-abstract+rewrite!-regression-quadratic-user,rewrite!-regression-quadratic-real,rewrite!-regression-quadratic-sys,rewrite!-regression-quadratic-user,rewrite?-noop-regression-linear-real,rewrite?-noop-regression-linear-sys,rewrite?-noop-regression-linear-user
1,0.001,0.,0.,0.,0.,0.,0.,0.,0.,0.,0.,0.,0.,0.,0.,0.,0.,0.,0.,0.,0.,0.,0.,0.
2,0.001,0.,0.001,0.001,0.,0.001,0.,0.,0.,0.,0.,0.,0.,0.,0.,0.,0.,0.,0.,0.,0.,0.,0.,0.
3,0.001,0.,0.001,0.001,0.,0.001,0.,0.,0.,0.001,0.,0.001,0.,0.,0.,0.,0.,0.,0.,0.,0.,0.,0.,0.
4,0.002,0.,0.002,0.001,0.,0.001,0.,0.,0.,0.001,0.,0.001,0.,0.,0.,0.,0.,0.,0.,0.,0.,0.,0.,0.
5,0.002,0.,0.002,0.002,0.,0.002,0.,0.,0.,0.001,0.,0.001,0.,0.,0.,0.,0.,0.,0.001,0.,0.001,0.,0.,0.
6,0.002,0.,0.002,0.003,0.,0.003,0.,0.,0.,0.001,0.,0.001,0.,0.,0.,0.,0.,0.,0.002,0.,0.002,0.,0.,0.
7,0.003,0.,0.003,0.003,0.,0.003,0.,0.,0.,0.002,0.,0.002,0.,0.,0.,0.,0.,0.,0.001,0.,0.001,0.,0.,0.
8,0.003,0.,0.003,0.003,0.,0.003,0.,0.,0.,0.002,0.,0.002,0.001,0.,0.001,0.001,0.,0.001,0.002,0.,0.002,0.,0.,0.
9,0.004,0.,0.004,0.004,0.,0.004,0.,0.,0.,0.002,0.,0.002,0.001,0.,0.001,0.001,0.,0.001,0.003,0.,0.003,0.,0.,0.
10,0.004,0.,0.004,0.004,0.,0.004,0.,0.,0.,0.003,0.,0.003,0.001,0.,0.001,0.001,0.,0.001,0.002,0.,0.002,0.,0.,0.
11,0.005,0.,0.005,0.005,0.,0.005,0.,0.,0.,0.003,0.,0.003,0.001,0.,0.001,0.001,0.,0.001,0.003,0.,0.003,0.,0.,0.
12,0.006,0.,0.006,0.006,0.,0.006,0.,0.,0.,0.004,0.,0.004,0.001,0.,0.001,0.001,0.,0.001,0.003,0.,0.003,0.,0.,0.
13,0.008,0.,0.008,0.006,0.,0.006,0.,0.,0.,0.005,0.,0.005,0.002,0.,0.002,0.002,0.,0.002,0.004,0.,0.004,0.,0.,0.
14,0.008,0.,0.008,0.007,0.,0.007,0.,0.,0.,0.005,0.,0.005,0.002,0.,0.002,0.002,0.,0.002,0.004,0.,0.004,0.,0.,0.
15,0.01,0.,0.01,0.009,0.,0.009,0.,0.,0.,0.006,0.,0.006,0.002,0.,0.002,0.002,0.,0.002,0.005,0.,0.005,0.,0.,0.
16,0.01,0.,0.01,0.009,0.,0.009,0.,0.,0.,0.006,0.,0.006,0.003,0.,0.003,0.002,0.,0.002,0.005,0.,0.005,0.,0.,0.
17,0.01,0.,0.01,0.011,0.,0.011,0.,0.,0.,0.006,0.,0.006,0.003,0.,0.003,0.003,0.,0.003,0.007,0.,0.007,0.,0.,0.
18,0.028,0.,0.028,0.028,0.,0.028,0.,0.,0.,0.023,0.,0.023,0.003,0.,0.003,0.02,0.,0.02,0.006,0.,0.006,0.,0.,0.
19,0.012,0.,0.012,0.012,0.,0.012,0.,0.,0.,0.007,0.,0.007,0.004,0.,0.004,0.004,0.,0.004,0.007,0.,0.007,0.,0.,0.
20,0.013,0.,0.013,0.012,0.,0.012,0.,0.,0.,0.007,0.,0.007,0.005,0.,0.005,0.004,0.,0.004,0.007,0.,0.007,0.,0.,0.
21,0.013,0.,0.013,0.014,0.,0.013,0.,0.,0.,0.008,0.,0.008,0.004,0.,0.004,0.004,0.,0.004,0.008,0.,0.008,0.,0.,0.
22,0.029,0.,0.029,0.015,0.,0.015,0.,0.,0.,0.008,0.,0.008,0.019,0.,0.019,0.005,0.,0.005,0.009,0.,0.009,0.,0.,0.
23,0.016,0.,0.016,0.028,0.,0.028,0.,0.,0.,0.01,0.,0.01,0.005,0.,0.005,0.005,0.,0.005,0.021,0.,0.021,0.,0.,0.
24,0.017,0.,0.017,0.017,0.,0.017,0.,0.,0.,0.01,0.,0.01,0.006,0.,0.006,0.006,0.,0.006,0.01,0.,0.01,0.,0.,0.
25,0.02,0.,0.02,0.018,0.,0.018,0.,0.,0.,0.012,0.,0.012,0.006,0.,0.006,0.007,0.,0.007,0.01,0.,0.01,0.,0.,0.
26,0.02,0.,0.02,0.022,0.,0.022,0.,0.,0.,0.012,0.,0.012,0.006,0.,0.006,0.008,0.,0.008,0.012,0.,0.012,0.,0.,0.
27,0.022,0.,0.022,0.021,0.,0.021,0.,0.,0.,0.012,0.,0.012,0.009,0.,0.009,0.008,0.,0.008,0.012,0.,0.012,0.,0.,0.
28,0.023,0.,0.023,0.021,0.,0.021,0.,0.,0.,0.013,0.,0.013,0.008,0.,0.008,0.007,0.,0.007,0.012,0.,0.012,0.,0.,0.
29,0.04,0.,0.04,0.04,0.,0.04,0.,0.,0.,0.031,0.,0.031,0.008,0.,0.008,0.009,0.,0.009,0.03,0.,0.03,0.,0.,0.
30,0.025,0.,0.025,0.031,0.,0.031,0.,0.,0.,0.014,0.,0.014,0.009,0.,0.009,0.014,0.,0.014,0.016,0.,0.016,0.,0.,0.
31,0.028,0.,0.028,0.027,0.,0.027,0.,0.,0.,0.017,0.,0.017,0.009,0.,0.009,0.01,0.,0.01,0.015,0.,0.015,0.,0.,0.
32,0.033,0.,0.033,0.028,0.,0.028,0.001,0.,0.001,0.02,0.,0.02,0.011,0.,0.011,0.01,0.,0.01,0.017,0.,0.017,0.,0.,0.
33,0.032,0.,0.031,0.03,0.,0.03,0.,0.,0.,0.019,0.,0.019,0.011,0.,0.011,0.012,0.,0.012,0.017,0.,0.017,0.,0.,0.
34,0.033,0.,0.033,0.034,0.,0.034,0.,0.,0.,0.018,0.,0.018,0.013,0.,0.013,0.014,0.,0.014,0.018,0.,0.018,0.,0.,0.
35,0.131,0.,0.131,0.136,0.,0.136,0.,0.,0.,0.116,0.,0.116,0.013,0.,0.013,0.115,0.,0.115,0.02,0.,0.02,0.,0.,0.
36,0.04,0.,0.04,0.035,0.,0.035,0.,0.,0.,0.022,0.,0.022,0.017,0.,0.017,0.013,0.,0.013,0.02,0.,0.02,0.,0.,0.
37,0.041,0.,0.041,0.038,0.,0.038,0.,0.,0.,0.024,0.,0.024,0.016,0.,0.016,0.016,0.,0.016,0.02,0.,0.02,0.001,0.,0.001
38,0.068,0.,0.068,0.039,0.,0.039,0.,0.,0.,0.024,0.,0.024,0.043,0.,0.043,0.016,0.,0.016,0.022,0.,0.022,0.,0.,0.
39,0.042,0.,0.042,0.065,0.,0.065,0.,0.,0.,0.023,0.,0.023,0.017,0.,0.017,0.016,0.,0.016,0.047,0.,0.047,0.,0.,0.
40,0.043,0.,0.043,0.044,0.,0.044,0.,0.,0.,0.025,0.,0.025,0.017,0.,0.017,0.019,0.,0.019,0.023,0.,0.023,0.,0.,0.
41,0.043,0.,0.043,0.045,0.,0.045,0.,0.,0.,0.025,0.,0.025,0.016,0.,0.016,0.018,0.,0.018,0.025,0.,0.025,0.,0.,0.
42,0.045,0.,0.045,0.047,0.,0.047,0.,0.,0.,0.026,0.,0.026,0.017,0.,0.017,0.018,0.,0.018,0.027,0.,0.027,0.,0.,0.
43,0.047,0.,0.047,0.049,0.,0.049,0.,0.,0.,0.027,0.,0.027,0.018,0.,0.018,0.02,0.,0.02,0.028,0.,0.028,0.,0.,0.
44,0.064,0.,0.064,0.064,0.,0.064,0.,0.,0.,0.043,0.,0.043,0.019,0.,0.019,0.02,0.,0.02,0.042,0.,0.042,0.,0.,0.
45,0.054,0.,0.054,0.06,0.,0.06,0.,0.,0.,0.032,0.,0.032,0.02,0.,0.02,0.025,0.,0.025,0.033,0.,0.033,0.,0.,0.
46,0.074,0.,0.074,0.082,0.,0.082,0.001,0.,0.001,0.05,0.,0.05,0.022,0.,0.022,0.04,0.,0.04,0.04,0.,0.04,0.,0.,0.
47,0.152,0.,0.152,0.156,0.,0.156,0.095,0.,0.095,0.031,0.,0.031,0.024,0.,0.024,0.12,0.,0.12,0.035,0.,0.035,0.,0.,0.
48,0.061,0.,0.061,0.057,0.,0.057,0.,0.,0.,0.033,0.,0.033,0.026,0.,0.026,0.023,0.,0.023,0.032,0.,0.032,0.,0.,0.
49,0.09,0.,0.09,0.061,0.,0.061,0.,0.,0.,0.034,0.,0.034,0.054,0.,0.054,0.026,0.,0.026,0.034,0.,0.034,0.,0.,0.
50,0.062,0.,0.062,0.066,0.,0.065,0.,0.,0.,0.034,0.,0.034,0.026,0.,0.026,0.027,0.,0.027,0.037,0.,0.037,0.,0.,0.
51,0.069,0.,0.069,0.065,0.,0.065,0.,0.,0.,0.039,0.,0.039,0.027,0.,0.027,0.027,0.,0.027,0.037,0.,0.037,0.,0.,0.
52,0.066,0.,0.066,0.073,0.,0.072,0.,0.,0.,0.037,0.,0.037,0.028,0.,0.028,0.03,0.,0.03,0.041,0.,0.04,0.,0.,0.
53,0.07,0.,0.07,0.073,0.,0.073,0.,0.,0.,0.041,0.,0.041,0.027,0.,0.027,0.031,0.,0.031,0.04,0.,0.04,0.,0.,0.
54,0.087,0.,0.087,0.084,0.,0.084,0.,0.,0.,0.054,0.,0.054,0.031,0.,0.031,0.029,0.,0.029,0.053,0.,0.053,0.,0.,0.
55,0.093,0.,0.093,0.078,0.,0.078,0.,0.,0.,0.042,0.,0.042,0.049,0.,0.049,0.03,0.,0.03,0.046,0.,0.046,0.,0.,0.
56,0.179,0.,0.179,0.192,0.,0.192,0.,0.,0.,0.143,0.,0.143,0.034,0.,0.034,0.129,0.,0.129,0.061,0.,0.061,0.,0.,0.
57,0.085,0.,0.085,0.081,0.002,0.078,0.,0.,0.,0.049,0.,0.049,0.035,0.,0.035,0.033,0.,0.033,0.046,0.002,0.044,0.,0.,0.
58,0.107,0.,0.107,0.106,0.,0.106,0.,0.,0.,0.069,0.,0.069,0.036,0.,0.036,0.035,0.,0.035,0.069,0.,0.069,0.,0.,0.
59,0.084,0.,0.084,0.087,0.,0.087,0.,0.,0.,0.048,0.,0.048,0.035,0.,0.035,0.036,0.,0.036,0.048,0.,0.048,0.,0.,0.
60,0.105,0.,0.105,0.09,0.,0.09,0.,0.,0.,0.051,0.,0.051,0.051,0.,0.051,0.036,0.,0.036,0.052,0.,0.052,0.,0.,0.
61,0.091,0.,0.091,0.11,0.,0.11,0.,0.,0.,0.051,0.,0.051,0.037,0.,0.037,0.04,0.,0.04,0.068,0.,0.068,0.,0.,0.
62,0.102,0.003,0.098,0.106,0.,0.106,0.,0.,0.,0.058,0.,0.058,0.041,0.003,0.038,0.044,0.,0.044,0.059,0.,0.059,0.001,0.,0.001
63,0.093,0.,0.093,0.1,0.,0.1,0.,0.,0.,0.052,0.,0.052,0.038,0.,0.038,0.041,0.,0.041,0.057,0.,0.057,0.,0.,0.
64,0.098,0.,0.098,0.099,0.,0.099,0.,0.,0.,0.054,0.,0.054,0.042,0.,0.042,0.04,0.,0.04,0.057,0.,0.057,0.,0.,0.
65,0.104,0.,0.104,0.097,0.,0.097,0.,0.,0.,0.061,0.,0.061,0.041,0.,0.041,0.039,0.,0.039,0.056,0.,0.056,0.,0.,0.
66,0.109,0.,0.109,0.107,0.003,0.103,0.,0.,0.,0.062,0.,0.062,0.045,0.,0.045,0.043,0.,0.043,0.062,0.003,0.058,0.,0.,0.
67,0.109,0.,0.109,0.113,0.,0.113,0.,0.,0.,0.062,0.,0.062,0.044,0.,0.044,0.049,0.,0.049,0.062,0.,0.062,0.,0.,0.
68,0.114,0.,0.113,0.116,0.,0.116,0.,0.,0.,0.066,0.,0.066,0.046,0.,0.046,0.046,0.,0.046,0.067,0.,0.067,0.,0.,0.
69,0.117,0.,0.117,0.124,0.,0.124,0.,0.,0.,0.068,0.,0.068,0.048,0.,0.048,0.052,0.,0.052,0.069,0.,0.069,0.001,0.,0.001
70,0.129,0.,0.129,0.123,0.,0.123,0.001,0.,0.001,0.07,0.,0.07,0.056,0.,0.056,0.051,0.,0.051,0.07,0.,0.07,0.,0.,0.
71,0.132,0.,0.132,0.125,0.,0.125,0.,0.,0.,0.078,0.,0.078,0.051,0.,0.051,0.053,0.,0.053,0.07,0.,0.07,0.,0.,0.
72,0.125,0.,0.125,0.122,0.,0.122,0.,0.,0.,0.072,0.,0.072,0.051,0.,0.051,0.05,0.,0.05,0.07,0.,0.07,0.,0.,0.
73,0.13,0.,0.13,0.124,0.,0.124,0.,0.,0.,0.074,0.,0.074,0.053,0.,0.053,0.053,0.,0.053,0.068,0.,0.068,0.,0.,0.
74,0.137,0.,0.137,0.129,0.003,0.125,0.,0.,0.,0.074,0.,0.074,0.061,0.,0.061,0.052,0.,0.052,0.075,0.003,0.071,0.,0.,0.
75,0.142,0.,0.142,0.142,0.,0.142,0.,0.,0.,0.079,0.,0.079,0.061,0.,0.061,0.057,0.,0.057,0.083,0.,0.083,0.,0.,0.
76,0.153,0.,0.153,0.134,0.,0.134,0.001,0.,0.001,0.088,0.,0.088,0.062,0.,0.062,0.055,0.,0.055,0.077,0.,0.077,0.,0.,0.
77,0.163,0.,0.163,0.147,0.,0.147,0.002,0.,0.001,0.089,0.,0.089,0.069,0.,0.069,0.059,0.,0.059,0.085,0.,0.085,0.,0.,0.
78,0.151,0.,0.151,0.159,0.,0.159,0.,0.,0.,0.081,0.,0.081,0.067,0.,0.067,0.067,0.,0.067,0.089,0.,0.089,0.001,0.,0.001
79,0.146,0.,0.146,0.153,0.,0.153,0.,0.,0.,0.081,0.,0.081,0.062,0.,0.062,0.065,0.,0.065,0.086,0.,0.086,0.,0.,0.
80,0.155,0.,0.155,0.152,0.003,0.148,0.001,0.,0.001,0.084,0.,0.084,0.068,0.,0.068,0.067,0.,0.067,0.083,0.003,0.079,0.,0.,0.
81,0.163,0.,0.163,0.165,0.,0.165,0.001,0.,0.001,0.091,0.,0.091,0.069,0.,0.069,0.073,0.,0.073,0.09,0.,0.09,0.001,0.,0.001
82,0.167,0.003,0.163,0.163,0.,0.163,0.001,0.,0.001,0.094,0.003,0.09,0.071,0.,0.071,0.075,0.,0.075,0.086,0.,0.086,0.001,0.,0.001
83,0.167,0.,0.167,0.167,0.,0.167,0.001,0.,0.001,0.091,0.,0.091,0.072,0.,0.072,0.073,0.,0.073,0.092,0.,0.092,0.001,0.,0.001
84,0.187,0.,0.186,0.18,0.,0.18,0.001,0.,0.001,0.1,0.,0.1,0.083,0.,0.083,0.079,0.,0.079,0.098,0.,0.098,0.001,0.,0.001
85,0.174,0.,0.174,0.181,0.,0.18,0.001,0.,0.001,0.095,0.,0.095,0.076,0.,0.076,0.078,0.,0.078,0.099,0.,0.099,0.001,0.,0.001
86,0.193,0.,0.193,0.189,0.,0.189,0.001,0.,0.001,0.105,0.,0.105,0.085,0.,0.085,0.083,0.,0.083,0.103,0.,0.103,0.001,0.,0.001
87,0.195,0.,0.195,0.188,0.003,0.184,0.001,0.,0.001,0.104,0.,0.104,0.089,0.,0.089,0.081,0.,0.081,0.104,0.003,0.1,0.001,0.,0.001
88,0.194,0.,0.194,0.201,0.,0.201,0.001,0.,0.001,0.106,0.,0.106,0.085,0.,0.085,0.093,0.,0.093,0.105,0.,0.105,0.001,0.,0.001
89,0.202,0.,0.202,0.199,0.,0.199,0.001,0.,0.001,0.113,0.,0.112,0.087,0.,0.087,0.088,0.,0.088,0.108,0.,0.108,0.001,0.,0.001
90,0.205,0.,0.205,0.205,0.,0.205,0.001,0.,0.001,0.112,0.,0.112,0.089,0.,0.089,0.089,0.,0.089,0.113,0.,0.113,0.001,0.,0.001
91,0.211,0.,0.211,0.205,0.,0.205,0.001,0.,0.001,0.111,0.,0.111,0.097,0.,0.097,0.094,0.,0.094,0.108,0.,0.108,0.001,0.,0.001
92,0.213,0.003,0.209,0.206,0.,0.206,0.001,0.,0.001,0.117,0.003,0.113,0.093,0.,0.093,0.089,0.,0.089,0.115,0.,0.115,0.001,0.,0.001
93,0.215,0.,0.215,0.225,0.,0.225,0.005,0.,0.005,0.12,0.,0.12,0.087,0.,0.087,0.096,0.,0.096,0.126,0.,0.126,0.001,0.,0.001
94,0.224,0.003,0.22,0.221,0.,0.221,0.001,0.,0.001,0.12,0.003,0.116,0.101,0.,0.101,0.097,0.,0.097,0.12,0.,0.12,0.001,0.,0.001
95,0.225,0.004,0.221,0.234,0.,0.234,0.001,0.,0.001,0.123,0.003,0.119,0.099,0.,0.099,0.113,0.,0.113,0.118,0.,0.118,0.001,0.,0.001
96,0.234,0.,0.234,0.23,0.,0.23,0.001,0.,0.001,0.133,0.,0.133,0.098,0.,0.098,0.099,0.,0.099,0.128,0.,0.128,0.001,0.,0.001
97,0.227,0.,0.227,0.241,0.,0.241,0.001,0.,0.001,0.123,0.,0.123,0.1,0.,0.1,0.103,0.,0.103,0.135,0.,0.135,0.001,0.,0.001
98,0.233,0.,0.233,0.231,0.,0.231,0.001,0.,0.001,0.131,0.,0.131,0.098,0.,0.098,0.098,0.,0.098,0.131,0.,0.131,0.001,0.,0.001
99,0.25,0.,0.25,0.256,0.,0.256,0.001,0.,0.001,0.15,0.,0.15,0.097,0.,0.097,0.114,0.,0.114,0.139,0.,0.139,0.001,0.,0.001
100,0.272,0.,0.271,0.286,0.007,0.278,0.001,0.,0.001,0.158,0.,0.158,0.112,0.,0.111,0.113,0.,0.113,0.171,0.007,0.163,0.001,0.,0.001
110,0.291,0.,0.291,0.29,0.,0.29,0.001,0.,0.001,0.161,0.,0.161,0.126,0.,0.126,0.122,0.,0.122,0.165,0.,0.165,0.001,0.,0.001
120,0.339,0.003,0.335,0.351,0.,0.351,0.001,0.,0.001,0.193,0.003,0.189,0.143,0.,0.143,0.151,0.,0.151,0.196,0.,0.196,0.001,0.,0.001
130,0.416,0.,0.416,0.406,0.,0.406,0.002,0.,0.002,0.244,0.,0.244,0.168,0.,0.168,0.171,0.,0.171,0.232,0.,0.232,0.001,0.,0.001
140,0.462,0.,0.462,0.455,0.,0.455,0.001,0.,0.001,0.265,0.,0.265,0.194,0.,0.194,0.187,0.,0.187,0.264,0.,0.264,0.002,0.,0.002
150,0.655,0.003,0.651,0.657,0.,0.657,0.002,0.,0.001,0.419,0.003,0.415,0.233,0.,0.233,0.237,0.,0.237,0.417,0.,0.416,0.002,0.,0.002
160,0.588,0.,0.588,0.594,0.,0.594,0.002,0.,0.002,0.346,0.,0.345,0.237,0.,0.237,0.247,0.,0.247,0.339,0.,0.339,0.006,0.,0.006
170,0.708,0.,0.708,0.728,0.,0.728,0.003,0.,0.003,0.389,0.,0.389,0.314,0.,0.314,0.316,0.,0.316,0.408,0.,0.408,0.002,0.,0.002
180,0.806,0.007,0.798,0.863,0.,0.863,0.002,0.,0.002,0.457,0.003,0.453,0.345,0.004,0.341,0.379,0.,0.379,0.479,0.,0.479,0.002,0.,0.002
190,0.895,0.,0.895,0.924,0.003,0.92,0.002,0.,0.002,0.511,0.,0.511,0.379,0.,0.379,0.382,0.,0.382,0.537,0.003,0.533,0.003,0.,0.003
200,1.24,0.,1.24,1.226,0.003,1.222,0.003,0.,0.003,0.718,0.,0.718,0.517,0.,0.517,0.502,0.,0.502,0.72,0.003,0.716,0.003,0.,0.003
210,1.073,0.003,1.069,1.09,0.007,1.082,0.005,0.,0.005,0.636,0.,0.636,0.429,0.003,0.425,0.437,0.007,0.429,0.648,0.,0.648,0.003,0.,0.003
220,1.172,0.004,1.168,1.152,0.003,1.147,0.003,0.,0.003,0.69,0.003,0.686,0.476,0.,0.476,0.477,0.,0.476,0.669,0.003,0.665,0.003,0.,0.003
230,1.251,0.,1.251,1.268,0.,1.268,0.004,0.,0.004,0.732,0.,0.732,0.513,0.,0.512,0.506,0.,0.506,0.756,0.,0.756,0.004,0.,0.004
240,1.44,0.,1.44,1.405,0.,1.404,0.004,0.,0.004,0.842,0.,0.842,0.591,0.,0.591,0.591,0.,0.591,0.807,0.,0.807,0.003,0.,0.003
250,1.587,0.003,1.582,1.599,0.011,1.586,0.004,0.,0.004,0.921,0.,0.921,0.66,0.003,0.656,0.632,0.,0.632,0.96,0.011,0.947,0.005,0.,0.005
260,1.729,0.,1.728,1.716,0.,1.716,0.004,0.,0.004,1.028,0.,1.028,0.694,0.,0.694,0.711,0.,0.711,0.997,0.,0.997,0.005,0.,0.005
270,1.776,0.003,1.772,1.799,0.,1.798,0.005,0.,0.005,1.065,0.,1.065,0.704,0.003,0.699,0.695,0.,0.695,1.096,0.,1.096,0.005,0.,0.005
280,1.887,0.003,1.883,1.92,0.008,1.911,0.005,0.,0.005,1.119,0.,1.119,0.761,0.003,0.757,0.777,0.004,0.773,1.135,0.003,1.13,0.005,0.,0.005
290,2.041,0.,2.041,2.031,0.,2.031,0.005,0.,0.005,1.231,0.,1.231,0.802,0.,0.802,0.789,0.,0.789,1.235,0.,1.235,0.005,0.,0.005
300,2.217,0.015,2.198,2.183,0.007,2.175,0.005,0.,0.005,1.369,0.003,1.365,0.842,0.011,0.827,0.838,0.,0.838,1.338,0.007,1.33,0.005,0.,0.005
310,2.442,0.,2.442,2.443,0.,2.442,0.006,0.,0.006,1.45,0.,1.45,0.983,0.,0.983,0.974,0.,0.974,1.46,0.,1.46,0.006,0.,0.005
320,2.551,0.,2.548,2.558,0.,2.557,0.006,0.,0.006,1.548,0.,1.547,0.994,0.,0.993,0.974,0.,0.974,1.575,0.,1.574,0.006,0.,0.006
330,2.686,0.,2.684,2.783,0.,2.783,0.007,0.,0.007,1.638,0.,1.637,1.038,0.,1.037,1.065,0.,1.065,1.707,0.,1.707,0.006,0.,0.006
340,3.011,0.,3.011,3.001,0.,3.001,0.006,0.,0.006,1.805,0.,1.804,1.198,0.,1.198,1.195,0.,1.195,1.797,0.,1.797,0.006,0.,0.006
350,3.097,0.016,3.081,3.139,0.016,3.12,0.009,0.,0.009,1.839,0.011,1.827,1.247,0.003,1.243,1.22,0.004,1.216,1.91,0.011,1.895,0.007,0.,0.007
360,3.299,0.003,3.294,3.269,0.,3.269,0.008,0.,0.008,2.012,0.003,2.008,1.275,0.,1.275,1.24,0.,1.24,2.016,0.,2.016,0.008,0.,0.008
370,3.502,0.003,3.498,3.52,0.,3.52,0.008,0.,0.008,2.117,0.,2.116,1.373,0.003,1.369,1.373,0.,1.373,2.137,0.,2.137,0.008,0.,0.008
380,3.75,0.,3.749,3.817,0.,3.817,0.008,0.,0.008,2.378,0.,2.377,1.361,0.,1.361,1.437,0.,1.437,2.369,0.,2.368,0.008,0.,0.008
390,3.878,0.,3.877,3.879,0.,3.878,0.008,0.,0.008,2.407,0.,2.406,1.46,0.,1.46,1.435,0.,1.435,2.433,0.,2.432,0.008,0.,0.008
400,4.093,0.02,4.073,4.079,0.011,4.066,0.008,0.,0.008,2.597,0.008,2.589,1.486,0.012,1.474,1.469,0.,1.469,2.598,0.011,2.586,0.009,0.,0.009