param-0-n,param-1-lgn,try-ssr-rewrite!-cold-noop-regression-linear-real,try-ssr-rewrite!-cold-noop-regression-linear-sys,try-ssr-rewrite!-cold-noop-regression-linear-user,try-ssr-rewrite!-noop-regression-linear-real,try-ssr-rewrite!-noop-regression-linear-sys,try-ssr-rewrite!-noop-regression-linear-user,try-ssr-rewrite-noop-regression-linear-real,try-ssr-rewrite-noop-regression-linear-sys,try-ssr-rewrite-noop-regression-linear-user,try-ssr-rewrite?-noop-regression-linear-real,try-ssr-rewrite?-noop-regression-linear-sys,try-ssr-rewrite?-noop-regression-linear-user
3,1,0.,0.,0.,0.,0.,0.,0.,0.,0.,0.,0.,0.
7,2,0.,0.,0.,0.,0.,0.,0.,0.,0.,0.,0.,0.
15,3,0.,0.,0.,0.,0.,0.,0.,0.,0.,0.,0.,0.
31,4,0.,0.,0.,0.,0.,0.,0.,0.,0.,0.,0.,0.
63,5,0.,0.,0.,0.,0.,0.,0.,0.,0.,0.,0.,0.
127,6,0.,0.,0.,0.,0.,0.,0.,0.,0.,0.,0.,0.
255,7,0.,0.,0.,0.,0.,0.,0.,0.,0.,0.,0.,0.
511,8,0.,0.,0.,0.,0.,0.,0.,0.,0.,0.,0.,0.
1023,9,0.,0.,0.,0.001,0.,0.001,0.,0.,0.,0.,0.,0.
2047,10,0.,0.,0.,0.,0.,0.,0.,0.,0.,0.,0.,0.
4095,11,0.001,0.,0.001,0.001,0.,0.001,0.001,0.,0.001,0.001,0.,0.001
8191,12,0.003,0.,0.003,0.003,0.,0.003,0.003,0.,0.003,0.006,0.,0.006
16383,13,0.006,0.,0.006,0.006,0.,0.006,0.01,0.,0.01,0.006,0.,0.006
32767,14,0.013,0.,0.013,0.017,0.,0.017,0.013,0.,0.013,0.013,0.,0.013
65535,15,0.027,0.,0.027,0.056,0.,0.056,0.027,0.,0.027,0.032,0.,0.032
131071,16,0.16,0.,0.16,0.052,0.,0.052,0.05,0.,0.05,0.05,0.,0.05
262143,17,0.156,0.004,0.152,0.125,0.,0.125,0.105,0.,0.105,0.106,0.,0.106
524287,18,0.275,0.,0.275,0.228,0.,0.228,0.23,0.,0.23,0.228,0.,0.228
1048575,19,0.653,0.,0.653,0.468,0.,0.468,0.461,0.,0.461,0.468,0.,0.468
2097151,20,1.612,0.,1.612,0.928,0.,0.928,0.927,0.,0.927,0.92,0.,0.92
4194303,21,2.485,0.,2.485,1.839,0.,1.839,1.829,0.,1.829,1.828,0.,1.828
8388607,22,3.932,0.,3.932,3.706,0.,3.706,3.708,0.,3.708,3.73,0.,3.73