param-0-nm,param-1-n,param-2-m,cps+cbn-regression-quadratic-real,cps+cbv-regression-quadratic-real,cps+lazy-regression-quadratic-real,cps+native-compute-regression-quadratic-real,cps+simpl-regression-quadratic-real,cps+vm-compute-regression-quadratic-real,rewrite-strat(bottomup-bottomup)-regression-exponential-real,rewrite-strat(topdown-bottomup)-regression-exponential-real,setoid-rewrite-regression-cubic-real
1,1,1,0.,0.,0.,0.095,0.,0.,0.001,0.001,0.076
2,1,2,0.001,0.,0.,0.094,0.001,0.,0.004,0.004,0.038
2,2,1,0.001,0.,0.,0.088,0.,0.,0.063,0.063,0.024
3,1,3,0.002,0.,0.,0.159,0.001,0.,0.011,0.011,0.069
3,3,1,0.001,0.,0.,0.089,0.,0.,0.008,0.008,0.043
4,1,4,0.002,0.,0.,0.087,0.001,0.,0.03,0.031,0.126
4,2,2,0.001,0.,0.,0.09,0.,0.,0.014,0.014,0.078
4,4,1,0.001,0.,0.,0.088,0.,0.,0.019,0.022,0.076
5,1,5,0.003,0.,0.,0.101,0.001,0.,0.127,0.134,0.285
5,5,1,0.002,0.,0.,0.089,0.001,0.,0.039,0.042,0.119
6,2,3,,,,,,,,,0.205
7,1,7,,,,,,,0.279,0.281,0.669
7,7,1,,,,,,,0.114,0.129,0.285
8,1,8,,,,,,,0.368,0.371,0.927
8,2,4,,,,,,,0.138,0.137,0.25
8,4,2,,,,,,,0.097,0.099,0.269
8,8,1,,,,,,,0.18,0.209,0.422
9,1,9,,,,,,,0.598,0.598,1.356
9,3,3,,,,,,,0.15,0.15,0.412
9,9,1,,,,,,,0.273,0.319,0.605
10,1,10,,,,,,,,,1.931
10,10,1,,,,,,,,,0.839
11,1,11,,,,,,,1.502,1.511,
11,11,1,,,,,,,0.574,0.691,
12,1,12,0.008,,,,,,2.334,2.36,
12,3,4,0.064,,,,,,0.416,0.422,0.406
12,12,1,0.003,,,,,,0.796,0.984,
13,1,13,,,,,,,,,4.739
13,13,1,,,,,,,,,1.975
15,1,15,,,,,,,8.524,8.546,
15,15,1,,,,,,,1.904,2.464,
16,1,16,,,,,0.005,,,,
16,4,4,,,,,0.002,,,,
16,16,1,,,,,0.002,,,,
17,1,17,,,,,,,,,12.073
17,17,1,,,,,,,,,5.004
18,1,18,0.011,,,,,,,,
18,18,1,0.004,,,,,,,,
20,4,5,0.003,,,,,,,,0.977
24,1,24,0.018,,,,,,,,
24,24,1,0.008,,,,,,,,
27,1,27,,,,,0.007,,,,
27,27,1,,,,,0.003,,,,
30,5,6,0.004,,,,0.003,,,,
31,1,31,0.023,,,,,,,,
31,31,1,0.009,,,,,,,,
37,1,37,0.03,,,,0.011,,,,
37,37,1,0.014,,,,0.005,,,,
42,1,42,,,,,,0.,,,
42,6,7,0.006,,,,0.004,0.,,,
42,42,1,,,,,,0.,,,
43,1,43,0.037,,,,,,,,
43,43,1,0.016,,,,,,,,
48,1,48,,,,,0.016,,,,
48,48,1,,,,,0.008,,,,
49,1,49,0.053,,,,,,,,
49,7,7,0.007,,,,,,,,
49,49,1,0.026,,,,,,,,
55,1,55,0.058,,,,,,,,
55,55,1,0.028,,,,,,,,
56,1,56,,,,0.106,,,,,
56,7,8,0.007,,,0.089,0.005,,,,
56,56,1,,,,0.089,,,,,
58,1,58,,,,,0.021,,,,
58,58,1,,,,,0.009,,,,
61,1,61,0.066,,,,,,,,
61,61,1,0.031,,,,,,,,
64,1,64,,0.065,0.,,,,,,
64,8,8,,0.,0.063,,,,,,
64,64,1,,0.,0.,,,,,,
67,1,67,0.087,,,,,,,,
67,67,1,0.043,,,,,,,,
68,1,68,,,,,0.025,,,,
68,68,1,,,,,0.012,,,,
72,8,9,0.009,,,,0.006,0.,,,
74,1,74,0.095,,,,,,,,
74,74,1,0.053,,,,,,,,
78,1,78,,,,,,0.,,,
78,78,1,,,,,,0.,,,
79,1,79,,,,,0.031,,,,
79,79,1,,,,,0.015,,,,
80,1,80,0.111,,,,,,,,
80,80,1,0.057,,,,,,,,
86,1,86,0.117,,,,,,,,
86,86,1,0.058,,,,,,,,
89,1,89,,,,,0.037,,,,
89,89,1,,,,,0.017,,,,
90,9,10,0.011,,,,0.008,,,,
92,1,92,0.125,,,,,,,,
92,92,1,0.062,,,,,,,,
98,1,98,0.175,,,,,,,,
98,98,1,0.094,,,,,,,,
99,1,99,,,,,0.045,,,,
99,99,1,,,,,0.024,,,,
104,1,104,0.183,,,,,,,,
104,104,1,0.098,,,,,,,,
106,1,106,,,,0.097,,,,,
106,106,1,,,,0.09,,,,,
110,1,110,0.19,,,,0.052,,,,
110,10,11,0.013,,,0.09,0.01,0.,,,
110,110,1,0.109,,,,0.025,,,,
114,1,114,,,,,,0.,,,
114,114,1,,,,,,0.,,,
117,1,117,0.212,,,,,,,,
117,117,1,0.111,,,,,,,,
120,1,120,,,,,0.06,,,,
120,120,1,,,,,0.027,,,,
122,1,122,,0.,0.,,,,,,
122,122,1,,0.,0.,,,,,,
123,1,123,0.219,,,,,,,,
123,123,1,0.114,,,,,,,,
129,1,129,0.38,,,,,,,,
129,129,1,0.169,,,,,,,,
131,1,131,,,,,0.071,,,,
131,131,1,,,,,0.039,,,,
132,11,12,0.02,0.,0.,,0.012,,,,
135,1,135,0.296,,,,,,,,
135,135,1,0.163,,,,,,,,
141,1,141,,,,,0.079,,,,
141,141,1,,,,,0.041,,,,
150,1,150,,,,,,0.,,,
150,150,1,,,,,,0.001,,,
151,1,151,,,,,0.088,,,,
151,151,1,,,,,0.042,,,,
156,12,13,0.019,,,0.103,0.014,0.,,,
157,1,157,0.34,,,0.092,,,,,
157,157,1,0.182,,,0.092,,,,,
162,1,162,,,,,0.1,,,,
162,162,1,,,,,0.049,,,,
172,1,172,,,,,0.111,,,,
172,172,1,,,,,0.051,,,,
180,1,180,0.426,,,,,,,,
180,180,1,0.231,,,,,,,,
181,1,181,,0.,0.,,,,,,
181,181,1,,0.,0.,,,,,,
182,1,182,,,,,0.119,,,,
182,13,14,0.021,0.,0.,,0.016,0.001,,,
182,182,1,,,,,0.053,,,,
185,1,185,,,,,,0.001,,,
185,185,1,,,,,,0.001,,,
193,1,193,,,,,0.144,,,,
193,193,1,,,,,0.073,,,,
202,1,202,0.632,,,,,,,,
202,202,1,0.366,,,,,,,,
203,1,203,,,,,0.146,,,,
203,203,1,,,,,0.075,,,,
207,1,207,,,,0.095,,,,,
207,207,1,,,,0.092,,,,,
210,1,210,0.735,,,,,,,,
210,14,15,0.025,,,0.092,0.024,0.001,,,
210,210,1,0.401,,,,,,,,
214,1,214,,,,,0.167,,,,
214,214,1,,,,,0.079,,,,
221,1,221,,,,,,0.001,,,
221,221,1,,,,,,0.001,,,
224,1,224,0.72,,,,0.185,,,,
224,224,1,0.416,,,,0.085,,,,
234,1,234,,,,,0.19,,,,
234,234,1,,,,,0.087,,,,
239,1,239,,0.,0.001,,,,,,
239,239,1,,0.,0.001,,,,,,
240,15,16,0.028,0.,0.,,0.022,,,,
245,1,245,,,,,0.218,,,,
245,245,1,,,,,0.092,,,,
247,1,247,0.774,,,,,,,,
247,247,1,0.434,,,,,,,,
255,1,255,,,,,0.236,,,,
255,255,1,,,,,0.092,,,,
257,1,257,,,,0.094,,0.001,,,
257,257,1,,,,0.092,,0.001,,,
269,1,269,1.08,,,,,,,,
269,269,1,0.642,,,,,,,,
272,16,17,0.031,,,0.097,,0.001,,,
291,1,291,,,,,0.276,,,,
291,291,1,,,,,0.151,,,,
293,1,293,,,,,,0.001,,,
293,293,1,,,,,,0.001,,,
297,1,297,,0.001,0.001,,,,,,
297,297,1,,0.,0.001,,,,,,
306,17,18,,0.,0.,0.094,0.028,0.001,,,
307,1,307,,,,0.103,,,,,
307,307,1,,,,0.092,,,,,
328,1,328,,,,,0.341,,,,
328,328,1,,,,,0.181,,,,
329,1,329,,,,,,0.001,,,
329,329,1,,,,,,0.002,,,
336,1,336,1.454,,,,,,,,
336,336,1,0.859,,,,,,,,
342,18,19,0.039,0.,0.,0.099,0.032,0.001,,,
355,1,355,,0.001,0.001,,,,,,
355,355,1,,0.001,0.001,,,,,,
357,1,357,,,,0.095,,,,,
357,357,1,,,,0.093,,,,,
364,1,364,,,,,0.415,,,,
364,364,1,,,,,0.193,,,,
365,1,365,,,,,,0.001,,,
365,365,1,,,,,,0.002,,,
380,19,20,,,,,0.036,0.001,,,
400,1,400,,,,,0.574,,,,
400,20,20,,,,,0.038,,,,
400,400,1,,,,,0.264,,,,
401,1,401,,,,,,0.002,,,
401,401,1,,,,,,0.002,,,
402,1,402,,,,,0.603,,,,
402,402,1,,,,,0.267,,,,
404,1,404,2.364,,,,,,,,
404,404,1,1.442,,,,,,,,
407,1,407,,,,0.089,,,,,
407,407,1,,,,0.095,,,,,
413,1,413,,0.001,0.002,,,,,,
413,413,1,,0.001,0.001,,,,,,
414,1,414,2.453,,,,,,,,
414,414,1,1.481,,,,,,,,
420,20,21,0.061,0.,0.001,0.161,0.04,0.002,,,
427,1,427,,,,0.093,,,,,
427,427,1,,,,0.102,,,,,
436,1,436,,,,,0.668,,,,
436,436,1,,,,,0.285,,,,
437,1,437,,,,,,0.002,,,
437,437,1,,,,,,0.002,,,
458,1,458,,,,0.1,,,,,
458,458,1,,,,0.096,,,,,
462,21,22,0.053,0.,0.001,0.095,0.045,0.002,,,
471,1,471,2.767,,,,,,,,
471,471,1,1.66,,,,,,,,
472,1,472,,0.001,0.002,,,0.002,,,
472,472,1,,0.001,0.001,,,0.003,,,
473,1,473,,,,,0.698,,,,
473,473,1,,,,,0.333,,,,
506,22,23,,,,0.094,0.049,0.002,,,
508,1,508,,,,0.093,,0.002,,,
508,508,1,,,,0.098,,0.003,,,
509,1,509,,,,,0.9,,,,
509,509,1,,,,,0.326,,,,
530,1,530,,0.002,0.002,,,,,,
530,530,1,,0.001,0.002,,,,,,
538,1,538,4.112,,,,,,,,
538,538,1,2.501,,,,,,,,
544,1,544,,,,,,0.002,,,
544,544,1,,,,,,0.007,,,
552,23,24,0.073,0.001,0.001,0.092,,0.002,,,
558,1,558,,,,0.092,,,,,
558,558,1,,,,0.096,,,,,
580,1,580,,,,,,0.002,,,
580,580,1,,,,,,0.003,,,
588,1,588,,0.002,0.002,,,,,,
588,588,1,,0.001,0.004,,,,,,
600,24,25,,0.001,0.001,0.093,,0.002,,,
608,1,608,,,,0.101,,,,,
608,608,1,,,,0.093,,,,,
616,1,616,,,,,,0.003,,,
616,616,1,,,,,,0.003,,,
636,1,636,,,,,1.234,,,,
636,636,1,,,,,0.534,,,,
646,1,646,,0.002,0.003,,,,,,
646,646,1,,0.002,0.002,,,,,,
650,25,26,,0.004,0.001,0.093,0.067,0.003,,,
652,1,652,,,,,,0.003,,,
652,652,1,,,,,,0.004,,,
658,1,658,,,,0.093,,,,,
658,658,1,,,,0.095,,,,,
688,1,688,,,,,,0.003,,,
688,688,1,,,,,,0.004,,,
702,26,27,,0.001,0.001,0.094,,0.003,,,
704,1,704,,0.002,0.003,,,,,,
704,704,1,,0.002,0.002,,,,,,
708,1,708,,,,0.096,,,,,
708,708,1,,,,0.095,,,,,
724,1,724,,,,,,0.003,,,
724,724,1,,,,,,0.004,,,
756,27,28,,0.001,0.001,0.095,0.081,0.003,,,
759,1,759,,,,0.094,,,,,
759,759,1,,,,0.096,,,,,
760,1,760,,,,,,0.003,,,
760,760,1,,,,,,0.004,,,
762,1,762,,0.003,0.003,,,,,,
762,762,1,,0.002,0.003,,,,,,
763,1,763,,,,,1.652,,,,
763,763,1,,,,,0.704,,,,
795,1,795,,,,,,0.003,,,
795,795,1,,,,,,0.005,,,
798,1,798,,,,,2.016,,,,
798,798,1,,,,,1.054,,,,
807,1,807,9.147,,,,,,,,
807,807,1,5.641,,,,,,,,
809,1,809,,,,0.095,,,,,
809,809,1,,,,0.102,,,,,
812,28,29,0.104,0.001,0.001,0.11,0.169,0.003,,,
821,1,821,,0.003,0.004,,,,,,
821,821,1,,0.002,0.003,,,,,,
831,1,831,,,,,,0.004,,,
831,831,1,,,,,,0.005,,,
849,1,849,,,,0.094,,,,,
849,849,1,,,,0.095,,,,,
859,1,859,,,,0.094,,,,,
859,859,1,,,,0.097,,,,,
867,1,867,,,,,,0.004,,,
867,867,1,,,,,,0.005,,,
870,29,30,,0.001,0.002,0.093,0.103,0.004,,,
879,1,879,,0.003,0.006,,,,,,
879,879,1,,0.002,0.003,,,,,,
890,1,890,,,,,2.292,,,,
890,890,1,,,,,1.072,,,,
903,1,903,,,,,,0.004,,,
903,903,1,,,,,,0.005,,,
909,1,909,,,,0.099,,,,,
909,909,1,,,,0.099,,,,,
930,30,31,,0.001,0.002,0.095,,0.004,,,
937,1,937,,0.003,0.004,,,,,,
937,937,1,,0.003,0.003,,,,,,
939,1,939,,,,,,0.004,,,
939,939,1,,,,,,0.006,,,
959,1,959,,,,0.103,,,,,
959,959,1,,,,0.105,,,,,
975,1,975,,,,,,0.004,,,
975,975,1,,,,,,0.006,,,
992,31,32,,0.002,0.002,0.1,0.112,0.004,,,
995,1,995,,0.007,0.004,,,,,,
995,995,1,,0.003,0.004,,,,,,
1009,1,1009,,,,0.101,,,,,
1009,1009,1,,,,0.101,,,,,
1011,1,1011,,,,,,0.004,,,
1011,1011,1,,,,,,0.006,,,
1017,1,1017,,,,,2.818,,,,
1017,1017,1,,,,,1.355,,,,
1047,1,1047,,,,,,0.005,,,
1047,1047,1,,,,,,0.006,,,
1053,1,1053,,0.004,0.005,,,,,,
1053,1053,1,,0.003,0.004,,,,,,
1056,32,33,0.161,0.002,0.006,0.1,,0.005,,,
1060,1,1060,,,,0.097,,,,,
1060,1060,1,,,,0.109,,,,,
1075,1,1075,16.025,,,,,,,,
1075,1075,1,10.029,,,,,,,,
1082,1,1082,,,,,,0.005,,,
1082,1082,1,,,,,,0.006,,,
1110,1,1110,,,,0.103,,,,,
1110,1110,1,,,,0.111,,,,,
1112,1,1112,,0.004,0.005,,,,,,
1112,1112,1,,0.003,0.004,,,,,,
1118,1,1118,,,,,,0.005,,,
1118,1118,1,,,,,,0.006,,,
1122,33,34,,0.002,0.002,0.1,,0.005,,,
1154,1,1154,,,,,,0.005,,,
1154,1154,1,,,,,,0.007,,,
1160,1,1160,,,,0.099,,,,,
1160,1160,1,,,,0.1,,,,,
1170,1,1170,,0.004,0.005,,,,,,
1170,1170,1,,0.003,0.004,,,,,,
1190,1,1190,,,,,,0.005,,,
1190,34,35,,0.002,0.002,0.102,,0.005,,,
1190,1190,1,,,,,,0.007,,,
1210,1,1210,,,,0.11,,,,,
1210,1210,1,,,,0.1,,,,,
1226,1,1226,,,,,,0.005,,,
1226,1226,1,,,,,,0.007,,,
1228,1,1228,,0.004,0.006,,,,,,
1228,1228,1,,0.006,0.005,,,,,,
1260,1,1260,,,,0.103,,,,,
1260,35,36,,0.002,0.009,0.092,,0.006,,,
1260,1260,1,,,,0.104,,,,,
1262,1,1262,,,,,,0.006,,,
1262,1262,1,,,,,,0.007,,,
1270,1,1270,,,,0.092,,,,,
1270,1270,1,,,,0.093,,,,,
1286,1,1286,,0.005,0.006,,,,,,
1286,1286,1,,0.004,0.005,,,,,,
1298,1,1298,,,,,,0.006,,,
1298,1298,1,,,,,,0.008,,,
1310,1,1310,,,,0.102,,,,,
1310,1310,1,,,,0.124,,,,,
1332,36,37,,0.002,0.003,0.102,,0.006,,,
1334,1,1334,,,,,,0.006,,,
1334,1334,1,,,,,,0.008,,,
1344,1,1344,,0.005,0.006,,,,,,
1344,1344,1,,0.004,0.005,,,,,,
1361,1,1361,,,,0.099,,,,,
1361,1361,1,,,,0.099,,,,,
1369,1,1369,,,,,,0.006,,,
1369,37,37,,,,,,0.006,,,
1369,1369,1,,,,,,0.008,,,
1403,1,1403,,0.005,0.006,,,,,,
1403,1403,1,,0.004,0.005,,,,,,
1405,1,1405,,,,,,0.006,,,
1405,1405,1,,,,,,0.008,,,
1406,37,38,,0.002,0.006,0.104,,0.006,,,
1411,1,1411,,,,0.107,,,,,
1411,1411,1,,,,0.1,,,,,
1441,1,1441,,,,,,0.006,,,
1441,1441,1,,,,,,0.012,,,
1461,1,1461,,0.005,0.007,0.102,,,,,
1461,1461,1,,0.011,0.006,0.1,,,,,
1477,1,1477,,,,,,0.007,,,
1477,1477,1,,,,,,0.009,,,
1482,38,39,,0.003,0.003,0.108,,0.007,,,
1511,1,1511,,,,0.109,,,,,
1511,1511,1,,,,0.103,,,,,
1513,1,1513,,,,,,0.007,,,
1513,1513,1,,,,,,0.009,,,
1519,1,1519,,0.006,0.007,,,,,,
1519,1519,1,,0.005,0.006,,,,,,
1526,1,1526,,,,,6.367,,,,
1526,1526,1,,,,,2.905,,,,
1549,1,1549,,,,,,0.008,,,
1549,1549,1,,,,,,0.01,,,
1560,39,40,,0.003,0.003,0.101,0.214,0.007,,,
1561,1,1561,,,,0.105,,,,,
1561,1561,1,,,,0.105,,,,,
1577,1,1577,,0.006,0.014,,,,,,
1577,1577,1,,0.005,0.006,,,,,,
1579,1,1579,,,,,,0.007,,,
1579,1579,1,,,,,,0.009,,,
1585,1,1585,,,,,,0.007,,,
1585,1585,1,,,,,,0.01,,,
1611,1,1611,,,,0.106,,,,,
1611,1611,1,,,,0.108,,,,,
1621,1,1621,,,,,,0.007,,,
1621,1621,1,,,,,,0.01,,,
1635,1,1635,,0.006,0.008,,,,,,
1635,1635,1,,0.005,0.006,,,,,,
1640,40,41,,0.005,0.003,0.101,,0.007,,,
1644,1,1644,,,,,,0.007,,,
1644,1644,1,,,,,,0.021,,,
1657,1,1657,,,,,,0.007,,,
1657,1657,1,,,,,,0.01,,,
1662,1,1662,,,,0.104,,,,,
1662,1662,1,,,,0.123,,,,,
1692,1,1692,,,,0.094,,,,,
1692,1692,1,,,,0.104,,,,,
1693,1,1693,,,,,,0.008,,,
1693,1693,1,,,,,,0.019,,,
1694,1,1694,,0.006,0.008,,,,,,
1694,1694,1,,0.005,0.013,,,,,,
1710,1,1710,,,,,,0.008,,,
1710,1710,1,,,,,,0.01,,,
1712,1,1712,,,,0.104,,,,,
1712,1712,1,,,,0.102,,,,,
1722,41,42,,0.003,0.004,0.096,,0.008,,,
1729,1,1729,,,,,,0.008,,,
1729,1729,1,,,,,,0.01,,,
1752,1,1752,,0.007,0.008,,,,,,
1752,1752,1,,0.006,0.007,,,,,,
1762,1,1762,,,,0.101,,,,,
1762,1762,1,,,,0.105,,,,,
1765,1,1765,,,,,,0.008,,,
1765,1765,1,,,,,,0.011,,,
1776,1,1776,,,,,,0.008,,,
1776,1776,1,,,,,,0.011,,,
1801,1,1801,,,,,,0.008,,,
1801,1801,1,,,,,,0.011,,,
1806,42,43,,0.003,0.004,0.103,,0.008,,,
1810,1,1810,,0.007,0.008,,,,,,
1810,1810,1,,0.011,0.007,,,,,,
1812,1,1812,,,,0.106,,,,,
1812,1812,1,,,,0.101,,,,,
1837,1,1837,,,,,,0.008,,,
1837,1837,1,,,,,,0.011,,,
1842,1,1842,,,,,,0.008,,,
1842,1842,1,,,,,,0.011,,,
1862,1,1862,,,,0.107,,,,,
1862,1862,1,,,,0.111,,,,,
1868,1,1868,,0.007,0.022,,,,,,
1868,1868,1,,0.006,0.007,,,,,,
1873,1,1873,,,,,,0.008,,,
1873,1873,1,,,,,,0.029,,,
1892,43,44,,0.003,0.004,0.105,,0.008,,,
1907,1,1907,,,,,,0.015,,,
1907,1907,1,,,,,,0.012,,,
1909,1,1909,,,,,,0.009,,,
1909,1909,1,,,,,,0.012,,,
1912,1,1912,,,,0.105,,,,,
1912,1912,1,,,,0.106,,,,,
1926,1,1926,,0.007,0.009,,,,,,
1926,1926,1,,0.006,0.007,,,,,,
1945,1,1945,,,,,,0.009,,,
1945,1945,1,,,,,,0.012,,,
1963,1,1963,,,,0.107,,,,,
1963,1963,1,,,,0.112,,,,,
1973,1,1973,,,,,,0.009,,,
1973,1973,1,,,,,,0.012,,,
1980,44,45,,0.003,0.013,0.113,,0.009,,,
1981,1,1981,,,,,,0.009,,,
1981,1981,1,,,,,,0.012,,,
1984,1,1984,,0.007,0.009,,,,,,
1984,1984,1,,0.007,0.008,,,,,,
2013,1,2013,,,,0.1,,,,,
2013,2013,1,,,,0.122,,,,,
2017,1,2017,,,,,,0.009,,,
2017,2017,1,,,,,,0.012,,,
2034,1,2034,,,,,10.695,,,,
2034,2034,1,,,,,5.253,,,,
2039,1,2039,,,,,,0.009,,,
2039,2039,1,,,,,,0.012,,,
2043,1,2043,,0.008,0.01,,,,,,
2043,2043,1,,0.006,0.008,,,,,,
2053,1,2053,,,,,,0.01,,,
2053,2053,1,,,,,,0.013,,,
2063,1,2063,,,,0.101,,,,,
2063,2063,1,,,,0.108,,,,,
2070,45,46,,0.004,0.004,0.108,0.278,0.009,,,
2089,1,2089,,,,,,0.01,,,
2089,2089,1,,,,,,0.013,,,
2101,1,2101,,0.008,0.025,,,,,,
2101,2101,1,,0.006,0.008,,,,,,
2105,1,2105,,,,,,0.01,,,
2105,2105,1,,,,,,0.025,,,
2113,1,2113,,,,0.1,,,,,
2113,2113,1,,,,0.105,,,,,
2125,1,2125,,,,,,0.01,,,
2125,2125,1,,,,,,0.013,,,
2159,1,2159,,0.011,0.01,,,,,,
2159,2159,1,,0.007,0.008,,,,,,
2161,1,2161,,,,,,0.01,,,
2161,2161,1,,,,,,0.013,,,
2162,46,47,,0.004,0.013,0.107,,0.01,,,
2163,1,2163,,,,0.105,,,,,
2163,2163,1,,,,0.106,,,,,
2170,1,2170,,,,,,0.01,,,
2170,2170,1,,,,,,0.013,,,
2197,1,2197,,,,,,0.013,,,
2197,2197,1,,,,,,0.013,,,
2214,1,2214,,,,0.104,,,,,
2214,2214,1,,,,0.11,,,,,
2217,1,2217,,0.008,0.01,,,,,,
2217,2217,1,,0.007,0.009,,,,,,
2233,1,2233,,,,,,0.01,,,
2233,2233,1,,,,,,0.014,,,
2236,1,2236,,,,,,0.01,,,
2236,2236,1,,,,,,0.013,,,
2256,47,48,,0.004,0.005,0.107,,0.01,,,
2264,1,2264,,,,0.101,,,,,
2264,2264,1,,,,0.11,,,,,
2269,1,2269,,,,,,0.01,,,
2269,2269,1,,,,,,0.014,,,
2275,1,2275,,0.009,0.011,,,,,,
2275,2275,1,,0.011,0.025,,,,,,
2302,1,2302,,,,,,0.01,,,
2302,2302,1,,,,,,0.02,,,
2305,1,2305,,,,,,0.01,,,
2305,2305,1,,,,,,0.023,,,
2314,1,2314,,,,0.104,,,,,
2314,2314,1,,,,0.109,,,,,
2334,1,2334,,0.009,0.011,,,,,,
2334,2334,1,,0.007,0.009,,,,,,
2341,1,2341,,,,,,0.011,,,
2341,2341,1,,,,,,0.014,,,
2352,48,49,,0.004,0.005,0.122,,0.011,,,
2364,1,2364,,,,0.105,,,,,
2364,2364,1,,,,0.107,,,,,
2368,1,2368,,,,,,0.011,,,
2368,2368,1,,,,,,0.014,,,
2377,1,2377,,,,,,0.011,,,
2377,2377,1,,,,,,0.014,,,
2392,1,2392,,0.009,0.011,,,,,,
2392,2392,1,,0.007,0.01,,,,,,
2413,1,2413,,,,,,0.013,,,
2413,2413,1,,,,,,0.017,,,
2415,1,2415,,,,0.106,,,,,
2415,2415,1,,,,0.108,,,,,
2433,1,2433,,,,,,0.011,,,
2433,2433,1,,,,,,0.015,,,
2449,1,2449,,,,,,0.011,,,
2449,2449,1,,,,,,0.033,,,
2450,1,2450,,0.018,0.012,,,,,,
2450,49,50,,0.004,0.005,0.102,,0.011,,,
2450,2450,1,,0.008,0.01,,,,,,
2465,1,2465,,,,0.109,,,,,
2465,2465,1,,,,0.12,,,,,
2485,1,2485,,,,,,0.011,,,
2485,2485,1,,,,,,0.015,,,
2499,1,2499,,,,,,0.013,,,
2499,2499,1,,,,,,0.032,,,
2508,1,2508,,0.01,0.012,,,,,,
2508,2508,1,,0.008,0.01,,,,,,
2515,1,2515,,,,0.108,,,,,
2515,2515,1,,,,0.113,,,,,
2521,1,2521,,,,,,0.012,,,
2521,2521,1,,,,,,0.015,,,
2548,1,2548,,0.01,,,,,,,
2548,2548,1,,0.008,,,,,,,
2550,50,51,,0.005,0.007,0.101,,0.012,,,
2557,1,2557,,,,,,0.012,,,
2557,2557,1,,,,,,0.016,,,
2565,1,2565,,,,,,0.012,,,
2565,2565,1,,,,,,0.016,,,
2566,1,2566,,,,0.109,,,,,
2566,2566,1,,,,0.108,,,,,
2567,1,2567,,0.01,0.012,,,,,,
2567,2567,1,,0.008,0.016,,,,,,
2586,1,2586,,,0.012,,,,,,
2586,2586,1,,,0.01,,,,,,
2593,1,2593,,,,,,0.015,,,
2593,2593,1,,,,,,0.016,,,
2616,1,2616,,,,0.123,,,,,
2616,2616,1,,,,0.112,,,,,
2625,1,2625,,0.018,0.012,,,,,,
2625,2625,1,,0.008,0.01,,,,,,
2629,1,2629,,,,,,0.012,,,
2629,2629,1,,,,,,0.016,,,
2631,1,2631,,,,,,0.012,,,
2631,2631,1,,,,,,0.016,,,
2646,1,2646,,0.016,,,,,,,
2646,2646,1,,0.008,,,,,,,
2652,51,52,,0.005,0.006,0.105,,0.012,,,
2665,1,2665,,,,,,0.012,,,
2665,2665,1,,,,,,0.016,,,
2666,1,2666,,,,0.11,,,,,
2666,2666,1,,,,0.107,,,,,
2683,1,2683,,0.01,0.024,,,,,,
2683,2683,1,,0.008,0.011,,,,,,
2696,1,2696,,,,,,0.015,,,
2696,2696,1,,,,,,0.016,,,
2701,1,2701,,,,,,0.017,,,
2701,2701,1,,,,,,0.017,,,
2716,1,2716,,,,0.103,,,,,
2716,2716,1,,,,0.117,,,,,
2722,1,2722,,,0.013,,,,,,
2722,2722,1,,,0.021,,,,,,
2737,1,2737,,,,,,0.013,,,
2737,2737,1,,,,,,0.017,,,
2742,1,2742,,0.01,0.013,,,,,,
2742,2742,1,,0.024,0.011,,,,,,
2744,1,2744,,0.01,,,,,,,
2744,2744,1,,0.009,,,,,,,
2756,52,53,,0.005,0.006,0.105,,0.012,,,
2762,1,2762,,,,,,0.013,,,
2762,2762,1,,,,,,0.017,,,
2767,1,2767,,,,0.107,,,,,
2767,2767,1,,,,0.11,,,,,
2773,1,2773,,,,,,0.013,,,
2773,2773,1,,,,,,0.017,,,
2800,1,2800,,0.011,0.018,,,,,,
2800,2800,1,,0.009,0.011,,,,,,
2809,1,2809,,,,,,0.013,,,
2809,53,53,,,,,,0.02,,,
2809,2809,1,,,,,,0.017,,,
2817,1,2817,,,,0.103,,,,,
2817,2817,1,,,,0.115,,,,,
2828,1,2828,,,,,,0.013,,,
2828,2828,1,,,,,,0.022,,,
2842,1,2842,,0.02,,,,,,,
2842,2842,1,,0.009,,,,,,,
2845,1,2845,,,,,,0.013,,,
2845,2845,1,,,,,,0.017,,,
2858,1,2858,,0.011,0.014,,,,,,
2858,2858,1,,0.009,0.011,,,,,,
2862,53,54,,0.005,0.021,0.106,,0.013,,,
2867,1,2867,,,,0.105,,,,,
2867,2867,1,,,,0.127,,,,,
2881,1,2881,,,,,,0.013,,,
2881,2881,1,,,,,,0.018,,,
2894,1,2894,,,,,,0.013,,,
2894,2894,1,,,,,,0.018,,,
2917,1,2917,,0.013,0.014,,,0.026,,,
2917,2917,1,,0.009,0.019,,,0.018,,,
2918,1,2918,,,,0.105,,,,,
2918,2918,1,,,,0.11,,,,,
2940,1,2940,,0.011,,,,,,,
2940,2940,1,,0.009,,,,,,,
2953,1,2953,,,,,,0.014,,,
2953,2953,1,,,,,,0.018,,,
2959,1,2959,,,,,,0.013,,,
2959,2959,1,,,,,,0.018,,,
2968,1,2968,,,,0.105,,,,,
2968,2968,1,,,,0.111,,,,,
2970,54,55,,0.009,0.006,0.106,,0.027,,,
2975,1,2975,,0.011,0.014,,,,,,
2975,2975,1,,0.009,0.012,,,,,,
2989,1,2989,,,,,,0.014,,,
2989,2989,1,,,,,,0.018,,,
2994,1,2994,,,0.014,,,,,,
2994,2994,1,,,0.012,,,,,,
3018,1,3018,,,,0.115,,,,,
3018,3018,1,,,,0.114,,,,,
3025,1,3025,,,,,,0.014,,,
3025,55,55,,,,,,0.014,,,
3025,3025,1,,,,,,0.019,,,
3033,1,3033,,0.016,0.028,,,,,,
3033,3033,1,,0.009,0.012,,,,,,
3038,1,3038,,0.012,,,,,,,
3038,3038,1,,0.01,,,,,,,
3061,1,3061,,,,,,0.023,,,
3061,3061,1,,,,,,0.019,,,
3068,1,3068,,,,0.107,,,,,
3068,3068,1,,,,0.116,,,,,
3080,55,56,,0.006,0.015,0.109,,0.014,,,
3092,1,3092,,0.012,0.015,,,,,,
3092,3092,1,,0.01,0.033,,,,,,
3097,1,3097,,,,,,0.014,,,
3097,3097,1,,,,,,0.019,,,
3119,1,3119,,,,0.119,,,,,
3119,3119,1,,,,0.111,,,,,
3131,1,3131,,,0.015,,,,,,
3131,3131,1,,,0.013,,,,,,
3133,1,3133,,,,,,0.014,,,
3133,3133,1,,,,,,0.046,,,
3136,1,3136,,0.012,,,,,,,
3136,56,56,,0.011,,,,,,,
3136,3136,1,,0.01,,,,,,,
3150,1,3150,,0.024,0.015,,,,,,
3150,3150,1,,0.01,0.013,,,,,,
3169,1,3169,,,,0.106,,0.015,,,
3169,3169,1,,,,0.113,,0.02,,,
3192,56,57,,0.006,0.007,0.105,,0.014,,,
3205,1,3205,,,,,,0.028,,,
3205,3205,1,,,,,,0.02,,,
3208,1,3208,,0.012,0.021,,,,,,
3208,3208,1,,0.01,0.013,,,,,,
3219,1,3219,,,,0.115,,,,,
3219,3219,1,,,,0.11,,,,,
3234,1,3234,,0.013,,,,,,,
3234,3234,1,,0.011,,,,,,,
3241,1,3241,,,,,,0.015,,,
3241,3241,1,,,,,,0.02,,,
3267,1,3267,,0.032,0.028,,,,,,
3267,3267,1,,0.01,0.013,,,,,,
3270,1,3270,,,,0.109,,,,,
3270,3270,1,,,,0.113,,,,,
3277,1,3277,,,,,,0.015,,,
3277,3277,1,,,,,,0.02,,,
3306,57,58,,0.011,0.007,0.105,,0.015,,,
3313,1,3313,,,,,,0.015,,,
3313,3313,1,,,,,,0.031,,,
3320,1,3320,,,,0.129,,,,,
3320,3320,1,,,,0.109,,,,,
3325,1,3325,,0.013,0.017,,,,,,
3325,3325,1,,0.01,0.021,,,,,,
3332,1,3332,,0.013,,,,,,,
3332,3332,1,,0.01,,,,,,,
3349,1,3349,,,,,,0.016,,,
3349,3349,1,,,,,,0.03,,,
3370,1,3370,,,,0.106,,,,,
3370,3370,1,,,,0.115,,,,,
3383,1,3383,,0.022,0.017,,,,,,
3383,3383,1,,0.01,0.014,,,,,,
3385,1,3385,,,,,,0.016,,,
3385,3385,1,,,,,,0.021,,,
3403,1,3403,,,0.016,,,,,,
3403,3403,1,,,0.017,,,,,,
3420,1,3420,,,,0.113,,,,,
3420,3420,1,,,,0.116,,,,,
3421,1,3421,,,,,,0.016,,,
3421,3421,1,,,,,,0.024,,,
3422,58,59,,0.006,0.007,0.11,,0.016,,,
3430,1,3430,,0.022,,,,,,,
3430,3430,1,,0.011,,,,,,,
3442,1,3442,,0.013,0.03,,,,,,
3442,3442,1,,0.011,0.015,,,,,,
3457,1,3457,,,,,,0.016,,,
3457,3457,1,,,,,,0.021,,,
3471,1,3471,,,,0.117,,,,,
3471,3471,1,,,,0.113,,,,,
3493,1,3493,,,,,,0.034,,,
3493,3493,1,,,,,,0.022,,,
3500,1,3500,,0.032,0.026,,,,,,
3500,3500,1,,0.011,0.015,,,,,,
3521,1,3521,,,,0.13,,,,,
3521,3521,1,,,,0.122,,,,,
3528,1,3528,,0.014,,,,,,,
3528,3528,1,,0.011,,,,,,,
3529,1,3529,,,,,,0.016,,,
3529,3529,1,,,,,,0.022,,,
3539,1,3539,,,0.017,,,,,,
3539,3539,1,,,0.019,,,,,,
3540,59,60,,0.007,0.008,0.106,,0.016,,,
3558,1,3558,,0.014,0.018,,,,,,
3558,3558,1,,0.011,0.031,,,,,,
3565,1,3565,,,,,,0.017,,,
3565,3565,1,,,,,,0.039,,,
3571,1,3571,,,,0.125,,,,,
3571,3571,1,,,,0.114,,,,,
3601,1,3601,,,,,,0.017,,,
3601,3601,1,,,,,,0.037,,,
3617,1,3617,,0.019,0.018,,,,,,
3617,3617,1,,0.011,0.016,,,,,,
3622,1,3622,,,,0.111,,,,,
3622,3622,1,,,,0.116,,,,,
3626,1,3626,,0.017,,,,,,,
3626,3626,1,,0.011,,,,,,,
3637,1,3637,,,,,,0.017,,,
3637,3637,1,,,,,,0.023,,,
3660,60,61,,0.007,0.008,0.113,,0.017,,,
3672,1,3672,,,,0.115,,,,,
3672,3672,1,,,,0.132,,,,,
3673,1,3673,,,,,,0.017,,,
3673,3673,1,,,,,,0.023,,,
3675,1,3675,,0.014,0.018,,,,,,
3675,3675,1,,0.012,0.022,,,,,,
3709,1,3709,,,,,,0.017,,,
3709,3709,1,,,,,,0.023,,,
3722,1,3722,,,,0.11,,,,,
3722,3722,1,,,,0.12,,,,,
3724,1,3724,,0.014,,,,,,,
3724,3724,1,,0.016,,,,,,,
3733,1,3733,,0.024,0.04,,,,,,
3733,3733,1,,0.012,0.016,,,,,,
3745,1,3745,,,,,,0.043,,,
3745,3745,1,,,,,,0.024,,,
3772,1,3772,,,,0.111,,,,,
3772,3772,1,,,,0.115,,,,,
3781,1,3781,,,,,,0.017,,,
3781,3781,1,,,,,,0.027,,,
3782,61,62,,0.007,0.008,0.125,,0.017,,,
3792,1,3792,,0.015,0.038,,,,,,
3792,3792,1,,0.017,0.016,,,,,,
3811,1,3811,,,0.018,,,,,,
3811,3811,1,,,0.024,,,,,,
3817,1,3817,,,,,,0.018,,,
3817,3817,1,,,,,,0.024,,,
3822,1,3822,,0.015,,,,,,,
3822,3822,1,,0.012,,,,,,,
3823,1,3823,,,,0.109,,,,,
3823,3823,1,,,,0.133,,,,,
3850,1,3850,,0.015,0.019,,,,,,
3850,3850,1,,0.012,0.044,,,,,,
3853,1,3853,,,,,,0.018,,,
3853,3853,1,,,,,,0.032,,,
3873,1,3873,,,,0.118,,,,,
3873,3873,1,,,,0.123,,,,,
3889,1,3889,,,,,,0.018,,,
3889,3889,1,,,,,,0.024,,,
3906,62,63,,0.013,0.009,0.111,,0.024,,,
3908,1,3908,,0.015,0.02,,,,,,
3908,3908,1,,0.012,0.032,,,,,,
3920,1,3920,,0.015,,,,,,,
3920,3920,1,,0.012,,,,,,,
3923,1,3923,,,,0.11,,,,,
3923,3923,1,,,,0.13,,,,,
3925,1,3925,,,,,,0.018,,,
3925,3925,1,,,,,,0.025,,,
3947,1,3947,,,0.019,,,,,,
3947,3947,1,,,0.016,,,,,,
3961,1,3961,,,,,,0.019,,,
3961,3961,1,,,,,,0.04,,,
3967,1,3967,,0.015,0.02,,,,,,
3967,3967,1,,0.013,0.017,,,,,,
3974,1,3974,,,,0.109,,,,,
3974,3974,1,,,,0.118,,,,,
3997,1,3997,,,,,,0.018,,,
3997,3997,1,,,,,,0.025,,,
4018,1,4018,,0.026,,,,,,,
4018,4018,1,,0.013,,,,,,,
4024,1,4024,,,,0.115,,,,,
4024,4024,1,,,,0.115,,,,,
4025,1,4025,,0.022,0.046,,,,,,
4025,4025,1,,0.012,0.017,,,,,,
4032,63,64,,0.007,0.009,0.114,,0.018,,,
4033,1,4033,,,,,,0.019,,,
4033,4033,1,,,,,,0.025,,,
4069,1,4069,,,,,,0.019,,,
4069,4069,1,,,,,,0.025,,,
4074,1,4074,,,,0.106,,,,,
4074,4074,1,,,,0.116,,,,,
4083,1,4083,,0.016,0.03,,,,,,
4083,4083,1,,0.024,0.017,,,,,,
4105,1,4105,,,,,,0.019,,,
4105,4105,1,,,,,,0.042,,,
4116,1,4116,,0.016,,,,,,,
4116,4116,1,,0.017,,,,,,,
4124,1,4124,,,,0.121,,,,,
4124,4124,1,,,,0.122,,,,,
4141,1,4141,,,,,,0.029,,,
4141,4141,1,,,,,,0.026,,,
4142,1,4142,,0.016,0.036,,,,,,
4142,4142,1,,0.013,0.018,,,,,,
4160,64,65,,0.008,0.009,0.11,,0.019,,,
4175,1,4175,,,,0.116,,,,,
4175,4175,1,,,,0.122,,,,,
4177,1,4177,,,,,,0.019,,,
4177,4177,1,,,,,,0.026,,,
4200,1,4200,,0.028,0.044,,,,,,
4200,4200,1,,0.013,0.018,,,,,,
4213,1,4213,,,,,,0.019,,,
4213,4213,1,,,,,,0.026,,,
4214,1,4214,,0.016,,,,,,,
4214,4214,1,,0.013,,,,,,,
4219,1,4219,,,0.035,,,,,,
4219,4219,1,,,0.017,,,,,,
4225,1,4225,,,,0.118,,,,,
4225,65,65,,,,0.105,,,,,
4225,4225,1,,,,0.117,,,,,
4249,1,4249,,,,,,0.034,,,
4249,4249,1,,,,,,0.027,,,
4258,1,4258,,0.017,0.021,,,,,,
4258,4258,1,,0.013,0.024,,,,,,
4285,1,4285,,,,0.11,,0.02,,,
4285,4285,1,,,,0.122,,0.027,,,
4290,65,66,,0.014,0.009,0.119,,0.02,,,
4312,1,4312,,0.017,,,,,,,
4312,4312,1,,0.014,,,,,,,
4317,1,4317,,0.036,0.023,,,,,,
4317,4317,1,,0.013,0.018,,,,,,
4321,1,4321,,,,,,0.02,,,
4321,4321,1,,,,,,0.027,,,
4346,1,4346,,,,0.115,,,,,
4346,4346,1,,,,0.115,,,,,
4356,1,4356,,,0.043,,,,,,
4356,66,66,,,0.01,,,,,,
4356,4356,1,,,0.018,,,,,,
4357,1,4357,,,,,,0.02,,,
4357,4357,1,,,,,,0.033,,,
4375,1,4375,,0.017,0.021,,,,,,
4375,4375,1,,0.015,0.029,,,,,,
4393,1,4393,,,,,,0.021,,,
4393,4393,1,,,,,,0.028,,,
4406,1,4406,,,,0.114,,,,,
4406,4406,1,,,,0.129,,,,,
4410,1,4410,,0.028,,,,,,,
4410,4410,1,,0.014,,,,,,,
4422,66,67,,0.008,0.01,0.113,,0.02,,,
4429,1,4429,,,,,,0.02,,,
4429,4429,1,,,,,,0.038,,,
4433,1,4433,,0.017,0.021,,,,,,
4433,4433,1,,0.014,0.018,,,,,,
4465,1,4465,,,,,,0.021,,,
4465,4465,1,,,,,,0.034,,,
4466,1,4466,,,,0.121,,,,,
4466,4466,1,,,,0.119,,,,,
4492,1,4492,,0.019,0.037,,,,,,
4492,4492,1,,0.014,0.019,,,,,,
4501,1,4501,,,,,,0.021,,,
4501,4501,1,,,,,,0.029,,,
4508,1,4508,,0.018,,,,,,,
4508,4508,1,,0.014,,,,,,,
4527,1,4527,,,,0.124,,,,,
4527,4527,1,,,,0.13,,,,,
4537,1,4537,,,,,,0.021,,,
4537,4537,1,,,,,,0.028,,,
4550,1,4550,,0.037,0.055,,,,,,
4550,4550,1,,0.014,0.019,,,,,,
4556,67,68,,0.008,0.01,0.12,,0.021,,,
4573,1,4573,,,,,,0.021,,,
4573,4573,1,,,,,,0.031,,,
4587,1,4587,,,,0.118,,,,,
4587,4587,1,,,,0.126,,,,,
4606,1,4606,,0.018,,,,,,,
4606,4606,1,,0.017,,,,,,,
4608,1,4608,,0.018,0.022,,,,,,
4608,4608,1,,0.015,0.027,,,,,,
4609,1,4609,,,,,,0.022,,,
4609,4609,1,,,,,,0.029,,,
4628,1,4628,,,0.04,,,,,,
4628,4628,1,,,0.019,,,,,,
4645,1,4645,,,,,,0.022,,,
4645,4645,1,,,,,,0.045,,,
4647,1,4647,,,,0.113,,,,,
4647,4647,1,,,,0.118,,,,,
4667,1,4667,,0.018,0.022,,,,,,
4667,4667,1,,0.015,0.023,,,,,,
4681,1,4681,,,,,,0.022,,,
4681,4681,1,,,,,,0.029,,,
4688,1,4688,,,,,,0.038,,,
4688,4688,1,,,,,,0.029,,,
4692,68,69,,0.009,0.027,0.115,,0.021,,,
4704,1,4704,,0.018,,,,,,,
4704,4704,1,,0.02,,,,,,,
4708,1,4708,,,,0.111,,,,,
4708,4708,1,,,,0.132,,,,,
4717,1,4717,,,,,,0.022,,,
4717,4717,1,,,,,,0.03,,,
4725,1,4725,,0.029,0.023,,,,,,
4725,4725,1,,0.015,0.021,,,,,,
4753,1,4753,,,,,,0.022,,,
4753,4753,1,,,,,,0.03,,,
4764,1,4764,,,0.023,,,,,,
4764,4764,1,,,0.02,,,,,,
4768,1,4768,,,,0.116,,,,,
4768,4768,1,,,,0.122,,,,,
4783,1,4783,,0.019,0.023,,,,,,
4783,4783,1,,0.028,0.034,,,,,,
4789,1,4789,,,,,,0.031,,,
4789,4789,1,,,,,,0.03,,,
4802,1,4802,,0.019,,,,,,,
4802,4802,1,,0.015,,,,,,,
4825,1,4825,,,,,,0.022,,,
4825,4825,1,,,,,,0.03,,,
4828,1,4828,,,,0.117,,,,,
4828,4828,1,,,,0.123,,,,,
4830,69,70,,0.025,0.011,0.112,,0.024,,,
4840,1,4840,,,,,,0.035,,,
4840,4840,1,,,,,,0.03,,,
4842,1,4842,,0.019,0.023,,,,,,
4842,4842,1,,0.015,0.026,,,,,,
4861,1,4861,,,,,,0.023,,,
4861,4861,1,,,,,,0.03,,,
4889,1,4889,,,,0.116,,,,,
4889,4889,1,,,,0.125,,,,,
4897,1,4897,,,,,,0.023,,,
4897,4897,1,,,,,,0.031,,,
4900,1,4900,,0.019,0.024,,,,,,
4900,70,70,,0.009,0.02,,,,,,
4900,4900,1,,0.016,0.02,,,,,,
4929,1,4929,,,,0.116,,,,,
4929,4929,1,,,,0.12,,,,,
4933,1,4933,,,,,,0.023,,,
4933,4933,1,,,,,,0.031,,,
4949,1,4949,,,,0.135,,,,,
4949,4949,1,,,,0.124,,,,,
4958,1,4958,,0.024,0.024,,,,,,
4958,4958,1,,0.016,0.034,,,,,,
4969,1,4969,,,,,,0.023,,,
4969,4969,1,,,,,,0.033,,,
4970,70,71,,0.009,0.011,0.131,,0.023,,,
4991,1,4991,,,,,,0.023,,,
4991,4991,1,,,,,,0.047,,,
5005,1,5005,,,,,,0.023,,,
5005,5005,1,,,,,,0.032,,,
5009,1,5009,,,,0.12,,,,,
5009,5009,1,,,,0.131,,,,,
5017,1,5017,,0.019,0.029,,,,,,
5017,5017,1,,0.016,0.021,,,,,,
5041,1,5041,,,,,,0.024,,,
5041,71,71,,,,,,0.03,,,
5041,5041,1,,,,,,0.032,,,
5063,1,5063,,0.044,,,,,,,
5063,5063,1,,0.017,,,,,,,
5070,1,5070,,,,0.133,,,,,
5070,5070,1,,,,0.131,,,,,
5075,1,5075,,0.02,0.049,,,,,,
5075,5075,1,,0.02,0.023,,,,,,
5077,1,5077,,,,,,0.024,,,
5077,5077,1,,,,,,0.035,,,
5112,71,72,,0.009,0.011,0.117,,0.023,,,
5113,1,5113,,,,,,0.024,,,
5113,5113,1,,,,,,0.032,,,
5130,1,5130,,,,0.127,,,,,
5130,5130,1,,,,0.124,,,,,
5133,1,5133,,0.02,0.035,,,,,,
5133,5133,1,,0.018,0.021,,,,,,
5142,1,5142,,,,,,0.024,,,
5142,5142,1,,,,,,0.054,,,
5145,1,5145,,,0.03,,,,,,
5145,5145,1,,,0.021,,,,,,
5149,1,5149,,,,,,0.024,,,
5149,5149,1,,,,,,0.052,,,
5185,1,5185,,,,,,0.024,,,
5185,5185,1,,,,,,0.033,,,
5190,1,5190,,,,0.115,,,,,
5190,5190,1,,,,0.134,,,,,
5192,1,5192,,0.02,0.038,,,,,,
5192,5192,1,,0.017,0.022,,,,,,
5221,1,5221,,,,,,0.025,,,
5221,5221,1,,,,,,0.041,,,
5227,1,5227,,0.022,,,,,,,
5227,5227,1,,0.017,,,,,,,
5250,1,5250,,0.029,0.025,,,,,,
5250,5250,1,,0.017,0.039,,,,,,
5251,1,5251,,,,0.124,,,,,
5251,5251,1,,,,0.142,,,,,
5256,72,73,,0.01,0.017,0.114,,0.024,,,
5257,1,5257,,,,,,0.025,,,
5257,5257,1,,,,,,0.033,,,
5294,1,5294,,,,,,0.025,,,
5294,5294,1,,,,,,0.033,,,
5308,1,5308,,0.024,0.026,,,,,,
5308,5308,1,,0.017,0.03,,,,,,
5311,1,5311,,,,0.116,,,,,
5311,5311,1,,,,0.133,,,,,
5330,1,5330,,,,,,0.038,,,
5330,5330,1,,,,,,0.034,,,
5366,1,5366,,,,,,0.025,,,
5366,5366,1,,,,,,0.045,,,
5367,1,5367,,0.021,0.026,,,,,,
5367,5367,1,,0.024,0.032,,,,,,
5372,1,5372,,,,0.151,,,,,
5372,5372,1,,,,0.125,,,,,
5390,1,5390,,0.024,0.032,,,,,,
5390,5390,1,,0.017,0.025,,,,,,
5402,1,5402,,,,,,0.025,,,
5402,73,74,,0.01,0.012,0.116,,0.025,,,
5402,5402,1,,,,,,0.034,,,
5425,1,5425,,0.021,0.026,,,,,,
5425,5425,1,,0.02,0.033,,,,,,
5432,1,5432,,,,0.115,,,,,
5432,5432,1,,,,0.124,,,,,
5438,1,5438,,,,,,0.025,,,
5438,5438,1,,,,,,0.045,,,
5445,1,5445,,,,,,0.025,,,
5445,5445,1,,,,,,0.034,,,
5474,1,5474,,,,,,0.026,,,
5474,5474,1,,,,,,0.034,,,
5483,1,5483,,0.022,0.044,,,,,,
5483,5483,1,,0.017,0.023,,,,,,
5492,1,5492,,,,0.118,,,,,
5492,5492,1,,,,0.154,,,,,
5510,1,5510,,,,,,0.031,,,
5510,5510,1,,,,,,0.035,,,
5542,1,5542,,0.033,0.043,,,,,,
5542,5542,1,,0.018,0.044,,,,,,
5546,1,5546,,,,,,0.026,,,
5546,5546,1,,,,,,0.061,,,
5550,74,75,,0.016,0.012,0.117,,0.025,,,
5553,1,5553,,0.022,,0.114,,,,,
5553,5553,1,,0.029,,0.174,,,,,
5582,1,5582,,,,,,0.026,,,
5582,5582,1,,,,,,0.035,,,
5596,1,5596,,,,,,0.028,,,
5596,5596,1,,,,,,0.035,,,
5600,1,5600,,0.027,0.027,,,,,,
5600,5600,1,,0.018,0.044,,,,,,
5613,1,5613,,,,0.122,,,,,
5613,5613,1,,,,0.133,,,,,
5618,1,5618,,,,,,0.027,,,
5618,5618,1,,,,,,0.048,,,
5633,1,5633,,,,0.119,,,,,
5633,5633,1,,,,0.134,,,,,
5635,1,5635,,,0.027,,,,,,
5635,5635,1,,,0.035,,,,,,
5654,1,5654,,,,,,0.027,,,
5654,5654,1,,,,,,0.036,,,
5658,1,5658,,0.043,0.027,,,,,,
5658,5658,1,,0.018,0.056,,,,,,
5673,1,5673,,,,0.144,,,,,
5673,5673,1,,,,0.128,,,,,
5690,1,5690,,,,,,0.033,,,
5690,5690,1,,,,,,0.036,,,
5700,75,76,,0.011,0.013,0.133,,0.026,,,
5717,1,5717,,0.022,0.066,,,,,,
5717,5717,1,,0.026,0.024,,,,,,
5726,1,5726,,,,,,0.027,,,
5726,5726,1,,,,,,0.04,,,
5734,1,5734,,,,0.121,,,,,
5734,5734,1,,,,0.163,,,,,
5747,1,5747,,,,,,0.027,,,
5747,5747,1,,,,,,0.036,,,
5762,1,5762,,,,,,0.027,,,
5762,5762,1,,,,,,0.036,,,
5775,1,5775,,0.023,0.076,,,,,,
5775,5775,1,,0.028,0.024,,,,,,
5794,1,5794,,,,0.118,,,,,
5794,5794,1,,,,0.127,,,,,
5798,1,5798,,,,,,0.047,,,
5798,5798,1,,,,,,0.037,,,
5833,1,5833,,0.023,0.039,,,,,,
5833,5833,1,,0.025,0.025,,,,,,
5834,1,5834,,,,,,0.027,,,
5834,5834,1,,,,,,0.062,,,
5852,76,77,,0.011,0.017,0.129,,0.027,,,
5854,1,5854,,,,0.117,,,,,
5854,5854,1,,,,0.13,,,,,
5870,1,5870,,,,,,0.028,,,
5870,5870,1,,,,,,0.037,,,
5880,1,5880,,0.023,0.029,,,,,,
5880,5880,1,,0.03,0.045,,,,,,
5892,1,5892,,0.023,0.044,,,,,,
5892,5892,1,,0.023,0.047,,,,,,
5899,1,5899,,,,,,0.051,,,
5899,5899,1,,,,,,0.037,,,
5906,1,5906,,,,,,0.066,,,
5906,5906,1,,,,,,0.037,,,
5915,1,5915,,,,0.148,,,,,
5915,5915,1,,,,0.137,,,,,
5942,1,5942,,,,,,0.028,,,
5942,5942,1,,,,,,0.061,,,
5950,1,5950,,0.023,0.029,,,,,,
5950,5950,1,,0.019,0.038,,,,,,
5975,1,5975,,,,0.124,,,,,
5975,5975,1,,,,0.143,,,,,
5978,1,5978,,,,,,0.029,,,
5978,5978,1,,,,,,0.038,,,
6006,77,78,,0.011,0.013,0.122,,0.028,,,
6008,1,6008,,0.03,0.045,,,,,,
6008,6008,1,,0.02,0.025,,,,,,
6014,1,6014,,,,,,0.028,,,
6014,6014,1,,,,,,0.089,,,
6035,1,6035,,,,0.121,,,,,
6035,6035,1,,,,0.14,,,,,
6043,1,6043,,0.045,,,,,,,
6043,6043,1,,0.02,,,,,,,
6050,1,6050,,,,,,0.032,,,
6050,6050,1,,,,,,0.037,,,
6067,1,6067,,0.027,0.03,,,,,,
6067,6067,1,,0.02,0.048,,,,,,
6086,1,6086,,,,,,0.029,,,
6086,6086,1,,,,,,0.039,,,
6096,1,6096,,,,0.127,,,,,
6096,6096,1,,,,0.146,,,,,
6122,1,6122,,,,,,0.029,,,
6122,6122,1,,,,,,0.039,,,
6125,1,6125,,0.039,0.038,,,,,,
6125,6125,1,,0.02,0.025,,,,,,
6156,1,6156,,,,0.119,,,,,
6156,6156,1,,,,0.154,,,,,
6158,1,6158,,,,,,0.029,,,
6158,6158,1,,,,,,0.039,,,
6162,78,79,,0.011,0.014,0.124,,0.029,,,
6183,1,6183,,0.032,0.031,,,,,,
6183,6183,1,,0.02,0.029,,,,,,
6194,1,6194,,,,,,0.029,,,
6194,6194,1,,,,,,0.055,,,
6207,1,6207,,0.033,,,,,,,
6207,6207,1,,0.02,,,,,,,
6216,1,6216,,,,0.128,,,,,
6216,6216,1,,,,0.138,,,,,
6230,1,6230,,,,,,0.033,,,
6230,6230,1,,,,,,0.064,,,
6242,1,6242,,0.043,0.062,,,,,,
6242,6242,1,,0.02,0.027,,,,,,
6266,1,6266,,,,,,0.029,,,
6266,6266,1,,,,,,0.061,,,
6277,1,6277,,,,0.126,,,,,
6277,6277,1,,,,0.129,,,,,
6300,1,6300,,0.025,0.045,,,,,,
6300,6300,1,,0.02,0.026,,,,,,
6302,1,6302,,,,,,0.03,,,
6302,6302,1,,,,,,0.04,,,
6320,79,80,,0.012,0.029,0.118,,0.029,,,
6337,1,6337,,,,0.116,,,,,
6337,6337,1,,,,0.169,,,,,
6338,1,6338,,,,,,0.066,,,
6338,6338,1,,,,,,0.041,,,
6358,1,6358,,0.025,0.035,,,,,,
6358,6358,1,,0.023,0.028,,,,,,
6370,1,6370,,0.029,0.037,,,,,,
6370,6370,1,,0.021,0.026,,,,,,
6374,1,6374,,,,,,0.03,,,
6374,6374,1,,,,,,0.059,,,
6410,1,6410,,,,0.134,,0.03,,,
6410,6410,1,,,,0.142,,0.041,,,
6417,1,6417,,0.025,0.077,,,,,,
6417,6417,1,,0.024,0.027,,,,,,
6446,1,6446,,,,,,0.047,,,
6446,6446,1,,,,,,0.041,,,
6475,1,6475,,0.025,0.059,,,,,,
6475,6475,1,,0.026,0.038,,,,,,
6480,80,81,,0.012,0.014,0.125,,0.03,,,
6482,1,6482,,,,,,0.03,,,
6482,6482,1,,,,,,0.057,,,
6483,1,6483,,,,0.13,,,,,
6483,6483,1,,,,0.145,,,,,
6518,1,6518,,,,,,0.031,,,
6518,6518,1,,,,,,0.054,,,
6533,1,6533,,0.026,0.038,,,,,,
6533,6533,1,,0.039,0.028,,,,,,
6554,1,6554,,,,,,0.031,,,
6554,6554,1,,,,,,0.042,,,
6556,1,6556,,,,0.131,,,,,
6556,6556,1,,,,0.13,,,,,
6590,1,6590,,,,,,0.031,,,
6590,6590,1,,,,,,0.042,,,
6592,1,6592,,0.026,0.053,,,,,,
6592,6592,1,,0.031,0.028,,,,,,
6615,1,6615,,,0.053,,,,,,
6615,6615,1,,,0.027,,,,,,
6626,1,6626,,,,,,0.055,,,
6626,6626,1,,,,,,0.042,,,
6628,1,6628,,,,0.121,,,,,
6628,6628,1,,,,0.153,,,,,
6642,81,82,,0.012,0.024,0.123,,0.031,,,
6650,1,6650,,0.026,0.041,,,,,,
6650,6650,1,,0.041,0.043,,,,,,
6662,1,6662,,,,,,0.031,,,
6662,6662,1,,,,,,0.052,,,
6697,1,6697,,0.026,,,,,,,
6697,6697,1,,0.026,,,,,,,
6698,1,6698,,,,,,0.031,,,
6698,6698,1,,,,,,0.042,,,
6701,1,6701,,,,0.124,,,,,
6701,6701,1,,,,0.139,,,,,
6708,1,6708,,0.026,0.04,,,,,,
6708,6708,1,,0.031,0.028,,,,,,
6734,1,6734,,,,,,0.032,,,
6734,6734,1,,,,,,0.043,,,
6767,1,6767,,0.027,0.051,,,,,,
6767,6767,1,,0.038,0.037,,,,,,
6770,1,6770,,,,,,0.032,,,
6770,6770,1,,,,,,0.043,,,
6774,1,6774,,,,0.123,,,,,
6774,6774,1,,,,0.152,,,,,
6806,1,6806,,,,,,0.036,,,
6806,82,83,,0.013,0.015,0.124,,0.04,,,
6806,6806,1,,,,,,0.043,,,
6825,1,6825,,0.027,0.034,,,,,,
6825,6825,1,,0.031,0.04,,,,,,
6842,1,6842,,,,,,0.062,,,
6842,6842,1,,,,,,0.044,,,
6847,1,6847,,,,0.124,,,,,
6847,6847,1,,,,0.146,,,,,
6860,1,6860,,0.041,0.049,,,,,,
6860,6860,1,,0.022,0.036,,,,,,
6878,1,6878,,,,,,0.033,,,
6878,6878,1,,,,,,0.058,,,
6883,1,6883,,0.027,0.067,,,,,,
6883,6883,1,,0.037,0.029,,,,,,
6914,1,6914,,,,,,0.032,,,
6914,6914,1,,,,,,0.056,,,
6920,1,6920,,,,0.13,,,,,
6920,6920,1,,,,0.146,,,,,
6942,1,6942,,0.027,0.083,,,,,,
6942,6942,1,,0.034,0.045,,,,,,
6950,1,6950,,,,,,0.033,,,
6950,6950,1,,,,,,0.045,,,
6972,83,84,,0.013,0.015,0.133,,0.032,,,
6986,1,6986,,,,,,0.038,,,
6986,6986,1,,,,,,0.045,,,
6993,1,6993,,,,0.136,,,,,
6993,6993,1,,,,0.136,,,,,
7000,1,7000,,0.028,0.059,,,,,,
7000,7000,1,,0.039,0.055,,,,,,
7022,1,7022,,,,,,0.036,,,
7022,7022,1,,,,,,0.045,,,
7023,1,7023,,0.035,,,,,,,
7023,7023,1,,0.023,,,,,,,
7058,1,7058,,0.028,0.035,,,0.033,,,
7058,7058,1,,0.033,0.071,,,0.067,,,
7066,1,7066,,,,0.127,,,,,
7066,7066,1,,,,0.148,,,,,
7094,1,7094,,,,,,0.033,,,
7094,7094,1,,,,,,0.057,,,
7105,1,7105,,,0.035,,,,,,
7105,7105,1,,,0.043,,,,,,
7117,1,7117,,0.041,0.052,,,,,,
7117,7117,1,,0.024,0.055,,,,,,
7130,1,7130,,,,,,0.033,,,
7130,7130,1,,,,,,0.051,,,
7138,1,7138,,,,0.137,,,,,
7138,7138,1,,,,0.145,,,,,
7140,84,85,,0.013,0.016,0.124,,0.033,,,
7166,1,7166,,,,,,0.034,,,
7166,7166,1,,,,,,0.046,,,
7175,1,7175,,0.059,0.035,,,,,,
7175,7175,1,,0.023,0.041,,,,,,
7187,1,7187,,0.028,,,,,,,
7187,7187,1,,0.025,,,,,,,
7202,1,7202,,,,,,0.054,,,
7202,7202,1,,,,,,0.046,,,
7211,1,7211,,,,0.122,,,,,
7211,7211,1,,,,0.139,,,,,
7233,1,7233,,0.069,0.045,,,,,,
7233,7233,1,,0.024,0.03,,,,,,
7238,1,7238,,,,,,0.034,,,
7238,7238,1,,,,,,0.054,,,
7274,1,7274,,,,,,0.035,,,
7274,7274,1,,,,,,0.068,,,
7284,1,7284,,,,0.13,,,,,
7284,7284,1,,,,0.144,,,,,
7292,1,7292,,0.042,0.036,,,,,,
7292,7292,1,,0.024,0.031,,,,,,
7310,1,7310,,,,,,0.035,,,
7310,85,86,,0.015,0.041,0.124,,0.034,,,
7310,7310,1,,,,,,0.057,,,
7346,1,7346,,,,,,0.042,,,
7346,7346,1,,,,,,0.046,,,
7350,1,7350,,0.038,0.07,,,,,,
7350,7350,1,,0.025,0.034,,,,,,
7357,1,7357,,,,0.128,,,,,
7357,7357,1,,,,0.157,,,,,
7382,1,7382,,,,,,0.035,,,
7382,7382,1,,,,,,0.047,,,
7394,1,7394,,,,0.133,,,,,
7394,7394,1,,,,0.136,,,,,
7408,1,7408,,0.048,0.054,,,,,,
7408,7408,1,,0.025,0.042,,,,,,
7418,1,7418,,,,,,0.055,,,
7418,7418,1,,,,,,0.047,,,
7430,1,7430,,,,0.129,,,,,
7430,7430,1,,,,0.148,,,,,
7454,1,7454,,,,,,0.035,,,
7454,7454,1,,,,,,0.056,,,
7467,1,7467,,0.029,0.065,,,,,,
7467,7467,1,,0.028,0.032,,,,,,
7482,86,87,,0.026,0.017,0.123,,0.037,,,
7490,1,7490,,,,,,0.035,,,
7490,7490,1,,,,,,0.065,,,
7503,1,7503,,,,0.123,,,,,
7503,7503,1,,,,0.15,,,,,
7525,1,7525,,0.03,0.054,,,,,,
7525,7525,1,,0.03,0.042,,,,,,
7526,1,7526,,,,,,0.036,,,
7526,7526,1,,,,,,0.084,,,
7562,1,7562,,,,,,0.035,,,
7562,7562,1,,,,,,0.047,,,
7576,1,7576,,,,0.132,,,,,
7576,7576,1,,,,0.148,,,,,
7583,1,7583,,0.03,0.045,,,,,,
7583,7583,1,,0.026,0.072,,,,,,
7595,1,7595,,0.035,,,,,,,
7595,7595,1,,0.025,,,,,,,
7598,1,7598,,,,,,0.036,,,
7598,7598,1,,,,,,0.048,,,
7634,1,7634,,,,,,0.036,,,
7634,7634,1,,,,,,0.071,,,
7642,1,7642,,0.058,0.037,,,,,,
7642,7642,1,,0.025,0.054,,,,,,
7649,1,7649,,,,0.145,,,,,
7649,7649,1,,,,0.145,,,,,
7656,1,7656,,,0.049,,,,,,
7656,87,88,,0.023,0.032,0.124,,0.089,,,
7656,7656,1,,,0.032,,,,,,
7670,1,7670,,,,,,0.036,,,
7670,7670,1,,,,,,0.049,,,
7700,1,7700,,0.041,0.053,,,,,,
7700,7700,1,,0.025,0.04,,,,,,
7706,1,7706,,,,,,0.079,,,
7706,7706,1,,,,,,0.049,,,
7721,1,7721,,,,0.138,,,,,
7721,7721,1,,,,0.142,,,,,
7742,1,7742,,,,,,0.052,,,
7742,7742,1,,,,,,0.049,,,
7758,1,7758,,0.037,0.08,,,,,,
7758,7758,1,,0.026,0.033,,,,,,
7778,1,7778,,,,,,0.037,,,
7778,7778,1,,,,,,0.05,,,
7794,1,7794,,,,0.15,,,,,
7794,7794,1,,,,0.141,,,,,
7814,1,7814,,,,,,0.038,,,
7814,7814,1,,,,,,0.049,,,
7817,1,7817,,0.035,0.073,,,,,,
7817,7817,1,,0.044,0.033,,,,,,
7832,88,89,,0.015,0.037,0.129,,0.037,,,
7840,1,7840,,0.035,,,,,,,
7840,7840,1,,0.026,,,,,,,
7850,1,7850,,,,,,0.039,,,
7850,7850,1,,,,,,0.065,,,
7867,1,7867,,,,0.152,,,,,
7867,7867,1,,,,0.146,,,,,
7875,1,7875,,0.031,0.05,,,,,,
7875,7875,1,,0.038,0.045,,,,,,
7886,1,7886,,,,,,0.037,,,
7886,7886,1,,,,,,0.07,,,
7922,1,7922,,,,,,0.038,,,
7922,7922,1,,,,,,0.087,,,
7933,1,7933,,0.032,0.073,,,,,,
7933,7933,1,,0.031,0.085,,,,,,
7940,1,7940,,,,0.144,,,,,
7940,7940,1,,,,0.144,,,,,
7958,1,7958,,,,,,0.038,,,
7958,7958,1,,,,,,0.051,,,
7963,1,7963,,,0.057,,,,,,
7963,7963,1,,,0.058,,,,,,
7992,1,7992,,0.034,0.039,,,,,,
7992,7992,1,,0.027,0.041,,,,,,
7994,1,7994,,,,,,0.049,,,
7994,7994,1,,,,,,0.052,,,
8010,89,90,,0.036,0.018,0.14,,0.037,,,
8013,1,8013,,,,0.128,,,,,
8013,8013,1,,,,0.163,,,,,
8030,1,8030,,,,,,0.052,,,
8030,8030,1,,,,,,0.051,,,
8050,1,8050,,0.054,0.049,,,,,,
8050,8050,1,,0.027,0.066,,,,,,
8066,1,8066,,,,,,0.037,,,
8066,8066,1,,,,,,0.068,,,
8085,1,8085,,0.032,,,,,,,
8085,8085,1,,0.038,,,,,,,
8086,1,8086,,,,0.127,,,,,
8086,8086,1,,,,0.162,,,,,
8102,1,8102,,,,,,0.039,,,
8102,8102,1,,,,,,0.052,,,
8108,1,8108,,0.046,0.086,,,,,,
8108,8108,1,,0.048,0.034,,,,,,
8138,1,8138,,,,,,0.049,,,
8138,8138,1,,,,,,0.052,,,
8159,1,8159,,,,0.131,,,,,
8159,8159,1,,,,0.164,,,,,
8167,1,8167,,0.043,0.05,,,,,,
8167,8167,1,,0.027,0.048,,,,,,
8174,1,8174,,,,,,0.044,,,
8174,8174,1,,,,,,0.052,,,
8190,90,91,,0.015,0.041,0.132,,0.039,,,
8210,1,8210,,,,,,0.067,,,
8210,8210,1,,,,,,0.053,,,
8225,1,8225,,0.047,0.077,,,,,,
8225,8225,1,,0.027,0.048,,,,,,
8231,1,8231,,,,0.149,,,,,
8231,8231,1,,,,0.144,,,,,
8246,1,8246,,,,,,0.054,,,
8246,8246,1,,,,,,0.053,,,
8269,1,8269,,,0.068,,,,,,
8269,8269,1,,,0.078,,,,,,
8282,1,8282,,,,,,0.04,,,
8282,8282,1,,,,,,0.063,,,
8283,1,8283,,0.041,0.076,,,,,,
8283,8283,1,,0.049,0.036,,,,,,
8304,1,8304,,,,0.177,,,,,
8304,8304,1,,,,0.149,,,,,
8319,1,8319,,,,,,0.039,,,
8319,8319,1,,,,,,0.058,,,
8330,1,8330,,0.033,,,,,,,
8330,8330,1,,0.03,,,,,,,
8342,1,8342,,0.033,0.067,,,,,,
8342,8342,1,,0.044,0.039,,,,,,
8355,1,8355,,,,,,0.039,,,
8355,8355,1,,,,,,0.06,,,
8372,91,92,,0.016,0.019,0.129,,0.038,,,
8377,1,8377,,,,0.149,,,,,
8377,8377,1,,,,0.149,,,,,
8391,1,8391,,,,,,0.04,,,
8391,8391,1,,,,,,0.083,,,
8400,1,8400,,0.034,0.086,,,,,,
8400,8400,1,,0.045,0.036,,,,,,
8427,1,8427,,,,,,0.04,,,
8427,8427,1,,,,,,0.07,,,
8450,1,8450,,,,0.155,,,,,
8450,8450,1,,,,0.138,,,,,
8458,1,8458,,0.055,0.066,,,,,,
8458,8458,1,,0.029,0.043,,,,,,
8463,1,8463,,,,,,0.04,,,
8463,8463,1,,,,,,0.085,,,
8499,1,8499,,,,,,0.04,,,
8499,8499,1,,,,,,0.071,,,
8517,1,8517,,0.074,0.046,,,,,,
8517,8517,1,,0.047,0.069,,,,,,
8534,1,8534,,,,0.181,,,,,
8534,8534,1,,,,0.153,,,,,
8535,1,8535,,,,,,0.04,,,
8535,8535,1,,,,,,0.055,,,
8556,92,93,,0.017,0.019,0.164,,0.073,,,
8571,1,8571,,,,,,0.04,,,
8571,8571,1,,,,,,0.1,,,
8575,1,8575,,0.034,0.093,,,,,,
8575,8575,1,,0.043,0.057,,,,,,
8607,1,8607,,,,,,0.046,,,
8607,8607,1,,,,,,0.055,,,
8619,1,8619,,,,0.143,,,,,
8619,8619,1,,,,0.195,,,,,
8633,1,8633,,0.035,0.059,,,,,,
8633,8633,1,,0.065,0.073,,,,,,
8643,1,8643,,,,,,0.044,,,
8643,8643,1,,,,,,0.055,,,
8679,1,8679,,,,,,0.064,,,
8679,8679,1,,,,,,0.055,,,
8692,1,8692,,0.058,0.063,,,,,,
8692,8692,1,,0.029,0.037,,,,,,
8703,1,8703,,,,0.134,,,,,
8703,8703,1,,,,0.168,,,,,
8715,1,8715,,,,,,0.05,,,
8715,8715,1,,,,,,0.056,,,
8742,93,94,,0.016,0.031,0.136,,0.04,,,
8750,1,8750,,0.076,0.049,,,,,,
8750,8750,1,,0.029,0.066,,,,,,
8751,1,8751,,,,,,0.066,,,
8751,8751,1,,,,,,0.056,,,
8787,1,8787,,,,,,0.053,,,
8787,8787,1,,,,,,0.056,,,
8788,1,8788,,,,0.177,,,,,
8788,8788,1,,,,0.155,,,,,
8808,1,8808,,0.039,0.098,,,,,,
8808,8808,1,,0.034,0.037,,,,,,
8820,1,8820,,0.042,,,,,,,
8820,8820,1,,0.052,,,,,,,
8823,1,8823,,,,,,0.041,,,
8823,8823,1,,,,,,0.116,,,
8859,1,8859,,,,,,0.068,,,
8859,8859,1,,,,,,0.057,,,
8867,1,8867,,0.035,0.11,,,,,,
8867,8867,1,,0.039,0.042,,,,,,
8872,1,8872,,,,0.151,,,,,
8872,8872,1,,,,0.152,,,,,
8881,1,8881,,,0.044,,,,,,
8881,8881,1,,,0.082,,,,,,
8895,1,8895,,,,,,0.042,,,
8895,8895,1,,,,,,0.057,,,
8925,1,8925,,0.042,0.05,,,,,,
8925,8925,1,,0.044,0.065,,,,,,
8930,94,95,,0.017,0.02,0.154,,0.072,,,
8931,1,8931,,,,,,0.104,,,
8931,8931,1,,,,,,0.059,,,
8957,1,8957,,,,0.137,,,,,
8957,8957,1,,,,0.167,,,,,
8967,1,8967,,,,,,0.043,,,
8967,8967,1,,,,,,0.058,,,
8983,1,8983,,0.035,0.08,,,,,,
8983,8983,1,,0.03,0.067,,,,,,
9003,1,9003,,,,,,0.045,,,
9003,9003,1,,,,,,0.058,,,
9039,1,9039,,,,,,0.049,,,
9039,9039,1,,,,,,0.058,,,
9041,1,9041,,,,0.141,,,,,
9041,9041,1,,,,0.176,,,,,
9042,1,9042,,0.054,0.081,,,,,,
9042,9042,1,,0.031,0.069,,,,,,
9065,1,9065,,0.037,,,,,,,
9065,9065,1,,0.042,,,,,,,
9075,1,9075,,,,,,0.042,,,
9075,9075,1,,,,,,0.069,,,
9100,1,9100,,0.048,0.056,,,,,,
9100,9100,1,,0.038,0.071,,,,,,
9111,1,9111,,,,,,0.062,,,
9111,9111,1,,,,,,0.059,,,
9120,95,96,,0.017,0.031,0.136,,0.045,,,
9126,1,9126,,,,0.136,,,,,
9126,9126,1,,,,0.158,,,,,
9147,1,9147,,,,,,0.065,,,
9147,9147,1,,,,,,0.059,,,
9158,1,9158,,0.042,0.045,,,,,,
9158,9158,1,,0.031,0.039,,,,,,
9183,1,9183,,,,,,0.063,,,
9183,9183,1,,,,,,0.059,,,
9188,1,9188,,,0.095,,,,,,
9188,9188,1,,,0.039,,,,,,
9210,1,9210,,,,0.13,,,,,
9210,9210,1,,,,0.172,,,,,
9217,1,9217,,0.054,0.053,,,,,,
9217,9217,1,,0.031,0.039,,,,,,
9219,1,9219,,,,,,0.066,,,
9219,9219,1,,,,,,0.06,,,
9255,1,9255,,,,,,0.044,,,
9255,9255,1,,,,,,0.081,,,
9275,1,9275,,0.048,0.061,,,,,,
9275,9275,1,,0.037,0.066,,,,,,
9291,1,9291,,,,,,0.044,,,
9291,9291,1,,,,,,0.085,,,
9295,1,9295,,,,0.144,,,,,
9295,9295,1,,,,0.192,,,,,
9310,1,9310,,0.048,,,,,,,
9310,9310,1,,0.048,,,,,,,
9312,96,97,,0.018,0.048,0.143,,0.062,,,
9327,1,9327,,,,,,0.044,,,
9327,9327,1,,,,,,0.083,,,
9333,1,9333,,0.042,0.063,,,,,,
9333,9333,1,,0.031,0.071,,,,,,
9363,1,9363,,,,,,0.044,,,
9363,9363,1,,,,,,0.086,,,
9379,1,9379,,,,0.153,,,,,
9379,9379,1,,,,0.157,,,,,
9392,1,9392,,0.051,0.069,,,,,,
9392,9392,1,,0.04,0.073,,,,,,
9399,1,9399,,,,,,0.045,,,
9399,9399,1,,,,,,0.061,,,
9435,1,9435,,,,,,0.045,,,
9435,9435,1,,,,,,0.084,,,
9450,1,9450,,0.038,0.065,,,,,,
9450,9450,1,,0.039,0.081,,,,,,
9453,1,9453,,,,,,0.061,,,
9453,9453,1,,,,,,0.06,,,
9464,1,9464,,,,0.147,,,,,
9464,9464,1,,,,0.181,,,,,
9471,1,9471,,,,,,0.045,,,
9471,9471,1,,,,,,0.063,,,
9494,1,9494,,,0.076,,,,,,
9494,9494,1,,,0.043,,,,,,
9506,1,9506,,,,0.135,,,,,
9506,97,98,,0.047,0.023,0.13,,0.067,,,
9506,9506,1,,,,0.16,,,,,
9507,1,9507,,,,,,0.046,,,
9507,9507,1,,,,,,0.083,,,
9508,1,9508,,0.041,0.069,,,,,,
9508,9508,1,,0.031,0.04,,,,,,
9543,1,9543,,,,,,0.045,,,
9543,9543,1,,,,,,0.071,,,
9548,1,9548,,,,0.138,,,,,
9548,9548,1,,,,0.175,,,,,
9555,1,9555,,0.039,,,,,,,
9555,9555,1,,0.046,,,,,,,
9567,1,9567,,0.05,0.052,,,,,,
9567,9567,1,,0.038,0.041,,,,,,
9579,1,9579,,,,,,0.046,,,
9579,9579,1,,,,,,0.083,,,
9615,1,9615,,,,,,0.054,,,
9615,9615,1,,,,,,0.061,,,
9625,1,9625,,0.067,0.113,,,,,,
9625,9625,1,,0.032,0.041,,,,,,
9633,1,9633,,,,0.142,,,,,
9633,9633,1,,,,0.182,,,,,
9651,1,9651,,,,,,0.046,,,
9651,9651,1,,,,,,0.076,,,
9683,1,9683,,0.054,0.118,,,,,,
9683,9683,1,,0.041,0.042,,,,,,
9687,1,9687,,,,,,0.046,,,
9687,9687,1,,,,,,0.092,,,
9702,98,99,,0.018,0.022,0.141,,0.07,,,
9717,1,9717,,,,0.165,,,,,
9717,9717,1,,,,0.154,,,,,
9723,1,9723,,,,,,0.046,,,
9723,9723,1,,,,,,0.082,,,
9742,1,9742,,0.044,0.051,,,,,,
9742,9742,1,,0.032,0.042,,,,,,
9759,1,9759,,,,,,0.047,,,
9759,9759,1,,,,,,0.085,,,
9795,1,9795,,,,,,0.047,,,
9795,9795,1,,,,,,0.076,,,
9800,1,9800,,0.059,0.076,,,,,,
9800,9800,1,,0.054,0.041,,,,,,
9802,1,9802,,,,0.153,,,,,
9802,9802,1,,,,0.154,,,,,
9831,1,9831,,,,,,0.046,,,
9831,9831,1,,,,,,0.088,,,
9858,1,9858,,0.053,0.05,,,,,,
9858,9858,1,,0.042,0.066,,,,,,
9867,1,9867,,,,,,0.047,,,
9867,9867,1,,,,,,0.083,,,
9886,1,9886,,,,0.173,,,,,
9886,9886,1,,,,0.15,,,,,
9900,99,100,,0.019,0.05,0.139,,0.046,,,
9903,1,9903,,,,,,0.047,,,
9903,9903,1,,,,,,0.073,,,
9917,1,9917,,0.057,0.092,,,,,,
9917,9917,1,,0.063,0.091,,,,,,
9939,1,9939,,,,,,0.047,,,
9939,9939,1,,,,,,0.082,,,
9971,1,9971,,,,0.145,,,,,
9971,9971,1,,,,0.194,,,,,
9975,1,9975,,0.039,0.076,,,0.054,,,
9975,9975,1,,0.084,0.047,,,0.064,,,
10011,1,10011,,,,,,0.088,,,
10011,10011,1,,,,,,0.064,,,
10033,1,10033,,0.054,0.076,,,,,,
10033,10033,1,,0.033,0.043,,,,,,
10047,1,10047,,,,,,0.048,,,
10047,10047,1,,,,,,0.099,,,
10055,1,10055,,,,0.147,,,,,
10055,10055,1,,,,0.186,,,,,
10083,1,10083,,,,,,0.048,,,
10083,10083,1,,,,,,0.086,,,
10092,1,10092,,0.07,0.076,,,,,,
10092,10092,1,,0.043,0.074,,,,,,
10100,100,101,,0.019,0.064,0.138,,0.075,,,
10106,1,10106,,0.07,,,,,,,
10106,10106,1,,0.053,,,,,,,
10119,1,10119,,,,,,0.048,,,
10119,10119,1,,,,,,0.1,,,
10140,1,10140,,,,0.155,,,,,
10140,10140,1,,,,0.165,,,,,
10150,1,10150,,0.054,0.07,,,,,,
10150,10150,1,,0.034,0.077,,,,,,
10155,1,10155,,,,,,0.084,,,
10155,10155,1,,,,,,0.066,,,
10191,1,10191,,,,,,0.088,,,
10191,10191,1,,,,,,0.066,,,
10208,1,10208,,0.052,0.076,,,,,,
10208,10208,1,,0.051,0.072,,,,,,
10209,1,10209,,,,,,0.069,,,
10209,10209,1,,,,,,0.088,,,
10224,1,10224,,,,0.141,,,,,
10224,10224,1,,,,0.185,,,,,
10227,1,10227,,,,,,0.063,,,
10227,10227,1,,,,,,0.066,,,
10263,1,10263,,,,,,0.073,,,
10263,10263,1,,,,,,0.066,,,
10267,1,10267,,0.054,0.067,,,,,,
10267,10267,1,,0.056,0.071,,,,,,
10290,1,10290,,,0.081,,,,,,
10290,10290,1,,,0.044,,,,,,
10299,1,10299,,,,,,0.06,,,
10299,10299,1,,,,,,0.077,,,
10302,101,102,,0.02,0.044,0.145,,0.048,,,
10309,1,10309,,,,0.166,,,,,
10309,10309,1,,,,0.165,,,,,
10325,1,10325,,0.068,0.066,,,,,,
10325,10325,1,,0.035,0.07,,,,,,
10335,1,10335,,,,,,0.049,,,
10335,10335,1,,,,,,0.107,,,
10371,1,10371,,,,,,0.049,,,
10371,10371,1,,,,,,0.073,,,
10383,1,10383,,0.059,0.083,,,,,,
10383,10383,1,,0.042,0.091,,,,,,
10393,1,10393,,,,0.138,,,,,
10393,10393,1,,,,0.157,,,,,
10407,1,10407,,,,,,0.05,,,
10407,10407,1,,,,,,0.082,,,
10413,1,10413,,0.071,,,,,,,
10413,10413,1,,0.036,,,,,,,
10442,1,10442,,0.042,0.073,,,,,,
10442,10442,1,,0.071,0.075,,,,,,
10443,1,10443,,,,,,0.05,,,
10443,10443,1,,,,,,0.068,,,
10478,1,10478,,,,0.141,,,,,
10478,10478,1,,,,0.173,,,,,
10479,1,10479,,,,,,0.09,,,
10479,10479,1,,,,,,0.067,,,
10500,1,10500,,0.042,0.096,,,,,,
10500,10500,1,,0.043,0.067,,,,,,
10506,102,103,,0.04,0.054,0.157,,0.049,,,
10515,1,10515,,,,,,0.104,,,
10515,10515,1,,,,,,0.068,,,
10551,1,10551,,,,,,0.05,,,
10551,10551,1,,,,,,0.112,,,
10558,1,10558,,0.055,0.079,,,,,,
10558,10558,1,,0.045,0.069,,,,,,
10562,1,10562,,,,0.156,,,,,
10562,10562,1,,,,0.162,,,,,
10563,1,10563,,,,0.14,,,,,
10563,10563,1,,,,0.206,,,,,
10587,1,10587,,,,,,0.066,,,
10587,10587,1,,,,,,0.087,,,
10617,1,10617,,0.078,0.052,,,,,,
10617,10617,1,,0.037,0.068,,,,,,
10623,1,10623,,,,,,0.051,,,
10623,10623,1,,,,,,0.095,,,
10659,1,10659,,,,,,0.07,,,
10659,10659,1,,,,,,0.068,,,
10663,1,10663,,,,0.15,,,,,
10663,10663,1,,,,0.205,,,,,
10675,1,10675,,0.06,0.066,,,,,,
10675,10675,1,,0.041,0.068,,,,,,
10695,1,10695,,,,,,0.063,,,
10695,10695,1,,,,,,0.069,,,
10712,103,104,,0.02,0.032,0.144,,0.05,,,
10719,1,10719,,0.07,,,,,,,
10719,10719,1,,0.052,,,,,,,
10731,1,10731,,,,,,0.051,,,
10731,10731,1,,,,,,0.072,,,
10733,1,10733,,0.047,0.134,,,,,,
10733,10733,1,,0.036,0.086,,,,,,
10763,1,10763,,,,0.213,,,,,
10763,10763,1,,,,0.165,,,,,
10767,1,10767,,,,,,0.051,,,
10767,10767,1,,,,,,0.087,,,
10780,1,10780,,,0.098,,,,,,
10780,10780,1,,,0.085,,,,,,
10792,1,10792,,0.055,0.089,,,,,,
10792,10792,1,,0.043,0.064,,,,,,
10803,1,10803,,,,,,0.051,,,
10803,10803,1,,,,,,0.079,,,
10839,1,10839,,,,,,0.085,,,
10839,10839,1,,,,,,0.069,,,
10850,1,10850,,0.07,0.084,,,,,,
10850,10850,1,,0.052,0.061,,,,,,
10864,1,10864,,,,0.161,,,,,
10864,10864,1,,,,0.179,,,,,
10875,1,10875,,,,,,0.066,,,
10875,10875,1,,,,,,0.069,,,
10908,1,10908,,0.06,0.099,,,,,,
10908,10908,1,,0.046,0.109,,,,,,
10911,1,10911,,,,,,0.06,,,
10911,10911,1,,,,,,0.123,,,
10920,104,105,,0.021,0.065,0.143,,0.05,,,
10947,1,10947,,,,,,0.056,,,
10947,10947,1,,,,,,0.154,,,
10964,1,10964,,,,0.156,,,,,
10964,10964,1,,,,0.187,,,,,
10965,1,10965,,,,,,0.091,,,
10965,10965,1,,,,,,0.069,,,
10967,1,10967,,0.074,0.083,,,,,,
10967,10967,1,,0.037,0.09,,,,,,
10983,1,10983,,,,,,0.052,,,
10983,10983,1,,,,,,0.087,,,
11019,1,11019,,,,,,0.052,,,
11019,11019,1,,,,,,0.101,,,
11025,1,11025,,0.045,0.076,,,,,,
11025,105,105,,0.021,0.052,,,,,,
11025,11025,1,,0.049,0.08,,,,,,
11055,1,11055,,,,,,0.088,,,
11055,11055,1,,,,,,0.071,,,
11065,1,11065,,,,0.146,,,,,
11065,11065,1,,,,0.176,,,,,
11083,1,11083,,0.068,0.078,,,,,,
11083,11083,1,,0.057,0.07,,,,,,
11091,1,11091,,,,,,0.053,,,
11091,11091,1,,,,,,0.085,,,
11127,1,11127,,,,,,0.054,,,
11127,11127,1,,,,,,0.071,,,
11130,105,106,,0.021,0.025,0.145,,0.095,,,
11142,1,11142,,0.055,0.099,,,,,,
11142,11142,1,,0.057,0.074,,,,,,
11163,1,11163,,,,,,0.087,,,
11163,11163,1,,,,,,0.072,,,
11166,1,11166,,,,0.184,,,,,
11166,11166,1,,,,0.185,,,,,
11199,1,11199,,,,,,0.053,,,
11199,11199,1,,,,,,0.11,,,
11200,1,11200,,0.068,0.077,,,,,,
11200,11200,1,,0.081,0.058,,,,,,
11235,1,11235,,,,,,0.054,,,
11235,11235,1,,,,,,0.097,,,
11258,1,11258,,0.075,0.08,,,,,,
11258,11258,1,,0.038,0.102,,,,,,
11266,1,11266,,,,0.146,,,,,
11266,11266,1,,,,0.19,,,,,
11270,1,11270,,,0.108,,,,,,
11270,11270,1,,,0.07,,,,,,
11271,1,11271,,,,,,0.054,,,
11271,11271,1,,,,,,0.083,,,
11307,1,11307,,,,,,0.06,,,
11307,11307,1,,,,,,0.072,,,
11317,1,11317,,0.096,0.088,,,,,,
11317,11317,1,,0.044,0.077,,,,,,
11331,1,11331,,0.047,,,,,,,
11331,11331,1,,0.04,,,,,,,
11342,106,107,,0.033,0.064,0.183,,0.067,,,
11344,1,11344,,,,,,0.053,,,
11344,11344,1,,,,,,0.087,,,
11367,1,11367,,,,0.15,,,,,
11367,11367,1,,,,0.194,,,,,
11375,1,11375,,0.054,0.072,,,,,,
11375,11375,1,,0.063,0.071,,,,,,
11380,1,11380,,,,,,0.086,,,
11380,11380,1,,,,,,0.09,,,
11416,1,11416,,,,,,0.055,,,
11416,11416,1,,,,,,0.109,,,
11433,1,11433,,0.054,0.139,,,,,,
11433,11433,1,,0.041,0.091,,,,,,
11452,1,11452,,,,,,0.055,,,
11452,11452,1,,,,,,0.095,,,
11468,1,11468,,,,0.172,,,,,
11468,11468,1,,,,0.167,,,,,
11488,1,11488,,,,,,0.054,,,
11488,11488,1,,,,,,0.092,,,
11492,1,11492,,0.054,0.136,,,,,,
11492,11492,1,,0.039,0.085,,,,,,
11524,1,11524,,,,,,0.055,,,
11524,11524,1,,,,,,0.086,,,
11550,1,11550,,0.067,0.116,,,,,,
11550,11550,1,,0.055,0.09,,,,,,
11556,107,108,,0.022,0.077,0.165,,0.091,,,
11560,1,11560,,,,,,0.062,,,
11560,11560,1,,,,,,0.074,,,
11568,1,11568,,,,0.17,,,,,
11568,11568,1,,,,0.187,,,,,
11596,1,11596,,,,,,0.086,,,
11596,11596,1,,,,,,0.135,,,
11608,1,11608,,0.073,0.082,,,,,,
11608,11608,1,,0.056,0.049,,,,,,
11619,1,11619,,,,0.143,,,,,
11619,11619,1,,,,0.163,,,,,
11632,1,11632,,,,,,0.055,,,
11632,11632,1,,,,,,0.157,,,
11638,1,11638,,0.05,,,,,,,
11638,11638,1,,0.051,,,,,,,
11667,1,11667,,0.081,0.083,,,,,,
11667,11667,1,,0.039,0.104,,,,,,
11668,1,11668,,,,,,0.056,,,
11668,11668,1,,,,,,0.084,,,
11669,1,11669,,,,0.152,,,,,
11669,11669,1,,,,0.195,,,,,
11704,1,11704,,,,,,0.073,,,
11704,11704,1,,,,,,0.075,,,
11722,1,11722,,,,,,0.055,,,
11722,11722,1,,,,,,0.074,,,
11725,1,11725,,0.07,0.093,,,,,,
11725,11725,1,,0.039,0.083,,,,,,
11740,1,11740,,,,,,0.085,,,
11740,11740,1,,,,,,0.109,,,
11760,1,11760,,,0.103,,,,,,
11760,11760,1,,,0.108,,,,,,
11769,1,11769,,,,0.147,,,,,
11769,11769,1,,,,0.169,,,,,
11772,108,109,,0.045,0.061,0.176,,0.086,,,
11776,1,11776,,,,,,0.056,,,
11776,11776,1,,,,,,0.109,,,
11783,1,11783,,0.06,0.078,,,,,,
11783,11783,1,,0.044,0.072,,,,,,
11812,1,11812,,,,,,0.056,,,
11812,11812,1,,,,,,0.076,,,
11842,1,11842,,0.049,0.14,,,,,,
11842,11842,1,,0.056,0.08,,,,,,
11848,1,11848,,,,,,0.091,,,
11848,11848,1,,,,,,0.076,,,
11870,1,11870,,,,0.172,,,,,
11870,11870,1,,,,0.172,,,,,
11884,1,11884,,,,,,0.056,,,
11884,11884,1,,,,,,0.117,,,
11900,1,11900,,0.055,0.085,,,,,,
11900,11900,1,,0.063,0.305,,,,,,
11920,1,11920,,,,,,0.08,,,
11920,11920,1,,,,,,0.121,,,
11944,1,11944,,0.055,,,,,,,
11944,11944,1,,0.062,,,,,,,
11956,1,11956,,,,,,0.057,,,
11956,11956,1,,,,,,0.106,,,
11958,1,11958,,0.062,0.098,,,,,,
11958,11958,1,,0.075,0.111,,,,,,
11971,1,11971,,,,0.151,,,,,
11971,11971,1,,,,0.184,,,,,
11990,109,110,,0.023,0.027,0.159,,0.057,,,
11992,1,11992,,,,,,0.085,,,
11992,11992,1,,,,,,0.077,,,
12017,1,12017,,0.09,0.094,,,,,,
12017,12017,1,,0.04,0.1,,,,,,
12028,1,12028,,,,,,0.069,,,
12028,12028,1,,,,,,0.117,,,
12064,1,12064,,,,,,0.057,,,
12064,12064,1,,,,,,0.1,,,
12071,1,12071,,,,0.146,,,,,
12071,12071,1,,,,0.179,,,,,
12075,1,12075,,0.116,0.127,,,,,,
12075,12075,1,,0.047,0.072,,,,,,
12100,1,12100,,,,,,0.057,,,
12100,110,110,,,,,,0.061,,,
12100,12100,1,,,,,,0.119,,,
12133,1,12133,,0.059,0.13,,,,,,
12133,12133,1,,0.062,0.052,,,,,,
12172,1,12172,,,,0.162,,,,,
12172,12172,1,,,,0.206,,,,,
12192,1,12192,,0.084,0.089,,,,,,
12192,12192,1,,0.068,0.055,,,,,,
12210,110,111,,0.034,0.028,0.152,,,,,
12250,1,12250,,0.081,0.116,,,,,,
12250,12250,1,,0.062,0.053,,,,,,
12273,1,12273,,,,0.183,,,,,
12273,12273,1,,,,0.213,,,,,
12308,1,12308,,0.089,0.077,,,,,,
12308,12308,1,,0.041,0.103,,,,,,
12367,1,12367,,0.058,0.085,,,,,,
12367,12367,1,,0.042,0.072,,,,,,
12373,1,12373,,,,0.149,,,,,
12373,12373,1,,,,0.195,,,,,
12425,1,12425,,0.049,0.099,,,,,,
12425,12425,1,,0.064,0.058,,,,,,
12432,111,112,,0.045,0.038,0.185,,,,,
12474,1,12474,,,,0.151,,,,,
12474,12474,1,,,,0.191,,,,,
12483,1,12483,,0.066,0.082,,,,,,
12483,12483,1,,0.076,0.1,,,,,,
12542,1,12542,,0.071,0.082,,,,,,
12542,12542,1,,0.043,0.12,,,,,,
12574,1,12574,,,,0.165,,,,,
12574,12574,1,,,,0.176,,,,,
12600,1,12600,,0.056,0.147,,,,,,
12600,12600,1,,0.047,0.074,,,,,,
12656,112,113,,0.025,0.064,0.179,,,,,
12658,1,12658,,0.065,0.103,,,,,,
12658,12658,1,,0.052,0.098,,,,,,
12675,1,12675,,,,0.143,,,,,
12675,12675,1,,,,0.164,,,,,
12717,1,12717,,0.072,0.077,,,,,,
12717,12717,1,,0.056,0.1,,,,,,
12775,1,12775,,0.071,0.077,,,,,,
12775,12775,1,,0.06,0.081,,,,,,
12786,1,12786,,,,0.147,,,,,
12786,12786,1,,,,0.177,,,,,
12833,1,12833,,0.069,0.126,,,,,,
12833,12833,1,,0.044,0.093,,,,,,
12863,1,12863,,,0.088,,,,,,
12863,12863,1,,,0.12,,,,,,
12882,113,114,,0.057,0.029,0.158,,,,,
12892,1,12892,,0.055,0.089,,,,,,
12892,12892,1,,0.044,0.104,,,,,,
12897,1,12897,,,,0.17,,,,,
12897,12897,1,,,,0.187,,,,,
12950,1,12950,,0.067,0.088,,,,,,
12950,12950,1,,0.053,0.073,,,,,,
13008,1,13008,,0.072,0.14,0.151,,,,,
13008,13008,1,,0.059,0.089,0.189,,,,,
13067,1,13067,,0.074,0.104,,,,,,
13067,13067,1,,0.055,0.116,,,,,,
13110,114,115,,0.055,0.078,0.172,,,,,
13120,1,13120,,,,0.149,,,,,
13120,13120,1,,,,0.185,,,,,
13125,1,13125,,0.08,0.096,,,,,,
13125,13125,1,,0.066,0.102,,,,,,
13183,1,13183,,0.089,0.167,,,,,,
13183,13183,1,,0.066,0.057,,,,,,
13231,1,13231,,,,0.168,,,,,
13231,13231,1,,,,0.204,,,,,
13242,1,13242,,0.086,0.089,,,,,,
13242,13242,1,,0.063,0.073,,,,,,
13300,1,13300,,0.096,0.139,,,,,,
13300,13300,1,,0.068,0.096,,,,,,
13340,115,116,,0.052,0.045,0.187,,,,,
13342,1,13342,,,,0.157,,,,,
13342,13342,1,,,,0.257,,,,,
13358,1,13358,,0.088,0.086,,,,,,
13358,13358,1,,0.047,0.123,,,,,,
13417,1,13417,,0.09,0.096,,,,,,
13417,13417,1,,0.046,0.079,,,,,,
13453,1,13453,,,,0.172,,,,,
13453,13453,1,,,,0.219,,,,,
13475,1,13475,,0.072,0.155,,,,,,
13475,13475,1,,0.076,0.087,,,,,,
13533,1,13533,,0.115,0.147,,,,,,
13533,13533,1,,0.046,0.09,,,,,,
13564,1,13564,,,,0.169,,,,,
13564,13564,1,,,,0.19,,,,,
13572,116,117,,0.026,0.071,0.172,,,,,
13592,1,13592,,0.114,0.189,,,,,,
13592,13592,1,,0.046,0.162,,,,,,
13650,1,13650,,0.109,0.088,,,,,,
13650,13650,1,,0.047,0.111,,,,,,
13675,1,13675,,,,0.187,,,,,
13675,13675,1,,,,0.206,,,,,
13708,1,13708,,0.088,0.068,,,,,,
13708,13708,1,,0.092,0.08,,,,,,
13767,1,13767,,0.12,0.117,,,,,,
13767,13767,1,,0.076,0.106,,,,,,
13787,1,13787,,,,0.156,,,,,
13787,13787,1,,,,0.184,,,,,
13806,117,118,,0.049,0.046,0.176,,,,,
13825,1,13825,,0.112,0.17,,,,,,
13825,13825,1,,0.075,0.104,,,,,,
13883,1,13883,,0.101,0.092,,,,,,
13883,13883,1,,0.066,0.128,,,,,,
13898,1,13898,,,,0.174,,,,,
13898,13898,1,,,,0.207,,,,,
13942,1,13942,,0.089,0.116,,,,,,
13942,13942,1,,0.071,0.13,,,,,,
14000,1,14000,,0.056,0.098,,,,,,
14000,14000,1,,0.053,0.103,,,,,,
14009,1,14009,,,,0.158,,,,,
14009,14009,1,,,,0.189,,,,,
14042,118,119,,0.027,0.032,0.193,,,,,
14058,1,14058,,0.06,0.191,,,,,,
14058,14058,1,,0.066,0.075,,,,,,
14083,1,14083,,,,0.163,,,,,
14083,14083,1,,,,0.173,,,,,
14088,1,14088,,,0.134,,,,,,
14088,14088,1,,,0.091,,,,,,
14117,1,14117,,0.121,0.083,,,,,,
14117,14117,1,,0.048,0.106,,,,,,
14120,1,14120,,,,0.179,,,,,
14120,14120,1,,,,0.201,,,,,
14175,1,14175,,0.121,0.173,,,,,,
14175,14175,1,,0.073,0.105,,,,,,
14231,1,14231,,,,0.193,,,,,
14231,14231,1,,,,0.217,,,,,
14233,1,14233,,0.09,0.093,,,,,,
14233,14233,1,,0.067,0.077,,,,,,
14280,119,120,,0.027,0.072,0.159,,,,,
14292,1,14292,,0.14,0.13,,,,,,
14292,14292,1,,0.048,0.101,,,,,,
14342,1,14342,,,,0.198,,,,,
14342,14342,1,,,,0.209,,,,,
14350,1,14350,,0.087,0.132,,,,,,
14350,14350,1,,0.083,0.151,,,,,,
14408,1,14408,,0.098,0.096,,,,,,
14408,14408,1,,0.064,0.105,,,,,,
14454,1,14454,,,,0.161,,,,,
14454,14454,1,,,,0.225,,,,,
14467,1,14467,,0.101,0.103,,,,,,
14467,14467,1,,0.121,0.108,,,,,,
14520,120,121,,0.028,0.045,0.166,,,,,
14525,1,14525,,0.087,0.173,,,,,,
14525,14525,1,,0.066,0.104,,,,,,
14565,1,14565,,,,0.159,,,,,
14565,14565,1,,,,0.186,,,,,
14583,1,14583,,0.084,0.095,,,,,,
14583,14583,1,,0.049,0.11,,,,,,
14642,1,14642,,0.078,0.171,,,,,,
14642,14642,1,,0.064,0.111,,,,,,
14676,1,14676,,,,0.166,,,,,
14676,14676,1,,,,0.202,,,,,
14700,1,14700,,0.161,0.182,,,,,,
14700,14700,1,,0.05,0.161,,,,,,
14758,1,14758,,0.075,0.209,,,,,,
14758,14758,1,,0.061,0.158,,,,,,
14762,121,122,,0.028,0.057,0.178,,,,,
14787,1,14787,,,,0.202,,,,,
14787,14787,1,,,,0.208,,,,,
14817,1,14817,,0.073,0.087,,,,,,
14817,14817,1,,0.05,0.109,,,,,,
14875,1,14875,,0.087,0.177,,,,,,
14875,14875,1,,0.091,0.108,,,,,,
14919,1,14919,,,,0.161,,,,,
14919,14919,1,,,,0.213,,,,,
14933,1,14933,,0.085,0.094,,,,,,
14933,14933,1,,0.067,0.11,,,,,,
14992,1,14992,,0.111,0.169,,,,,,
14992,14992,1,,0.1,0.147,,,,,,
15006,122,123,,0.029,0.057,0.174,,,,,
15050,1,15050,,0.115,0.115,,,,,,
15050,15050,1,,0.065,0.111,,,,,,
15051,1,15051,,,,0.179,,,,,
15051,15051,1,,,,0.195,,,,,
15108,1,15108,,0.085,0.207,,,,,,
15108,15108,1,,0.068,0.065,,,,,,
15167,1,15167,,0.089,0.095,,,,,,
15167,15167,1,,0.069,0.11,,,,,,
15183,1,15183,,,,0.198,,,,,
15183,15183,1,,,,0.21,,,,,
15190,1,15190,,0.07,,,,,,,
15190,15190,1,,0.052,,,,,,,
15225,1,15225,,0.142,0.169,,,,,,
15225,15225,1,,0.074,0.106,,,,,,
15252,123,124,,0.047,0.045,0.157,,,,,
15283,1,15283,,0.089,0.095,,,,,,
15283,15283,1,,0.053,0.11,,,,,,
15313,1,15313,,,0.103,,,,,,
15313,15313,1,,,0.117,,,,,,
15315,1,15315,,,,0.163,,,,,
15315,15315,1,,,,0.185,,,,,
15342,1,15342,,0.083,0.162,,,,,,
15342,15342,1,,0.067,0.106,,,,,,
15400,1,15400,,0.074,0.177,,,,,,
15400,15400,1,,0.061,0.221,,,,,,
15447,1,15447,,,,0.174,,,,,
15447,15447,1,,,,0.201,,,,,
15458,1,15458,,0.071,0.141,,,,,,
15458,15458,1,,0.063,0.139,,,,,,
15492,1,15492,,,,0.17,,,,,
15492,15492,1,,,,0.196,,,,,
15500,124,125,,0.045,0.035,0.174,,,,,
15517,1,15517,,0.123,0.104,,,,,,
15517,15517,1,,0.088,0.088,,,,,,
15575,1,15575,,0.092,0.169,,,,,,
15575,15575,1,,0.069,0.12,,,,,,
15579,1,15579,,,,0.185,,,,,
15579,15579,1,,,,0.207,,,,,
15633,1,15633,,0.082,0.181,,,,,,
15633,15633,1,,0.065,0.381,,,,,,
15680,1,15680,,0.067,,,,,,,
15680,15680,1,,0.068,,,,,,,
15692,1,15692,,0.119,0.157,,,,,,
15692,15692,1,,0.13,0.113,,,,,,
15711,1,15711,,,,0.191,,,,,
15711,15711,1,,,,0.21,,,,,
15750,1,15750,,0.095,0.219,,,,,,
15750,125,126,,0.037,0.036,0.203,,,,,
15750,15750,1,,0.109,0.105,,,,,,
15808,1,15808,,0.086,0.089,,,,,,
15808,15808,1,,0.082,0.112,,,,,,
15844,1,15844,,,,0.172,,,,,
15844,15844,1,,,,0.258,,,,,
15867,1,15867,,0.081,0.139,,,,,,
15867,15867,1,,0.107,0.139,,,,,,
15925,1,15925,,0.065,0.175,,,,,,
15925,15925,1,,0.073,0.112,,,,,,
15976,1,15976,,,,0.175,,,,,
15976,15976,1,,,,0.232,,,,,
15983,1,15983,,0.11,0.178,,,,,,
15983,15983,1,,0.083,0.092,,,,,,
16002,126,127,,0.034,0.061,0.2,,,,,
16042,1,16042,,0.088,0.14,,,,,,
16042,16042,1,,0.071,0.15,,,,,,
16100,1,16100,,0.088,0.105,,,,,,
16100,16100,1,,0.103,0.161,,,,,,
16108,1,16108,,,,0.191,,,,,
16108,16108,1,,,,0.219,,,,,
16158,1,16158,,0.09,0.14,,,,,,
16158,16158,1,,0.07,0.139,,,,,,
16170,1,16170,,0.099,,,,,,,
16170,16170,1,,0.076,,,,,,,
16217,1,16217,,0.075,0.127,,,,,,
16217,16217,1,,0.072,0.119,,,,,,
16240,1,16240,,,,0.187,,,,,
16240,16240,1,,,,0.239,,,,,
16256,127,128,,0.044,0.037,0.193,,,,,
16275,1,16275,,0.129,0.176,,,,,,
16275,16275,1,,0.084,0.117,,,,,,
16333,1,16333,,0.11,0.095,,,,,,
16333,16333,1,,0.075,0.128,,,,,,
16372,1,16372,,,,0.219,,,,,
16372,16372,1,,,,0.242,,,,,
16392,1,16392,,0.16,0.14,,,,,,
16392,16392,1,,0.132,0.126,,,,,,
16450,1,16450,,0.07,0.198,,,,,,
16450,16450,1,,0.097,0.114,,,,,,
16504,1,16504,,,,0.221,,,,,
16504,16504,1,,,,0.237,,,,,
16508,1,16508,,0.094,0.204,,,,,,
16508,16508,1,,0.068,0.132,,,,,,
16512,128,129,,0.032,0.053,0.217,,,,,
16538,1,16538,,,0.116,,,,,,
16538,16538,1,,,0.114,,,,,,
16567,1,16567,,0.136,0.212,,,,,,
16567,16567,1,,0.09,0.117,,,,,,
16625,1,16625,,0.098,0.102,,,,,,
16625,16625,1,,0.077,0.114,,,,,,
16636,1,16636,,,,0.199,,,,,
16636,16636,1,,,,0.219,,,,,
16660,1,16660,,0.105,,,,,,,
16660,16660,1,,0.072,,,,,,,
16683,1,16683,,0.082,0.168,,,,,,
16683,16683,1,,0.114,0.138,,,,,,
16742,1,16742,,0.12,0.276,,,,,,
16742,16742,1,,0.123,0.073,,,,,,
16768,1,16768,,,,0.177,,,,,
16768,16768,1,,,,0.208,,,,,
16770,129,130,,0.032,0.119,0.168,,,,,
16800,1,16800,,0.084,0.094,,,,,,
16800,16800,1,,0.087,0.131,,,,,,
16858,1,16858,,0.09,0.145,,,,,,
16858,16858,1,,0.084,0.142,,,,,,
16900,1,16900,,,,0.182,,,,,
16900,130,130,,,,0.205,,,,,
16900,16900,1,,,,0.217,,,,,
16917,1,16917,,0.108,0.195,,,,,,
16917,16917,1,,0.073,0.113,,,,,,
16975,1,16975,,0.131,0.097,,,,,,
16975,16975,1,,0.061,0.159,,,,,,
17030,130,131,,0.046,0.059,,,,,,
17033,1,17033,,0.086,0.239,,,,,,
17033,17033,1,,0.074,0.16,,,,,,
17092,1,17092,,0.085,0.093,,,,,,
17092,17092,1,,0.087,0.134,,,,,,
17150,1,17150,,0.078,0.4,,,,,,
17150,17150,1,,0.069,0.129,,,,,,
17208,1,17208,,0.084,,,,,,,
17208,17208,1,,0.086,,,,,,,
17220,1,17220,,,0.172,,,,,,
17220,17220,1,,,0.119,,,,,,
17267,1,17267,,0.114,,,,,,,
17267,17267,1,,0.097,,,,,,,
17290,1,17290,,,0.127,,,,,,
17290,17290,1,,,0.125,,,,,,
17292,131,132,,0.033,0.062,,,,,,
17325,1,17325,,0.095,,,,,,,
17325,17325,1,,0.074,,,,,,,
17360,1,17360,,,0.165,,,,,,
17360,17360,1,,,0.12,,,,,,
17383,1,17383,,0.135,,,,,,,
17383,17383,1,,0.103,,,,,,,
17430,1,17430,,,0.158,,,,,,
17430,17430,1,,,0.166,,,,,,
17442,1,17442,,0.107,,,,,,,
17442,17442,1,,0.076,,,,,,,
17500,1,17500,,0.146,0.216,,,,,,
17500,17500,1,,0.098,0.075,,,,,,
17556,132,133,,0.06,0.121,,,,,,
17558,1,17558,,0.112,,,,,,,
17558,17558,1,,0.073,,,,,,,
17570,1,17570,,,0.099,,,,,,
17570,17570,1,,,0.13,,,,,,
17617,1,17617,,0.127,,,,,,,
17617,17617,1,,0.095,,,,,,,
17640,1,17640,,,0.151,,,,,,
17640,17640,1,,,0.118,,,,,,
17675,1,17675,,0.087,,,,,,,
17675,17675,1,,0.117,,,,,,,
17710,1,17710,,,0.174,,,,,,
17710,17710,1,,,0.166,,,,,,
17733,1,17733,,0.1,,,,,,,
17733,17733,1,,0.069,,,,,,,
17763,1,17763,,0.129,,,,,,,
17763,17763,1,,0.103,,,,,,,
17780,1,17780,,,0.162,,,,,,
17780,17780,1,,,0.224,,,,,,
17792,1,17792,,0.14,,,,,,,
17792,17792,1,,0.116,,,,,,,
17822,133,134,,0.063,0.066,,,,,,
17850,1,17850,,0.126,0.255,,,,,,
17850,17850,1,,0.072,0.078,,,,,,
17908,1,17908,,0.145,,,,,,,
17908,17908,1,,0.143,,,,,,,
17920,1,17920,,,0.102,,,,,,
17920,17920,1,,,0.137,,,,,,
17967,1,17967,,0.088,0.265,,,,,,
17967,17967,1,,0.102,0.133,,,,,,
17990,1,17990,,,0.171,,,,,,
17990,17990,1,,,0.14,,,,,,
18025,1,18025,,0.112,,,,,,,
18025,18025,1,,0.08,,,,,,,
18060,1,18060,,,0.176,,,,,,
18060,18060,1,,,0.125,,,,,,
18083,1,18083,,0.083,,,,,,,
18083,18083,1,,0.1,,,,,,,
18090,134,135,,0.036,0.053,,,,,,
18130,1,18130,,,0.181,,,,,,
18130,18130,1,,,0.139,,,,,,
18142,1,18142,,0.102,,,,,,,
18142,18142,1,,0.072,,,,,,,
18200,1,18200,,0.133,0.21,,,,,,
18200,18200,1,,0.092,0.167,,,,,,
18258,1,18258,,0.1,,,,,,,
18258,18258,1,,0.101,,,,,,,
18270,1,18270,,,0.149,,,,,,
18270,18270,1,,,0.126,,,,,,
18317,1,18317,,0.107,,,,,,,
18317,18317,1,,0.147,,,,,,,
18340,1,18340,,,0.131,,,,,,
18340,18340,1,,,0.13,,,,,,
18360,135,136,,0.084,0.07,,,,,,
18375,1,18375,,0.163,,,,,,,
18375,18375,1,,0.078,,,,,,,
18410,1,18410,,,0.169,,,,,,
18410,18410,1,,,0.142,,,,,,
18433,1,18433,,0.123,,,,,,,
18433,18433,1,,0.067,,,,,,,
18480,1,18480,,,0.169,,,,,,
18480,18480,1,,,0.123,,,,,,
18492,1,18492,,0.141,,,,,,,
18492,18492,1,,0.106,,,,,,,
18550,1,18550,,0.091,0.446,,,,,,
18550,18550,1,,0.106,0.21,,,,,,
18608,1,18608,,0.138,,,,,,,
18608,18608,1,,0.091,,,,,,,
18620,1,18620,,,0.166,,,,,,
18620,18620,1,,,0.133,,,,,,
18632,136,137,,0.036,0.06,,,,,,
18667,1,18667,,0.095,,,,,,,
18667,18667,1,,0.096,,,,,,,
18690,1,18690,,,0.168,,,,,,
18690,18690,1,,,0.138,,,,,,
18725,1,18725,,0.096,,,,,,,
18725,18725,1,,0.083,,,,,,,
18760,1,18760,,,0.197,,,,,,
18760,18760,1,,,0.174,,,,,,
18783,1,18783,,0.122,0.154,,,,,,
18783,18783,1,,0.093,0.13,,,,,,
18830,1,18830,,,0.237,,,,,,
18830,18830,1,,,0.126,,,,,,
18842,1,18842,,0.12,,,,,,,
18842,18842,1,,0.127,,,,,,,
18900,1,18900,,0.104,0.184,,,,,,
18900,18900,1,,0.093,0.128,,,,,,
18906,137,138,,0.057,0.068,,,,,,
18958,1,18958,,0.187,,,,,,,
18958,18958,1,,0.1,,,,,,,
18970,1,18970,,,0.189,,,,,,
18970,18970,1,,,0.163,,,,,,
18988,1,18988,,0.108,,,,,,,
18988,18988,1,,0.098,,,,,,,
19017,1,19017,,0.095,,,,,,,
19017,19017,1,,0.112,,,,,,,
19040,1,19040,,,0.186,,,,,,
19040,19040,1,,,0.171,,,,,,
19075,1,19075,,0.108,,,,,,,
19075,19075,1,,0.075,,,,,,,
19110,1,19110,,,0.17,,,,,,
19110,19110,1,,,0.173,,,,,,
19133,1,19133,,0.121,,,,,,,
19133,19133,1,,0.094,,,,,,,
19180,1,19180,,,0.218,,,,,,
19180,19180,1,,,0.14,,,,,,
19182,138,139,,0.043,0.12,,,,,,
19192,1,19192,,0.159,,,,,,,
19192,19192,1,,0.1,,,,,,,
19250,1,19250,,0.095,0.197,,,,,,
19250,19250,1,,0.106,0.195,,,,,,
19308,1,19308,,0.125,,,,,,,
19308,19308,1,,0.197,,,,,,,
19320,1,19320,,,0.208,,,,,,
19320,19320,1,,,0.167,,,,,,
19367,1,19367,,0.128,,,,,,,
19367,19367,1,,0.081,,,,,,,
19390,1,19390,,,0.228,,,,,,
19390,19390,1,,,0.157,,,,,,
19425,1,19425,,0.125,,,,,,,
19425,19425,1,,0.093,,,,,,,
19460,1,19460,,,0.173,,,,,,
19460,139,140,,0.037,0.131,,,,,,
19460,19460,1,,,0.208,,,,,,
19483,1,19483,,0.158,,,,,,,
19483,19483,1,,0.1,,,,,,,
19530,1,19530,,,0.219,,,,,,
19530,19530,1,,,0.207,,,,,,
19542,1,19542,,0.11,,,,,,,
19542,19542,1,,0.105,,,,,,,
19600,1,19600,,0.081,0.133,,,,,,
19600,140,140,,0.047,0.085,,,,,,
19600,19600,1,,0.129,0.142,,,,,,