param-n,cbn-regression-cubic-real,cbn-regression-cubic-sys,cbn-regression-cubic-user,cbv-regression-quadratic-real,cbv-regression-quadratic-sys,cbv-regression-quadratic-user,lazy-regression-quadratic-real,lazy-regression-quadratic-sys,lazy-regression-quadratic-user,native-compute(1)-regression-quadratic-real,native-compute(1)-regression-quadratic-sys,native-compute(1)-regression-quadratic-user,native-compute(2)-regression-quadratic-real,native-compute(2)-regression-quadratic-sys,native-compute(2)-regression-quadratic-user,simpl-regression-cubic-real,simpl-regression-cubic-sys,simpl-regression-cubic-user,vm-compute-regression-quadratic-real,vm-compute-regression-quadratic-sys,vm-compute-regression-quadratic-user
2,0.001,0.,0.001,0.,0.,0.,0.,0.,0.,0.085,0.004,0.,0.082,0.003,0.001,0.001,0.,0.001,0.,0.,0.
3,0.003,0.,0.003,0.,0.,0.,0.,0.,0.,0.081,0.003,0.,0.083,0.,0.003,0.003,0.,0.003,0.,0.,0.
4,0.006,0.,0.006,0.,0.,0.,0.,0.,0.,0.086,0.,0.003,0.086,0.003,0.,0.006,0.,0.006,0.,0.,0.
5,0.01,0.,0.01,0.,0.,0.,0.,0.,0.,0.085,0.003,0.,0.082,0.,0.003,0.009,0.,0.009,0.,0.,0.
6,0.018,0.,0.018,0.,0.,0.,0.,0.,0.,0.092,0.,0.003,0.091,0.,0.003,0.015,0.,0.015,0.,0.,0.
7,0.105,0.,0.105,0.,0.,0.,0.,0.,0.,0.087,0.,0.003,0.091,0.,0.003,0.101,0.,0.101,0.,0.,0.
8,0.032,0.,0.032,0.,0.,0.,0.,0.,0.,0.088,0.003,0.,0.083,0.003,0.,0.03,0.,0.03,0.,0.,0.
9,0.047,0.,0.047,0.,0.,0.,0.,0.,0.,0.087,0.003,0.,0.085,0.003,0.,0.042,0.,0.042,0.,0.,0.
10,0.062,0.,0.062,0.,0.,0.,0.,0.,0.,0.085,0.003,0.,0.09,0.003,0.,0.059,0.,0.059,0.,0.,0.
11,0.155,0.,0.155,0.,0.,0.,,,,,,,,,,0.141,0.,0.141,,,
12,0.151,0.,0.151,,,,0.,0.,0.,,,,,,,0.086,0.,0.086,,,
13,0.11,0.,0.11,,,,,,,,,,,,,0.099,0.,0.099,,,
14,0.142,0.,0.142,,,,,,,,,,,,,0.195,0.,0.195,,,
15,0.154,0.,0.154,,,,,,,,,,,,,0.157,0.,0.157,,,
16,0.176,0.,0.176,,,,,,,,,,,,,0.176,0.,0.176,,,
17,,,,,,,,,,,,,,,,0.206,0.,0.206,,,
18,0.217,0.,0.217,,,,0.,0.,0.,,,,,,,0.222,0.,0.222,,,
19,0.286,0.,0.286,0.,0.,0.,,,,,,,,,,,,,,,
20,,,,,,,,,,,,,,,,0.316,0.,0.316,,,
22,0.428,0.,0.428,,,,,,,,,,,,,0.369,0.003,0.365,,,
23,,,,,,,0.001,0.,0.001,,,,,,,,,,,,
24,,,,,,,,,,,,,,,,0.5,0.,0.5,,,
25,0.56,0.003,0.555,,,,,,,,,,,,,,,,,,
26,,,,,,,,,,,,,,,,0.613,0.003,0.609,,,
28,0.735,0.,0.735,0.001,0.,0.001,0.001,0.,0.001,,,,,,,0.734,0.,0.734,,,
30,0.906,0.,0.906,,,,,,,,,,,,,0.899,0.,0.899,,,
32,,,,,,,,,,,,,,,,1.035,0.,1.035,,,
33,1.073,0.,1.072,,,,0.001,0.,0.001,,,,,,,,,,,,
34,,,,,,,,,,,,,,,,1.255,0.003,1.251,,,
36,1.376,0.,1.376,0.001,0.,0.001,,,,,,,,,,,,,,,
39,,,,,,,0.002,0.,0.002,,,,,,,,,,,,
41,,,,,,,,,,,,,,,,1.978,0.007,1.97,0.,0.,0.
43,2.241,0.,2.241,,,,,,,,,,,,,,,,,,
44,,,,,,,0.002,0.,0.002,,,,,,,,,,,,
45,,,,0.002,0.,0.002,,,,,,,,,,,,,,,
47,,,,,,,,,,,,,,,,2.912,0.008,2.904,,,
49,,,,,,,0.003,0.,0.003,,,,,,,,,,,,
50,3.269,0.,3.269,,,,,,,,,,,,,,,,,,
53,,,,0.002,0.,0.002,,,,,,,,,,,,,,,
54,,,,,,,0.003,0.,0.003,,,,,,,4.158,0.,4.158,,,
56,4.327,0.,4.327,,,,,,,,,,,,,,,,,,
59,,,,,,,0.004,0.,0.004,,,,,,,,,,,,
60,,,,,,,,,,,,,,,,5.656,0.015,5.64,,,
62,,,,0.003,0.,0.003,,,,,,,,,,,,,,,
63,6.326,0.,6.326,,,,,,,,,,,,,,,,,,
65,,,,,,,0.004,0.,0.004,,,,,,,,,,,,
67,,,,,,,,,,,,,,,,7.658,0.011,7.646,,,
70,8.211,0.,8.211,,,,0.005,0.,0.005,,,,,,,,,,,,
71,,,,0.004,0.,0.004,,,,,,,,,,,,,,,
75,,,,,,,0.006,0.,0.006,,,,,,,,,,,,
79,,,,0.004,0.,0.004,,,,,,,,,,,,,,,
80,,,,,,,0.087,0.,0.087,,,,,,,,,,0.,0.,0.
86,,,,,,,0.007,0.,0.007,,,,,,,,,,,,
88,,,,0.005,0.,0.005,,,,,,,,,,,,,,,
91,,,,,,,0.008,0.,0.008,,,,,,,,,,,,
96,,,,0.006,0.,0.006,0.008,0.,0.008,,,,,,,,,,,,
101,,,,,,,0.009,0.,0.009,,,,,,,,,,,,
105,,,,0.085,0.,0.085,,,,,,,,,,,,,,,
106,,,,,,,0.013,0.,0.013,,,,,,,,,,,,
112,,,,,,,0.011,0.,0.011,,,,,,,,,,,,
113,,,,0.007,0.,0.007,,,,,,,,,,,,,,,
116,,,,,,,,,,0.1,0.004,0.,0.093,0.004,0.,,,,,,
117,,,,,,,0.012,0.,0.012,,,,,,,,,,,,
120,,,,,,,,,,,,,,,,,,,0.,0.,0.
122,,,,0.008,0.,0.008,0.018,0.,0.018,,,,,,,,,,,,
127,,,,,,,0.013,0.,0.013,,,,,,,,,,,,
130,,,,0.009,0.,0.009,,,,,,,,,,,,,,,
133,,,,,,,0.015,0.,0.015,,,,,,,,,,,,
138,,,,,,,0.017,0.,0.017,,,,,,,,,,,,
139,,,,0.01,0.,0.01,,,,,,,,,,,,,,,
143,,,,,,,0.016,0.,0.016,,,,,,,,,,,,
148,,,,0.014,0.,0.014,0.017,0.,0.017,,,,,,,,,,,,
153,,,,,,,0.02,0.,0.02,,,,,,,,,,,,
156,,,,0.013,0.,0.013,,,,,,,,,,,,,,,
159,,,,,,,0.02,0.,0.02,,,,,,,,,,0.001,0.,0.001
164,,,,,,,0.022,0.,0.022,,,,,,,,,,,,
165,,,,0.014,0.,0.014,,,,,,,,,,,,,,,
169,,,,,,,0.021,0.,0.021,,,,,,,,,,,,
173,,,,0.02,0.,0.02,,,,,,,,,,,,,,,
174,,,,,,,0.024,0.,0.024,,,,,,,,,,,,
180,,,,,,,0.024,0.,0.024,,,,,,,,,,,,
182,,,,0.016,0.,0.016,,,,,,,,,,,,,,,
185,,,,,,,0.029,0.,0.029,,,,,,,,,,,,
190,,,,0.018,0.,0.018,0.032,0.,0.032,,,,,,,,,,,,
195,,,,,,,0.029,0.,0.029,,,,,,,,,,,,
198,,,,,,,,,,,,,,,,,,,0.001,0.,0.001
199,,,,0.018,0.,0.018,,,,,,,,,,,,,,,
200,,,,,,,0.034,0.,0.034,,,,,,,,,,,,
206,,,,,,,0.038,0.,0.038,,,,,,,,,,,,
208,,,,0.021,0.,0.021,,,,,,,,,,,,,,,
211,,,,,,,0.032,0.,0.032,,,,,,,,,,,,
216,,,,0.022,0.,0.022,0.037,0.,0.037,,,,,,,,,,,,
221,,,,,,,0.041,0.,0.041,,,,,,,,,,,,
225,,,,0.023,0.,0.023,,,,,,,,,,,,,,,
227,,,,,,,0.041,0.,0.041,,,,,,,,,,,,
229,,,,,,,,,,0.094,0.,0.004,0.098,0.004,0.,,,,,,
232,,,,,,,0.044,0.,0.044,,,,,,,,,,,,
233,,,,0.025,0.,0.025,,,,,,,,,,,,,,,
237,,,,,,,0.043,0.,0.043,,,,,,,,,,0.002,0.,0.002
242,,,,0.027,0.,0.027,0.042,0.,0.041,,,,,,,,,,,,
247,,,,,,,0.045,0.,0.045,,,,,,,,,,,,
250,,,,0.028,0.,0.028,,,,,,,,,,,,,,,
253,,,,,,,0.046,0.,0.046,,,,,,,,,,,,
258,,,,,,,0.052,0.003,0.049,,,,,,,,,,,,
259,,,,0.029,0.,0.029,,,,,,,,,,,,,,,
263,,,,,,,0.051,0.,0.051,,,,,,,,,,,,
268,,,,0.031,0.,0.031,0.052,0.,0.052,,,,,,,,,,,,
273,,,,,,,0.054,0.,0.054,,,,,,,,,,,,
276,,,,0.033,0.,0.033,,,,,,,,,,,,,0.002,0.,0.002
279,,,,,,,0.06,0.,0.06,,,,,,,,,,,,
284,,,,,,,0.065,0.,0.065,,,,,,,,,,,,
285,,,,0.036,0.,0.036,,,,,,,,,,,,,,,
289,,,,,,,0.072,0.,0.072,,,,,,,,,,,,
292,,,,,,,0.127,0.,0.127,,,,,,,,,,,,
293,,,,0.038,0.,0.038,,,,,,,,,,,,,,,
294,,,,,,,0.063,0.,0.063,,,,,,,,,,,,
300,,,,,,,0.069,0.,0.069,,,,,,,,,,,,
302,,,,0.039,0.,0.039,,,,,,,,,,,,,,,
305,,,,,,,0.074,0.,0.074,,,,,,,,,,,,
310,,,,0.04,0.,0.04,0.072,0.,0.072,,,,,,,,,,,,
315,,,,,,,0.088,0.003,0.085,,,,,,,,,,,,
316,,,,,,,,,,,,,,,,,,,0.003,0.,0.003
319,,,,0.044,0.,0.044,,,,,,,,,,,,,,,
320,,,,,,,0.07,0.,0.07,,,,,,,,,,,,
326,,,,,,,0.075,0.,0.075,,,,,,,,,,,,
328,,,,0.046,0.,0.046,,,,,,,,,,,,,,,
331,,,,,,,0.081,0.,0.081,,,,,,,,,,,,
336,,,,0.047,0.,0.047,0.086,0.003,0.083,,,,,,,,,,,,
341,,,,,,,0.087,0.,0.087,,,,,,,,,,,,
343,,,,,,,,,,0.098,0.003,0.001,0.095,0.003,0.001,,,,,,
345,,,,0.049,0.,0.049,,,,,,,,,,,,,,,
347,,,,,,,0.087,0.,0.087,,,,,,,,,,,,
352,,,,,,,0.087,0.,0.087,,,,,,,,,,,,
353,,,,0.051,0.,0.051,,,,,,,,,,,,,,,
355,,,,,,,,,,,,,,,,,,,0.003,0.,0.003
357,,,,,,,0.085,0.,0.085,,,,,,,,,,,,
362,,,,0.051,0.,0.051,0.086,0.003,0.082,,,,,,,,,,,,
367,,,,,,,0.092,0.,0.092,,,,,,,,,,,,
370,,,,0.053,0.,0.053,,,,,,,,,,,,,,,
373,,,,,,,0.095,0.,0.095,,,,,,,,,,,,
378,,,,,,,0.098,0.,0.098,,,,,,,,,,,,
379,,,,0.057,0.,0.057,,,,,,,,,,,,,,,
383,,,,,,,0.105,0.,0.105,,,,,,,,,,,,
387,,,,0.06,0.,0.06,,,,,,,,,,,,,,,
388,,,,,,,0.101,0.,0.101,,,,,,,,,,,,
394,,,,,,,0.103,0.,0.103,,,,,,,,,,0.004,0.,0.004
396,,,,0.064,0.,0.064,,,,,,,,,,,,,,,
399,,,,,,,0.11,0.,0.11,,,,,,,,,,,,
404,,,,,,,0.124,0.,0.124,,,,,,,,,,,,
405,,,,0.065,0.,0.065,,,,,,,,,,,,,,,
409,,,,,,,0.133,0.,0.133,,,,,,,,,,,,
413,,,,0.067,0.,0.067,,,,,,,,,,,,,,,
414,,,,,,,0.135,0.,0.135,,,,,,,,,,,,
420,,,,,,,0.169,0.,0.169,,,,,,,,,,,,
422,,,,0.068,0.,0.068,,,,,,,,,,,,,,,
425,,,,,,,0.16,0.,0.16,,,,,,,,,,,,
430,,,,0.07,0.,0.07,0.131,0.003,0.127,,,,,,,,,,,,
433,,,,,,,,,,,,,,,,,,,0.005,0.,0.005
435,,,,,,,0.159,0.004,0.155,,,,,,,,,,,,
439,,,,0.072,0.,0.072,,,,,,,,,,,,,,,
441,,,,,,,0.17,0.007,0.162,,,,,,,,,,,,
446,,,,,,,0.14,0.004,0.136,,,,,,,,,,,,
447,,,,0.076,0.,0.076,,,,,,,,,,,,,,,
451,,,,,,,0.172,0.,0.172,,,,,,,,,,,,
456,,,,0.079,0.,0.079,,,,0.097,0.003,0.001,0.099,0.,0.005,,,,,,
458,,,,0.155,0.,0.154,,,,,,,,,,,,,,,
465,,,,0.085,0.,0.085,,,,,,,,,,,,,,,
469,,,,,,,0.156,0.,0.156,,,,,,,,,,,,
472,,,,,,,,,,,,,,,,,,,0.006,0.,0.006
473,,,,0.087,0.003,0.084,,,,,,,,,,,,,,,
482,,,,0.087,0.,0.087,,,,,,,,,,,,,,,
487,,,,,,,0.19,0.003,0.187,,,,,,,,,,,,
490,,,,0.089,0.,0.089,,,,,,,,,,,,,,,
499,,,,0.093,0.,0.093,,,,,,,,,,,,,,,
505,,,,,,,0.177,0.,0.177,,,,,,,,,,,,
507,,,,0.095,0.,0.095,,,,,,,,,,,,,,,
511,,,,,,,,,,,,,,,,,,,0.007,0.,0.007
516,,,,0.103,0.003,0.099,,,,,,,,,,,,,,,
523,,,,,,,0.208,0.,0.208,,,,,,,,,,,,
525,,,,0.106,0.,0.106,,,,,,,,,,,,,,,
533,,,,0.107,0.,0.107,,,,,,,,,,,,,,,
541,,,,,,,0.217,0.,0.217,,,,,,,,,,,,
542,,,,0.108,0.,0.108,,,,,,,,,,,,,,,
550,,,,0.117,0.004,0.113,,,,,,,,,,,,,,,
551,,,,,,,,,,,,,,,,,,,0.008,0.,0.008
559,,,,0.123,0.,0.123,0.228,0.,0.228,,,,,,,,,,,,
567,,,,0.124,0.,0.124,,,,,,,,,,,,,,,
570,,,,,,,,,,0.096,0.,0.005,0.105,0.,0.006,,,,,,
576,,,,0.124,0.,0.124,,,,,,,,,,,,,,,
577,,,,,,,0.267,0.,0.267,,,,,,,,,,,,
583,,,,,,,0.243,0.,0.243,,,,,,,,,,,,
585,,,,0.123,0.,0.123,,,,,,,,,,,,,,,
590,,,,,,,,,,,,,,,,,,,0.009,0.,0.009
593,,,,0.128,0.003,0.125,,,,,,,,,,,,,,,
595,,,,,,,0.287,0.,0.287,,,,,,,,,,,,
602,,,,0.134,0.,0.134,,,,,,,,,,,,,,,
610,,,,0.139,0.003,0.135,,,,,,,,,,,,,,,
613,,,,,,,0.329,0.003,0.325,,,,,,,,,,,,
619,,,,0.143,0.,0.143,,,,,,,,,,,,,,,
627,,,,0.145,0.003,0.142,,,,,,,,,,,,,,,
629,,,,,,,,,,,,,,,,,,,0.009,0.,0.009
631,,,,,,,0.325,0.,0.325,,,,,,,,,,,,
636,,,,0.156,0.,0.156,,,,,,,,,,,,,,,
644,,,,0.157,0.,0.157,,,,,,,,,,,,,,,
649,,,,,,,0.315,0.007,0.308,,,,,,,,,,,,
653,,,,0.16,0.,0.16,,,,,,,,,,,,,,,
662,,,,0.16,0.,0.16,,,,,,,,,,,,,,,
667,,,,,,,0.35,0.004,0.346,,,,,,,,,,,,
668,,,,,,,,,,,,,,,,,,,0.011,0.,0.011
670,,,,0.167,0.,0.167,,,,,,,,,,,,,,,
679,,,,0.173,0.,0.173,,,,,,,,,,,,,,,
684,,,,,,,,,,0.101,0.007,0.,0.1,0.003,0.003,,,,,,
685,,,,,,,0.375,0.003,0.37,,,,,,,,,,,,
687,,,,0.174,0.,0.174,,,,,,,,,,,,,,,
696,,,,0.174,0.,0.174,,,,,,,,,,,,,,,
703,,,,,,,0.453,0.,0.453,,,,,,,,,,,,
704,,,,0.184,0.,0.184,,,,,,,,,,,,,,,
707,,,,,,,,,,,,,,,,,,,0.012,0.,0.012
713,,,,0.183,0.,0.183,,,,,,,,,,,,,,,
721,,,,,,,0.424,0.,0.424,,,,,,,,,,,,
739,,,,,,,0.429,0.,0.429,,,,,,,,,,,,
744,,,,0.197,0.,0.197,,,,,,,,,,,,,,,
747,,,,,,,,,,,,,,,,,,,0.013,0.,0.013
757,,,,,,,0.447,0.,0.447,,,,,,,,,,,,
775,,,,0.214,0.,0.214,0.518,0.,0.518,,,,,,,,,,,,
786,,,,,,,,,,,,,,,,,,,0.014,0.,0.014
793,,,,,,,0.516,0.,0.516,,,,,,,,,,,,
797,,,,,,,,,,0.106,0.003,0.004,0.098,0.003,0.003,,,,,,
806,,,,0.226,0.,0.226,,,,,,,,,,,,,,,
811,,,,,,,0.547,0.,0.546,,,,,,,,,,,,
825,,,,,,,,,,,,,,,,,,,0.016,0.,0.016
829,,,,,,,0.553,0.003,0.549,,,,,,,,,,,,
837,,,,0.246,0.,0.246,,,,,,,,,,,,,,,
847,,,,,,,0.658,0.003,0.654,,,,,,,,,,,,
864,,,,,,,,,,,,,,,,,,,0.018,0.,0.018
865,,,,,,,0.596,0.012,0.584,,,,,,,,,,,,
868,,,,0.257,0.,0.257,,,,,,,,,,,,,,,
873,,,,,,,0.576,0.011,0.565,,,,,,,,,,,,
883,,,,,,,0.624,0.,0.623,,,,,,,,,,,,
898,,,,0.279,0.003,0.275,,,,,,,,,,,,,,,
901,,,,,,,0.704,0.,0.704,,,,,,,,,,,,
903,,,,,,,,,,,,,,,,,,,0.019,0.,0.019
911,,,,,,,,,,0.1,0.004,0.004,0.097,0.,0.007,,,,,,
914,,,,0.28,0.,0.28,,,,,,,,,,,,,,,
929,,,,0.296,0.,0.296,,,,,,,,,,,,,,,
943,,,,,,,,,,,,,,,,,,,0.021,0.,0.021
960,,,,0.31,0.,0.31,,,,,,,,,,,,,,,
982,,,,,,,,,,,,,,,,,,,0.023,0.,0.023
991,,,,0.327,0.,0.327,0.799,0.,0.799,,,,,,,,,,,,
1021,,,,,,,,,,,,,,,,,,,0.111,0.,0.111
1022,,,,0.348,0.,0.348,,,,,,,,,,,,,,,
1025,,,,,,,,,,0.101,0.003,0.005,0.195,0.,0.105,,,,,,
1053,,,,0.373,0.,0.373,,,,,,,,,,,,,,,
1060,,,,,,,,,,,,,,,,,,,0.026,0.003,0.022
1081,,,,,,,1.028,0.,1.028,,,,,,,,,,,,
1084,,,,0.391,0.,0.391,,,,,,,,,,,,,,,
1099,,,,,,,,,,,,,,,,,,,0.027,0.,0.027
1115,,,,0.415,0.,0.415,,,,,,,,,,,,,,,
1138,,,,,,,,,,0.105,0.,0.01,0.103,0.003,0.006,,,,0.029,0.,0.029
1146,,,,0.433,0.,0.433,,,,,,,,,,,,,,,
1164,,,,,,,1.128,0.02,1.108,,,,,,,,,,,,
1171,,,,,,,1.115,0.004,1.111,,,,,,,,,,,,
1177,,,,0.45,0.,0.45,,,,,,,,,,,,,,,
1178,,,,,,,,,,,,,,,,,,,0.031,0.,0.031
1208,,,,0.475,0.,0.475,,,,,,,,,,,,,,,
1217,,,,,,,,,,,,,,,,,,,0.033,0.,0.033
1239,,,,0.492,0.,0.492,,,,,,,,,,,,,,,
1252,,,,,,,,,,0.101,0.004,0.006,0.112,0.,0.01,,,,,,
1256,,,,,,,,,,,,,,,,,,,0.034,0.,0.034
1261,,,,,,,1.334,0.007,1.326,,,,,,,,,,,,
1269,,,,0.52,0.,0.52,,,,,,,,,,,,,,,
1295,,,,,,,,,,,,,,,,,,,0.037,0.,0.037
1300,,,,0.548,0.,0.548,,,,,,,,,,,,,,,
1331,,,,0.582,0.,0.582,,,,,,,,,,,,,,,
1334,,,,,,,,,,,,,,,,,,,0.04,0.,0.04
1351,,,,,,,1.811,0.007,1.803,,,,,,,,,,,,
1362,,,,0.602,0.,0.602,,,,,,,,,,,,,,,
1365,,,,,,,,,,0.1,0.003,0.007,0.105,0.003,0.008,,,,,,
1370,,,,0.591,0.,0.591,,,,,,,,,,,,,,,
1374,,,,,,,,,,,,,,,,,,,0.041,0.,0.041
1393,,,,0.621,0.003,0.617,,,,,,,,,,,,,,,
1413,,,,,,,,,,,,,,,,,,,0.042,0.,0.042
1424,,,,0.663,0.,0.663,,,,,,,,,,,,,,,
1441,,,,,,,1.692,0.,1.692,,,,,,,,,,,,
1452,,,,,,,,,,,,,,,,,,,0.044,0.,0.044
1454,,,,,,,1.679,0.02,1.659,,,,,,,,,,,,
1479,,,,,,,,,,0.106,0.003,0.009,0.111,0.007,0.011,,,,,,
1491,,,,,,,,,,,,,,,,,,,0.048,0.,0.048
1530,,,,,,,,,,,,,,,,,,,0.05,0.,0.05
1531,,,,,,,1.986,0.,1.985,,,,,,,,,,,,
1566,,,,0.801,0.004,0.796,,,,,,,,,,,,,,,
1570,,,,,,,,,,,,,,,,,,,0.053,0.,0.053
1593,,,,,,,,,,0.11,0.,0.013,0.11,0.008,0.006,,,,,,
1609,,,,,,,,,,,,,,,,,,,0.055,0.,0.055
1621,,,,,,,2.207,0.,2.207,,,,,,,,,,,,
1648,,,,,,,,,,,,,,,,,,,0.058,0.,0.058
1687,,,,,,,,,,,,,,,,,,,0.058,0.,0.058
1706,,,,,,,,,,0.107,0.003,0.011,0.107,0.004,0.01,,,,,,
1709,,,,0.936,0.003,0.932,,,,,,,,,,,,,,,
1711,,,,,,,2.472,0.019,2.452,,,,,,,,,,,,
1726,,,,,,,,,,,,,,,,,,,0.063,0.,0.063
1765,,,,,,,,,,,,,,,,,,,0.066,0.,0.066
1801,,,,,,,2.717,0.023,2.693,,,,,,,,,,,,
1805,,,,,,,,,,,,,,,,,,,0.07,0.,0.07
1820,,,,,,,,,,0.118,0.003,0.02,0.113,0.003,0.013,,,,,,
1826,,,,0.998,0.,0.998,,,,,,,,,,,,,,,
1844,,,,,,,,,,,,,,,,,,,0.07,0.,0.07
1851,,,,1.083,0.,1.083,,,,,,,,,,,,,,,
1883,,,,,,,,,,,,,,,,,,,0.075,0.,0.075
1922,,,,,,,,,,,,,,,,,,,0.076,0.,0.076
1933,,,,,,,,,,0.108,0.004,0.013,0.111,0.004,0.016,,,,,,
1961,,,,,,,,,,,,,,,,,,,0.08,0.,0.08
1993,,,,1.232,0.003,1.228,,,,,,,,,,,,,,,
2001,,,,,,,,,,,,,,,,,,,0.083,0.,0.083
2013,,,,,,,,,,,,,,,,,,,0.075,0.,0.075
2040,,,,,,,,,,,,,,,,,,,0.086,0.,0.086
2047,,,,,,,,,,0.12,0.,0.018,0.112,0.,0.02,,,,,,
2079,,,,,,,,,,,,,,,,,,,0.087,0.,0.087
2118,,,,,,,,,,,,,,,,,,,0.093,0.,0.093
2136,,,,1.438,0.,1.437,,,,,,,,,,,,,,,
2157,,,,,,,,,,,,,,,,,,,0.097,0.,0.097
2161,,,,,,,4.021,0.,4.021,0.117,0.003,0.017,0.113,0.007,0.016,,,,,,
2197,,,,,,,,,,,,,,,,,,,0.101,0.,0.101
2236,,,,,,,,,,,,,,,,,,,0.102,0.,0.102
2274,,,,,,,,,,0.115,0.003,0.019,0.114,0.004,0.017,,,,,,
2275,,,,,,,,,,,,,,,,,,,0.107,0.,0.107
2278,,,,1.61,0.,1.61,,,,,,,,,,,,,,,
2282,,,,1.561,0.,1.56,,,,,,,,,,,,,,,
2314,,,,,,,,,,,,,,,,,,,0.11,0.,0.11
2353,,,,,,,,,,,,,,,,,,,0.113,0.,0.113
2388,,,,,,,,,,0.119,0.004,0.021,0.114,0.003,0.02,,,,,,
2392,,,,,,,,,,,,,,,,,,,0.117,0.,0.117
2420,,,,1.824,0.003,1.82,,,,,,,,,,,,,,,
2432,,,,,,,,,,,,,,,,,,,0.119,0.,0.119
2471,,,,,,,,,,,,,,,,,,,0.124,0.,0.124
2502,,,,,,,,,,0.123,0.003,0.025,0.126,0.003,0.021,,,,,,
2510,,,,,,,,,,,,,,,,,,,0.132,0.,0.132
2521,,,,,,,5.357,0.,5.356,,,,,,,,,,,,
2549,,,,,,,,,,,,,,,,,,,0.13,0.,0.13
2562,,,,2.047,0.004,2.043,,,,,,,,,,,,,,,
2588,,,,,,,,,,,,,,,,,,,0.134,0.,0.134
2615,,,,,,,,,,0.125,0.003,0.026,0.125,0.004,0.024,,,,,,
2628,,,,,,,,,,,,,,,,,,,0.135,0.,0.135
2667,,,,,,,,,,,,,,,,,,,0.141,0.,0.141
2705,,,,2.253,0.003,2.249,,,,,,,,,,,,,,,
2706,,,,,,,,,,,,,,,,,,,0.15,0.,0.15
2729,,,,,,,,,,0.127,0.,0.03,0.118,0.,0.028,,,,,,
2745,,,,,,,,,,,,,,,,,,,0.151,0.,0.151
2784,,,,,,,,,,,,,,,,,,,0.161,0.,0.161
2824,,,,,,,,,,,,,,,,,,,0.159,0.,0.159
2842,,,,,,,,,,0.117,0.,0.031,0.121,0.004,0.025,,,,,,
2847,,,,2.514,0.003,2.51,,,,,,,,,,,,,,,
2863,,,,,,,,,,,,,,,,,,,0.164,0.,0.164
2881,,,,,,,7.519,0.091,7.427,,,,,,,,,,,,
2902,,,,,,,,,,,,,,,,,,,0.169,0.,0.169
2941,,,,,,,,,,,,,,,,,,,0.175,0.,0.175
2956,,,,,,,,,,0.124,0.007,0.028,0.129,0.003,0.032,,,,,,
2980,,,,,,,,,,,,,,,,,,,0.184,0.,0.184
3019,,,,,,,,,,,,,,,,,,,0.184,0.,0.184
3059,,,,,,,,,,,,,,,,,,,0.19,0.,0.19
3070,,,,,,,,,,0.128,0.,0.035,0.126,0.003,0.03,,,,,,
3098,,,,,,,,,,,,,,,,,,,0.188,0.,0.188
3137,,,,,,,,,,,,,,,,,,,0.199,0.,0.199
3183,,,,,,,,,,0.131,0.004,0.033,0.139,0.004,0.036,,,,,,
3241,,,,,,,9.088,0.016,9.072,,,,,,,,,,,,
3268,,,,,,,,,,,,,,,,,,,0.213,0.,0.213
3297,,,,,,,,,,0.136,0.004,0.039,0.125,0.,0.036,,,,,,
3398,,,,,,,,,,,,,,,,,,,0.229,0.,0.229
3410,,,,,,,,,,0.137,0.003,0.038,0.133,0.,0.043,,,,,,
3416,,,,3.543,0.003,3.539,,,,,,,,,,,,,,,
3524,,,,,,,,,,0.132,0.004,0.041,0.136,0.003,0.039,,,,,,
3529,,,,,,,,,,,,,,,,,,,0.245,0.,0.245
3601,,,,,,,11.214,0.035,11.177,,,,,,,,,,,,
3638,,,,,,,,,,0.14,0.004,0.044,0.136,0.,0.048,,,,,,
3660,,,,,,,,,,,,,,,,,,,0.268,0.003,0.264
3674,,,,,,,,,,0.119,0.003,0.035,0.193,0.008,0.109,,,,,,
3751,,,,,,,,,,0.143,0.006,0.045,0.14,0.004,0.045,,,,,,
3790,,,,,,,,,,,,,,,,,,,0.29,0.,0.29
3865,,,,,,,,,,0.156,0.004,0.057,0.157,0.011,0.047,,,,,,
3921,,,,,,,,,,,,,,,,,,,0.303,0.,0.303
3979,,,,,,,,,,0.152,0.003,0.054,0.145,0.003,0.051,,,,,,
3985,,,,4.813,0.004,4.809,,,,,,,,,,,,,,,
4024,,,,,,,,,,,,,,,,,,,0.371,0.,0.37
4052,,,,,,,,,,,,,,,,,,,0.317,0.,0.317
4092,,,,,,,,,,0.149,0.007,0.053,0.158,0.004,0.058,,,,,,
4182,,,,,,,,,,,,,,,,,,,0.349,0.003,0.345
4206,,,,,,,,,,0.158,0.003,0.062,0.156,0.003,0.058,,,,,,
4313,,,,,,,,,,,,,,,,,,,0.358,0.,0.358
4319,,,,,,,,,,0.157,0.004,0.062,0.159,0.,0.064,,,,,,
4433,,,,,,,,,,0.162,0.003,0.065,0.167,0.004,0.069,,,,,,
4444,,,,,,,,,,,,,,,,,,,0.397,0.,0.397
4547,,,,,,,,,,0.155,0.003,0.062,0.159,0.003,0.063,,,,,,
4555,,,,6.288,0.,6.288,,,,,,,,,,,,,,,
4574,,,,,,,,,,,,,,,,,,,0.418,0.003,0.414
4660,,,,,,,,,,0.171,0.003,0.074,0.165,0.003,0.071,,,,,,
4705,,,,,,,,,,,,,,,,,,,0.432,0.,0.432
4774,,,,,,,,,,0.165,0.008,0.065,0.17,0.004,0.071,,,,,,
4836,,,,,,,,,,,,,,,,,,,0.468,0.,0.468
4887,,,,,,,,,,0.168,0.003,0.072,0.172,0.012,0.068,,,,,,
4966,,,,,,,,,,,,,,,,,,,0.487,0.,0.487
5001,,,,,,,,,,0.171,0.004,0.076,0.181,0.,0.087,,,,,,
5097,,,,,,,,,,,,,,,,,,,0.512,0.,0.512
5115,,,,,,,,,,0.18,0.003,0.08,0.179,0.004,0.082,,,,,,
5124,,,,7.954,0.,7.954,,,,,,,,,,,,,,,
5228,,,,,,,,,,0.182,0.007,0.079,0.176,0.004,0.08,,,,0.536,0.,0.536
5342,,,,,,,,,,0.188,0.015,0.079,0.184,0.004,0.088,,,,,,
5358,,,,,,,,,,,,,,,,,,,0.565,0.,0.565
5456,,,,,,,,,,0.183,0.003,0.09,0.188,0.003,0.088,,,,,,
5489,,,,,,,,,,,,,,,,,,,0.592,0.,0.592
5569,,,,,,,,,,0.187,0.004,0.092,0.195,0.008,0.091,,,,,,
5620,,,,,,,,,,,,,,,,,,,0.607,0.,0.607
5683,,,,,,,,,,0.196,0.003,0.102,0.207,0.008,0.103,,,,,,
5693,,,,9.726,0.,9.726,,,,,,,,,,,,,,,
5750,,,,,,,,,,,,,,,,,,,0.659,0.,0.659
5796,,,,,,,,,,0.202,0.004,0.103,0.204,0.004,0.109,,,,,,
5881,,,,,,,,,,,,,,,,,,,0.68,0.,0.68
5910,,,,,,,,,,0.207,0.003,0.111,0.212,0.,0.113,,,,,,
6012,,,,,,,,,,,,,,,,,,,0.712,0.,0.712
6034,,,,,,,,,,,,,,,,,,,0.639,0.,0.639
6142,,,,,,,,,,,,,,,,,,,0.741,0.,0.741
6221,,,,,,,,,,0.213,0.003,0.115,0.227,0.003,0.122,,,,,,
6273,,,,,,,,,,,,,,,,,,,0.766,0.,0.766
6532,,,,,,,,,,0.224,0.,0.125,0.229,0.007,0.126,,,,,,
6843,,,,,,,,,,0.238,0.004,0.139,0.263,0.007,0.152,,,,,,
6900,,,,,,,,,,,,,,,,,,,0.92,0.,0.92
7154,,,,,,,,,,0.253,0.008,0.149,0.27,0.015,0.152,,,,,,
7346,,,,,,,,,,0.229,0.,0.144,0.233,0.,0.154,,,,,,
7465,,,,,,,,,,0.267,0.007,0.167,0.283,0.,0.184,,,,,,
7527,,,,,,,,,,,,,,,,,,,1.087,0.,1.087
7776,,,,,,,,,,0.279,0.008,0.175,0.288,0.004,0.189,,,,,,
8045,,,,,,,,,,,,,,,,,,,1.074,0.,1.074
8087,,,,,,,,,,0.295,0.007,0.191,0.317,0.008,0.208,,,,,,
8154,,,,,,,,,,,,,,,,,,,1.297,0.,1.297
8398,,,,,,,,,,0.307,0.007,0.206,0.318,0.,0.222,,,,,,
8709,,,,,,,,,,0.321,0.,0.23,0.331,0.004,0.237,,,,,,
8781,,,,,,,,,,,,,,,,,,,1.481,0.,1.481
9019,,,,,,,,,,0.331,0.004,0.236,0.348,0.003,0.251,,,,,,
9330,,,,,,,,,,0.34,0.008,0.243,0.356,0.004,0.253,,,,,,
9409,,,,,,,,,,,,,,,,,,,1.693,0.,1.693
9641,,,,,,,,,,0.355,0.008,0.255,0.362,0.011,0.259,,,,,,
9952,,,,,,,,,,0.363,0.008,0.265,0.367,0.004,0.273,,,,,,
10036,,,,,,,,,,,,,,,,,,,1.924,0.,1.924
10056,,,,,,,,,,,,,,,,,,,1.74,0.,1.739
10263,,,,,,,,,,0.37,0.004,0.275,0.391,0.015,0.28,,,,,,
10574,,,,,,,,,,0.407,0.007,0.302,0.418,0.004,0.316,,,,,,
10663,,,,,,,,,,,,,,,,,,,2.191,0.,2.191
10885,,,,,,,,,,0.412,0.011,0.311,0.424,0.004,0.324,,,,,,
11017,,,,,,,,,,0.361,0.003,0.279,0.382,0.015,0.287,,,,,,
11196,,,,,,,,,,0.449,0.012,0.337,0.447,0.011,0.337,,,,,,
11290,,,,,,,,,,,,,,,,,,,2.44,0.,2.44
11507,,,,,,,,,,0.442,0.011,0.341,0.456,0.008,0.358,,,,,,
11818,,,,,,,,,,0.464,0.003,0.368,0.489,0.011,0.378,,,,,,
11917,,,,,,,,,,,,,,,,,,,2.737,0.003,2.733
12544,,,,,,,,,,,,,,,,,,,2.99,0.,2.99
13000,,,,,,,,,,0.533,0.011,0.427,0.547,0.003,0.448,,,,,,
14181,,,,,,,,,,0.654,0.012,0.551,0.666,0.023,0.547,,,,,,
14689,,,,,,,,,,0.594,0.003,0.512,0.617,0.004,0.536,,,,,,
15052,,,,,,,,,,,,,,,,,,,4.292,0.,4.292
15363,,,,,,,,,,0.73,0.007,0.627,0.74,0.016,0.632,,,,,,
16544,,,,,,,,,,0.8,0.007,0.699,0.818,0.003,0.726,,,,,,
17561,,,,,,,,,,,,,,,,,,,5.839,0.,5.839
17726,,,,,,,,,,0.923,0.007,0.816,0.893,0.02,0.786,,,,,,
18361,,,,,,,,,,0.872,0.008,0.782,0.874,0.007,0.788,,,,,,
18908,,,,,,,,,,0.994,0.007,0.892,0.998,0.015,0.892,,,,,,
20069,,,,,,,,,,,,,,,,,,,7.678,0.008,7.669
20089,,,,,,,,,,1.139,0.007,1.038,1.125,0.004,1.019,,,,,,
21271,,,,,,,,,,1.233,0.007,1.126,1.351,0.011,1.236,,,,,,
22452,,,,,,,,,,1.361,0.011,1.255,1.449,0.008,1.349,,,,,,
22578,,,,,,,,,,,,,,,,,,,9.802,0.003,9.797
23634,,,,,,,,,,1.534,0.015,1.424,1.55,0.008,1.442,,,,,,
25086,,,,,,,,,,,,,,,,,,,12.039,0.011,12.027
28361,,,,,,,,,,2.142,0.008,2.042,2.033,0.003,1.936,,,,,,
33087,,,,,,,,,,2.777,0.011,2.671,2.749,0.011,2.644,,,,,,
37814,,,,,,,,,,3.522,0.007,3.423,3.564,0.016,3.453,,,,,,
42540,,,,,,,,,,4.47,0.014,4.366,4.546,0.007,4.445,,,,,,
47267,,,,,,,,,,5.464,0.004,5.365,5.475,0.007,5.374,,,,,,