param-n pattern-regression-linear-real pattern-regression-linear-sys pattern-regression-linear-user
1 0. 0. 0.
2 0. 0. 0.
3 0. 0. 0.
4 0. 0. 0.
5 0. 0. 0.
6 0. 0. 0.
7 0. 0. 0.
8 0. 0. 0.
9 0. 0. 0.
10 0. 0. 0.
11 0. 0. 0.
12 0. 0. 0.
13 0. 0. 0.
14 0. 0. 0.
15 0. 0. 0.
16 0. 0. 0.
17 0. 0. 0.
18 0. 0. 0.
19 0. 0. 0.
20 0. 0. 0.
21 0.001 0. 0.001
22 0.001 0. 0.001
23 0.001 0.001 0.
24 0.001 0.001 0.
25 0.001 0. 0.
26 0. 0. 0.
27 0.001 0.001 0.
28 0.001 0.001 0.
29 0.001 0.001 0.
30 0.001 0. 0.
31 0.001 0.001 0.
32 0.001 0.001 0.
33 0.001 0.001 0.
34 0.054 0.011 0.042
35 0.001 0. 0.
36 0. 0. 0.
37 0.001 0. 0.001
38 0.001 0. 0.001
39 0.001 0. 0.001
40 0.001 0. 0.001
41 0.001 0. 0.001
42 0.001 0. 0.001
43 0.001 0. 0.001
44 0.001 0. 0.001
45 0.001 0. 0.001
46 0.001 0. 0.001
47 0.001 0. 0.001
48 0.001 0. 0.001
49 0.001 0. 0.001
50 0.001 0. 0.001
51 0.001 0. 0.001
52 0.001 0. 0.001
53 0.001 0. 0.001
54 0.001 0. 0.001
55 0.001 0. 0.001
56 0.001 0. 0.001
57 0.001 0. 0.001
58 0.001 0. 0.001
59 0.001 0.001 0.
60 0.001 0. 0.001
61 0.001 0. 0.001
62 0.001 0. 0.001
63 0.001 0. 0.001
64 0.001 0. 0.001
65 0.004 0. 0.004
66 0.001 0. 0.001
67 0.001 0. 0.001
68 0.001 0. 0.001
69 0.001 0. 0.001
70 0.001 0. 0.001
71 0.001 0. 0.001
72 0.001 0. 0.001
73 0.001 0. 0.001
74 0.001 0. 0.001
75 0.002 0. 0.002
76 0.001 0. 0.001
77 0.001 0. 0.001
78 0.001 0. 0.001
79 0.002 0. 0.002
80 0.001 0. 0.001
81 0.001 0. 0.001
82 0.002 0. 0.002
83 0.001 0. 0.001
84 0.001 0. 0.001
85 0.002 0. 0.002
86 0.002 0. 0.002
87 0.004 0. 0.004
88 0.002 0. 0.002
89 0.002 0. 0.002
90 0.002 0. 0.002
91 0.002 0. 0.002
92 0.002 0. 0.002
93 0.002 0. 0.
94 0.002 0. 0.
95 0.002 0. 0.007
96 0.002 0. 0.002
97 0.002 0. 0.002
98 0.002 0. 0.002
99 0.002 0. 0.002
100 0.002 0. 0.002
101 0.002 0. 0.002
102 0.002 0. 0.002
103 0.002 0. 0.002
104 0.002 0. 0.002
105 0.002 0. 0.002
106 0.002 0. 0.002
107 0.002 0. 0.002
108 0.002 0. 0.002
109 0.002 0. 0.002
110 0.002 0. 0.002
111 0.002 0. 0.002
112 0.002 0. 0.002
113 0.002 0. 0.002
114 0.002 0. 0.002
115 0.002 0. 0.002
116 0.002 0. 0.002
117 0.003 0. 0.003
118 0.002 0. 0.002
119 0.002 0. 0.002
120 0.007 0. 0.007
121 0.002 0. 0.002
122 0.002 0. 0.002
123 0.002 0. 0.002
124 0.002 0. 0.002
125 0.002 0. 0.002
126 0.002 0. 0.002
127 0.002 0. 0.002
128 0.002 0. 0.002
129 0.003 0. 0.003
130 0.002 0. 0.002
131 0.003 0. 0.003
132 0.003 0. 0.003
133 0.003 0. 0.003
134 0.003 0. 0.003
135 0.002 0. 0.002
136 0.003 0. 0.003
137 0.003 0. 0.003
138 0.003 0. 0.003
139 0.003 0. 0.003
140 0.003 0. 0.003
141 0.003 0. 0.003
142 0.003 0. 0.003
143 0.003 0. 0.003
144 0.003 0. 0.003
145 0.003 0. 0.003
146 0.008 0. 0.008
147 0.003 0. 0.003
148 0.004 0. 0.004
149 0.003 0. 0.003
150 0.003 0. 0.003
151 0.004 0. 0.004
152 0.003 0. 0.003
153 0.003 0. 0.003
154 0.004 0. 0.004
155 0.003 0. 0.003
156 0.003 0. 0.003
157 0.003 0. 0.003
158 0.005 0. 0.005
159 0.003 0. 0.003
160 0.003 0. 0.003
161 0.003 0. 0.003
162 0.003 0. 0.003
163 0.003 0. 0.003
164 0.003 0. 0.003
165 0.003 0. 0.003
166 0.003 0. 0.003
167 0.003 0. 0.003
168 0.003 0. 0.003
169 0.003 0. 0.003
170 0.003 0. 0.003
171 0.004 0. 0.004
172 0.003 0. 0.003
173 0.004 0. 0.004
174 0.004 0. 0.004
175 0.004 0. 0.004
176 0.004 0. 0.004
177 0.004 0. 0.004
178 0.004 0. 0.004
179 0.004 0. 0.004
180 0.003 0. 0.003
181 0.003 0. 0.003
182 0.003 0. 0.003
183 0.004 0. 0.004
184 0.004 0. 0.004
185 0.003 0. 0.003
186 0.004 0. 0.004
187 0.003 0. 0.003
188 0.004 0. 0.004
189 0.004 0. 0.004
190 0.004 0. 0.004
191 0.004 0. 0.004
192 0.004 0. 0.004
193 0.004 0. 0.004
194 0.004 0. 0.004
195 0.004 0. 0.004
196 0.004 0. 0.004
197 0.004 0. 0.004
198 0.005 0. 0.005
199 0.004 0. 0.004
200 0.004 0. 0.004
201 0.004 0. 0.004
202 0.004 0. 0.004
203 0.004 0. 0.004
204 0.004 0. 0.004
205 0.004 0. 0.004
206 0.004 0. 0.004
207 0.007 0. 0.007
208 0.004 0. 0.004
209 0.004 0. 0.004
210 0.004 0. 0.004
211 0.004 0. 0.004
212 0.004 0. 0.004
213 0.004 0. 0.004
214 0.004 0. 0.004
215 0.006 0. 0.006
216 0.004 0. 0.004
217 0.004 0. 0.004
218 0.004 0. 0.004
219 0.004 0. 0.004
220 0.004 0. 0.004
221 0.004 0. 0.004
222 0.004 0. 0.004
223 0.008 0. 0.008
224 0.004 0. 0.004
225 0.004 0. 0.004
226 0.004 0. 0.004
227 0.005 0. 0.005
228 0.005 0. 0.005
229 0.005 0. 0.005
230 0.005 0. 0.005
231 0.006 0. 0.006
232 0.004 0. 0.004
233 0.005 0. 0.005
234 0.005 0. 0.005
235 0.005 0. 0.005
236 0.006 0. 0.006
237 0.005 0. 0.005
238 0.005 0. 0.005
239 0.007 0. 0.007
240 0.005 0. 0.005
241 0.005 0. 0.005
242 0.005 0. 0.005
243 0.005 0. 0.005
244 0.005 0. 0.005
245 0.005 0. 0.005
246 0.006 0. 0.006
247 0.005 0. 0.005
248 0.005 0. 0.005
249 0.005 0. 0.005
250 0.005 0. 0.005
251 0.005 0. 0.005
252 0.004 0. 0.004
253 0.005 0. 0.005
254 0.008 0. 0.008
255 0.005 0. 0.005
256 0.005 0. 0.005
257 0.005 0. 0.005
258 0.005 0. 0.005
259 0.005 0. 0.005
260 0.005 0. 0.005
261 0.006 0. 0.006
262 0.005 0. 0.005
263 0.005 0. 0.005
264 0.005 0. 0.005
265 0.005 0. 0.005
266 0.005 0. 0.005
267 0.005 0. 0.005
268 0.005 0. 0.005
269 0.006 0. 0.006
270 0.005 0. 0.005
271 0.005 0. 0.005
272 0.005 0. 0.005
273 0.005 0. 0.005
274 0.006 0. 0.006
275 0.006 0. 0.006
276 0.005 0. 0.005
277 0.006 0. 0.006
278 0.006 0. 0.006
279 0.006 0. 0.006
280 0.006 0. 0.006
281 0.009 0. 0.009
282 0.005 0. 0.005
283 0.005 0. 0.005
284 0.005 0. 0.005
285 0.006 0. 0.006
286 0.005 0. 0.005
287 0.007 0. 0.007
288 0.006 0. 0.006
289 0.006 0. 0.006
290 0.005 0. 0.005
291 0.006 0. 0.006
292 0.006 0. 0.006
293 0.006 0. 0.006
294 0.005 0. 0.005
295 0.006 0. 0.006
296 0.006 0. 0.006
297 0.006 0. 0.006
298 0.006 0. 0.006
299 0.006 0. 0.006
300 0.007 0. 0.007
301 0.006 0. 0.006
302 0.006 0. 0.006
303 0.006 0. 0.006
304 0.006 0. 0.006
305 0.007 0. 0.007
306 0.009 0. 0.009
307 0.006 0. 0.006
308 0.007 0. 0.007
309 0.007 0. 0.007
310 0.006 0. 0.006
311 0.006 0. 0.006
312 0.007 0. 0.007
313 0.006 0. 0.006
314 0.007 0. 0.007
315 0.006 0. 0.006
316 0.006 0. 0.006
317 0.009 0. 0.009
318 0.006 0. 0.006
319 0.006 0. 0.006
320 0.008 0. 0.008
321 0.009 0. 0.009
322 0.007 0. 0.007
323 0.008 0. 0.008
324 0.01 0. 0.01
325 0.007 0. 0.007
326 0.007 0. 0.007
327 0.008 0. 0.008
328 0.006 0. 0.006
329 0.015 0. 0.015
330 0.007 0. 0.007
331 0.007 0. 0.007
332 0.007 0. 0.005
333 0.007 0. 0.01
334 0.008 0. 0.008
335 0.007 0. 0.007
336 0.008 0. 0.008
337 0.007 0. 0.007
338 0.007 0. 0.007
339 0.007 0. 0.007
340 0.011 0. 0.01
341 0.008 0. 0.008
342 0.007 0.001 0.006
343 0.007 0. 0.007
344 0.007 0. 0.007
345 0.009 0.003 0.005
346 0.007 0. 0.007
347 0.007 0. 0.007
348 0.007 0. 0.007
349 0.007 0. 0.007
350 0.009 0. 0.009
351 0.007 0. 0.007
352 0.007 0. 0.007
353 0.007 0. 0.007
354 0.007 0. 0.007
355 0.008 0. 0.008
356 0.007 0. 0.007
357 0.007 0. 0.007
358 0.008 0. 0.008
359 0.007 0. 0.007
360 0.007 0. 0.007
361 0.008 0. 0.008
362 0.007 0. 0.007
363 0.007 0. 0.007
364 0.007 0. 0.007
365 0.008 0. 0.008
366 0.009 0. 0.009
367 0.007 0. 0.007
368 0.008 0. 0.008
369 0.007 0. 0.007
370 0.007 0. 0.007
371 0.009 0. 0.009
372 0.008 0. 0.008
373 0.008 0. 0.008
374 0.007 0. 0.007
375 0.008 0. 0.008
376 0.008 0. 0.008
377 0.008 0. 0.008
378 0.008 0. 0.008
379 0.009 0. 0.009
380 0.011 0. 0.011
381 0.008 0. 0.007
382 0.008 0. 0.008
383 0.008 0. 0.008
384 0.008 0. 0.008
385 0.01 0.003 0.006
386 0.008 0. 0.008
387 0.008 0. 0.008
388 0.008 0. 0.008
389 0.008 0. 0.008
390 0.01 0. 0.01
391 0.008 0. 0.008
392 0.008 0. 0.008
393 0.008 0. 0.008
394 0.008 0. 0.008
395 0.009 0. 0.009
396 0.008 0. 0.008
397 0.008 0. 0.008
398 0.008 0. 0.008
399 0.01 0. 0.01
400 0.008 0. 0.008
401 0.008 0. 0.008
402 0.009 0. 0.009
403 0.008 0. 0.008
404 0.009 0. 0.009
405 0.009 0. 0.009
406 0.01 0. 0.01
407 0.008 0. 0.008
408 0.017 0. 0.017
409 0.009 0. 0.009
410 0.008 0. 0.008
411 0.009 0. 0.009
412 0.008 0. 0.008
413 0.01 0. 0.01
414 0.009 0. 0.009
415 0.009 0. 0.009
416 0.009 0. 0.009
417 0.01 0. 0.01
418 0.008 0. 0.008
419 0.008 0. 0.008
420 0.008 0. 0.008
421 0.009 0. 0.009
422 0.01 0. 0.01
423 0.009 0. 0.009
424 0.009 0. 0.009
425 0.009 0. 0.009
426 0.01 0. 0.01
427 0.008 0. 0.008
428 0.008 0. 0.008
429 0.009 0. 0.009
430 0.01 0. 0.01
431 0.009 0. 0.009
432 0.009 0. 0.009
433 0.009 0. 0.009
434 0.009 0. 0.009
435 0.017 0. 0.017
436 0.009 0. 0.009
437 0.009 0. 0.009
438 0.009 0. 0.009
439 0.011 0.003 0.007
440 0.01 0. 0.01
441 0.01 0. 0.01
442 0.01 0. 0.01
443 0.012 0. 0.012
444 0.01 0. 0.01
445 0.011 0. 0.011
446 0.009 0. 0.009
447 0.013 0. 0.013
448 0.01 0. 0.01
449 0.011 0. 0.011
450 0.01 0. 0.01
451 0.012 0. 0.012
452 0.01 0. 0.01
453 0.009 0. 0.009
454 0.01 0. 0.01
455 0.012 0.003 0.008
456 0.01 0. 0.01
457 0.009 0. 0.009
458 0.009 0. 0.009
459 0.012 0. 0.012
460 0.009 0. 0.009
461 0.009 0. 0.009
462 0.009 0. 0.009
463 0.011 0. 0.011
464 0.01 0. 0.01
465 0.01 0. 0.01
466 0.009 0. 0.009
467 0.014 0. 0.014
468 0.01 0. 0.01
469 0.01 0. 0.01
470 0.01 0. 0.01
471 0.011 0. 0.011
472 0.009 0. 0.009
473 0.01 0. 0.01
474 0.009 0. 0.009
475 0.012 0. 0.012
476 0.01 0. 0.01
477 0.009 0. 0.009
478 0.009 0. 0.009
479 0.011 0. 0.011
480 0.01 0. 0.01
481 0.01 0. 0.01
482 0.009 0. 0.009
483 0.011 0. 0.011
484 0.01 0. 0.01
485 0.009 0. 0.009
486 0.009 0. 0.009
487 0.01 0. 0.01
488 0.012 0. 0.012
489 0.012 0. 0.012
490 0.013 0. 0.013
491 0.01 0. 0.006
492 0.01 0. 0.016
493 0.011 0. 0.011
494 0.012 0. 0.012
495 0.01 0. 0.01
496 0.01 0. 0.01
497 0.01 0. 0.01
498 0.013 0. 0.013
499 0.011 0. 0.011
500 0.01 0. 0.01
600 0.022 0.011 0.01
800 0.075 0.019 0.055
1000 0.021 0. 0.021
1200 0.027 0. 0.027
1400 0.035 0. 0.035
1600 0.039 0. 0.039
1800 0.041 0. 0.041
2000 0.05 0.003 0.046
2200 0.06 0. 0.06
2400 0.057 0. 0.057
2600 0.067 0. 0.067
2800 0.081 0. 0.081
3000 0.072 0. 0.072
3200 0.076 0.003 0.072
3400 0.105 0.003 0.101
3600 0.106 0. 0.106
3800 0.104 0. 0.104
4000 0.109 0. 0.109
4200 0.116 0.003 0.112
4400 0.138 0. 0.137
4600 0.115 0.007 0.107
4800 0.126 0. 0.126
5000 0.127 0. 0.127
5200 0.151 0. 0.151
5400 0.155 0. 0.155
5600 0.17 0. 0.17
5800 0.152 0. 0.152
6000 0.139 0. 0.139
6200 0.148 0. 0.148
6400 0.155 0. 0.155
6600 0.181 0. 0.181
6800 0.182 0. 0.182
7000 0.17 0. 0.169
7200 0.18 0. 0.179
7400 0.174 0. 0.174
7600 0.173 0. 0.173
7800 0.188 0. 0.188
8000 0.198 0. 0.198
8200 0.206 0. 0.206
8400 0.209 0. 0.209
8600 0.22 0. 0.219
8800 0.225 0. 0.225
9000 0.245 0. 0.245
9200 0.252 0. 0.252
9400 0.263 0. 0.263
9600 0.278 0. 0.278
9800 0.278 0. 0.278
10000 0.27 0. 0.27
10200 0.275 0. 0.275
10400 0.281 0. 0.281
10600 0.289 0. 0.289
10800 0.32 0. 0.32
11000 0.322 0. 0.322
11200 0.342 0.003 0.336
11400 0.343 0. 0.343
11600 0.348 0. 0.347
11800 0.345 0. 0.345
12000 0.351 0. 0.351
12200 0.354 0. 0.354
12400 0.371 0. 0.371
12600 0.371 0. 0.371
12800 0.367 0. 0.367
13000 0.381 0. 0.381
13200 0.403 0. 0.403
13400 0.4 0. 0.4
13600 0.391 0. 0.391
13800 0.451 0. 0.451
14000 0.411 0. 0.411
14200 0.428 0. 0.428
14400 0.42 0.003 0.416
14600 0.414 0. 0.414
14800 0.404 0. 0.404
15000 0.482 0. 0.482
15200 0.465 0. 0.465
15400 0.448 0. 0.448
15600 0.426 0. 0.426
15800 0.405 0. 0.405
16000 0.435 0. 0.435
16200 0.455 0. 0.455
16400 0.454 0. 0.453
16600 0.477 0. 0.477
16800 0.489 0. 0.488
17000 0.469 0. 0.468
17200 0.497 0. 0.497
17400 0.506 0. 0.505
17600 0.517 0. 0.516
17800 0.528 0. 0.528
18000 0.544 0. 0.544
18200 0.572 0.003 0.568
18400 0.566 0. 0.566
18600 0.584 0. 0.584
18800 0.602 0. 0.602
19000 0.615 0. 0.615
19200 0.641 0. 0.641
19400 0.683 0. 0.683
19600 0.673 0. 0.673
19800 0.685 0. 0.685
20000 0.701 0. 0.701