param-n,actual-reif-for-QuoteFlat-with-big-flat-real,actual-reif-for-QuoteFlat-with-big-flat-sys,actual-reif-for-QuoteFlat-with-big-flat-user,cbv-for-QuoteFlat-with-big-flat-real,cbv-for-QuoteFlat-with-big-flat-sys,cbv-for-QuoteFlat-with-big-flat-user,eval-lazy-for-QuoteFlat-with-big-flat-real,eval-lazy-for-QuoteFlat-with-big-flat-sys,eval-lazy-for-QuoteFlat-with-big-flat-user,lazy-beta-iota-for-QuoteFlat-with-big-flat-real,lazy-beta-iota-for-QuoteFlat-with-big-flat-sys,lazy-beta-iota-for-QuoteFlat-with-big-flat-user,norm-reif-for-QuoteFlat-with-big-flat-real,norm-reif-for-QuoteFlat-with-big-flat-sys,norm-reif-for-QuoteFlat-with-big-flat-user,post-for-QuoteFlat-with-big-flat-real,post-for-QuoteFlat-with-big-flat-sys,post-for-QuoteFlat-with-big-flat-user,pre-for-QuoteFlat-with-big-flat-real,pre-for-QuoteFlat-with-big-flat-sys,pre-for-QuoteFlat-with-big-flat-user,reif-for-QuoteFlat-with-big-flat-real,reif-for-QuoteFlat-with-big-flat-sys,reif-for-QuoteFlat-with-big-flat-user,transitivity-(Denote-rv)-for-QuoteFlat-with-big-flat-real,transitivity-(Denote-rv)-for-QuoteFlat-with-big-flat-sys,transitivity-(Denote-rv)-for-QuoteFlat-with-big-flat-user
1,0.,0.,0.,0.,0.,0.,0.,0.,0.,0.,0.,0.,0.,0.,0.,0.,0.,0.,0.,0.,0.,0.,0.,0.,0.,0.,0.
2,0.,0.,0.,0.,0.,0.,0.,0.,0.,0.,0.,0.,0.,0.,0.,0.,0.,0.,0.,0.,0.,0.,0.,0.,0.,0.,0.
3,0.,0.,0.,0.,0.,0.,0.,0.,0.,0.,0.,0.,0.,0.,0.,0.,0.,0.,0.,0.,0.,0.,0.,0.,0.,0.,0.
4,0.,0.,0.,0.,0.,0.,0.,0.,0.,0.,0.,0.,0.,0.,0.,0.,0.,0.,0.,0.,0.,0.,0.,0.,0.,0.,0.
5,0.,0.,0.,0.,0.,0.,0.,0.,0.,0.,0.,0.,0.,0.,0.,0.,0.,0.,0.,0.,0.,0.,0.,0.,,,
6,0.,0.,0.,0.,0.,0.,0.,0.,0.,0.,0.,0.,0.,0.,0.,0.,0.,0.,0.,0.,0.,0.,0.,0.,,,
7,0.,0.,0.,0.,0.,0.,0.,0.,0.,0.,0.,0.,0.,0.,0.,0.,0.,0.,0.,0.,0.,0.,0.,0.,,,
8,0.,0.,0.,0.,0.,0.,0.,0.,0.,0.,0.,0.,0.,0.,0.,0.,0.,0.,0.,0.,0.,0.,0.,0.,,,
9,0.,0.,0.,0.,0.,0.,0.,0.,0.,0.,0.,0.,0.,0.,0.,0.,0.,0.,0.,0.,0.,0.,0.,0.,,,
10,0.,0.,0.,0.,0.,0.,0.,0.,0.,0.,0.,0.,0.,0.,0.,0.,0.,0.,0.,0.,0.,0.,0.,0.,,,
11,0.,0.,0.,0.,0.,0.,0.,0.,0.,0.,0.,0.,0.,0.,0.,0.,0.,0.,0.,0.,0.,0.,0.,0.,,,
12,0.,0.,0.,0.,0.,0.,0.,0.,0.,0.,0.,0.,0.,0.,0.,0.,0.,0.,0.,0.,0.,0.,0.,0.,,,
13,0.,0.,0.,0.,0.,0.,0.,0.,0.,0.,0.,0.,0.,0.,0.,0.,0.,0.,0.,0.,0.,0.,0.,0.,,,
14,0.,0.,0.,0.,0.,0.,0.,0.,0.,0.,0.,0.,0.,0.,0.,0.,0.,0.,0.,0.,0.,0.,0.,0.,,,
15,0.,0.,0.,0.,0.,0.,0.,0.,0.,0.,0.,0.,0.,0.,0.,0.,0.,0.,0.,0.,0.,0.,0.,0.,,,
16,0.,0.,0.,0.,0.,0.,0.,0.,0.,0.,0.,0.,0.,0.,0.,0.,0.,0.,0.,0.,0.,0.,0.,0.,,,
17,0.,0.,0.,0.,0.,0.,0.,0.,0.,0.,0.,0.,0.,0.,0.,0.,0.,0.,0.,0.,0.,0.,0.,0.,,,
18,0.,0.,0.,0.,0.,0.,0.,0.,0.,0.,0.,0.,0.,0.,0.,0.,0.,0.,0.,0.,0.,0.,0.,0.,,,
19,0.,0.,0.,0.,0.,0.,0.,0.,0.,0.,0.,0.,0.,0.,0.,0.,0.,0.,0.,0.,0.,0.,0.,0.,,,
20,0.,0.,0.,0.,0.,0.,0.,0.,0.,0.,0.,0.,0.,0.,0.,0.,0.,0.,0.,0.,0.,0.,0.,0.,,,
21,0.,0.,0.,0.,0.,0.,0.,0.,0.,0.,0.,0.,0.,0.,0.,0.,0.,0.,0.,0.,0.,0.,0.,0.,,,
22,0.,0.,0.,0.,0.,0.,0.,0.,0.,0.,0.,0.,0.,0.,0.,0.,0.,0.,0.,0.,0.,0.,0.,0.,,,
23,0.,0.,0.,0.,0.,0.,0.,0.,0.,0.,0.,0.,0.,0.,0.,0.,0.,0.,0.,0.,0.,0.,0.,0.,,,
24,0.,0.,0.,0.,0.,0.,0.,0.,0.,0.,0.,0.,0.,0.,0.,0.,0.,0.,0.,0.,0.,0.,0.,0.,,,
25,0.,0.,0.,0.,0.,0.,0.,0.,0.,0.,0.,0.,0.,0.,0.,0.,0.,0.,0.,0.,0.,0.,0.,0.,,,
26,0.,0.,0.,0.,0.,0.,0.,0.,0.,0.,0.,0.,0.,0.,0.,0.,0.,0.,0.,0.,0.,0.,0.,0.,,,
27,0.,0.,0.,0.,0.,0.,0.,0.,0.,0.,0.,0.,0.,0.,0.,0.,0.,0.,0.,0.,0.,0.,0.,0.,,,
28,0.,0.,0.,0.,0.,0.,0.,0.,0.,0.,0.,0.,0.,0.,0.,0.,0.,0.,0.,0.,0.,0.,0.,0.,,,
29,0.,0.,0.,0.,0.,0.,0.,0.,0.,0.,0.,0.,0.,0.,0.,0.,0.,0.,0.,0.,0.,0.,0.,0.,,,
30,0.,0.,0.,0.,0.,0.,0.,0.,0.,0.,0.,0.,0.,0.,0.,0.,0.,0.,0.,0.,0.,0.,0.,0.,,,
31,0.,0.,0.,0.,0.,0.,0.,0.,0.,0.,0.,0.,0.,0.,0.,0.,0.,0.,0.,0.,0.,0.,0.,0.,,,
32,0.,0.,0.,0.,0.,0.,0.,0.,0.,0.,0.,0.,0.,0.,0.,0.,0.,0.,0.,0.,0.,0.,0.,0.,,,
33,0.,0.,0.,0.,0.,0.,0.,0.,0.,0.,0.,0.,0.,0.,0.,0.,0.,0.,0.,0.,0.,0.,0.,0.,,,
34,0.,0.,0.,0.,0.,0.,0.,0.,0.,0.,0.,0.,0.,0.,0.,0.,0.,0.,0.,0.,0.,0.,0.,0.,,,
35,0.,0.,0.,0.,0.,0.,0.,0.,0.,0.,0.,0.,0.,0.,0.,0.,0.,0.,0.,0.,0.,0.,0.,0.,,,
36,0.,0.,0.,0.,0.,0.,0.,0.,0.,0.,0.,0.,0.,0.,0.,0.,0.,0.,0.,0.,0.,0.,0.,0.,,,
37,0.,0.,0.,0.,0.,0.,0.,0.,0.,0.,0.,0.,0.,0.,0.,0.,0.,0.,0.,0.,0.,0.,0.,0.,,,
38,0.,0.,0.,0.,0.,0.,0.,0.,0.,0.,0.,0.,0.,0.,0.,0.,0.,0.,0.,0.,0.,0.,0.,0.,,,
39,0.,0.,0.,0.,0.,0.,0.,0.,0.,0.,0.,0.,0.,0.,0.,0.,0.,0.,0.,0.,0.,0.,0.,0.,,,
40,0.,0.,0.,0.,0.,0.,0.,0.,0.,0.,0.,0.,0.,0.,0.,0.,0.,0.,0.,0.,0.,0.,0.,0.,,,
41,0.,0.,0.,0.,0.,0.,0.,0.,0.,0.,0.,0.,0.,0.,0.,0.,0.,0.,0.,0.,0.,0.,0.,0.,,,
42,0.,0.,0.,0.,0.,0.,0.,0.,0.,0.,0.,0.,0.,0.,0.,0.,0.,0.,0.,0.,0.,0.,0.,0.,,,
43,0.,0.,0.,0.,0.,0.,0.,0.,0.,0.,0.,0.,0.,0.,0.,0.,0.,0.,0.,0.,0.,0.,0.,0.,,,
44,0.,0.,0.,0.,0.,0.,0.,0.,0.,0.,0.,0.,0.,0.,0.,0.,0.,0.,0.,0.,0.,0.,0.,0.,,,
45,0.,0.,0.,0.,0.,0.,0.,0.,0.,0.,0.,0.,0.,0.,0.,0.,0.,0.,0.,0.,0.,0.,0.,0.,,,
46,0.,0.,0.,0.,0.,0.,0.,0.,0.,0.,0.,0.,0.,0.,0.,0.,0.,0.,0.,0.,0.,0.,0.,0.,,,
47,0.,0.,0.,0.,0.,0.,0.,0.,0.,0.,0.,0.,0.,0.,0.,0.,0.,0.,0.,0.,0.,0.004,0.,0.004,,,
48,0.,0.,0.,0.,0.,0.,0.,0.,0.,0.,0.,0.,0.,0.,0.,0.,0.,0.,0.,0.,0.,0.,0.,0.,,,
49,0.,0.,0.,0.,0.,0.,0.,0.,0.,0.,0.,0.,0.,0.,0.,0.,0.,0.,0.,0.,0.,0.,0.,0.,,,
50,0.,0.,0.,0.,0.,0.,0.,0.,0.,0.,0.,0.,0.,0.,0.,0.,0.,0.,0.,0.,0.,0.,0.,0.,,,
51,0.,0.,0.,0.,0.,0.,0.,0.,0.,0.,0.,0.,0.,0.,0.,0.,0.,0.,0.,0.,0.,0.,0.,0.,,,
52,0.,0.,0.,0.,0.,0.,0.,0.,0.,0.,0.,0.,0.,0.,0.,0.,0.,0.,0.,0.,0.,0.,0.,0.,,,
53,0.,0.,0.,0.,0.,0.,0.,0.,0.,0.,0.,0.,0.,0.,0.,0.,0.,0.,0.,0.,0.,0.,0.,0.,,,
54,0.,0.,0.,0.,0.,0.,0.,0.,0.,0.,0.,0.,0.,0.,0.,0.,0.,0.,0.,0.,0.,0.,0.,0.,,,
55,0.,0.,0.,0.,0.,0.,0.,0.,0.,0.,0.,0.,0.,0.,0.,0.,0.,0.,0.,0.,0.,0.,0.,0.,,,
56,0.,0.,0.,0.,0.,0.,0.,0.,0.,0.,0.,0.,0.,0.,0.,0.,0.,0.,0.,0.,0.,0.,0.,0.,,,
57,0.,0.,0.,0.,0.,0.,0.,0.,0.,0.,0.,0.,0.,0.,0.,0.,0.,0.,0.,0.,0.,0.,0.,0.,,,
58,0.,0.,0.,0.,0.,0.,0.,0.,0.,0.,0.,0.,0.,0.,0.,0.,0.,0.,0.,0.,0.,0.,0.,0.,,,
59,0.,0.,0.,0.,0.,0.,0.,0.,0.,0.,0.,0.,0.,0.,0.,0.,0.,0.,0.,0.,0.,0.,0.,0.,,,
60,0.,0.,0.,0.,0.,0.,0.,0.,0.,0.,0.,0.,0.,0.,0.,0.,0.,0.,0.,0.,0.,0.,0.,0.,,,
61,0.,0.,0.,0.,0.,0.,0.,0.,0.,0.,0.,0.,0.,0.,0.,0.,0.,0.,0.,0.,0.,0.,0.,0.,,,
62,0.,0.,0.,0.,0.,0.,0.,0.,0.,0.,0.,0.,0.,0.,0.,0.,0.,0.,0.,0.,0.,0.,0.,0.,,,
63,0.,0.,0.,0.,0.,0.,0.,0.,0.,0.,0.,0.,0.,0.,0.,0.,0.,0.,0.,0.,0.,0.,0.,0.,,,
64,0.,0.,0.,0.,0.,0.,0.,0.,0.,0.,0.,0.,0.,0.,0.,0.,0.,0.,0.,0.,0.,0.,0.,0.,,,
65,0.,0.,0.,0.,0.,0.,0.,0.,0.,0.,0.,0.,0.,0.,0.,0.,0.,0.,0.,0.,0.,0.,0.,0.,,,
66,0.,0.,0.,0.,0.,0.,0.,0.,0.,0.,0.,0.,0.,0.,0.,0.,0.,0.,0.,0.,0.,0.001,0.,0.001,,,
67,0.,0.,0.,0.,0.,0.,0.,0.,0.,0.,0.,0.,0.,0.,0.,0.,0.,0.,0.,0.,0.,0.001,0.,0.001,,,
68,0.,0.,0.,0.,0.,0.,0.,0.,0.,0.,0.,0.,0.,0.,0.,0.,0.,0.,0.,0.,0.,0.001,0.,0.001,,,
69,0.,0.,0.,0.,0.,0.,0.,0.,0.,0.,0.,0.,0.,0.,0.,0.,0.,0.,0.,0.,0.,0.,0.,0.,,,
70,0.,0.,0.,0.,0.,0.,0.,0.,0.,0.,0.,0.,0.,0.,0.,0.,0.,0.,0.,0.,0.,0.001,0.,0.001,,,
71,0.,0.,0.,0.,0.,0.,0.,0.,0.,0.,0.,0.,0.,0.,0.,0.,0.,0.,0.,0.,0.,0.,0.,0.,,,
72,0.,0.,0.,0.,0.,0.,0.,0.,0.,0.,0.,0.,0.,0.,0.,0.,0.,0.,0.,0.,0.,0.001,0.,0.001,,,
73,0.,0.,0.,0.,0.,0.,0.,0.,0.,0.,0.,0.,0.,0.,0.,0.,0.,0.,0.,0.,0.,0.001,0.,0.001,,,
74,0.,0.,0.,0.,0.,0.,0.,0.,0.,0.,0.,0.,0.,0.,0.,0.,0.,0.,0.,0.,0.,0.001,0.,0.001,,,
75,0.,0.,0.,0.,0.,0.,0.,0.,0.,0.,0.,0.,0.,0.,0.,0.,0.,0.,0.,0.,0.,0.,0.,0.,,,
76,0.,0.,0.,0.,0.,0.,0.,0.,0.,0.,0.,0.,0.,0.,0.,0.,0.,0.,0.,0.,0.,0.001,0.,0.001,,,
77,0.,0.,0.,0.,0.,0.,0.,0.,0.,0.,0.,0.,0.,0.,0.,0.,0.,0.,0.,0.,0.,0.001,0.,0.001,,,
78,0.,0.,0.,0.,0.,0.,0.,0.,0.,0.,0.,0.,0.,0.,0.,0.,0.,0.,0.,0.,0.,0.,0.,0.,,,
79,0.,0.,0.,0.,0.,0.,0.,0.,0.,0.,0.,0.,0.,0.,0.,0.,0.,0.,0.,0.,0.,0.001,0.,0.001,,,
80,0.,0.,0.,0.,0.,0.,0.,0.,0.,0.,0.,0.,0.,0.,0.,0.,0.,0.,0.,0.,0.,0.,0.,0.,,,
81,0.,0.,0.,0.,0.,0.,0.012,0.,0.012,0.,0.,0.,0.013,0.,0.013,0.,0.,0.,0.,0.,0.,0.013,0.,0.013,,,
82,0.,0.,0.,0.,0.,0.,0.,0.,0.,0.,0.,0.,0.,0.,0.,0.,0.,0.,0.,0.,0.,0.001,0.,0.001,,,
83,0.,0.,0.,0.,0.,0.,0.,0.,0.,0.,0.,0.,0.,0.,0.,0.,0.,0.,0.,0.,0.,0.001,0.,0.001,,,
84,0.,0.,0.,0.,0.,0.,0.,0.,0.,0.,0.,0.,0.,0.,0.,0.,0.,0.,0.,0.,0.,0.001,0.,0.001,,,
85,0.,0.,0.,0.,0.,0.,0.,0.,0.,0.,0.,0.,0.,0.,0.,0.,0.,0.,0.,0.,0.,0.,0.,0.,,,
86,0.,0.,0.,0.,0.,0.,0.,0.,0.,0.,0.,0.,0.,0.,0.,0.,0.,0.,0.,0.,0.,0.001,0.,0.001,,,
87,0.,0.,0.,0.,0.,0.,0.,0.,0.,0.,0.,0.,0.,0.,0.,0.,0.,0.,0.,0.,0.,0.,0.,0.,,,
88,0.,0.,0.,0.,0.,0.,0.,0.,0.,0.,0.,0.,0.,0.,0.,0.,0.,0.,0.,0.,0.,0.,0.,0.,,,
89,0.,0.,0.,0.,0.,0.,0.,0.,0.,0.,0.,0.,0.,0.,0.,0.,0.,0.,0.,0.,0.,0.,0.,0.,,,
90,0.,0.,0.,0.,0.,0.,0.,0.,0.,0.,0.,0.,0.,0.,0.,0.,0.,0.,0.,0.,0.,0.,0.,0.,,,
91,0.,0.,0.,0.,0.,0.,0.,0.,0.,0.,0.,0.,0.,0.,0.,0.,0.,0.,0.,0.,0.,0.,0.,0.,,,
92,0.,0.,0.,0.,0.,0.,0.,0.,0.,0.,0.,0.,0.,0.,0.,0.,0.,0.,0.,0.,0.,0.,0.,0.,,,
93,0.,0.,0.,0.,0.,0.,0.,0.,0.,0.,0.,0.,0.,0.,0.,0.,0.,0.,0.,0.,0.,0.,0.,0.,,,
94,0.,0.,0.,0.,0.,0.,0.,0.,0.,0.,0.,0.,0.,0.,0.,0.,0.,0.,0.,0.,0.,0.,0.,0.,,,
95,0.,0.,0.,0.,0.,0.,0.,0.,0.,0.,0.,0.,0.,0.,0.,0.,0.,0.,0.,0.,0.,0.001,0.,0.001,,,
96,0.,0.,0.,0.,0.,0.,0.,0.,0.,0.,0.,0.,0.,0.,0.,0.,0.,0.,0.,0.,0.,0.,0.,0.,,,
97,0.,0.,0.,0.,0.,0.,0.,0.,0.,0.,0.,0.,0.,0.,0.,0.,0.,0.,0.,0.,0.,0.001,0.,0.001,,,
98,0.,0.,0.,0.,0.,0.,0.,0.,0.,0.,0.,0.,0.,0.,0.,0.,0.,0.,0.,0.,0.,0.001,0.,0.001,,,
99,0.,0.,0.,0.,0.,0.,0.,0.,0.,0.,0.,0.,0.,0.,0.,0.,0.,0.,0.,0.,0.,0.001,0.,0.001,,,
100,0.,0.,0.,0.,0.,0.,0.,0.,0.,0.,0.,0.,0.,0.,0.,0.,0.,0.,0.,0.,0.,0.001,0.,0.001,,,
101,0.,0.,0.,0.,0.,0.,0.,0.,0.,0.,0.,0.,0.,0.,0.,0.,0.,0.,0.,0.,0.,0.001,0.,0.001,,,
102,0.,0.,0.,0.,0.,0.,0.,0.,0.,0.,0.,0.,0.,0.,0.,0.,0.,0.,0.,0.,0.,0.001,0.,0.001,,,
103,0.,0.,0.,0.,0.,0.,0.,0.,0.,0.,0.,0.,0.,0.,0.,0.,0.,0.,0.,0.,0.,0.001,0.,0.001,,,
104,0.,0.,0.,0.,0.,0.,0.,0.,0.,0.,0.,0.,0.,0.,0.,0.,0.,0.,0.,0.,0.,0.001,0.,0.001,,,
105,0.,0.,0.,0.,0.,0.,0.,0.,0.,0.,0.,0.,0.,0.,0.,0.,0.,0.,0.,0.,0.,0.001,0.,0.001,,,
106,0.,0.,0.,0.,0.,0.,0.,0.,0.,0.,0.,0.,0.001,0.,0.001,0.,0.,0.,0.,0.,0.,0.001,0.,0.001,,,
107,0.,0.,0.,0.,0.,0.,0.,0.,0.,0.,0.,0.,0.,0.,0.,0.,0.,0.,0.,0.,0.,0.001,0.,0.001,,,
108,0.,0.,0.,0.,0.,0.,0.,0.,0.,0.,0.,0.,0.,0.,0.,0.,0.,0.,0.,0.,0.,0.001,0.,0.001,,,
109,0.,0.,0.,0.,0.,0.,0.,0.,0.,0.,0.,0.,0.,0.,0.,0.,0.,0.,0.,0.,0.,0.,0.,0.,,,
110,0.,0.,0.,0.,0.,0.,0.,0.,0.,0.,0.,0.,0.,0.,0.,0.,0.,0.,0.,0.,0.,0.001,0.,0.001,,,
111,0.,0.,0.,0.,0.,0.,0.,0.,0.,0.,0.,0.,0.,0.,0.,0.,0.,0.,0.,0.,0.,0.001,0.,0.001,,,
112,0.,0.,0.,0.,0.,0.,0.,0.,0.,0.,0.,0.,0.,0.,0.,0.,0.,0.,0.,0.,0.,0.001,0.,0.001,,,
113,0.,0.,0.,0.,0.,0.,0.,0.,0.,0.,0.,0.,0.,0.,0.,0.,0.,0.,0.,0.,0.,0.001,0.,0.001,,,
114,0.,0.,0.,0.,0.,0.,0.,0.,0.,0.,0.,0.,0.001,0.,0.001,0.,0.,0.,0.,0.,0.,0.001,0.,0.001,,,
115,0.,0.,0.,0.,0.,0.,0.,0.,0.,0.,0.,0.,0.001,0.,0.001,0.,0.,0.,0.,0.,0.,0.001,0.,0.001,,,
116,0.,0.,0.,0.,0.,0.,0.,0.,0.,0.,0.,0.,0.,0.,0.,0.,0.,0.,0.,0.,0.,0.001,0.,0.001,,,
117,0.,0.,0.,0.,0.,0.,0.,0.,0.,0.,0.,0.,0.,0.,0.,0.,0.,0.,0.,0.,0.,0.001,0.,0.001,,,
118,0.,0.,0.,0.,0.,0.,0.,0.,0.,0.,0.,0.,0.001,0.,0.001,0.,0.,0.,0.,0.,0.,0.001,0.,0.001,,,
119,0.,0.,0.,0.,0.,0.,0.,0.,0.,0.,0.,0.,0.,0.,0.,0.,0.,0.,0.,0.,0.,0.001,0.,0.001,,,
120,0.,0.,0.,0.,0.,0.,0.,0.,0.,0.,0.,0.,0.,0.,0.,0.,0.,0.,0.,0.,0.,0.001,0.,0.001,,,
121,0.,0.,0.,0.,0.,0.,0.,0.,0.,0.,0.,0.,0.,0.,0.,0.,0.,0.,0.,0.,0.,0.001,0.,0.001,,,
122,0.,0.,0.,0.,0.,0.,0.,0.,0.,0.,0.,0.,0.,0.,0.,0.,0.,0.,0.,0.,0.,0.001,0.,0.001,,,
123,0.,0.,0.,0.,0.,0.,0.,0.,0.,0.,0.,0.,0.,0.,0.,0.,0.,0.,0.,0.,0.,0.001,0.,0.001,,,
124,0.,0.,0.,0.,0.,0.,0.,0.,0.,0.,0.,0.,0.001,0.,0.001,0.,0.,0.,0.,0.,0.,0.001,0.,0.001,,,
125,0.,0.,0.,0.,0.,0.,0.,0.,0.,0.,0.,0.,0.,0.,0.,0.,0.,0.,0.,0.,0.,0.001,0.,0.001,,,
126,0.,0.,0.,0.,0.,0.,0.,0.,0.,0.,0.,0.,0.,0.,0.,0.,0.,0.,0.,0.,0.,0.001,0.,0.001,,,
127,0.,0.,0.,0.,0.,0.,0.,0.,0.,0.,0.,0.,0.,0.,0.,0.,0.,0.,0.,0.,0.,0.001,0.,0.001,,,
128,0.,0.,0.,0.,0.,0.,0.,0.,0.,0.,0.,0.,0.001,0.,0.001,0.,0.,0.,0.,0.,0.,0.002,0.,0.002,,,
129,0.,0.,0.,0.,0.,0.,0.,0.,0.,0.,0.,0.,0.,0.,0.,0.,0.,0.,0.,0.,0.,0.001,0.,0.001,,,
130,0.,0.,0.,0.,0.,0.,0.,0.,0.,0.,0.,0.,0.001,0.,0.001,0.,0.,0.,0.,0.,0.,0.001,0.,0.001,,,
131,0.,0.,0.,0.,0.,0.,0.,0.,0.,0.,0.,0.,0.001,0.,0.001,0.,0.,0.,0.,0.,0.,0.001,0.,0.001,,,
132,0.,0.,0.,0.,0.,0.,0.,0.,0.,0.,0.,0.,0.001,0.,0.001,0.,0.,0.,0.,0.,0.,0.001,0.,0.001,,,
133,0.,0.,0.,0.,0.,0.,0.,0.,0.,0.,0.,0.,0.001,0.,0.001,0.,0.,0.,0.,0.,0.,0.001,0.,0.001,,,
134,0.,0.,0.,0.,0.,0.,0.,0.,0.,0.,0.,0.,0.001,0.,0.001,0.,0.,0.,0.,0.,0.,0.001,0.,0.001,,,
135,0.,0.,0.,0.,0.,0.,0.,0.,0.,0.,0.,0.,0.001,0.,0.001,0.,0.,0.,0.,0.,0.,0.001,0.,0.001,,,
136,0.,0.,0.,0.,0.,0.,0.,0.,0.,0.,0.,0.,0.,0.,0.,0.,0.,0.,0.,0.,0.,0.001,0.,0.001,,,
137,0.,0.,0.,0.,0.,0.,0.,0.,0.,0.,0.,0.,0.,0.,0.,0.,0.,0.,0.,0.,0.,0.001,0.,0.001,,,
138,0.,0.,0.,0.,0.,0.,0.,0.,0.,0.,0.,0.,0.,0.,0.,0.,0.,0.,0.,0.,0.,0.001,0.,0.001,,,
139,0.,0.,0.,0.,0.,0.,0.,0.,0.,0.,0.,0.,0.001,0.,0.001,0.,0.,0.,0.,0.,0.,0.001,0.,0.001,,,
140,0.,0.,0.,0.,0.,0.,0.,0.,0.,0.,0.,0.,0.,0.,0.,0.,0.,0.,0.,0.,0.,0.001,0.,0.001,,,
141,0.,0.,0.,0.,0.,0.,0.,0.,0.,0.,0.,0.,0.,0.,0.,0.,0.,0.,0.,0.,0.,0.001,0.,0.001,,,
142,0.,0.,0.,0.,0.,0.,0.,0.,0.,0.,0.,0.,0.,0.,0.,0.,0.,0.,0.,0.,0.,0.001,0.,0.001,,,
143,0.,0.,0.,0.,0.,0.,0.,0.,0.,0.,0.,0.,0.,0.,0.,0.,0.,0.,0.,0.,0.,0.001,0.,0.001,,,
144,0.,0.,0.,0.,0.,0.,0.,0.,0.,0.,0.,0.,0.001,0.,0.001,0.,0.,0.,0.,0.,0.,0.001,0.,0.001,,,
145,0.,0.,0.,0.,0.,0.,0.,0.,0.,0.,0.,0.,0.,0.,0.,0.,0.,0.,0.,0.,0.,0.001,0.001,0.,,,
146,0.,0.,0.,0.,0.,0.,0.,0.,0.,0.,0.,0.,0.001,0.,0.,0.,0.,0.,0.,0.,0.,0.001,0.,0.001,,,
147,0.,0.,0.,0.,0.,0.,0.,0.,0.,0.,0.,0.,0.001,0.,0.001,0.,0.,0.,0.,0.,0.,0.001,0.,0.001,,,
148,0.,0.,0.,0.,0.,0.,0.,0.,0.,0.,0.,0.,0.001,0.,0.001,0.,0.,0.,0.,0.,0.,0.001,0.,0.001,,,
149,0.,0.,0.,0.,0.,0.,0.,0.,0.,0.,0.,0.,0.,0.,0.,0.,0.,0.,0.,0.,0.,0.001,0.,0.001,,,
150,0.,0.,0.,0.,0.,0.,0.,0.,0.,0.,0.,0.,0.001,0.,0.001,0.,0.,0.,0.,0.,0.,0.001,0.,0.001,,,
151,0.,0.,0.,0.,0.,0.,0.,0.,0.,0.,0.,0.,0.,0.,0.,0.,0.,0.,0.,0.,0.,0.001,0.,0.001,,,
152,0.,0.,0.,0.,0.,0.,0.,0.,0.,0.,0.,0.,0.001,0.,0.001,0.,0.,0.,0.,0.,0.,0.001,0.,0.001,,,
153,0.,0.,0.,0.,0.,0.,0.,0.,0.,0.,0.,0.,0.001,0.,0.001,0.,0.,0.,0.,0.,0.,0.001,0.,0.001,,,
154,0.,0.,0.,0.,0.,0.,0.,0.,0.,0.,0.,0.,0.,0.,0.,0.,0.,0.,0.,0.,0.,0.001,0.,0.001,,,
155,0.,0.,0.,0.,0.,0.,0.,0.,0.,0.,0.,0.,0.,0.,0.,0.,0.,0.,0.,0.,0.,0.001,0.,0.001,,,
156,0.,0.,0.,0.,0.,0.,0.,0.,0.,0.,0.,0.,0.,0.,0.,0.,0.,0.,0.,0.,0.,0.001,0.,0.001,,,
157,0.,0.,0.,0.,0.,0.,0.018,0.,0.018,0.,0.,0.,0.019,0.,0.019,0.,0.,0.,0.,0.,0.,0.019,0.,0.019,,,
158,0.,0.,0.,0.,0.,0.,0.,0.,0.,0.,0.,0.,0.001,0.,0.001,0.,0.,0.,0.,0.,0.,0.001,0.,0.001,,,
159,0.,0.,0.,0.,0.,0.,0.,0.,0.,0.,0.,0.,0.,0.,0.,0.,0.,0.,0.,0.,0.,0.001,0.,0.001,,,
160,0.,0.,0.,0.,0.,0.,0.,0.,0.,0.,0.,0.,0.,0.,0.,0.,0.,0.,0.,0.,0.,0.001,0.,0.001,,,
161,0.,0.,0.,0.,0.,0.,0.,0.,0.,0.,0.,0.,0.001,0.,0.001,0.,0.,0.,0.,0.,0.,0.001,0.,0.001,,,
162,0.,0.,0.,0.,0.,0.,0.,0.,0.,0.,0.,0.,0.001,0.,0.001,0.,0.,0.,0.,0.,0.,0.001,0.,0.001,,,
163,0.,0.,0.,0.,0.,0.,0.,0.,0.,0.,0.,0.,0.001,0.,0.001,0.,0.,0.,0.,0.,0.,0.001,0.,0.001,,,
164,0.,0.,0.,0.,0.,0.,0.,0.,0.,0.,0.,0.,0.,0.,0.,0.,0.,0.,0.,0.,0.,0.001,0.,0.001,,,
165,0.,0.,0.,0.,0.,0.,0.,0.,0.,0.,0.,0.,0.001,0.,0.001,0.,0.,0.,0.,0.,0.,0.001,0.,0.001,,,
166,0.,0.,0.,0.,0.,0.,0.,0.,0.,0.,0.,0.,0.001,0.,0.001,0.,0.,0.,0.,0.,0.,0.001,0.,0.001,,,
167,0.,0.,0.,0.,0.,0.,0.,0.,0.,0.,0.,0.,0.001,0.,0.001,0.,0.,0.,0.,0.,0.,0.001,0.,0.001,,,
168,0.,0.,0.,0.,0.,0.,0.,0.,0.,0.,0.,0.,0.001,0.,0.001,0.,0.,0.,0.,0.,0.,0.001,0.,0.001,,,
169,0.,0.,0.,0.,0.,0.,0.,0.,0.,0.,0.,0.,0.001,0.,0.001,0.,0.,0.,0.,0.,0.,0.001,0.,0.001,,,
170,0.,0.,0.,0.,0.,0.,0.,0.,0.,0.,0.,0.,0.001,0.,0.001,0.,0.,0.,0.,0.,0.,0.001,0.,0.001,,,
171,0.,0.,0.,0.,0.,0.,0.,0.,0.,0.,0.,0.,0.001,0.,0.001,0.,0.,0.,0.,0.,0.,0.001,0.,0.001,,,
172,0.,0.,0.,0.,0.,0.,0.,0.,0.,0.,0.,0.,0.001,0.,0.001,0.,0.,0.,0.,0.,0.,0.001,0.,0.001,,,
173,0.,0.,0.,0.,0.,0.,0.,0.,0.,0.,0.,0.,0.001,0.,0.001,0.,0.,0.,0.,0.,0.,0.001,0.,0.001,,,
174,0.,0.,0.,0.,0.,0.,0.,0.,0.,0.,0.,0.,0.001,0.,0.001,0.,0.,0.,0.,0.,0.,0.001,0.,0.001,,,
175,0.,0.,0.,0.,0.,0.,0.,0.,0.,0.,0.,0.,0.001,0.,0.001,0.,0.,0.,0.,0.,0.,0.001,0.,0.001,,,
176,0.,0.,0.,0.,0.,0.,0.,0.,0.,0.,0.,0.,0.001,0.,0.001,0.,0.,0.,0.,0.,0.,0.001,0.,0.001,,,
177,0.,0.,0.,0.099,0.,0.099,0.,0.,0.,0.,0.,0.,0.001,0.,0.001,0.,0.,0.,0.,0.,0.,0.001,0.,0.001,,,
178,0.,0.,0.,0.,0.,0.,0.,0.,0.,0.,0.,0.,0.001,0.,0.001,0.,0.,0.,0.,0.,0.,0.001,0.,0.001,,,
179,0.,0.,0.,0.,0.,0.,0.,0.,0.,0.,0.,0.,0.001,0.,0.001,0.,0.,0.,0.,0.,0.,0.001,0.,0.001,,,
180,0.,0.,0.,0.,0.,0.,0.,0.,0.,0.,0.,0.,0.001,0.,0.001,0.,0.,0.,0.,0.,0.,0.001,0.,0.001,,,
181,0.,0.,0.,0.,0.,0.,0.,0.,0.,0.,0.,0.,0.001,0.,0.001,0.,0.,0.,0.,0.,0.,0.001,0.,0.001,,,
182,0.,0.,0.,0.,0.,0.,0.,0.,0.,0.,0.,0.,0.001,0.,0.001,0.,0.,0.,0.,0.,0.,0.001,0.,0.001,,,
183,0.,0.,0.,0.,0.,0.,0.,0.,0.,0.,0.,0.,0.001,0.,0.001,0.,0.,0.,0.,0.,0.,0.001,0.,0.001,,,
184,0.,0.,0.,0.,0.,0.,0.,0.,0.,0.,0.,0.,0.001,0.,0.001,0.,0.,0.,0.,0.,0.,0.001,0.,0.001,,,
185,0.,0.,0.,0.,0.,0.,0.,0.,0.,0.,0.,0.,0.001,0.,0.001,0.,0.,0.,0.,0.,0.,0.001,0.,0.001,,,
186,0.,0.,0.,0.,0.,0.,0.,0.,0.,0.,0.,0.,0.001,0.,0.001,0.,0.,0.,0.,0.,0.,0.001,0.,0.001,,,
187,0.,0.,0.,0.,0.,0.,0.,0.,0.,0.,0.,0.,0.001,0.,0.001,0.,0.,0.,0.,0.,0.,0.001,0.,0.001,,,
188,0.,0.,0.,0.,0.,0.,0.,0.,0.,0.,0.,0.,0.001,0.,0.001,0.,0.,0.,0.,0.,0.,0.001,0.,0.001,,,
189,0.,0.,0.,0.,0.,0.,0.,0.,0.,0.,0.,0.,0.001,0.,0.001,0.,0.,0.,0.,0.,0.,0.001,0.,0.001,,,
190,0.,0.,0.,0.,0.,0.,0.,0.,0.,0.,0.,0.,0.001,0.,0.001,0.,0.,0.,0.,0.,0.,0.001,0.,0.001,,,
191,0.,0.,0.,0.,0.,0.,0.001,0.,0.001,0.,0.,0.,0.002,0.,0.002,0.,0.,0.,0.,0.,0.,0.002,0.,0.002,,,
192,0.,0.,0.,0.,0.,0.,0.,0.,0.,0.,0.,0.,0.001,0.,0.001,0.,0.,0.,0.,0.,0.,0.001,0.,0.001,,,
193,0.,0.,0.,0.,0.,0.,0.,0.,0.,0.,0.,0.,0.001,0.,0.001,0.,0.,0.,0.,0.,0.,0.001,0.,0.001,,,
194,0.,0.,0.,0.,0.,0.,0.,0.,0.,0.,0.,0.,0.001,0.,0.001,0.,0.,0.,0.,0.,0.,0.001,0.,0.001,,,
195,0.004,0.,0.004,0.,0.,0.,0.,0.,0.,0.,0.,0.,0.005,0.,0.005,0.,0.,0.,0.,0.,0.,0.005,0.,0.005,,,
196,0.,0.,0.,0.,0.,0.,0.,0.,0.,0.,0.,0.,0.001,0.,0.001,0.,0.,0.,0.,0.,0.,0.001,0.,0.001,,,
197,0.,0.,0.,0.,0.,0.,0.,0.,0.,0.,0.,0.,0.001,0.,0.001,0.,0.,0.,0.,0.,0.,0.001,0.,0.001,,,
198,0.,0.,0.,0.,0.,0.,0.,0.,0.,0.,0.,0.,0.001,0.,0.001,0.,0.,0.,0.,0.,0.,0.002,0.,0.002,,,
199,0.,0.,0.,0.,0.,0.,0.,0.,0.,0.,0.,0.,0.001,0.,0.001,0.,0.,0.,0.,0.,0.,0.001,0.,0.001,,,
200,0.,0.,0.,0.,0.,0.,0.,0.,0.,0.,0.,0.,0.001,0.,0.001,0.,0.,0.,0.,0.,0.,0.001,0.,0.001,,,
201,0.,0.,0.,0.,0.,0.,0.,0.,0.,0.,0.,0.,0.001,0.,0.001,0.,0.,0.,0.,0.,0.,0.001,0.,0.001,,,
202,0.,0.,0.,0.,0.,0.,0.,0.,0.,0.,0.,0.,0.001,0.,0.001,0.,0.,0.,0.,0.,0.,0.001,0.,0.001,,,
203,0.,0.,0.,0.,0.,0.,0.,0.,0.,0.,0.,0.,0.001,0.,0.001,0.,0.,0.,0.,0.,0.,0.001,0.,0.001,,,
204,0.,0.,0.,0.,0.,0.,0.,0.,0.,0.,0.,0.,0.001,0.,0.001,0.,0.,0.,0.,0.,0.,0.001,0.,0.001,,,
205,0.,0.,0.,0.,0.,0.,0.,0.,0.,0.,0.,0.,0.001,0.,0.001,0.,0.,0.,0.,0.,0.,0.001,0.,0.001,,,
206,0.,0.,0.,0.,0.,0.,0.,0.,0.,0.,0.,0.,0.001,0.,0.001,0.,0.,0.,0.,0.,0.,0.001,0.,0.001,,,
207,0.,0.,0.,0.,0.,0.,0.,0.,0.,0.,0.,0.,0.001,0.,0.001,0.,0.,0.,0.,0.,0.,0.001,0.,0.001,,,
208,0.,0.,0.,0.,0.,0.,0.,0.,0.,0.,0.,0.,0.001,0.,0.001,0.,0.,0.,0.,0.,0.,0.001,0.,0.001,,,
209,0.,0.,0.,0.,0.,0.,0.,0.,0.,0.,0.,0.,0.001,0.,0.001,0.,0.,0.,0.,0.,0.,0.001,0.,0.001,,,
210,0.,0.,0.,0.,0.,0.,0.,0.,0.,0.,0.,0.,0.001,0.,0.001,0.,0.,0.,0.,0.,0.,0.001,0.,0.001,,,
211,0.,0.,0.,0.,0.,0.,0.,0.,0.,0.,0.,0.,0.001,0.,0.001,0.,0.,0.,0.,0.,0.,0.001,0.,0.001,,,
212,0.001,0.,0.001,0.021,0.,0.021,0.,0.,0.,0.,0.,0.,0.002,0.,0.002,0.,0.,0.,0.,0.,0.,0.003,0.,0.003,,,
213,0.,0.,0.,0.,0.,0.,0.,0.,0.,0.,0.,0.,0.001,0.,0.001,0.,0.,0.,0.,0.,0.,0.002,0.,0.002,,,
214,0.,0.,0.,0.,0.,0.,0.,0.,0.,0.,0.,0.,0.001,0.,0.001,0.,0.,0.,0.,0.,0.,0.002,0.,0.002,,,
215,0.,0.,0.,0.,0.,0.,0.,0.,0.,0.,0.,0.,0.001,0.,0.001,0.,0.,0.,0.,0.,0.,0.001,0.,0.001,,,
216,0.,0.,0.,0.,0.,0.,0.,0.,0.,0.,0.,0.,0.001,0.,0.001,0.,0.,0.,0.,0.,0.,0.001,0.,0.001,,,
217,0.,0.,0.,0.,0.,0.,0.001,0.,0.001,0.,0.,0.,0.001,0.,0.001,0.,0.,0.,0.,0.,0.,0.002,0.,0.002,,,
218,0.001,0.,0.001,0.,0.,0.,0.001,0.,0.001,0.,0.,0.,0.002,0.,0.002,0.,0.,0.,0.,0.,0.,0.002,0.,0.002,,,
219,0.,0.,0.,0.,0.,0.,0.,0.,0.,0.,0.,0.,0.001,0.,0.001,0.,0.,0.,0.,0.,0.,0.002,0.,0.002,,,
220,0.,0.,0.,0.,0.,0.,0.,0.,0.,0.,0.,0.,0.001,0.,0.001,0.,0.,0.,0.,0.,0.,0.001,0.,0.001,,,
221,0.,0.,0.,0.,0.,0.,0.,0.,0.,0.,0.,0.,0.001,0.,0.001,0.,0.,0.,0.,0.,0.,0.002,0.,0.002,,,
222,0.,0.,0.,0.,0.,0.,0.,0.,0.,0.,0.,0.,0.001,0.,0.001,0.,0.,0.,0.,0.,0.,0.002,0.,0.002,,,
223,0.,0.,0.,0.,0.,0.,0.,0.,0.,0.,0.,0.,0.001,0.,0.001,0.,0.,0.,0.,0.,0.,0.001,0.,0.001,,,
224,0.,0.,0.,0.,0.,0.,0.,0.,0.,0.,0.,0.,0.001,0.,0.001,0.,0.,0.,0.,0.,0.,0.001,0.,0.001,,,
225,0.,0.,0.,0.,0.,0.,0.,0.,0.,0.,0.,0.,0.001,0.,0.001,0.,0.,0.,0.,0.,0.,0.001,0.,0.001,,,
226,0.,0.,0.,0.,0.,0.,0.,0.,0.,0.,0.,0.,0.001,0.,0.001,0.,0.,0.,0.,0.,0.,0.001,0.,0.001,,,
227,0.,0.,0.,0.,0.,0.,0.,0.,0.,0.,0.,0.,0.001,0.,0.001,0.,0.,0.,0.,0.,0.,0.001,0.,0.001,,,
228,0.,0.,0.,0.,0.,0.,0.,0.,0.,0.,0.,0.,0.001,0.,0.001,0.,0.,0.,0.,0.,0.,0.002,0.,0.002,,,
229,0.,0.,0.,0.,0.,0.,0.,0.,0.,0.,0.,0.,0.001,0.,0.001,0.,0.,0.,0.,0.,0.,0.001,0.,0.001,,,
230,0.,0.,0.,0.,0.,0.,0.,0.,0.,0.,0.,0.,0.001,0.,0.001,0.,0.,0.,0.,0.,0.,0.001,0.,0.001,,,
231,0.,0.,0.,0.,0.,0.,0.,0.,0.,0.,0.,0.,0.001,0.,0.001,0.,0.,0.,0.,0.,0.,0.001,0.,0.001,,,
232,0.,0.,0.,0.,0.,0.,0.,0.,0.,0.,0.,0.,0.001,0.,0.001,0.,0.,0.,0.,0.,0.,0.002,0.,0.002,,,
233,0.,0.,0.,0.,0.,0.,0.,0.,0.,0.,0.,0.,0.001,0.,0.001,0.,0.,0.,0.,0.,0.,0.001,0.,0.001,,,
234,0.,0.,0.,0.,0.,0.,0.,0.,0.,0.,0.,0.,0.001,0.,0.001,0.,0.,0.,0.,0.,0.,0.001,0.,0.001,,,
235,0.,0.,0.,0.,0.,0.,0.,0.,0.,0.,0.,0.,0.001,0.,0.001,0.,0.,0.,0.,0.,0.,0.001,0.,0.001,,,
236,0.,0.,0.,0.,0.,0.,0.,0.,0.,0.,0.,0.,0.001,0.,0.001,0.,0.,0.,0.,0.,0.,0.001,0.,0.001,,,
237,0.,0.,0.,0.,0.,0.,0.,0.,0.,0.,0.,0.,0.001,0.,0.001,0.,0.,0.,0.,0.,0.,0.001,0.,0.001,,,
238,0.,0.,0.,0.,0.,0.,0.,0.,0.,0.,0.,0.,0.001,0.,0.001,0.,0.,0.,0.,0.,0.,0.001,0.,0.001,,,
239,0.,0.,0.,0.,0.,0.,0.,0.,0.,0.,0.,0.,0.001,0.,0.001,0.,0.,0.,0.,0.,0.,0.001,0.,0.001,,,
240,0.,0.,0.,0.,0.,0.,0.,0.,0.,0.,0.,0.,0.001,0.,0.001,0.,0.,0.,0.,0.,0.,0.001,0.,0.001,,,
241,0.,0.,0.,0.,0.,0.,0.,0.,0.,0.,0.,0.,0.001,0.,0.001,0.,0.,0.,0.,0.,0.,0.001,0.,0.001,,,
242,0.,0.,0.,0.,0.,0.,0.,0.,0.,0.,0.,0.,0.001,0.,0.001,0.,0.,0.,0.,0.,0.,0.002,0.,0.002,,,
243,0.,0.,0.,0.,0.,0.,0.,0.,0.,0.,0.,0.,0.001,0.,0.001,0.,0.,0.,0.,0.,0.,0.002,0.,0.002,,,
244,0.,0.,0.,0.,0.,0.,0.,0.,0.,0.,0.,0.,0.001,0.,0.001,0.,0.,0.,0.,0.,0.,0.001,0.,0.001,,,
245,0.,0.,0.,0.,0.,0.,0.,0.,0.,0.,0.,0.,0.001,0.,0.001,0.,0.,0.,0.,0.,0.,0.001,0.,0.001,,,
246,0.,0.,0.,0.,0.,0.,0.001,0.,0.001,0.,0.,0.,0.001,0.,0.001,0.,0.,0.,0.,0.,0.,0.002,0.,0.002,,,
247,0.,0.,0.,0.,0.,0.,0.,0.,0.,0.,0.,0.,0.001,0.,0.001,0.,0.,0.,0.,0.,0.,0.002,0.,0.002,,,
248,0.,0.,0.,0.,0.,0.,0.,0.,0.,0.,0.,0.,0.001,0.,0.001,0.,0.,0.,0.,0.,0.,0.001,0.,0.001,,,
249,0.,0.,0.,0.,0.,0.,0.001,0.,0.001,0.,0.,0.,0.002,0.,0.002,0.,0.,0.,0.,0.,0.,0.002,0.,0.002,,,
250,0.,0.,0.,0.,0.,0.,0.,0.,0.,0.,0.,0.,0.001,0.,0.001,0.,0.,0.,0.,0.,0.,0.001,0.,0.001,,,
251,0.,0.,0.,0.,0.,0.,0.,0.,0.,0.,0.,0.,0.001,0.,0.001,0.,0.,0.,0.,0.,0.,0.001,0.,0.001,,,
252,0.,0.,0.,0.,0.,0.,0.,0.,0.,0.,0.,0.,0.001,0.,0.001,0.,0.,0.,0.,0.,0.,0.002,0.,0.002,,,
253,0.,0.,0.,0.,0.,0.,0.,0.,0.,0.,0.,0.,0.001,0.,0.001,0.,0.,0.,0.,0.,0.,0.001,0.,0.001,,,
254,0.,0.,0.,0.,0.,0.,0.,0.,0.,0.,0.,0.,0.001,0.,0.001,0.,0.,0.,0.,0.,0.,0.001,0.,0.001,,,
255,0.,0.,0.,0.,0.,0.,0.,0.,0.,0.,0.,0.,0.001,0.,0.001,0.,0.,0.,0.,0.,0.,0.001,0.,0.001,,,
256,0.,0.,0.,0.,0.,0.,0.,0.,0.,0.,0.,0.,0.001,0.,0.001,0.,0.,0.,0.,0.,0.,0.001,0.,0.001,,,
257,0.,0.,0.,0.003,0.,0.003,0.,0.,0.,0.,0.,0.,0.001,0.,0.001,0.,0.,0.,0.,0.,0.,0.001,0.,0.001,,,
258,0.,0.,0.,0.,0.,0.,0.,0.,0.,0.,0.,0.,0.001,0.,0.001,0.,0.,0.,0.,0.,0.,0.002,0.,0.002,,,
259,0.,0.,0.,0.,0.,0.,0.,0.,0.,0.,0.,0.,0.001,0.,0.001,0.,0.,0.,0.,0.,0.,0.001,0.,0.001,,,
260,0.,0.,0.,0.,0.,0.,0.,0.,0.,0.,0.,0.,0.001,0.,0.001,0.,0.,0.,0.,0.,0.,0.001,0.,0.001,,,
261,0.,0.,0.,0.,0.,0.,0.,0.,0.,0.,0.,0.,0.001,0.,0.001,0.,0.,0.,0.,0.,0.,0.001,0.,0.001,,,
262,0.,0.,0.,0.,0.,0.,0.,0.,0.,0.,0.,0.,0.001,0.,0.001,0.,0.,0.,0.,0.,0.,0.001,0.,0.001,,,
263,0.,0.,0.,0.,0.,0.,0.,0.,0.,0.,0.,0.,0.001,0.,0.001,0.,0.,0.,0.,0.,0.,0.001,0.,0.001,,,
264,0.,0.,0.,0.,0.,0.,0.,0.,0.,0.,0.,0.,0.001,0.,0.001,0.,0.,0.,0.,0.,0.,0.001,0.,0.001,,,
265,0.,0.,0.,0.,0.,0.,0.,0.,0.,0.,0.,0.,0.001,0.,0.001,0.,0.,0.,0.,0.,0.,0.001,0.,0.001,,,
266,0.,0.,0.,0.,0.,0.,0.,0.,0.,0.,0.,0.,0.001,0.,0.001,0.,0.,0.,0.,0.,0.,0.001,0.,0.001,,,
267,0.,0.,0.,0.,0.,0.,0.001,0.,0.001,0.,0.,0.,0.001,0.,0.001,0.,0.,0.,0.,0.,0.,0.002,0.,0.002,,,
268,0.,0.,0.,0.,0.,0.,0.,0.,0.,0.,0.,0.,0.001,0.,0.001,0.,0.,0.,0.,0.,0.,0.001,0.,0.001,,,
269,0.,0.,0.,0.,0.,0.,0.,0.,0.,0.,0.,0.,0.001,0.,0.001,0.,0.,0.,0.,0.,0.,0.002,0.,0.002,,,
270,0.,0.,0.,0.,0.,0.,0.,0.,0.,0.,0.,0.,0.001,0.,0.001,0.,0.,0.,0.,0.,0.,0.002,0.,0.002,,,
271,0.,0.,0.,0.,0.,0.,0.,0.,0.,0.,0.,0.,0.001,0.,0.001,0.,0.,0.,0.,0.,0.,0.001,0.,0.001,,,
272,0.,0.,0.,0.,0.,0.,0.,0.,0.,0.,0.,0.,0.001,0.,0.001,0.,0.,0.,0.,0.,0.,0.001,0.,0.001,,,
273,0.,0.,0.,0.,0.,0.,0.,0.,0.,0.,0.,0.,0.001,0.,0.001,0.,0.,0.,0.,0.,0.,0.002,0.,0.002,,,
274,0.,0.,0.,0.001,0.,0.001,0.,0.,0.,0.,0.,0.,0.001,0.,0.001,0.,0.,0.,0.,0.,0.,0.002,0.,0.002,,,
275,0.,0.,0.,0.,0.,0.,0.001,0.,0.001,0.,0.,0.,0.001,0.,0.001,0.,0.,0.,0.,0.,0.,0.002,0.,0.002,,,
276,0.,0.,0.,0.,0.,0.,0.,0.,0.,0.,0.,0.,0.001,0.,0.001,0.,0.,0.,0.,0.,0.,0.002,0.,0.002,,,
277,0.,0.,0.,0.,0.,0.,0.,0.,0.,0.,0.,0.,0.001,0.,0.001,0.,0.,0.,0.,0.,0.,0.002,0.,0.002,,,
278,0.,0.,0.,0.,0.,0.,0.,0.,0.,0.,0.,0.,0.001,0.,0.001,0.,0.,0.,0.,0.,0.,0.001,0.,0.001,,,
279,0.,0.,0.,0.,0.,0.,0.,0.,0.,0.,0.,0.,0.001,0.,0.001,0.,0.,0.,0.,0.,0.,0.001,0.,0.001,,,
280,0.,0.,0.,0.,0.,0.,0.,0.,0.,0.,0.,0.,0.001,0.,0.001,0.,0.,0.,0.,0.,0.,0.001,0.,0.001,,,
281,0.,0.,0.,0.,0.,0.,0.,0.,0.,0.,0.,0.,0.001,0.,0.001,0.,0.,0.,0.,0.,0.,0.001,0.,0.001,,,
282,0.,0.,0.,0.,0.,0.,0.,0.,0.,0.,0.,0.,0.001,0.,0.001,0.,0.,0.,0.,0.,0.,0.001,0.,0.001,,,
283,0.,0.,0.,0.,0.,0.,0.,0.,0.,0.,0.,0.,0.001,0.,0.001,0.,0.,0.,0.,0.,0.,0.001,0.,0.001,,,
284,0.,0.,0.,0.,0.,0.,0.,0.,0.,0.,0.,0.,0.001,0.,0.001,0.,0.,0.,0.,0.,0.,0.001,0.,0.001,,,
285,0.,0.,0.,0.,0.,0.,0.,0.,0.,0.,0.,0.,0.001,0.,0.001,0.,0.,0.,0.,0.,0.,0.001,0.,0.001,,,
286,0.,0.,0.,0.,0.,0.,0.,0.,0.,0.,0.,0.,0.001,0.,0.001,0.,0.,0.,0.,0.,0.,0.001,0.,0.001,,,
287,0.,0.,0.,0.,0.,0.,0.001,0.,0.001,0.,0.,0.,0.001,0.,0.001,0.,0.,0.,0.,0.,0.,0.002,0.,0.002,,,
288,0.,0.,0.,0.,0.,0.,0.,0.,0.,0.,0.,0.,0.001,0.,0.001,0.,0.,0.,0.,0.,0.,0.002,0.,0.002,,,
289,0.,0.,0.,0.,0.,0.,0.001,0.,0.001,0.,0.,0.,0.002,0.,0.002,0.,0.,0.,0.,0.,0.,0.002,0.,0.002,,,
290,0.,0.,0.,0.,0.,0.,0.,0.,0.,0.,0.,0.,0.001,0.,0.001,0.,0.,0.,0.,0.,0.,0.002,0.,0.002,,,
291,0.,0.,0.,0.,0.,0.,0.,0.,0.,0.,0.,0.,0.001,0.,0.001,0.,0.,0.,0.,0.,0.,0.002,0.,0.002,,,
292,0.,0.,0.,0.,0.,0.,0.,0.,0.,0.,0.,0.,0.001,0.,0.001,0.,0.,0.,0.,0.,0.,0.001,0.,0.001,,,
293,0.,0.,0.,0.,0.,0.,0.,0.,0.,0.,0.,0.,0.001,0.,0.001,0.,0.,0.,0.,0.,0.,0.002,0.,0.002,,,
294,0.,0.,0.,0.,0.,0.,0.,0.,0.,0.,0.,0.,0.001,0.,0.001,0.,0.,0.,0.,0.,0.,0.002,0.,0.002,,,
295,0.,0.,0.,0.,0.,0.,0.,0.,0.,0.,0.,0.,0.001,0.,0.001,0.,0.,0.,0.,0.,0.,0.002,0.,0.002,,,
296,0.018,0.,0.018,0.,0.,0.,0.001,0.,0.001,0.,0.,0.,0.019,0.,0.019,0.,0.,0.,0.,0.,0.,0.02,0.,0.02,,,
297,0.,0.,0.,0.,0.,0.,0.,0.,0.,0.,0.,0.,0.001,0.,0.001,0.,0.,0.,0.,0.,0.,0.001,0.,0.001,,,
298,0.,0.,0.,0.,0.,0.,0.001,0.,0.001,0.,0.,0.,0.002,0.,0.002,0.,0.,0.,0.,0.,0.,0.002,0.,0.002,,,
299,0.,0.,0.,0.,0.,0.,0.,0.,0.,0.,0.,0.,0.001,0.,0.001,0.,0.,0.,0.,0.,0.,0.001,0.,0.001,,,
300,0.,0.,0.,0.,0.,0.,0.,0.,0.,0.,0.,0.,0.001,0.,0.001,0.,0.,0.,0.,0.,0.,0.002,0.,0.002,,,
301,0.,0.,0.,0.,0.,0.,0.,0.,0.,0.,0.,0.,0.001,0.,0.001,0.,0.,0.,0.,0.,0.,0.001,0.,0.001,,,
302,0.,0.,0.,0.,0.,0.,0.,0.,0.,0.,0.,0.,0.001,0.,0.001,0.,0.,0.,0.,0.,0.,0.002,0.,0.002,,,
303,0.,0.,0.,0.,0.,0.,0.001,0.,0.001,0.,0.,0.,0.001,0.,0.001,0.,0.,0.,0.,0.,0.,0.002,0.,0.002,,,
304,0.,0.,0.,0.,0.,0.,0.,0.,0.,0.,0.,0.,0.001,0.,0.001,0.,0.,0.,0.,0.,0.,0.001,0.,0.001,,,
305,0.,0.,0.,0.,0.,0.,0.,0.,0.,0.,0.,0.,0.001,0.,0.001,0.,0.,0.,0.,0.,0.,0.001,0.,0.001,,,
306,0.,0.,0.,0.,0.,0.,0.,0.,0.,0.,0.,0.,0.001,0.,0.001,0.,0.,0.,0.,0.,0.,0.002,0.,0.002,,,
307,0.,0.,0.,0.,0.,0.,0.001,0.,0.001,0.,0.,0.,0.001,0.,0.001,0.,0.,0.,0.,0.,0.,0.002,0.,0.002,,,
308,0.,0.,0.,0.,0.,0.,0.091,0.,0.091,0.,0.,0.,0.092,0.,0.092,0.,0.,0.,0.,0.,0.,0.092,0.,0.092,,,
309,0.,0.,0.,0.,0.,0.,0.,0.,0.,0.,0.,0.,0.001,0.,0.001,0.,0.,0.,0.,0.,0.,0.002,0.,0.002,,,
310,0.,0.,0.,0.,0.,0.,0.,0.,0.,0.,0.,0.,0.001,0.,0.001,0.,0.,0.,0.,0.,0.,0.001,0.,0.001,,,
311,0.,0.,0.,0.,0.,0.,0.,0.,0.,0.,0.,0.,0.001,0.,0.001,0.,0.,0.,0.,0.,0.,0.002,0.,0.002,,,
312,0.,0.,0.,0.,0.,0.,0.,0.,0.,0.,0.,0.,0.001,0.,0.001,0.,0.,0.,0.,0.,0.,0.001,0.,0.001,,,
313,0.,0.,0.,0.,0.,0.,0.,0.,0.,0.,0.,0.,0.001,0.,0.001,0.,0.,0.,0.,0.,0.,0.001,0.,0.001,,,
314,0.,0.,0.,0.,0.,0.,0.001,0.,0.001,0.,0.,0.,0.001,0.,0.001,0.,0.,0.,0.,0.,0.,0.002,0.,0.002,,,
315,0.,0.,0.,0.,0.,0.,0.001,0.,0.001,0.,0.,0.,0.002,0.,0.002,0.,0.,0.,0.,0.,0.,0.002,0.,0.002,,,
316,0.,0.,0.,0.,0.,0.,0.001,0.,0.001,0.,0.,0.,0.001,0.,0.001,0.,0.,0.,0.,0.,0.,0.002,0.,0.002,,,
317,0.,0.,0.,0.,0.,0.,0.,0.,0.,0.,0.,0.,0.001,0.,0.001,0.,0.,0.,0.,0.,0.,0.002,0.,0.002,,,
318,0.,0.,0.,0.,0.,0.,0.,0.,0.,0.,0.,0.,0.001,0.,0.002,0.,0.,0.,0.,0.,0.,0.002,0.,0.002,,,
319,0.,0.,0.,0.,0.,0.,0.,0.,0.,0.,0.,0.,0.001,0.,0.001,0.,0.,0.,0.,0.,0.,0.002,0.,0.002,,,
320,0.,0.,0.,0.003,0.,0.003,0.001,0.,0.001,0.,0.,0.,0.002,0.,0.002,0.,0.,0.,0.,0.,0.,0.002,0.,0.002,,,
321,0.,0.,0.,0.,0.,0.,0.,0.,0.,0.,0.,0.,0.001,0.,0.001,0.,0.,0.,0.,0.,0.,0.002,0.,0.002,,,
322,0.,0.,0.,0.,0.,0.,0.001,0.,0.001,0.,0.,0.,0.001,0.,0.001,0.,0.,0.,0.,0.,0.,0.002,0.,0.002,,,
323,0.,0.,0.,0.,0.,0.,0.001,0.,0.001,0.,0.,0.,0.001,0.,0.001,0.,0.,0.,0.,0.,0.,0.002,0.,0.002,,,
324,0.,0.,0.,0.,0.,0.,0.,0.,0.,0.,0.,0.,0.001,0.,0.001,0.,0.,0.,0.,0.,0.,0.002,0.,0.002,,,
325,0.,0.,0.,0.,0.,0.,0.,0.,0.,0.,0.,0.,0.001,0.,0.001,0.,0.,0.,0.,0.,0.,0.002,0.,0.002,,,
326,0.,0.,0.,0.,0.,0.,0.,0.,0.,0.,0.,0.,0.001,0.,0.001,0.,0.,0.,0.,0.,0.,0.002,0.,0.002,,,
327,0.,0.,0.,0.,0.,0.,0.001,0.,0.001,0.,0.,0.,0.001,0.,0.001,0.,0.,0.,0.,0.,0.,0.002,0.,0.002,,,
328,0.,0.,0.,0.,0.,0.,0.,0.,0.,0.,0.,0.,0.001,0.,0.001,0.,0.,0.,0.,0.,0.,0.002,0.,0.002,,,
329,0.,0.,0.,0.,0.,0.,0.001,0.,0.001,0.,0.,0.,0.001,0.,0.001,0.,0.,0.,0.,0.,0.,0.002,0.,0.002,,,
330,0.,0.,0.,0.,0.,0.,0.,0.,0.,0.,0.,0.,0.001,0.,0.001,0.,0.,0.,0.,0.,0.,0.002,0.,0.002,,,
331,0.,0.,0.,0.,0.,0.,0.024,0.,0.024,0.,0.,0.,0.025,0.,0.025,0.,0.,0.,0.,0.,0.,0.026,0.,0.026,,,
332,0.,0.,0.,0.,0.,0.,0.001,0.,0.001,0.,0.,0.,0.002,0.,0.002,0.,0.,0.,0.,0.,0.,0.002,0.,0.002,,,
333,0.,0.,0.,0.001,0.,0.001,0.,0.,0.,0.,0.,0.,0.002,0.,0.002,0.,0.,0.,0.,0.,0.,0.002,0.,0.002,,,
334,0.,0.,0.,0.,0.,0.,0.001,0.,0.001,0.,0.,0.,0.001,0.,0.001,0.,0.,0.,0.,0.,0.,0.002,0.,0.002,,,
335,0.,0.,0.,0.,0.,0.,0.,0.,0.,0.,0.,0.,0.001,0.,0.001,0.,0.,0.,0.,0.,0.,0.002,0.,0.002,,,
336,0.,0.,0.,0.,0.,0.,0.001,0.,0.001,0.,0.,0.,0.001,0.,0.001,0.,0.,0.,0.,0.,0.,0.002,0.,0.002,,,
337,0.,0.,0.,0.,0.,0.,0.,0.,0.,0.,0.,0.,0.001,0.,0.001,0.,0.,0.,0.,0.,0.,0.002,0.,0.002,,,
338,0.,0.,0.,0.,0.,0.,0.001,0.,0.001,0.,0.,0.,0.001,0.,0.001,0.,0.,0.,0.,0.,0.,0.002,0.,0.002,,,
339,0.,0.,0.,0.,0.,0.,0.001,0.,0.001,0.,0.,0.,0.001,0.,0.001,0.,0.,0.,0.,0.,0.,0.002,0.,0.002,,,
340,0.,0.,0.,0.,0.,0.,0.,0.,0.,0.,0.,0.,0.001,0.,0.001,0.,0.,0.,0.,0.,0.,0.002,0.,0.002,,,
341,0.,0.,0.,0.001,0.,0.001,0.,0.,0.,0.,0.,0.,0.001,0.,0.001,0.,0.,0.,0.,0.,0.,0.002,0.,0.002,,,
342,0.,0.,0.,0.,0.,0.,0.004,0.,0.004,0.,0.,0.,0.005,0.,0.005,0.,0.,0.,0.,0.,0.,0.006,0.,0.006,,,
343,0.,0.,0.,0.,0.,0.,0.001,0.,0.001,0.,0.,0.,0.002,0.,0.002,0.,0.,0.,0.,0.,0.,0.002,0.,0.002,,,
344,0.,0.,0.,0.,0.,0.,0.001,0.,0.001,0.,0.,0.,0.002,0.,0.002,0.,0.,0.,0.,0.,0.,0.002,0.,0.002,,,
345,0.,0.,0.,0.,0.,0.,0.001,0.,0.001,0.,0.,0.,0.002,0.,0.002,0.,0.,0.,0.,0.,0.,0.002,0.,0.002,,,
346,0.,0.,0.,0.,0.,0.,0.,0.,0.,0.,0.,0.,0.001,0.,0.001,0.,0.,0.,0.,0.,0.,0.002,0.,0.002,,,
347,0.,0.,0.,0.,0.,0.,0.,0.,0.,0.,0.,0.,0.001,0.,0.001,0.,0.,0.,0.,0.,0.,0.002,0.,0.002,,,
348,0.,0.,0.,0.001,0.,0.001,0.001,0.,0.001,0.,0.,0.,0.001,0.,0.001,0.,0.,0.,0.,0.,0.,0.002,0.,0.002,,,
349,0.,0.,0.,0.,0.,0.,0.,0.,0.,0.,0.,0.,0.001,0.,0.001,0.,0.,0.,0.,0.,0.,0.002,0.,0.002,,,
350,0.,0.,0.,0.,0.,0.,0.,0.,0.,0.,0.,0.,0.001,0.,0.001,0.,0.,0.,0.,0.,0.,0.002,0.,0.002,,,
351,0.,0.,0.,0.,0.,0.,0.,0.,0.,0.,0.,0.,0.001,0.,0.001,0.,0.,0.,0.,0.,0.,0.002,0.,0.002,,,
352,0.,0.,0.,0.,0.,0.,0.,0.,0.,0.,0.,0.,0.001,0.,0.001,0.,0.,0.,0.,0.,0.,0.002,0.,0.002,,,
353,0.,0.,0.,0.,0.,0.,0.001,0.,0.001,0.,0.,0.,0.001,0.,0.001,0.,0.,0.,0.,0.,0.,0.002,0.,0.002,,,
354,0.,0.,0.,0.,0.,0.,0.001,0.,0.001,0.,0.,0.,0.001,0.,0.001,0.,0.,0.,0.,0.,0.,0.002,0.,0.002,,,
355,0.,0.,0.,0.,0.,0.,0.,0.,0.,0.,0.,0.,0.001,0.,0.001,0.,0.,0.,0.,0.,0.,0.002,0.,0.002,,,
356,0.,0.,0.,0.001,0.,0.001,0.,0.,0.,0.,0.,0.,0.001,0.,0.001,0.,0.,0.,0.,0.,0.,0.002,0.,0.002,,,
357,0.,0.,0.,0.,0.,0.,0.001,0.,0.001,0.,0.,0.,0.002,0.,0.002,0.,0.,0.,0.,0.,0.,0.002,0.,0.002,,,
358,0.,0.,0.,0.,0.,0.,0.,0.,0.,0.,0.,0.,0.001,0.,0.001,0.,0.,0.,0.,0.,0.,0.002,0.,0.002,,,
359,0.,0.,0.,0.,0.,0.,0.,0.,0.,0.,0.,0.,0.001,0.,0.001,0.,0.,0.,0.,0.,0.,0.002,0.,0.002,,,
360,0.,0.,0.,0.,0.,0.,0.001,0.,0.001,0.,0.,0.,0.001,0.,0.001,0.,0.,0.,0.,0.,0.,0.002,0.,0.002,,,
361,0.,0.,0.,0.,0.,0.,0.001,0.,0.001,0.,0.,0.,0.001,0.,0.001,0.,0.,0.,0.,0.,0.,0.002,0.,0.002,,,
362,0.,0.,0.,0.,0.,0.,0.001,0.,0.001,0.,0.,0.,0.001,0.,0.001,0.,0.,0.,0.,0.,0.,0.002,0.,0.002,,,
363,0.,0.,0.,0.,0.,0.,0.001,0.,0.001,0.004,0.,0.004,0.001,0.,0.001,0.,0.,0.,0.,0.,0.,0.006,0.,0.006,,,
364,0.,0.,0.,0.,0.,0.,0.001,0.,0.001,0.,0.,0.,0.002,0.,0.002,0.,0.,0.,0.,0.,0.,0.002,0.,0.002,,,
365,0.,0.,0.,0.,0.,0.,0.,0.,0.,0.,0.,0.,0.001,0.,0.001,0.,0.,0.,0.,0.,0.,0.002,0.,0.002,,,
366,0.,0.,0.,0.,0.,0.,0.,0.,0.,0.,0.,0.,0.001,0.,0.001,0.,0.,0.,0.,0.,0.,0.002,0.,0.002,,,
367,0.,0.,0.,0.,0.,0.,0.001,0.,0.001,0.,0.,0.,0.002,0.,0.002,0.,0.,0.,0.,0.,0.,0.002,0.,0.002,,,
368,0.,0.,0.,0.,0.,0.,0.001,0.,0.001,0.,0.,0.,0.002,0.,0.002,0.,0.,0.,0.,0.,0.,0.002,0.,0.002,,,
369,0.,0.,0.,0.,0.,0.,0.001,0.,0.001,0.,0.,0.,0.001,0.,0.001,0.,0.,0.,0.,0.,0.,0.002,0.,0.002,,,
370,0.,0.,0.,0.,0.,0.,0.001,0.,0.001,0.,0.,0.,0.002,0.,0.002,0.,0.,0.,0.,0.,0.,0.002,0.,0.002,,,
371,0.,0.,0.,0.001,0.,0.001,0.001,0.,0.001,0.,0.,0.,0.002,0.,0.002,0.,0.,0.,0.,0.,0.,0.002,0.,0.002,,,
372,0.,0.,0.,0.,0.,0.,0.001,0.,0.001,0.,0.,0.,0.002,0.,0.002,0.,0.,0.,0.,0.,0.,0.002,0.,0.002,,,
373,0.,0.,0.,0.,0.,0.,0.,0.,0.,0.,0.,0.,0.001,0.,0.001,0.,0.,0.,0.,0.,0.,0.002,0.,0.002,,,
374,0.,0.,0.,0.,0.,0.,0.001,0.,0.001,0.,0.,0.,0.002,0.,0.002,0.,0.,0.,0.,0.,0.,0.002,0.,0.002,,,
375,0.,0.,0.,0.,0.,0.,0.001,0.,0.001,0.,0.,0.,0.002,0.,0.002,0.,0.,0.,0.,0.,0.,0.002,0.,0.002,,,
376,0.,0.,0.,0.,0.,0.,0.001,0.,0.001,0.,0.,0.,0.002,0.,0.002,0.,0.,0.,0.,0.,0.,0.002,0.,0.002,,,
377,0.,0.,0.,0.,0.,0.,0.001,0.,0.001,0.,0.,0.,0.002,0.,0.002,0.,0.,0.,0.,0.,0.,0.002,0.,0.002,,,
378,0.,0.,0.,0.,0.,0.,0.001,0.,0.001,0.,0.,0.,0.002,0.,0.002,0.,0.,0.,0.,0.,0.,0.002,0.,0.002,,,
379,0.,0.,0.,0.,0.,0.,0.001,0.,0.001,0.,0.,0.,0.002,0.,0.002,0.,0.,0.,0.,0.,0.,0.002,0.,0.002,,,
380,0.,0.,0.,0.,0.,0.,0.001,0.,0.001,0.,0.,0.,0.002,0.,0.002,0.,0.,0.,0.,0.,0.,0.002,0.,0.002,,,
381,0.,0.,0.,0.,0.,0.,0.001,0.,0.001,0.,0.,0.,0.002,0.,0.002,0.,0.,0.,0.,0.,0.,0.002,0.,0.002,,,
382,0.,0.,0.,0.,0.,0.,0.001,0.,0.001,0.,0.,0.,0.002,0.,0.002,0.,0.,0.,0.,0.,0.,0.002,0.,0.002,,,
383,0.,0.,0.,0.,0.,0.,0.001,0.,0.001,0.,0.,0.,0.002,0.,0.002,0.,0.,0.,0.,0.,0.,0.002,0.,0.002,,,
384,0.,0.,0.,0.,0.,0.,0.001,0.,0.001,0.,0.,0.,0.002,0.,0.002,0.,0.,0.,0.,0.,0.,0.002,0.,0.002,,,
385,0.,0.,0.,0.,0.,0.,0.001,0.,0.001,0.,0.,0.,0.002,0.,0.002,0.,0.,0.,0.,0.,0.,0.002,0.,0.002,,,
386,0.,0.,0.,0.,0.,0.,0.001,0.,0.001,0.,0.,0.,0.002,0.,0.002,0.,0.,0.,0.,0.,0.,0.002,0.,0.002,,,
387,0.,0.,0.,0.001,0.,0.001,0.001,0.,0.001,0.,0.,0.,0.002,0.,0.002,0.,0.,0.,0.,0.,0.,0.002,0.,0.002,,,
388,0.,0.,0.,0.001,0.,0.001,0.001,0.,0.001,0.,0.,0.,0.002,0.,0.002,0.,0.,0.,0.,0.,0.,0.002,0.,0.002,,,
389,0.,0.,0.,0.,0.,0.,0.001,0.,0.001,0.,0.,0.,0.002,0.,0.002,0.,0.,0.,0.,0.,0.,0.002,0.,0.002,,,
390,0.,0.,0.,0.,0.,0.,0.001,0.,0.001,0.,0.,0.,0.002,0.,0.002,0.,0.,0.,0.,0.,0.,0.002,0.,0.002,,,
391,0.,0.,0.,0.,0.,0.,0.001,0.,0.001,0.,0.,0.,0.002,0.,0.002,0.,0.,0.,0.,0.,0.,0.002,0.,0.002,,,
392,0.,0.,0.,0.,0.,0.,0.001,0.,0.001,0.,0.,0.,0.002,0.,0.002,0.,0.,0.,0.,0.,0.,0.002,0.,0.002,,,
393,0.,0.,0.,0.,0.,0.,0.019,0.,0.019,0.,0.,0.,0.02,0.,0.02,0.,0.,0.,0.,0.,0.,0.021,0.,0.021,,,
394,0.,0.,0.,0.,0.,0.,0.001,0.,0.001,0.,0.,0.,0.002,0.,0.002,0.,0.,0.,0.,0.,0.,0.002,0.,0.002,,,
395,0.,0.,0.,0.,0.,0.,0.001,0.,0.001,0.,0.,0.,0.002,0.,0.002,0.,0.,0.,0.,0.,0.,0.002,0.,0.002,,,
396,0.,0.,0.,0.,0.,0.,0.001,0.,0.001,0.,0.,0.,0.002,0.,0.002,0.,0.,0.,0.,0.,0.,0.002,0.,0.002,,,
397,0.,0.,0.,0.001,0.,0.001,0.001,0.,0.001,0.,0.,0.,0.002,0.,0.002,0.,0.,0.,0.,0.,0.,0.002,0.,0.002,,,
398,0.,0.,0.,0.,0.,0.,0.001,0.,0.001,0.,0.,0.,0.002,0.,0.002,0.,0.,0.,0.,0.,0.,0.002,0.,0.002,,,
399,0.,0.,0.,0.,0.,0.,0.001,0.,0.001,0.,0.,0.,0.002,0.,0.002,0.,0.,0.,0.,0.,0.,0.002,0.,0.002,,,
400,0.,0.,0.,0.,0.,0.,0.001,0.,0.001,0.,0.,0.,0.002,0.,0.002,0.,0.,0.,0.,0.,0.,0.002,0.,0.002,,,
401,0.,0.,0.,0.,0.,0.,0.001,0.,0.001,0.,0.,0.,0.002,0.,0.002,0.,0.,0.,0.,0.,0.,0.002,0.,0.002,,,
402,0.,0.,0.,0.001,0.,0.001,0.001,0.,0.001,0.,0.,0.,0.002,0.,0.002,0.,0.,0.,0.,0.,0.,0.002,0.,0.002,,,
403,0.001,0.,0.001,0.001,0.,0.001,0.001,0.,0.001,0.,0.,0.,0.002,0.,0.002,0.,0.,0.,0.,0.,0.,0.003,0.,0.003,,,
404,0.,0.,0.,0.001,0.,0.001,0.001,0.,0.001,0.,0.,0.,0.002,0.,0.002,0.,0.,0.,0.,0.,0.,0.002,0.,0.002,,,
405,0.,0.,0.,0.,0.,0.,0.001,0.,0.001,0.,0.,0.,0.002,0.,0.002,0.,0.,0.,0.,0.,0.,0.002,0.,0.002,,,
406,0.,0.,0.,0.,0.,0.,0.001,0.,0.001,0.,0.,0.,0.002,0.,0.002,0.,0.,0.,0.,0.,0.,0.002,0.,0.002,,,
407,0.,0.,0.,0.,0.,0.,0.001,0.,0.001,0.,0.,0.,0.002,0.,0.002,0.,0.,0.,0.,0.,0.,0.002,0.,0.002,,,
408,0.001,0.,0.001,0.,0.,0.,0.001,0.,0.001,0.,0.,0.,0.002,0.,0.002,0.,0.,0.,0.,0.,0.,0.002,0.,0.002,,,
409,0.,0.,0.,0.,0.,0.,0.001,0.001,0.,0.,0.,0.,0.002,0.001,0.,0.,0.,0.,0.,0.,0.,0.002,0.001,0.,,,
410,0.,0.,0.,0.,0.,0.,0.001,0.,0.001,0.,0.,0.,0.002,0.,0.002,0.,0.,0.,0.,0.,0.,0.002,0.,0.002,,,
411,0.,0.,0.,0.,0.,0.,0.001,0.,0.001,0.,0.,0.,0.002,0.,0.002,0.,0.,0.,0.,0.,0.,0.003,0.,0.003,,,
412,0.004,0.,0.004,0.,0.,0.,0.001,0.,0.001,0.,0.,0.,0.005,0.,0.005,0.,0.,0.,0.,0.,0.,0.006,0.,0.006,,,
413,0.,0.,0.,0.001,0.,0.001,0.001,0.,0.001,0.,0.,0.,0.002,0.,0.002,0.,0.,0.,0.,0.,0.,0.002,0.,0.002,,,
414,0.,0.,0.,0.,0.,0.,0.001,0.,0.001,0.,0.,0.,0.002,0.,0.002,0.,0.,0.,0.,0.,0.,0.002,0.,0.002,,,
415,0.,0.,0.,0.001,0.,0.001,0.001,0.,0.001,0.,0.,0.,0.002,0.,0.002,0.,0.,0.,0.,0.,0.,0.002,0.,0.002,,,
416,0.,0.,0.,0.,0.,0.,0.001,0.,0.001,0.,0.,0.,0.002,0.,0.002,0.,0.,0.,0.,0.,0.,0.002,0.,0.002,,,
417,0.,0.,0.,0.001,0.,0.001,0.001,0.,0.001,0.,0.,0.,0.002,0.,0.002,0.,0.,0.,0.,0.,0.,0.002,0.,0.002,,,
418,0.,0.,0.,0.001,0.,0.001,0.001,0.,0.001,0.,0.,0.,0.002,0.,0.002,0.,0.,0.,0.,0.,0.,0.002,0.,0.002,,,
419,0.,0.,0.,0.001,0.,0.001,0.001,0.,0.001,0.,0.,0.,0.002,0.,0.002,0.,0.,0.,0.,0.,0.,0.002,0.,0.002,,,
420,0.,0.,0.,0.,0.,0.,0.001,0.,0.001,0.,0.,0.,0.002,0.,0.002,0.,0.,0.,0.,0.,0.,0.002,0.,0.002,,,
421,0.,0.,0.,0.,0.,0.,0.03,0.,0.03,0.,0.,0.,0.031,0.,0.031,0.,0.,0.,0.,0.,0.,0.032,0.,0.032,,,
422,0.,0.,0.,0.,0.,0.,0.001,0.,0.001,0.,0.,0.,0.002,0.,0.002,0.,0.,0.,0.,0.,0.,0.003,0.,0.003,,,
423,0.,0.,0.,0.,0.,0.,0.001,0.,0.001,0.,0.,0.,0.002,0.,0.002,0.,0.,0.,0.,0.,0.,0.002,0.,0.002,,,
424,0.,0.,0.,0.,0.,0.,0.001,0.,0.001,0.,0.,0.,0.002,0.,0.002,0.,0.,0.,0.,0.,0.,0.002,0.,0.002,,,
425,0.,0.,0.,0.,0.,0.,0.001,0.,0.001,0.,0.,0.,0.002,0.,0.002,0.,0.,0.,0.,0.,0.,0.002,0.,0.002,,,
426,0.,0.,0.,0.001,0.,0.001,0.001,0.,0.001,0.,0.,0.,0.002,0.,0.002,0.,0.,0.,0.,0.,0.,0.002,0.,0.002,,,
427,0.001,0.,0.001,0.001,0.,0.001,0.001,0.,0.001,0.,0.,0.,0.002,0.,0.002,0.,0.,0.,0.,0.,0.,0.002,0.,0.002,,,
428,0.,0.,0.,0.001,0.,0.001,0.001,0.,0.001,0.,0.,0.,0.002,0.,0.002,0.,0.,0.,0.,0.,0.,0.002,0.,0.002,,,
429,0.,0.,0.,0.,0.,0.,0.001,0.,0.001,0.,0.,0.,0.002,0.,0.002,0.,0.,0.,0.,0.,0.,0.002,0.,0.002,,,
430,0.,0.,0.,0.001,0.,0.001,0.003,0.,0.003,0.,0.,0.,0.004,0.,0.004,0.,0.,0.,0.,0.,0.,0.005,0.,0.005,,,
431,0.,0.,0.,0.,0.,0.,0.001,0.,0.001,0.,0.,0.,0.002,0.,0.002,0.,0.,0.,0.,0.,0.,0.002,0.,0.002,,,
432,0.,0.,0.,0.,0.,0.,0.001,0.,0.001,0.,0.,0.,0.002,0.,0.002,0.,0.,0.,0.,0.,0.,0.002,0.,0.002,,,
433,0.,0.,0.,0.,0.,0.,0.001,0.,0.001,0.,0.,0.,0.002,0.,0.002,0.,0.,0.,0.,0.,0.,0.002,0.,0.002,,,
434,0.,0.,0.,0.001,0.,0.001,0.001,0.,0.001,0.,0.,0.,0.002,0.,0.002,0.,0.,0.,0.,0.,0.,0.002,0.,0.002,,,
435,0.,0.,0.,0.,0.,0.,0.001,0.,0.001,0.,0.,0.,0.002,0.,0.002,0.,0.,0.,0.,0.,0.,0.002,0.,0.002,,,
436,0.,0.,0.,0.,0.,0.,0.001,0.,0.001,0.,0.,0.,0.002,0.,0.002,0.,0.,0.,0.,0.,0.,0.002,0.,0.002,,,
437,0.,0.,0.,0.,0.,0.,0.001,0.,0.001,0.,0.,0.,0.002,0.,0.002,0.,0.,0.,0.,0.,0.,0.003,0.,0.003,,,
438,0.,0.,0.,0.,0.,0.,0.001,0.,0.001,0.,0.,0.,0.002,0.,0.002,0.,0.,0.,0.,0.,0.,0.002,0.,0.002,,,
439,0.,0.,0.,0.001,0.,0.001,0.001,0.,0.001,0.,0.,0.,0.002,0.,0.002,0.,0.,0.,0.,0.,0.,0.002,0.,0.002,,,
440,0.,0.,0.,0.001,0.,0.001,0.001,0.,0.001,0.,0.,0.,0.002,0.,0.002,0.,0.,0.,0.,0.,0.,0.002,0.,0.002,,,
441,0.,0.,0.,0.001,0.,0.001,0.001,0.,0.001,0.,0.,0.,0.002,0.,0.002,0.,0.,0.,0.,0.,0.,0.002,0.,0.002,,,
442,0.,0.,0.,0.,0.,0.,0.001,0.,0.001,0.,0.,0.,0.002,0.,0.002,0.,0.,0.,0.,0.,0.,0.002,0.,0.002,,,
443,0.,0.,0.,0.,0.,0.,0.001,0.,0.001,0.,0.,0.,0.002,0.,0.002,0.,0.,0.,0.,0.,0.,0.002,0.,0.002,,,
444,0.,0.,0.,0.001,0.,0.001,0.001,0.,0.001,0.,0.,0.,0.002,0.,0.002,0.,0.,0.,0.,0.,0.,0.002,0.,0.002,,,
445,0.,0.,0.,0.,0.,0.,0.001,0.,0.001,0.,0.,0.,0.002,0.,0.002,0.,0.,0.,0.,0.,0.,0.002,0.,0.002,,,
446,0.,0.,0.,0.001,0.,0.001,0.001,0.,0.001,0.,0.,0.,0.002,0.,0.002,0.,0.,0.,0.,0.,0.,0.002,0.,0.002,,,
447,0.,0.,0.,0.,0.,0.,0.001,0.,0.001,0.,0.,0.,0.002,0.,0.002,0.,0.,0.,0.,0.,0.,0.002,0.,0.002,,,
448,0.,0.,0.,0.001,0.,0.001,0.001,0.,0.001,0.,0.,0.,0.002,0.,0.002,0.,0.,0.,0.,0.,0.,0.002,0.,0.002,,,
449,0.,0.,0.,0.001,0.,0.001,0.001,0.,0.001,0.,0.,0.,0.002,0.,0.002,0.,0.,0.,0.,0.,0.,0.002,0.,0.002,,,
450,0.,0.,0.,0.,0.,0.,0.001,0.001,0.,0.,0.,0.,0.002,0.002,0.,0.,0.,0.,0.,0.,0.,0.003,0.003,0.,,,
451,0.,0.,0.,0.,0.,0.,0.001,0.,0.001,0.,0.,0.,0.002,0.,0.002,0.,0.,0.,0.,0.,0.,0.002,0.,0.002,,,
452,0.,0.,0.,0.001,0.,0.001,0.001,0.,0.001,0.,0.,0.,0.002,0.,0.002,0.,0.,0.,0.,0.,0.,0.002,0.,0.002,,,
453,0.,0.,0.,0.001,0.,0.001,0.001,0.,0.001,0.,0.,0.,0.002,0.,0.002,0.,0.,0.,0.,0.,0.,0.002,0.,0.002,,,
454,0.,0.,0.,0.001,0.,0.001,0.001,0.,0.001,0.,0.,0.,0.002,0.,0.002,0.,0.,0.,0.,0.,0.,0.002,0.,0.002,,,
455,0.001,0.,0.001,0.,0.,0.,0.001,0.,0.001,0.,0.,0.,0.002,0.,0.002,0.,0.,0.,0.,0.,0.,0.003,0.,0.003,,,
456,0.002,0.,0.002,0.001,0.,0.001,0.001,0.,0.001,0.,0.,0.,0.003,0.,0.003,0.,0.,0.,0.,0.,0.,0.004,0.,0.004,,,
457,0.,0.,0.,0.,0.,0.001,0.001,0.,0.001,0.,0.,0.,0.002,0.,0.002,0.,0.,0.,0.,0.,0.,0.002,0.,0.002,,,
458,0.,0.,0.,0.001,0.,0.001,0.001,0.,0.001,0.,0.,0.,0.002,0.,0.002,0.,0.,0.,0.,0.,0.,0.002,0.,0.002,,,
459,0.,0.,0.,0.001,0.,0.001,0.001,0.,0.001,0.,0.,0.,0.002,0.,0.002,0.,0.,0.,0.,0.,0.,0.002,0.,0.002,,,
460,0.,0.,0.,0.001,0.,0.001,0.001,0.,0.001,0.,0.,0.,0.002,0.,0.002,0.,0.,0.,0.,0.,0.,0.003,0.,0.003,,,
461,0.001,0.,0.001,0.001,0.,0.001,0.001,0.,0.001,0.,0.,0.,0.002,0.,0.002,0.,0.,0.,0.,0.,0.,0.002,0.,0.002,,,
462,0.,0.,0.,0.001,0.,0.001,0.001,0.,0.001,0.,0.,0.,0.002,0.,0.002,0.,0.,0.,0.,0.,0.,0.003,0.,0.003,,,
463,0.001,0.,0.001,0.001,0.,0.001,0.001,0.,0.001,0.,0.,0.,0.002,0.,0.002,0.,0.,0.,0.,0.,0.,0.003,0.,0.003,,,
464,0.001,0.,0.001,0.001,0.,0.001,0.005,0.,0.005,0.,0.,0.,0.006,0.,0.006,0.,0.,0.,0.,0.,0.,0.006,0.,0.006,,,
465,0.001,0.,0.001,0.,0.,0.,0.001,0.,0.001,0.,0.,0.,0.002,0.,0.002,0.,0.,0.,0.,0.,0.,0.002,0.,0.002,,,
466,0.,0.,0.,0.,0.,0.,0.001,0.,0.001,0.,0.,0.,0.002,0.,0.002,0.,0.,0.,0.,0.,0.,0.002,0.,0.002,,,
467,0.,0.,0.,0.001,0.,0.001,0.001,0.,0.001,0.,0.,0.,0.002,0.,0.002,0.,0.,0.,0.,0.,0.,0.002,0.,0.002,,,
468,0.,0.,0.,0.001,0.,0.001,0.001,0.,0.001,0.,0.,0.,0.002,0.,0.002,0.,0.,0.,0.,0.,0.,0.002,0.,0.002,,,
469,0.001,0.,0.001,0.001,0.,0.001,0.001,0.,0.001,0.,0.,0.,0.002,0.,0.002,0.,0.,0.,0.,0.,0.,0.003,0.,0.003,,,
470,0.001,0.,0.001,0.001,0.,0.001,0.001,0.,0.001,0.,0.,0.,0.002,0.,0.002,0.,0.,0.,0.,0.,0.,0.002,0.,0.002,,,
471,0.,0.,0.,0.001,0.,0.001,0.001,0.,0.001,0.,0.,0.,0.002,0.,0.002,0.,0.,0.,0.,0.,0.,0.003,0.,0.003,,,
472,0.,0.,0.,0.001,0.,0.001,0.001,0.,0.001,0.,0.,0.,0.002,0.,0.002,0.,0.,0.,0.,0.,0.,0.002,0.,0.002,,,
473,0.,0.,0.,0.001,0.,0.001,0.001,0.,0.001,0.,0.,0.,0.002,0.,0.002,0.,0.,0.,0.,0.,0.,0.003,0.,0.003,,,
474,0.001,0.,0.001,0.001,0.,0.001,0.001,0.,0.001,0.,0.,0.,0.002,0.,0.002,0.,0.,0.,0.,0.,0.,0.003,0.,0.003,,,
475,0.,0.,0.,0.001,0.,0.001,0.001,0.,0.001,0.,0.,0.,0.002,0.,0.002,0.,0.,0.,0.,0.,0.,0.003,0.,0.003,,,
476,0.,0.,0.,0.001,0.,0.001,0.001,0.,0.001,0.,0.,0.,0.002,0.,0.002,0.,0.,0.,0.,0.,0.,0.002,0.,0.002,,,
477,0.001,0.,0.001,0.001,0.,0.001,0.001,0.,0.001,0.,0.,0.,0.002,0.,0.002,0.,0.,0.,0.,0.,0.,0.003,0.,0.003,,,
478,0.,0.,0.,0.001,0.,0.001,0.001,0.,0.001,0.,0.,0.,0.002,0.,0.002,0.,0.,0.,0.,0.,0.,0.002,0.,0.002,,,
479,0.,0.,0.,0.001,0.,0.001,0.001,0.,0.001,0.,0.,0.,0.002,0.,0.002,0.,0.,0.,0.,0.,0.,0.002,0.,0.002,,,
480,0.002,0.,0.001,0.001,0.,0.001,0.001,0.,0.001,0.,0.,0.,0.003,0.,0.003,0.,0.,0.,0.,0.,0.,0.004,0.,0.004,,,
481,0.001,0.,0.001,0.001,0.,0.001,0.001,0.,0.001,0.,0.,0.,0.002,0.,0.002,0.,0.,0.,0.,0.,0.,0.003,0.,0.003,,,
482,0.001,0.,0.001,0.001,0.,0.001,0.001,0.,0.001,0.,0.,0.,0.002,0.,0.002,0.,0.,0.,0.,0.,0.,0.003,0.,0.003,,,
483,0.,0.,0.,0.001,0.,0.001,0.001,0.,0.001,0.,0.,0.,0.002,0.,0.002,0.,0.,0.,0.,0.,0.,0.002,0.,0.002,,,
484,0.,0.,0.,0.,0.,0.,0.001,0.,0.001,0.,0.,0.,0.002,0.,0.002,0.,0.,0.,0.,0.,0.,0.003,0.,0.003,,,
485,0.,0.,0.,0.,0.,0.,0.001,0.001,0.,0.,0.,0.,0.002,0.002,0.,0.,0.,0.,0.,0.,0.,0.002,0.002,0.,,,
486,0.,0.,0.,0.001,0.,0.001,0.001,0.,0.001,0.,0.,0.,0.002,0.,0.002,0.,0.,0.,0.,0.,0.,0.003,0.,0.003,,,
487,0.001,0.,0.001,0.001,0.,0.001,0.001,0.,0.001,0.,0.,0.,0.002,0.,0.002,0.,0.,0.,0.,0.,0.,0.003,0.,0.003,,,
488,0.001,0.,0.001,0.001,0.,0.001,0.001,0.,0.001,0.,0.,0.,0.002,0.,0.002,0.,0.,0.,0.,0.,0.,0.003,0.,0.003,,,
489,0.,0.,0.,0.001,0.,0.001,0.001,0.,0.001,0.,0.,0.,0.002,0.,0.002,0.,0.,0.,0.,0.,0.,0.002,0.,0.002,,,
490,0.,0.,0.,0.001,0.,0.001,0.001,0.,0.001,0.,0.,0.,0.002,0.,0.002,0.,0.,0.,0.,0.,0.,0.002,0.,0.002,,,
491,0.,0.,0.,0.001,0.,0.001,0.001,0.,0.001,0.,0.,0.,0.002,0.,0.002,0.,0.,0.,0.,0.,0.,0.003,0.,0.003,,,
492,0.,0.,0.,0.,0.,0.,0.001,0.,0.001,0.,0.,0.,0.002,0.,0.002,0.,0.,0.,0.,0.,0.,0.002,0.,0.002,,,
493,0.,0.,0.,0.001,0.,0.001,0.001,0.,0.001,0.,0.,0.,0.002,0.,0.002,0.,0.,0.,0.,0.,0.,0.002,0.,0.002,,,
494,0.001,0.,0.001,0.001,0.,0.001,0.001,0.,0.001,0.,0.,0.,0.002,0.,0.002,0.,0.,0.,0.,0.,0.,0.003,0.,0.003,,,
495,0.001,0.,0.001,0.001,0.,0.001,0.001,0.,0.001,0.,0.,0.,0.002,0.,0.002,0.,0.,0.,0.,0.,0.,0.003,0.,0.003,,,
496,0.001,0.,0.001,0.001,0.,0.001,0.001,0.,0.001,0.,0.,0.,0.002,0.,0.002,0.,0.,0.,0.,0.,0.,0.003,0.,0.003,,,
497,0.001,0.,0.001,0.001,0.,0.001,0.001,0.,0.001,0.,0.,0.,0.003,0.,0.003,0.,0.,0.,0.,0.,0.,0.004,0.,0.004,,,
498,0.001,0.,0.001,0.001,0.,0.001,0.001,0.,0.001,0.,0.,0.,0.003,0.,0.003,0.,0.,0.,0.,0.,0.,0.003,0.,0.003,,,
499,0.,0.,0.,0.001,0.,0.001,0.001,0.,0.001,0.,0.,0.,0.002,0.,0.002,0.,0.,0.,0.,0.,0.,0.003,0.,0.003,,,
500,0.,0.,0.,0.001,0.,0.001,0.001,0.,0.001,0.,0.,0.,0.002,0.,0.002,0.,0.,0.,0.,0.,0.,0.003,0.,0.003,,,
505,0.001,0.,0.001,0.001,0.,0.001,0.001,0.,0.001,0.,0.,0.,0.002,0.,0.002,0.,0.,0.,0.,0.,0.,0.003,0.,0.003,,,
510,0.001,0.,0.001,0.001,0.,0.001,0.001,0.,0.001,0.,0.,0.,0.002,0.,0.002,0.,0.,0.,0.,0.,0.,0.003,0.,0.003,,,
515,0.001,0.,0.001,0.001,0.,0.001,0.001,0.,0.001,0.,0.,0.,0.002,0.,0.002,0.,0.,0.,0.,0.,0.,0.003,0.,0.003,,,
520,0.,0.,0.,0.001,0.,0.001,0.002,0.,0.002,0.,0.,0.,0.003,0.,0.003,0.,0.,0.,0.,0.,0.,0.004,0.,0.004,,,
525,0.,0.,0.,0.001,0.,0.001,0.001,0.,0.001,0.,0.,0.,0.002,0.,0.002,0.,0.,0.,0.,0.,0.,0.002,0.,0.002,,,
530,0.001,0.,0.001,0.001,0.,0.001,0.001,0.,0.001,0.,0.,0.,0.002,0.,0.002,0.,0.,0.,0.,0.,0.,0.003,0.,0.003,,,
535,0.001,0.,0.001,0.001,0.,0.001,0.001,0.,0.001,0.,0.,0.,0.002,0.,0.002,0.,0.,0.,0.,0.,0.,0.003,0.,0.003,,,
540,0.001,0.,0.001,0.001,0.,0.001,0.001,0.,0.001,0.,0.,0.,0.002,0.,0.002,0.,0.,0.,0.,0.,0.,0.003,0.,0.003,,,
545,0.001,0.,0.001,0.001,0.,0.001,0.001,0.,0.001,0.,0.,0.,0.002,0.,0.002,0.,0.,0.,0.,0.,0.,0.003,0.,0.003,,,
550,0.001,0.,0.001,0.001,0.,0.001,0.001,0.,0.001,0.,0.,0.,0.003,0.,0.003,0.,0.,0.,0.,0.,0.,0.003,0.,0.003,,,
555,0.001,0.,0.001,0.001,0.,0.001,0.004,0.,0.004,0.,0.,0.,0.006,0.,0.006,0.,0.,0.,0.,0.,0.,0.006,0.,0.006,,,
560,0.001,0.,0.001,0.001,0.,0.001,0.001,0.,0.001,0.,0.,0.,0.003,0.,0.003,0.,0.,0.,0.,0.,0.,0.003,0.,0.003,,,
565,0.,0.,0.,0.001,0.,0.001,0.001,0.,0.001,0.,0.,0.,0.002,0.,0.002,0.,0.,0.,0.,0.,0.,0.003,0.,0.003,,,
570,0.001,0.,0.001,0.001,0.,0.001,0.001,0.,0.001,0.,0.,0.,0.002,0.,0.002,0.,0.,0.,0.,0.,0.,0.003,0.,0.003,,,
575,0.001,0.,0.001,0.001,0.,0.001,0.002,0.,0.002,0.,0.,0.,0.004,0.,0.004,0.,0.,0.,0.,0.,0.,0.005,0.,0.005,,,
580,0.001,0.,0.001,0.001,0.,0.001,0.001,0.,0.001,0.,0.,0.,0.003,0.,0.003,0.,0.,0.,0.,0.,0.,0.004,0.,0.004,,,
585,0.001,0.,0.001,0.001,0.,0.001,0.002,0.,0.002,0.,0.,0.,0.003,0.,0.003,0.,0.,0.,0.,0.,0.,0.004,0.,0.004,,,
590,0.001,0.,0.001,0.001,0.,0.001,0.003,0.,0.003,0.,0.,0.,0.005,0.,0.005,0.,0.,0.,0.,0.,0.,0.005,0.,0.005,,,
595,0.001,0.,0.001,0.001,0.,0.001,0.002,0.,0.002,0.,0.,0.,0.004,0.,0.004,0.,0.,0.,0.,0.,0.,0.004,0.,0.004,,,
600,0.001,0.,0.001,0.001,0.,0.001,0.001,0.,0.001,0.,0.,0.,0.003,0.,0.003,0.,0.,0.,0.,0.,0.,0.003,0.,0.003,,,
605,0.001,0.,0.001,0.001,0.,0.001,0.001,0.,0.001,0.,0.,0.,0.002,0.,0.002,0.,0.,0.,0.,0.,0.,0.003,0.,0.003,,,
610,0.001,0.,0.001,0.001,0.,0.001,0.002,0.,0.002,0.,0.,0.,0.003,0.,0.003,0.,0.,0.,0.,0.,0.,0.004,0.,0.004,,,
615,0.001,0.,0.001,0.001,0.,0.001,0.001,0.,0.001,0.,0.,0.,0.003,0.,0.003,0.,0.,0.,0.,0.,0.,0.003,0.,0.003,,,
620,0.001,0.,0.001,0.001,0.,0.001,0.002,0.,0.002,0.,0.,0.,0.003,0.,0.003,0.,0.,0.,0.,0.,0.,0.004,0.,0.004,,,
625,0.001,0.,0.001,0.001,0.,0.001,0.001,0.,0.001,0.,0.,0.,0.003,0.,0.003,0.,0.,0.,0.,0.,0.,0.003,0.,0.003,,,
630,0.001,0.,0.001,0.001,0.,0.001,0.001,0.,0.001,0.001,0.,0.001,0.003,0.,0.003,0.,0.,0.,0.,0.,0.,0.004,0.,0.004,,,
635,0.001,0.,0.001,0.001,0.,0.001,0.002,0.,0.002,0.,0.,0.,0.003,0.,0.003,0.,0.,0.,0.,0.,0.,0.004,0.,0.004,,,
640,0.002,0.,0.002,0.001,0.,0.001,0.001,0.,0.001,0.,0.,0.,0.004,0.,0.004,0.,0.,0.,0.,0.,0.,0.004,0.,0.004,,,
645,0.001,0.,0.001,0.001,0.,0.001,0.002,0.,0.002,0.,0.,0.,0.003,0.,0.003,0.,0.,0.,0.,0.,0.,0.004,0.,0.004,,,
650,0.001,0.,0.001,0.002,0.,0.002,0.002,0.,0.002,0.,0.,0.,0.003,0.,0.003,0.,0.,0.,0.,0.,0.,0.004,0.,0.004,,,
655,0.001,0.,0.001,0.002,0.,0.002,0.001,0.,0.001,0.,0.,0.,0.003,0.,0.003,0.,0.,0.,0.,0.,0.,0.003,0.,0.003,,,
660,0.001,0.,0.001,0.001,0.,0.001,0.003,0.,0.003,0.,0.,0.,0.004,0.,0.004,0.,0.,0.,0.,0.,0.,0.005,0.,0.005,,,
665,0.001,0.,0.001,0.001,0.,0.001,0.001,0.,0.001,0.,0.,0.,0.003,0.,0.003,0.,0.,0.,0.,0.,0.,0.003,0.,0.003,,,
670,0.001,0.,0.001,0.001,0.,0.001,0.001,0.,0.001,0.,0.,0.,0.003,0.,0.003,0.,0.,0.,0.,0.,0.,0.003,0.,0.003,,,
675,0.001,0.,0.001,0.002,0.,0.002,0.002,0.,0.002,0.,0.,0.,0.004,0.,0.004,0.,0.,0.,0.,0.,0.,0.005,0.,0.005,,,
680,0.001,0.,0.001,0.001,0.,0.001,0.001,0.,0.001,0.,0.,0.,0.003,0.,0.003,0.,0.,0.,0.,0.,0.,0.003,0.,0.003,,,
685,0.001,0.,0.001,0.001,0.,0.001,0.001,0.,0.001,0.,0.,0.,0.003,0.,0.003,0.,0.,0.,0.,0.,0.,0.003,0.,0.003,,,
690,0.001,0.,0.001,0.001,0.,0.001,0.001,0.,0.001,0.,0.,0.,0.003,0.,0.003,0.,0.,0.,0.,0.,0.,0.003,0.,0.003,,,
695,0.001,0.,0.001,0.001,0.,0.001,0.002,0.,0.002,0.,0.,0.,0.003,0.,0.003,0.,0.,0.,0.,0.,0.,0.004,0.,0.004,,,
700,0.001,0.,0.001,0.001,0.,0.001,0.001,0.,0.001,0.,0.,0.,0.003,0.,0.003,0.,0.,0.,0.,0.,0.,0.003,0.,0.003,,,
705,0.001,0.,0.001,0.001,0.,0.001,0.001,0.,0.001,0.,0.,0.,0.003,0.,0.003,0.,0.,0.,0.,0.,0.,0.004,0.,0.004,,,
710,0.001,0.,0.001,0.001,0.,0.001,0.001,0.,0.001,0.001,0.,0.001,0.003,0.,0.003,0.,0.,0.,0.,0.,0.,0.005,0.,0.005,,,
715,0.001,0.,0.001,0.002,0.,0.002,0.002,0.,0.002,0.,0.,0.,0.003,0.,0.003,0.,0.,0.,0.,0.,0.,0.004,0.,0.004,,,
720,0.001,0.,0.001,0.001,0.,0.001,0.002,0.,0.002,0.,0.,0.,0.003,0.,0.003,0.,0.,0.,0.,0.,0.,0.004,0.,0.004,,,
725,0.001,0.,0.001,0.001,0.,0.001,0.002,0.,0.002,0.,0.,0.,0.003,0.,0.003,0.,0.,0.,0.,0.,0.,0.004,0.,0.004,,,
730,0.001,0.,0.001,0.001,0.,0.001,0.001,0.,0.001,0.,0.,0.,0.003,0.,0.003,0.,0.,0.,0.,0.,0.,0.004,0.,0.004,,,
735,0.001,0.,0.001,0.001,0.,0.001,0.002,0.,0.002,0.,0.,0.,0.004,0.,0.004,0.,0.,0.,0.,0.,0.,0.005,0.,0.005,,,
740,0.001,0.,0.001,0.004,0.,0.004,0.002,0.,0.002,0.,0.,0.,0.003,0.,0.003,0.,0.,0.,0.,0.,0.,0.004,0.,0.004,,,
745,0.001,0.,0.001,0.001,0.,0.001,0.002,0.,0.002,0.,0.,0.,0.004,0.,0.004,0.,0.,0.,0.,0.,0.,0.004,0.,0.004,,,
750,0.001,0.,0.001,0.001,0.,0.001,0.002,0.,0.002,0.,0.,0.,0.003,0.,0.003,0.,0.,0.,0.,0.,0.,0.004,0.,0.004,,,
755,0.001,0.,0.001,0.001,0.,0.001,0.002,0.,0.002,0.,0.,0.,0.003,0.,0.003,0.,0.,0.,0.,0.,0.,0.004,0.,0.004,,,
760,0.001,0.,0.001,0.001,0.,0.001,0.002,0.,0.002,0.,0.,0.,0.003,0.,0.003,0.,0.,0.,0.,0.,0.,0.004,0.,0.004,,,
765,0.001,0.,0.001,0.001,0.,0.001,0.003,0.,0.003,0.,0.,0.,0.004,0.,0.004,0.,0.,0.,0.,0.,0.,0.005,0.,0.005,,,
770,0.001,0.,0.001,0.001,0.,0.001,0.002,0.,0.002,0.,0.,0.,0.004,0.,0.004,0.,0.,0.,0.,0.,0.,0.004,0.,0.004,,,
775,0.001,0.,0.001,0.002,0.,0.002,0.002,0.,0.002,0.,0.,0.,0.004,0.,0.004,0.,0.,0.,0.,0.,0.,0.004,0.,0.004,,,
780,0.001,0.,0.001,0.001,0.,0.001,0.002,0.,0.002,0.,0.,0.,0.004,0.,0.004,0.,0.,0.,0.,0.,0.,0.005,0.,0.005,,,
785,0.001,0.,0.001,0.001,0.,0.001,0.002,0.,0.002,0.,0.,0.,0.003,0.,0.003,0.,0.,0.,0.,0.,0.,0.004,0.,0.004,,,
790,0.001,0.,0.001,0.001,0.,0.001,0.005,0.,0.005,0.,0.,0.,0.007,0.,0.007,0.,0.,0.,0.,0.,0.,0.008,0.,0.008,,,
795,0.001,0.,0.001,0.001,0.,0.001,0.002,0.,0.002,0.,0.,0.,0.003,0.,0.003,0.,0.,0.,0.,0.,0.,0.004,0.,0.004,,,
800,0.001,0.,0.001,0.001,0.,0.001,0.002,0.,0.002,0.,0.,0.,0.004,0.,0.004,0.,0.,0.,0.,0.,0.,0.005,0.,0.005,,,
805,0.001,0.,0.001,0.001,0.,0.001,0.002,0.,0.002,0.,0.,0.,0.004,0.,0.004,0.,0.,0.,0.,0.,0.,0.004,0.,0.004,,,
810,0.001,0.,0.001,0.001,0.,0.002,0.002,0.,0.002,0.,0.,0.,0.004,0.,0.004,0.,0.,0.,0.,0.,0.,0.004,0.,0.004,,,
815,0.001,0.,0.001,0.001,0.,0.001,0.004,0.,0.004,0.,0.,0.,0.005,0.,0.005,0.,0.,0.,0.,0.,0.,0.006,0.,0.006,,,
820,0.001,0.,0.001,0.001,0.,0.001,0.002,0.,0.002,0.,0.,0.,0.004,0.,0.004,0.,0.,0.,0.,0.,0.,0.005,0.,0.005,,,
825,0.001,0.,0.001,0.001,0.,0.001,0.002,0.,0.002,0.,0.,0.,0.004,0.,0.004,0.,0.,0.,0.,0.,0.,0.004,0.,0.004,,,
830,0.001,0.,0.001,0.001,0.,0.001,0.002,0.,0.002,0.,0.,0.,0.004,0.,0.004,0.,0.,0.,0.,0.,0.,0.005,0.,0.005,,,
835,0.001,0.,0.001,0.002,0.,0.002,0.002,0.,0.002,0.,0.,0.,0.004,0.,0.004,0.,0.,0.,0.,0.,0.,0.005,0.,0.005,,,
840,0.001,0.,0.001,0.002,0.,0.002,0.008,0.,0.008,0.,0.,0.,0.01,0.,0.01,0.,0.,0.,0.,0.,0.,0.011,0.,0.011,,,
845,0.001,0.,0.001,0.001,0.,0.001,0.002,0.,0.002,0.,0.,0.,0.004,0.,0.004,0.,0.,0.,0.,0.,0.,0.005,0.,0.005,,,
850,0.001,0.,0.001,0.002,0.,0.002,0.002,0.,0.002,0.,0.,0.,0.004,0.,0.004,0.,0.,0.,0.,0.,0.,0.004,0.,0.004,,,
855,0.001,0.,0.001,0.002,0.,0.002,0.002,0.,0.002,0.,0.,0.,0.004,0.,0.004,0.,0.,0.,0.,0.,0.,0.004,0.,0.004,,,
860,0.001,0.,0.001,0.001,0.,0.001,0.002,0.,0.002,0.,0.,0.,0.004,0.,0.004,0.,0.,0.,0.,0.,0.,0.005,0.,0.005,,,
865,0.004,0.,0.004,0.003,0.,0.003,0.002,0.,0.002,0.,0.,0.,0.006,0.,0.006,0.,0.,0.,0.,0.,0.,0.007,0.,0.007,,,
870,0.001,0.,0.001,0.002,0.,0.002,0.002,0.,0.002,0.,0.,0.,0.004,0.,0.004,0.,0.,0.,0.,0.,0.,0.005,0.,0.005,,,
875,0.001,0.,0.001,0.002,0.,0.002,0.002,0.,0.002,0.,0.,0.,0.004,0.,0.004,0.,0.,0.,0.,0.,0.,0.005,0.,0.005,,,
880,0.001,0.,0.001,0.002,0.,0.002,0.002,0.,0.002,0.,0.,0.,0.004,0.,0.004,0.,0.,0.,0.,0.,0.,0.005,0.,0.005,,,
885,0.001,0.,0.001,0.002,0.,0.002,0.002,0.,0.002,0.,0.,0.,0.004,0.,0.004,0.,0.,0.,0.,0.,0.,0.005,0.,0.005,,,
890,0.001,0.,0.001,0.002,0.,0.002,0.002,0.,0.002,0.,0.,0.,0.004,0.,0.004,0.,0.,0.,0.,0.,0.,0.005,0.,0.005,,,
895,0.001,0.,0.001,0.002,0.,0.002,0.002,0.,0.002,0.,0.,0.,0.004,0.,0.004,0.,0.,0.,0.,0.,0.,0.005,0.,0.005,,,
900,0.001,0.,0.001,0.002,0.,0.002,0.002,0.,0.002,0.,0.,0.,0.004,0.,0.004,0.,0.,0.,0.,0.,0.,0.005,0.,0.005,,,
905,0.001,0.,0.001,0.002,0.,0.002,0.002,0.,0.002,0.,0.,0.,0.004,0.,0.004,0.,0.,0.,0.,0.,0.,0.005,0.,0.005,,,
910,0.001,0.,0.001,0.003,0.,0.003,0.002,0.,0.002,0.,0.,0.,0.004,0.,0.004,0.,0.,0.,0.,0.,0.,0.005,0.,0.005,,,
915,0.001,0.,0.001,0.002,0.,0.002,0.002,0.,0.002,0.,0.,0.,0.004,0.,0.004,0.,0.,0.,0.,0.,0.,0.005,0.,0.005,,,
920,0.001,0.,0.001,0.002,0.,0.002,0.002,0.,0.002,0.,0.,0.,0.004,0.,0.004,0.,0.,0.,0.,0.,0.,0.005,0.,0.005,,,
925,0.001,0.,0.001,0.002,0.,0.002,0.004,0.,0.004,0.,0.,0.,0.006,0.,0.006,0.,0.,0.,0.,0.,0.,0.007,0.,0.007,,,
930,0.001,0.,0.001,0.002,0.,0.002,0.007,0.,0.007,0.,0.,0.,0.009,0.,0.009,0.,0.,0.,0.,0.,0.,0.01,0.,0.01,,,
935,0.001,0.,0.001,0.002,0.,0.002,0.002,0.,0.002,0.,0.,0.,0.004,0.,0.004,0.,0.,0.,0.,0.,0.,0.005,0.,0.005,,,
940,0.001,0.,0.001,0.002,0.,0.002,0.002,0.,0.002,0.,0.,0.,0.004,0.,0.004,0.,0.,0.,0.,0.,0.,0.005,0.,0.005,,,
945,0.002,0.,0.002,0.002,0.,0.002,0.003,0.,0.003,0.,0.,0.,0.005,0.,0.005,0.,0.,0.,0.,0.,0.,0.006,0.,0.006,,,
950,0.001,0.,0.001,0.002,0.,0.002,0.002,0.,0.002,0.,0.,0.,0.004,0.,0.004,0.,0.,0.,0.,0.,0.,0.005,0.,0.005,,,
955,0.002,0.,0.002,0.002,0.,0.002,0.003,0.,0.003,0.,0.,0.,0.005,0.,0.005,0.,0.,0.,0.,0.,0.,0.006,0.,0.006,,,
960,0.001,0.,0.001,0.002,0.,0.002,0.002,0.,0.002,0.,0.,0.,0.004,0.,0.004,0.,0.,0.,0.,0.,0.,0.005,0.,0.005,,,
965,0.001,0.,0.001,0.002,0.,0.002,0.002,0.,0.002,0.,0.,0.,0.004,0.,0.004,0.,0.,0.,0.,0.,0.,0.005,0.,0.005,,,
970,0.001,0.,0.001,0.002,0.,0.002,0.002,0.,0.002,0.,0.,0.,0.004,0.,0.004,0.,0.,0.,0.,0.,0.,0.005,0.,0.005,,,
975,0.001,0.,0.001,0.002,0.,0.002,0.003,0.,0.003,0.,0.,0.,0.005,0.,0.005,0.,0.,0.,0.,0.,0.,0.005,0.,0.005,,,
980,0.001,0.,0.001,0.002,0.,0.002,0.002,0.,0.002,0.,0.,0.,0.004,0.,0.004,0.,0.,0.,0.,0.,0.,0.005,0.,0.005,,,
985,0.001,0.,0.001,0.002,0.,0.002,0.002,0.,0.002,0.,0.,0.,0.004,0.,0.004,0.,0.,0.,0.,0.,0.,0.005,0.,0.005,,,
990,0.001,0.,0.001,0.002,0.,0.002,0.002,0.,0.002,0.,0.,0.,0.004,0.,0.004,0.,0.,0.,0.,0.,0.,0.005,0.,0.005,,,
995,0.001,0.,0.001,0.003,0.,0.003,0.003,0.,0.003,0.,0.,0.,0.005,0.,0.005,0.,0.,0.,0.,0.,0.,0.006,0.,0.006,,,
1000,0.001,0.,0.001,0.002,0.,0.002,0.003,0.,0.003,0.,0.,0.,0.005,0.,0.005,0.,0.,0.,0.,0.,0.,0.006,0.,0.006,,,
1010,0.001,0.,0.001,0.002,0.,0.002,0.002,0.,0.002,0.,0.,0.,0.004,0.,0.004,0.,0.,0.,0.,0.,0.,0.005,0.,0.005,,,
1020,0.001,0.,0.001,0.002,0.,0.002,0.002,0.,0.002,0.,0.,0.,0.004,0.,0.004,0.,0.,0.,0.,0.,0.,0.005,0.,0.005,,,
1030,0.001,0.,0.001,0.002,0.,0.002,0.002,0.,0.002,0.,0.,0.,0.004,0.,0.004,0.,0.,0.,0.,0.,0.,0.005,0.,0.005,,,
1040,0.002,0.,0.002,0.002,0.,0.002,0.003,0.,0.003,0.,0.,0.,0.005,0.,0.005,0.,0.,0.,0.,0.,0.,0.006,0.,0.006,,,
1050,0.001,0.,0.001,0.002,0.,0.002,0.002,0.,0.002,0.,0.,0.,0.004,0.,0.004,0.,0.,0.,0.,0.,0.,0.005,0.,0.005,,,
1060,0.001,0.,0.001,0.002,0.,0.002,0.002,0.,0.002,0.,0.,0.,0.004,0.,0.004,0.,0.,0.,0.,0.,0.,0.005,0.,0.005,,,
1070,0.001,0.,0.001,0.002,0.,0.002,0.003,0.,0.003,0.,0.,0.,0.005,0.,0.005,0.,0.,0.,0.,0.,0.,0.005,0.,0.005,,,
1080,0.002,0.002,0.,0.002,0.,0.002,0.002,0.,0.001,0.,0.,0.,0.005,0.003,0.001,0.,0.,0.,0.,0.,0.,0.006,0.003,0.002,,,
1090,0.001,0.,0.001,0.003,0.,0.003,0.002,0.,0.002,0.,0.,0.,0.004,0.,0.004,0.,0.,0.,0.,0.,0.,0.005,0.,0.005,,,
1100,0.001,0.,0.001,0.002,0.,0.002,0.002,0.,0.002,0.,0.,0.,0.004,0.,0.004,0.,0.,0.,0.,0.,0.,0.005,0.,0.005,,,
1110,0.001,0.,0.001,0.002,0.,0.002,0.003,0.,0.003,0.,0.,0.,0.005,0.,0.005,0.,0.,0.,0.,0.,0.,0.006,0.,0.006,,,
1120,0.002,0.,0.002,0.002,0.,0.002,0.003,0.,0.003,0.,0.,0.,0.005,0.,0.005,0.,0.,0.,0.,0.,0.,0.006,0.,0.006,,,
1130,0.001,0.,0.001,0.003,0.,0.003,0.003,0.,0.003,0.,0.,0.,0.005,0.,0.005,0.,0.,0.,0.,0.,0.,0.006,0.,0.006,,,
1140,0.004,0.,0.004,0.002,0.,0.002,0.003,0.,0.003,0.,0.,0.,0.007,0.,0.007,0.,0.,0.,0.,0.,0.,0.008,0.,0.008,,,
1150,0.002,0.,0.002,0.003,0.,0.003,0.003,0.,0.003,0.,0.,0.,0.005,0.,0.005,0.,0.,0.,0.,0.,0.,0.006,0.,0.006,,,
1160,0.002,0.,0.002,0.002,0.,0.002,0.003,0.,0.003,0.,0.,0.,0.006,0.,0.006,0.,0.,0.,0.,0.,0.,0.007,0.,0.007,,,
1170,0.002,0.,0.002,0.002,0.,0.002,0.003,0.,0.003,0.,0.,0.,0.005,0.,0.005,0.,0.,0.,0.,0.,0.,0.006,0.,0.006,,,
1180,0.001,0.,0.001,0.002,0.,0.002,0.002,0.,0.002,0.,0.,0.,0.005,0.,0.005,0.,0.,0.,0.,0.,0.,0.006,0.,0.006,,,
1190,0.001,0.,0.001,0.002,0.,0.002,0.003,0.,0.003,0.,0.,0.,0.005,0.,0.005,0.,0.,0.,0.,0.,0.,0.006,0.,0.006,,,
1200,0.001,0.,0.001,0.002,0.,0.002,0.002,0.,0.002,0.,0.,0.,0.004,0.,0.004,0.,0.,0.,0.,0.,0.,0.005,0.,0.005,,,
1210,0.089,0.,0.089,0.002,0.,0.002,0.003,0.,0.003,0.,0.,0.,0.092,0.,0.092,0.,0.,0.,0.,0.,0.,0.093,0.,0.093,,,
1220,0.002,0.,0.002,0.002,0.,0.002,0.003,0.,0.003,0.,0.,0.,0.005,0.,0.005,0.,0.,0.,0.,0.,0.,0.006,0.,0.006,,,
1230,0.002,0.,0.002,0.002,0.,0.002,0.003,0.,0.003,0.,0.,0.,0.005,0.,0.005,0.,0.,0.,0.,0.,0.,0.006,0.,0.006,,,
1240,0.002,0.,0.002,0.002,0.,0.002,0.007,0.,0.007,0.,0.,0.,0.009,0.,0.009,0.,0.,0.,0.,0.,0.,0.01,0.,0.01,,,
1250,0.002,0.,0.002,0.002,0.,0.002,0.003,0.,0.003,0.,0.,0.,0.006,0.,0.006,0.,0.,0.,0.,0.,0.,0.007,0.,0.007,,,
1260,0.002,0.,0.002,0.002,0.,0.002,0.003,0.,0.003,0.,0.,0.,0.006,0.,0.006,0.,0.,0.,0.,0.,0.,0.007,0.,0.007,,,
1270,0.002,0.,0.002,0.002,0.,0.002,0.004,0.,0.004,0.,0.,0.,0.006,0.,0.006,0.,0.,0.,0.,0.,0.,0.007,0.,0.007,,,
1280,0.002,0.,0.002,0.002,0.,0.002,0.003,0.,0.003,0.001,0.,0.001,0.005,0.,0.005,0.,0.,0.,0.,0.,0.,0.007,0.,0.007,,,
1290,0.001,0.,0.001,0.002,0.,0.002,0.004,0.,0.004,0.,0.,0.,0.006,0.,0.006,0.,0.,0.,0.,0.,0.,0.007,0.,0.007,,,
1300,0.002,0.,0.002,0.003,0.,0.003,0.004,0.,0.004,0.,0.,0.,0.006,0.,0.006,0.,0.,0.,0.,0.,0.,0.007,0.,0.007,,,
1310,0.002,0.,0.002,0.003,0.,0.003,0.003,0.,0.003,0.,0.,0.,0.005,0.,0.005,0.,0.,0.,0.,0.,0.,0.006,0.,0.006,,,
1320,0.002,0.,0.002,0.003,0.,0.003,0.003,0.,0.003,0.,0.,0.,0.006,0.,0.006,0.,0.,0.,0.,0.,0.,0.007,0.,0.007,,,
1330,0.002,0.,0.002,0.003,0.,0.003,0.003,0.,0.003,0.,0.,0.,0.005,0.,0.005,0.,0.,0.,0.,0.,0.,0.006,0.,0.006,,,
1340,0.002,0.,0.002,0.002,0.,0.002,0.003,0.,0.003,0.,0.,0.,0.006,0.,0.006,0.,0.,0.,0.,0.,0.,0.007,0.,0.007,,,
1350,0.002,0.,0.002,0.003,0.,0.003,0.003,0.,0.003,0.,0.,0.,0.005,0.,0.005,0.,0.,0.,0.,0.,0.,0.006,0.,0.006,,,
1360,0.002,0.,0.002,0.003,0.,0.003,0.003,0.,0.003,0.,0.,0.,0.006,0.,0.006,0.,0.,0.,0.,0.,0.,0.007,0.,0.007,,,
1370,0.002,0.,0.002,0.006,0.003,0.003,0.003,0.,0.003,0.,0.,0.,0.006,0.,0.006,0.,0.,0.,0.,0.,0.,0.007,0.,0.007,,,
1380,0.002,0.,0.002,0.003,0.,0.003,0.003,0.,0.003,0.,0.,0.,0.006,0.,0.006,0.,0.,0.,0.,0.,0.,0.007,0.,0.007,,,
1390,0.003,0.,0.003,0.003,0.,0.003,0.003,0.,0.003,0.,0.,0.,0.007,0.,0.007,0.,0.,0.,0.,0.,0.,0.008,0.,0.008,,,
1400,0.002,0.,0.002,0.017,0.,0.017,0.003,0.,0.003,0.,0.,0.,0.005,0.,0.005,0.,0.,0.,0.,0.,0.,0.006,0.,0.006,,,
1410,0.002,0.,0.002,0.003,0.,0.002,0.003,0.,0.003,0.,0.,0.,0.005,0.,0.005,0.,0.,0.,0.,0.,0.,0.006,0.,0.006,,,
1420,0.002,0.,0.002,0.003,0.,0.003,0.003,0.,0.003,0.,0.,0.,0.005,0.,0.005,0.,0.,0.,0.,0.,0.,0.006,0.,0.006,,,
1430,0.002,0.,0.002,0.003,0.,0.003,0.003,0.,0.003,0.,0.,0.,0.006,0.,0.006,0.,0.,0.,0.,0.,0.,0.007,0.,0.007,,,
1440,0.002,0.,0.002,0.003,0.,0.003,0.003,0.,0.003,0.,0.,0.,0.006,0.,0.006,0.,0.,0.,0.,0.,0.,0.007,0.,0.007,,,
1450,0.002,0.,0.002,0.002,0.,0.002,0.003,0.,0.003,0.001,0.,0.001,0.006,0.,0.006,0.,0.,0.,0.,0.,0.,0.007,0.,0.007,,,
1460,0.002,0.,0.002,0.002,0.,0.002,0.003,0.,0.003,0.,0.,0.,0.006,0.,0.006,0.,0.,0.,0.,0.,0.,0.006,0.,0.006,,,
1470,0.002,0.,0.002,0.003,0.,0.003,0.004,0.,0.004,0.,0.,0.,0.006,0.,0.006,0.,0.,0.,0.,0.,0.,0.007,0.,0.007,,,
1480,0.003,0.,0.003,0.003,0.,0.003,0.004,0.,0.004,0.001,0.,0.001,0.008,0.,0.008,0.,0.,0.,0.,0.,0.,0.104,0.,0.104,,,
1490,0.002,0.,0.002,0.003,0.,0.003,0.004,0.,0.004,0.,0.,0.,0.006,0.,0.006,0.,0.,0.,0.,0.,0.,0.007,0.,0.007,,,
1500,0.002,0.,0.002,0.003,0.,0.003,0.004,0.,0.004,0.,0.,0.,0.007,0.,0.007,0.,0.,0.,0.,0.,0.,0.008,0.,0.008,,,
1510,0.002,0.,0.002,0.003,0.,0.003,0.007,0.003,0.003,0.,0.,0.,0.01,0.003,0.006,0.,0.,0.,0.,0.,0.,0.011,0.003,0.007,,,
1520,0.002,0.,0.002,0.003,0.,0.003,0.004,0.,0.004,0.,0.,0.,0.007,0.,0.007,0.,0.,0.,0.,0.,0.,0.008,0.,0.008,,,
1530,0.002,0.,0.002,0.002,0.,0.002,0.004,0.,0.004,0.,0.,0.,0.006,0.,0.006,0.,0.,0.,0.,0.,0.,0.008,0.,0.008,,,
1540,0.002,0.,0.002,0.026,0.,0.026,0.004,0.,0.004,0.,0.,0.,0.007,0.,0.007,0.,0.,0.,0.,0.,0.,0.008,0.,0.008,,,
1550,0.002,0.,0.002,0.003,0.,0.003,0.004,0.,0.004,0.,0.,0.,0.006,0.,0.006,0.,0.,0.,0.,0.,0.,0.007,0.,0.007,,,
1560,0.002,0.,0.002,0.003,0.,0.003,0.003,0.,0.003,0.,0.,0.,0.006,0.,0.006,0.,0.,0.,0.,0.,0.,0.007,0.,0.007,,,
1570,0.002,0.,0.002,0.003,0.,0.003,0.004,0.,0.004,0.,0.,0.,0.007,0.,0.007,0.,0.,0.,0.,0.,0.,0.008,0.,0.008,,,
1580,0.002,0.,0.002,0.003,0.,0.003,0.004,0.,0.004,0.001,0.,0.001,0.007,0.,0.007,0.,0.,0.,0.,0.,0.,0.008,0.,0.008,,,
1590,0.002,0.,0.002,0.003,0.,0.003,0.004,0.,0.004,0.,0.,0.,0.007,0.,0.007,0.,0.,0.,0.,0.,0.,0.008,0.,0.008,,,
1600,0.003,0.,0.003,0.003,0.,0.003,0.004,0.,0.004,0.001,0.,0.001,0.007,0.,0.007,0.,0.,0.,0.,0.,0.,0.008,0.,0.008,,,
1610,0.002,0.,0.002,0.003,0.,0.003,0.004,0.,0.004,0.,0.,0.,0.007,0.,0.007,0.,0.,0.,0.,0.,0.,0.008,0.,0.008,,,
1620,0.002,0.,0.002,0.003,0.,0.003,0.004,0.,0.004,0.,0.,0.,0.007,0.,0.007,0.,0.,0.,0.,0.,0.,0.008,0.,0.008,,,
1630,0.002,0.,0.002,0.004,0.,0.004,0.004,0.,0.004,0.,0.,0.,0.007,0.,0.007,0.,0.,0.,0.,0.,0.,0.008,0.,0.008,,,
1640,0.002,0.,0.002,0.003,0.,0.003,0.023,0.,0.023,0.001,0.,0.001,0.025,0.,0.025,0.,0.,0.,0.,0.,0.,0.027,0.,0.027,,,
1650,0.002,0.,0.002,0.003,0.,0.003,0.004,0.,0.004,0.001,0.,0.001,0.006,0.,0.006,0.,0.,0.,0.,0.,0.,0.008,0.,0.008,,,
1660,0.002,0.,0.002,0.003,0.,0.003,0.004,0.,0.004,0.,0.,0.,0.006,0.,0.006,0.,0.,0.,0.,0.,0.,0.007,0.,0.007,,,
1670,0.002,0.,0.002,0.003,0.,0.003,0.004,0.,0.004,0.001,0.,0.001,0.007,0.,0.007,0.,0.,0.,0.,0.,0.,0.009,0.,0.009,,,
1680,0.002,0.,0.002,0.004,0.,0.004,0.004,0.,0.004,0.001,0.,0.001,0.007,0.,0.007,0.,0.,0.,0.,0.,0.,0.008,0.,0.008,,,
1690,0.002,0.,0.002,0.003,0.,0.003,0.025,0.,0.025,0.001,0.,0.001,0.027,0.,0.027,0.,0.,0.,0.,0.,0.,0.029,0.,0.029,,,
1700,0.003,0.,0.003,0.004,0.,0.004,0.005,0.,0.005,0.001,0.,0.001,0.008,0.,0.008,0.,0.,0.,0.,0.,0.,0.009,0.,0.009,,,
1710,0.002,0.,0.002,0.003,0.,0.003,0.005,0.,0.005,0.001,0.,0.001,0.008,0.,0.008,0.,0.,0.,0.,0.,0.,0.009,0.,0.009,,,
1720,0.002,0.,0.002,0.003,0.,0.003,0.005,0.,0.005,0.001,0.,0.001,0.007,0.,0.007,0.,0.,0.,0.,0.,0.,0.009,0.,0.009,,,
1730,0.003,0.,0.003,0.003,0.,0.003,0.004,0.,0.004,0.001,0.,0.001,0.007,0.,0.007,0.,0.,0.,0.,0.,0.,0.009,0.,0.009,,,
1740,0.002,0.,0.002,0.009,0.,0.009,0.004,0.,0.004,0.001,0.,0.001,0.007,0.,0.007,0.,0.,0.,0.,0.,0.,0.008,0.,0.008,,,
1750,0.002,0.,0.002,0.003,0.,0.003,0.005,0.,0.005,0.,0.,0.,0.008,0.,0.008,0.,0.,0.,0.,0.,0.,0.009,0.,0.009,,,
1760,0.003,0.,0.003,0.004,0.,0.004,0.029,0.,0.029,0.001,0.,0.001,0.033,0.,0.033,0.,0.,0.,0.,0.,0.,0.034,0.,0.034,,,
1770,0.002,0.,0.002,0.003,0.,0.003,0.004,0.,0.004,0.,0.,0.,0.007,0.,0.007,0.,0.,0.,0.,0.,0.,0.008,0.,0.008,,,
1780,0.003,0.,0.003,0.003,0.,0.003,0.005,0.,0.005,0.001,0.,0.001,0.008,0.,0.008,0.,0.,0.,0.,0.,0.,0.009,0.,0.009,,,
1790,0.002,0.,0.002,0.004,0.,0.004,0.004,0.,0.004,0.,0.,0.,0.007,0.,0.007,0.,0.,0.,0.,0.,0.,0.008,0.,0.008,,,
1800,0.003,0.,0.003,0.004,0.,0.004,0.005,0.,0.005,0.001,0.,0.001,0.008,0.,0.008,0.,0.,0.,0.,0.,0.,0.01,0.,0.01,,,
1810,0.002,0.,0.002,0.003,0.,0.003,0.004,0.,0.004,0.001,0.,0.001,0.007,0.,0.007,0.,0.,0.,0.,0.,0.,0.008,0.,0.008,,,
1820,0.002,0.,0.002,0.003,0.,0.003,0.004,0.,0.004,0.001,0.,0.001,0.007,0.,0.007,0.,0.,0.,0.,0.,0.,0.009,0.,0.009,,,
1830,0.003,0.,0.003,0.004,0.,0.004,0.008,0.,0.008,0.,0.,0.,0.011,0.,0.011,0.,0.,0.,0.,0.,0.,0.012,0.,0.012,,,
1840,0.003,0.,0.003,0.003,0.,0.003,0.004,0.,0.004,0.001,0.,0.001,0.008,0.,0.008,0.,0.,0.,0.,0.,0.,0.009,0.,0.009,,,
1850,0.002,0.,0.002,0.004,0.,0.004,0.004,0.,0.004,0.,0.,0.,0.007,0.,0.007,0.,0.,0.,0.,0.,0.,0.009,0.,0.009,,,
1860,0.002,0.,0.002,0.003,0.,0.003,0.004,0.,0.004,0.001,0.,0.001,0.007,0.,0.007,0.,0.,0.,0.,0.,0.,0.009,0.,0.009,,,
1870,0.002,0.,0.002,0.003,0.,0.003,0.004,0.,0.004,0.001,0.,0.001,0.007,0.,0.007,0.,0.,0.,0.,0.,0.,0.009,0.,0.009,,,
1880,0.003,0.,0.003,0.004,0.,0.004,0.004,0.,0.004,0.,0.,0.,0.008,0.,0.008,0.,0.,0.,0.,0.,0.,0.009,0.,0.009,,,
1890,0.003,0.,0.003,0.003,0.,0.003,0.005,0.,0.005,0.,0.,0.,0.008,0.,0.008,0.,0.,0.,0.,0.,0.,0.009,0.,0.009,,,
1900,0.003,0.,0.003,0.006,0.,0.006,0.005,0.,0.005,0.001,0.,0.001,0.008,0.,0.008,0.,0.,0.,0.,0.,0.,0.009,0.,0.009,,,
1910,0.003,0.,0.003,0.005,0.,0.005,0.005,0.,0.005,0.001,0.,0.001,0.008,0.,0.008,0.,0.,0.,0.,0.,0.,0.009,0.,0.009,,,
1920,0.005,0.,0.005,0.004,0.,0.004,0.005,0.,0.005,0.,0.,0.,0.01,0.,0.01,0.,0.,0.,0.,0.,0.,0.012,0.,0.012,,,
1930,0.003,0.,0.003,0.004,0.,0.004,0.005,0.,0.005,0.001,0.,0.001,0.008,0.,0.008,0.,0.,0.,0.,0.,0.,0.01,0.,0.01,,,
1940,0.003,0.,0.003,0.005,0.,0.005,0.006,0.,0.006,0.001,0.,0.001,0.01,0.,0.01,0.,0.,0.,0.,0.,0.,0.011,0.,0.011,,,
1950,0.003,0.,0.003,0.003,0.,0.003,0.005,0.,0.005,0.001,0.,0.001,0.009,0.,0.009,0.,0.,0.,0.,0.,0.,0.01,0.,0.01,,,
1960,0.004,0.,0.004,0.003,0.,0.003,0.01,0.,0.01,0.,0.,0.,0.015,0.,0.015,0.,0.,0.,0.,0.,0.,0.016,0.,0.016,,,
1970,0.003,0.,0.003,0.004,0.,0.004,0.006,0.,0.006,0.001,0.,0.001,0.009,0.,0.009,0.,0.,0.,0.,0.,0.,0.011,0.,0.011,,,
1980,0.002,0.,0.002,0.004,0.,0.004,0.004,0.,0.004,0.004,0.,0.004,0.007,0.,0.007,0.,0.,0.,0.,0.,0.,0.012,0.,0.012,,,
1990,0.002,0.,0.002,0.004,0.,0.004,0.006,0.,0.006,0.001,0.,0.001,0.009,0.,0.009,0.,0.,0.,0.,0.,0.,0.01,0.,0.01,,,
2000,0.003,0.,0.003,0.003,0.,0.003,0.005,0.,0.005,0.,0.,0.,0.008,0.,0.008,0.,0.,0.,0.,0.,0.,0.009,0.,0.009,,,
2050,0.003,0.,0.003,0.004,0.,0.004,0.005,0.,0.005,0.001,0.,0.001,0.009,0.,0.009,0.,0.,0.,0.,0.,0.,0.01,0.,0.01,,,
2100,0.003,0.,0.003,0.004,0.,0.004,0.006,0.,0.006,0.001,0.,0.001,0.009,0.,0.009,0.,0.,0.,0.,0.,0.,0.011,0.,0.011,,,
2150,0.003,0.,0.003,0.004,0.,0.004,0.006,0.,0.006,0.001,0.,0.001,0.01,0.,0.01,0.,0.,0.,0.,0.,0.,0.011,0.,0.011,,,
2200,0.003,0.,0.003,0.004,0.,0.004,0.016,0.,0.016,0.001,0.,0.001,0.02,0.,0.02,0.,0.,0.,0.,0.,0.,0.022,0.,0.022,,,
2250,0.003,0.,0.003,0.005,0.,0.005,0.006,0.,0.006,0.001,0.,0.001,0.01,0.,0.01,0.,0.,0.,0.,0.,0.,0.011,0.,0.011,,,
2300,0.003,0.,0.003,0.005,0.,0.005,0.009,0.,0.009,0.001,0.,0.001,0.013,0.,0.013,0.,0.,0.,0.,0.,0.,0.015,0.,0.015,,,
2350,0.003,0.,0.003,0.005,0.,0.005,0.006,0.,0.006,0.001,0.,0.001,0.01,0.,0.01,0.,0.,0.,0.,0.,0.,0.011,0.,0.011,,,
2400,0.004,0.,0.004,0.009,0.,0.009,0.006,0.,0.006,0.001,0.,0.001,0.011,0.,0.011,0.,0.,0.,0.,0.,0.,0.012,0.,0.012,,,
2450,0.003,0.,0.003,0.005,0.,0.005,0.007,0.,0.007,0.001,0.,0.001,0.011,0.,0.011,0.,0.,0.,0.,0.,0.,0.013,0.,0.013,,,
2500,0.004,0.,0.004,0.005,0.,0.005,0.006,0.,0.006,0.001,0.,0.001,0.012,0.,0.012,0.,0.,0.,0.,0.,0.,0.013,0.,0.013,,,
2550,0.004,0.,0.004,0.005,0.,0.005,0.014,0.,0.014,0.001,0.,0.001,0.018,0.,0.018,0.,0.,0.,0.,0.,0.,0.02,0.,0.02,,,
2600,0.004,0.,0.004,0.006,0.,0.006,0.007,0.,0.007,0.001,0.,0.001,0.011,0.,0.011,0.,0.,0.,0.,0.,0.,0.013,0.,0.013,,,
2650,0.004,0.,0.004,0.009,0.,0.009,0.006,0.,0.006,0.001,0.,0.001,0.011,0.,0.011,0.,0.,0.,0.,0.,0.,0.013,0.,0.013,,,
2700,0.004,0.,0.004,0.005,0.,0.005,0.007,0.,0.007,0.001,0.,0.001,0.012,0.,0.012,0.,0.,0.,0.,0.,0.,0.013,0.,0.013,,,
2750,0.004,0.,0.004,0.006,0.,0.006,0.007,0.,0.007,0.001,0.,0.001,0.011,0.,0.011,0.,0.,0.,0.,0.,0.,0.013,0.,0.013,,,
2800,0.006,0.,0.006,0.007,0.,0.007,0.007,0.,0.007,0.001,0.,0.001,0.013,0.,0.013,0.,0.,0.,0.,0.,0.,0.015,0.,0.015,,,
2850,0.004,0.,0.004,0.007,0.,0.007,0.007,0.,0.007,0.001,0.,0.001,0.012,0.,0.012,0.,0.,0.,0.,0.,0.,0.014,0.,0.014,,,
2900,0.004,0.,0.004,0.006,0.,0.006,0.008,0.,0.008,0.001,0.,0.001,0.012,0.,0.012,0.,0.,0.,0.,0.,0.,0.014,0.,0.014,,,
2950,0.005,0.,0.005,0.007,0.,0.007,0.007,0.,0.007,0.001,0.,0.001,0.012,0.,0.012,0.,0.,0.,0.,0.,0.,0.014,0.,0.014,,,
3000,0.004,0.,0.004,0.006,0.,0.006,0.016,0.,0.016,0.001,0.,0.001,0.02,0.,0.02,0.,0.,0.,0.,0.,0.,0.022,0.,0.022,,,
3050,0.005,0.,0.005,0.006,0.,0.006,0.007,0.,0.007,0.001,0.,0.001,0.013,0.,0.013,0.,0.,0.,0.,0.,0.,0.015,0.,0.015,,,
3100,0.005,0.,0.005,0.009,0.,0.009,0.009,0.,0.009,0.001,0.,0.001,0.015,0.,0.015,0.,0.,0.,0.,0.,0.,0.017,0.,0.017,,,
3150,0.005,0.,0.005,0.013,0.,0.013,0.009,0.,0.008,0.001,0.,0.001,0.014,0.,0.014,0.,0.,0.,0.,0.,0.,0.016,0.,0.016,,,
3200,0.005,0.,0.005,0.006,0.,0.006,0.011,0.,0.011,0.002,0.,0.002,0.017,0.,0.017,0.,0.,0.,0.,0.,0.,0.02,0.,0.02,,,
3250,0.005,0.,0.005,0.007,0.,0.007,0.01,0.,0.01,0.002,0.,0.002,0.016,0.,0.016,0.,0.,0.,0.,0.,0.,0.018,0.,0.018,,,
3300,0.005,0.,0.005,0.007,0.,0.007,0.009,0.,0.009,0.002,0.,0.002,0.014,0.,0.014,0.,0.,0.,0.,0.,0.,0.017,0.,0.017,,,
3350,0.005,0.,0.005,0.009,0.,0.009,0.01,0.,0.01,0.002,0.,0.002,0.015,0.,0.015,0.,0.,0.,0.,0.,0.,0.018,0.,0.018,,,
3400,0.009,0.,0.009,0.007,0.,0.007,0.008,0.,0.008,0.001,0.,0.001,0.018,0.,0.018,0.,0.,0.,0.,0.,0.,0.02,0.,0.02,,,
3450,0.005,0.,0.005,0.007,0.,0.007,0.02,0.,0.02,0.001,0.,0.001,0.025,0.,0.025,0.,0.,0.,0.,0.,0.,0.027,0.,0.027,,,
3500,0.005,0.,0.005,0.008,0.,0.008,0.009,0.,0.009,0.002,0.,0.002,0.015,0.,0.015,0.,0.,0.,0.,0.,0.,0.017,0.,0.017,,,
3550,0.006,0.,0.006,0.008,0.,0.008,0.011,0.,0.011,0.002,0.,0.002,0.018,0.,0.018,0.,0.,0.,0.,0.,0.,0.021,0.,0.021,,,
3600,0.006,0.,0.006,0.008,0.,0.008,0.01,0.,0.01,0.002,0.,0.002,0.016,0.,0.016,0.,0.,0.,0.,0.,0.,0.018,0.,0.018,,,
3650,0.006,0.003,0.002,0.019,0.,0.019,0.011,0.,0.011,0.002,0.,0.002,0.018,0.003,0.014,0.,0.,0.,0.,0.,0.,0.021,0.003,0.017,,,
3700,0.007,0.,0.007,0.014,0.,0.013,0.013,0.003,0.009,0.002,0.,0.002,0.021,0.003,0.016,0.,0.,0.,0.,0.,0.,0.023,0.003,0.019,,,
3750,0.007,0.,0.006,0.01,0.,0.009,0.019,0.,0.019,0.002,0.,0.002,0.027,0.,0.026,0.,0.,0.,0.,0.,0.,0.03,0.,0.029,,,
3800,0.006,0.,0.006,0.008,0.,0.008,0.023,0.,0.023,0.002,0.,0.002,0.03,0.,0.03,0.,0.,0.,0.,0.,0.,0.032,0.,0.032,,,
3850,0.006,0.,0.006,0.008,0.,0.008,0.025,0.,0.025,0.002,0.,0.002,0.032,0.,0.032,0.,0.,0.,0.,0.,0.,0.035,0.,0.035,,,
3900,0.007,0.,0.007,0.008,0.,0.008,0.025,0.,0.025,0.002,0.,0.002,0.032,0.,0.032,0.,0.,0.,0.,0.,0.,0.034,0.,0.034,,,
3950,0.006,0.,0.006,0.009,0.,0.009,0.01,0.,0.01,0.002,0.,0.002,0.017,0.,0.017,0.,0.,0.,0.,0.,0.,0.02,0.,0.02,,,
4000,0.006,0.,0.006,0.008,0.,0.008,0.012,0.,0.012,0.003,0.,0.003,0.018,0.,0.018,0.,0.,0.,0.,0.,0.,0.022,0.,0.022,,,
4050,0.006,0.,0.006,0.01,0.,0.01,0.011,0.,0.011,0.002,0.,0.002,0.018,0.,0.018,0.,0.,0.,0.,0.,0.,0.021,0.,0.021,,,
4100,0.007,0.,0.007,0.012,0.,0.012,0.012,0.,0.012,0.002,0.,0.002,0.02,0.,0.02,0.,0.,0.,0.,0.,0.,0.023,0.,0.023,,,
4150,0.006,0.,0.006,0.01,0.,0.01,0.011,0.,0.011,0.003,0.,0.003,0.018,0.,0.018,0.,0.,0.,0.,0.,0.,0.022,0.,0.022,,,
4200,0.007,0.,0.007,0.009,0.,0.009,0.012,0.,0.012,0.002,0.,0.002,0.02,0.,0.02,0.,0.,0.,0.,0.,0.,0.023,0.,0.023,,,
4250,0.007,0.,0.007,0.009,0.,0.009,0.012,0.,0.012,0.002,0.,0.002,0.02,0.,0.02,0.,0.,0.,0.,0.,0.,0.023,0.,0.023,,,
4300,0.008,0.,0.008,0.01,0.,0.01,0.014,0.,0.014,0.003,0.,0.003,0.022,0.,0.022,0.,0.,0.,0.,0.,0.,0.026,0.,0.026,,,
4350,0.007,0.,0.007,0.01,0.,0.01,0.012,0.,0.012,0.002,0.,0.002,0.019,0.,0.019,0.,0.,0.,0.,0.,0.,0.022,0.,0.022,,,
4400,0.007,0.,0.007,0.009,0.,0.009,0.012,0.,0.012,0.003,0.,0.003,0.019,0.,0.019,0.,0.,0.,0.,0.,0.,0.022,0.,0.022,,,
4450,0.007,0.,0.007,0.01,0.,0.01,0.015,0.,0.015,0.003,0.,0.003,0.023,0.,0.023,0.,0.,0.,0.,0.,0.,0.026,0.,0.026,,,
4500,0.006,0.,0.006,0.009,0.,0.009,0.029,0.004,0.025,0.002,0.,0.002,0.036,0.004,0.032,0.,0.,0.,0.,0.,0.,0.039,0.004,0.035,,,
4550,0.006,0.,0.006,0.009,0.,0.009,0.03,0.,0.03,0.003,0.,0.003,0.037,0.,0.037,0.,0.,0.,0.,0.,0.,0.04,0.,0.04,,,
4600,0.007,0.,0.007,0.009,0.,0.009,0.021,0.,0.021,0.002,0.,0.002,0.029,0.,0.029,0.,0.,0.,0.,0.,0.,0.031,0.,0.031,,,
4650,0.018,0.,0.018,0.01,0.,0.01,0.012,0.,0.012,0.003,0.,0.003,0.031,0.,0.031,0.,0.,0.,0.,0.,0.,0.035,0.,0.035,,,
4700,0.007,0.,0.007,0.025,0.003,0.021,0.013,0.,0.013,0.002,0.,0.002,0.021,0.,0.021,0.,0.,0.,0.,0.,0.,0.024,0.,0.024,,,
4750,0.007,0.,0.007,0.021,0.,0.021,0.012,0.,0.012,0.002,0.,0.002,0.02,0.,0.019,0.,0.,0.,0.,0.,0.,0.023,0.,0.023,,,
4800,0.007,0.,0.007,0.01,0.,0.01,0.013,0.,0.013,0.003,0.,0.003,0.02,0.,0.02,0.,0.,0.,0.,0.,0.,0.023,0.,0.023,,,
4850,0.007,0.,0.007,0.011,0.,0.011,0.015,0.,0.015,0.003,0.,0.003,0.022,0.,0.022,0.,0.,0.,0.,0.,0.,0.027,0.,0.027,,,
4900,0.007,0.,0.007,0.009,0.,0.009,0.016,0.,0.016,0.002,0.,0.002,0.024,0.,0.024,0.,0.,0.,0.,0.,0.,0.028,0.,0.028,,,
4950,0.008,0.,0.008,0.011,0.,0.011,0.023,0.007,0.015,0.002,0.,0.002,0.031,0.007,0.023,0.,0.,0.,0.,0.,0.,0.034,0.007,0.026,,,
5000,0.011,0.,0.011,0.011,0.,0.011,0.014,0.,0.014,0.003,0.,0.003,0.026,0.,0.026,0.,0.,0.,0.,0.,0.,0.029,0.,0.029,,,
5050,0.007,0.,0.007,0.028,0.,0.028,0.015,0.003,0.011,0.003,0.,0.003,0.023,0.003,0.019,0.,0.,0.,0.,0.,0.,0.027,0.003,0.023,,,
5100,0.008,0.,0.008,0.01,0.,0.01,0.013,0.,0.013,0.003,0.,0.003,0.021,0.,0.021,0.,0.,0.,0.,0.,0.,0.025,0.,0.025,,,
5150,0.009,0.,0.009,0.01,0.,0.01,0.017,0.,0.017,0.003,0.,0.003,0.026,0.,0.026,0.,0.,0.,0.,0.,0.,0.03,0.,0.03,,,
5200,0.007,0.,0.007,0.011,0.,0.011,0.023,0.,0.023,0.002,0.,0.002,0.03,0.,0.03,0.,0.,0.,0.,0.,0.,0.034,0.,0.034,,,
5250,0.008,0.,0.008,0.011,0.,0.011,0.013,0.,0.013,0.003,0.,0.003,0.022,0.,0.022,0.,0.,0.,0.,0.,0.,0.025,0.,0.025,,,
5300,0.008,0.,0.008,0.011,0.,0.011,0.014,0.,0.014,0.003,0.,0.004,0.023,0.,0.023,0.,0.,0.,0.,0.,0.,0.028,0.,0.028,,,
5350,0.008,0.,0.008,0.011,0.,0.011,0.03,0.,0.03,0.002,0.,0.002,0.039,0.,0.039,0.,0.,0.,0.,0.,0.,0.041,0.,0.041,,,
5400,0.01,0.,0.01,0.012,0.,0.012,0.024,0.,0.024,0.003,0.,0.003,0.035,0.,0.035,0.,0.,0.,0.,0.,0.,0.039,0.,0.039,,,
5450,0.008,0.,0.008,0.022,0.,0.022,0.016,0.,0.016,0.004,0.,0.004,0.025,0.,0.025,0.,0.,0.,0.,0.,0.,0.029,0.,0.029,,,
5500,0.008,0.,0.008,0.012,0.,0.012,0.015,0.,0.015,0.019,0.,0.019,0.024,0.,0.024,0.,0.,0.,0.,0.,0.,0.043,0.,0.043,,,
5550,0.009,0.,0.009,0.012,0.,0.012,0.023,0.,0.023,0.004,0.,0.004,0.033,0.,0.033,0.,0.,0.,0.,0.,0.,0.037,0.,0.037,,,
5600,0.008,0.,0.008,0.023,0.,0.023,0.015,0.,0.015,0.003,0.,0.003,0.024,0.,0.024,0.,0.,0.,0.,0.,0.,0.028,0.,0.028,,,
5650,0.01,0.,0.01,0.012,0.,0.012,0.02,0.,0.02,0.02,0.,0.02,0.03,0.,0.03,0.,0.,0.,0.,0.,0.,0.051,0.,0.051,,,
5700,0.009,0.,0.009,0.013,0.,0.013,0.024,0.,0.024,0.003,0.,0.003,0.033,0.,0.033,0.,0.,0.,0.,0.,0.,0.037,0.,0.037,,,
5750,0.009,0.,0.009,0.021,0.,0.021,0.015,0.,0.015,0.004,0.003,0.,0.024,0.,0.024,0.,0.,0.,0.,0.,0.,0.029,0.003,0.025,,,
5800,0.009,0.,0.009,0.012,0.,0.012,0.041,0.,0.041,0.002,0.,0.002,0.05,0.,0.05,0.,0.,0.,0.,0.,0.,0.054,0.,0.054,,,
5850,0.019,0.003,0.015,0.012,0.,0.012,0.018,0.,0.018,0.003,0.,0.003,0.038,0.003,0.034,0.,0.,0.,0.,0.,0.,0.041,0.003,0.037,,,
5900,0.008,0.,0.008,0.025,0.,0.025,0.016,0.,0.016,0.003,0.,0.003,0.025,0.,0.025,0.,0.,0.,0.,0.,0.,0.029,0.,0.029,,,
5950,0.008,0.,0.008,0.013,0.,0.013,0.019,0.,0.019,0.004,0.,0.004,0.028,0.,0.028,0.,0.,0.,0.,0.,0.,0.033,0.,0.033,,,
6000,0.009,0.,0.009,0.023,0.007,0.015,0.016,0.,0.016,0.003,0.,0.003,0.026,0.,0.026,0.,0.,0.,0.,0.,0.,0.03,0.,0.03,,,
6050,0.008,0.,0.008,0.013,0.,0.013,0.036,0.,0.036,0.002,0.,0.002,0.045,0.,0.045,0.,0.,0.,0.,0.,0.,0.048,0.,0.048,,,
6100,0.01,0.,0.01,0.012,0.,0.012,0.018,0.,0.018,0.004,0.,0.004,0.028,0.,0.028,0.,0.,0.,0.,0.,0.,0.057,0.,0.057,,,
6150,0.009,0.,0.009,0.013,0.,0.013,0.024,0.,0.024,0.004,0.,0.004,0.035,0.,0.035,0.,0.,0.,0.,0.,0.,0.039,0.,0.039,,,
6200,0.015,0.003,0.011,0.013,0.,0.013,0.015,0.,0.015,0.003,0.,0.003,0.031,0.003,0.027,0.,0.,0.,0.,0.,0.,0.034,0.003,0.03,,,
6250,0.009,0.,0.009,0.013,0.,0.013,0.022,0.,0.022,0.017,0.,0.017,0.032,0.,0.032,0.,0.,0.,0.,0.,0.,0.05,0.,0.05,,,
6300,0.025,0.,0.025,0.015,0.,0.015,0.017,0.,0.017,0.005,0.,0.005,0.042,0.,0.042,0.,0.,0.,0.,0.,0.,0.048,0.,0.048,,,
6350,0.009,0.,0.009,0.013,0.,0.013,0.018,0.,0.018,0.015,0.,0.015,0.027,0.,0.027,0.,0.,0.,0.,0.,0.,0.042,0.,0.042,,,
6400,0.015,0.,0.015,0.013,0.,0.013,0.018,0.,0.018,0.003,0.,0.003,0.034,0.,0.034,0.,0.,0.,0.,0.,0.,0.037,0.,0.037,,,
6450,0.009,0.,0.009,0.013,0.,0.013,0.04,0.,0.04,0.003,0.,0.003,0.05,0.,0.05,0.,0.,0.,0.,0.,0.,0.054,0.,0.054,,,
6500,0.027,0.,0.027,0.014,0.,0.014,0.016,0.,0.016,0.004,0.,0.004,0.044,0.,0.044,0.,0.,0.,0.,0.,0.,0.048,0.,0.048,,,
6550,0.009,0.,0.009,0.014,0.,0.014,0.023,0.,0.023,0.004,0.,0.004,0.033,0.,0.033,0.,0.,0.,0.,0.,0.,0.037,0.,0.037,,,
6600,0.009,0.,0.009,0.021,0.,0.021,0.018,0.,0.018,0.004,0.,0.004,0.028,0.,0.028,0.,0.,0.,0.,0.,0.,0.033,0.,0.033,,,
6650,0.009,0.,0.009,0.014,0.,0.014,0.034,0.,0.034,0.003,0.,0.003,0.044,0.,0.044,0.,0.,0.,0.,0.,0.,0.048,0.,0.048,,,
6700,0.01,0.,0.01,0.015,0.,0.015,0.018,0.,0.018,0.004,0.,0.004,0.029,0.,0.029,0.,0.,0.,0.,0.,0.,0.034,0.,0.034,,,
6750,0.011,0.,0.011,0.014,0.,0.014,0.023,0.,0.023,0.004,0.,0.004,0.035,0.,0.035,0.,0.,0.,0.,0.,0.,0.04,0.,0.04,,,
6800,0.009,0.,0.009,0.014,0.,0.014,0.021,0.,0.021,0.004,0.,0.004,0.031,0.,0.031,0.,0.,0.,0.,0.,0.,0.036,0.,0.036,,,
6850,0.01,0.,0.01,0.025,0.,0.025,0.019,0.,0.019,0.004,0.,0.004,0.03,0.,0.03,0.,0.,0.,0.,0.,0.,0.035,0.,0.035,,,
6900,0.01,0.,0.01,0.017,0.,0.017,0.045,0.,0.045,0.003,0.,0.003,0.056,0.,0.056,0.,0.,0.,0.,0.,0.,0.06,0.,0.06,,,
6950,0.01,0.,0.01,0.024,0.,0.024,0.018,0.,0.018,0.033,0.003,0.029,0.029,0.,0.029,0.,0.,0.,0.,0.,0.,0.063,0.003,0.059,,,
7000,0.024,0.,0.024,0.015,0.,0.015,0.02,0.,0.02,0.004,0.,0.004,0.044,0.,0.044,0.,0.,0.,0.,0.,0.,0.049,0.,0.049,,,
7050,0.01,0.,0.01,0.015,0.,0.015,0.025,0.,0.025,0.004,0.,0.004,0.037,0.,0.037,0.,0.,0.,0.,0.,0.,0.042,0.,0.042,,,
7100,0.011,0.,0.011,0.021,0.,0.021,0.02,0.,0.02,0.01,0.,0.01,0.031,0.,0.031,0.,0.,0.,0.,0.,0.,0.042,0.,0.042,,,
7150,0.01,0.,0.01,0.026,0.,0.026,0.02,0.,0.02,0.004,0.,0.004,0.031,0.,0.031,0.,0.,0.,0.,0.,0.,0.036,0.,0.036,,,
7200,0.01,0.,0.01,0.016,0.,0.016,0.033,0.003,0.029,0.004,0.,0.004,0.044,0.003,0.04,0.,0.,0.,0.,0.,0.,0.049,0.003,0.045,,,
7250,0.011,0.,0.011,0.016,0.,0.016,0.058,0.,0.058,0.003,0.,0.003,0.07,0.,0.07,0.,0.,0.,0.,0.,0.,0.074,0.,0.074,,,
7300,0.011,0.,0.011,0.032,0.,0.032,0.021,0.,0.021,0.005,0.,0.005,0.032,0.,0.032,0.,0.,0.,0.,0.,0.,0.038,0.,0.038,,,
7350,0.014,0.,0.014,0.02,0.,0.02,0.021,0.,0.021,0.004,0.,0.004,0.036,0.,0.036,0.,0.,0.,0.,0.,0.,0.041,0.,0.041,,,
7400,0.01,0.,0.01,0.016,0.,0.016,0.022,0.,0.022,0.004,0.,0.004,0.033,0.,0.033,0.,0.,0.,0.,0.,0.,0.038,0.,0.038,,,
7450,0.011,0.,0.011,0.016,0.,0.016,0.022,0.,0.021,0.005,0.003,0.001,0.033,0.,0.033,0.,0.,0.,0.,0.,0.,0.039,0.003,0.035,,,
7500,0.012,0.,0.012,0.027,0.,0.027,0.02,0.,0.02,0.004,0.,0.004,0.032,0.,0.032,0.,0.,0.,0.,0.,0.,0.037,0.,0.037,,,
7550,0.019,0.,0.019,0.017,0.,0.017,0.02,0.,0.02,0.005,0.,0.005,0.04,0.,0.04,0.,0.,0.,0.,0.,0.,0.046,0.,0.046,,,
7600,0.013,0.,0.013,0.017,0.,0.017,0.033,0.,0.033,0.005,0.,0.005,0.046,0.,0.046,0.,0.,0.,0.,0.,0.,0.052,0.,0.052,,,
7650,0.012,0.,0.012,0.017,0.,0.017,0.026,0.,0.026,0.005,0.,0.005,0.039,0.,0.039,0.,0.,0.,0.,0.,0.,0.045,0.,0.045,,,
7700,0.012,0.,0.012,0.021,0.,0.021,0.032,0.,0.032,0.005,0.,0.005,0.044,0.,0.044,0.,0.,0.,0.,0.,0.,0.05,0.,0.05,,,
7750,0.011,0.,0.011,0.027,0.,0.027,0.02,0.,0.02,0.025,0.,0.025,0.032,0.,0.032,0.,0.,0.,0.,0.,0.,0.058,0.,0.058,,,
7800,0.011,0.,0.011,0.031,0.,0.031,0.021,0.,0.021,0.005,0.,0.005,0.032,0.,0.032,0.,0.,0.,0.,0.,0.,0.038,0.,0.038,,,
7850,0.021,0.,0.021,0.021,0.,0.021,0.021,0.,0.021,0.004,0.,0.004,0.042,0.,0.042,0.,0.,0.,0.,0.,0.,0.047,0.,0.047,,,
7900,0.011,0.,0.011,0.017,0.,0.017,0.03,0.,0.03,0.004,0.,0.004,0.042,0.,0.042,0.,0.,0.,0.,0.,0.,0.047,0.,0.047,,,
7950,0.012,0.,0.012,0.017,0.,0.017,0.054,0.,0.054,0.004,0.,0.004,0.067,0.,0.067,0.,0.,0.,0.,0.,0.,0.071,0.,0.071,,,
8000,0.013,0.,0.013,0.017,0.,0.017,0.051,0.,0.051,0.003,0.,0.003,0.065,0.,0.065,0.,0.,0.,0.,0.,0.,0.069,0.,0.069,,,
8050,0.013,0.,0.013,0.019,0.,0.019,0.054,0.,0.054,0.004,0.,0.004,0.068,0.,0.068,0.,0.,0.,0.,0.,0.,0.072,0.,0.072,,,
8100,0.011,0.,0.011,0.017,0.,0.017,0.055,0.,0.055,0.004,0.,0.004,0.067,0.,0.067,0.,0.,0.,0.,0.,0.,0.071,0.,0.071,,,
8150,0.014,0.,0.014,0.035,0.,0.035,0.051,0.,0.051,0.003,0.,0.003,0.066,0.,0.066,0.,0.,0.,0.,0.,0.,0.07,0.,0.07,,,
8200,0.013,0.,0.013,0.036,0.,0.036,0.023,0.,0.023,0.022,0.,0.022,0.036,0.,0.036,0.,0.,0.,0.,0.,0.,0.059,0.,0.059,,,
8250,0.014,0.,0.014,0.028,0.,0.028,0.024,0.,0.024,0.031,0.,0.031,0.038,0.,0.038,0.,0.,0.,0.,0.,0.,0.069,0.,0.069,,,
8300,0.013,0.,0.013,0.034,0.,0.034,0.022,0.,0.022,0.005,0.,0.005,0.036,0.,0.036,0.,0.,0.,0.,0.,0.,0.042,0.,0.042,,,
8350,0.012,0.,0.012,0.02,0.,0.02,0.024,0.,0.024,0.005,0.,0.005,0.037,0.,0.037,0.,0.,0.,0.,0.,0.,0.043,0.,0.043,,,
8400,0.013,0.,0.012,0.023,0.,0.023,0.025,0.,0.025,0.006,0.,0.006,0.039,0.,0.039,0.,0.,0.,0.,0.,0.,0.045,0.,0.045,,,
8450,0.013,0.,0.013,0.024,0.,0.024,0.025,0.,0.025,0.005,0.,0.005,0.039,0.,0.039,0.,0.,0.,0.,0.,0.,0.045,0.,0.045,,,
8500,0.012,0.,0.012,0.022,0.,0.022,0.023,0.,0.023,0.007,0.,0.007,0.036,0.,0.036,0.,0.,0.,0.,0.,0.,0.044,0.,0.044,,,
8550,0.014,0.,0.014,0.023,0.,0.023,0.023,0.,0.023,0.033,0.,0.033,0.038,0.,0.038,0.,0.,0.,0.,0.,0.,0.071,0.,0.071,,,
8600,0.015,0.,0.015,0.033,0.,0.033,0.024,0.,0.024,0.022,0.,0.022,0.04,0.,0.04,0.,0.,0.,0.,0.,0.,0.063,0.,0.063,,,
8650,0.014,0.,0.014,0.03,0.,0.03,0.028,0.,0.028,0.022,0.,0.022,0.043,0.,0.043,0.,0.,0.,0.,0.,0.,0.065,0.,0.065,,,
8700,0.013,0.,0.013,0.042,0.,0.042,0.05,0.,0.05,0.006,0.,0.006,0.063,0.,0.063,0.,0.,0.,0.,0.,0.,0.07,0.,0.07,,,
8750,0.012,0.,0.012,0.036,0.,0.036,0.052,0.,0.052,0.005,0.,0.005,0.065,0.,0.065,0.,0.,0.,0.,0.,0.,0.07,0.,0.07,,,
8800,0.015,0.,0.015,0.03,0.,0.03,0.041,0.,0.041,0.005,0.,0.005,0.056,0.,0.056,0.,0.,0.,0.,0.,0.,0.062,0.,0.062,,,
8850,0.013,0.,0.013,0.02,0.,0.02,0.035,0.,0.035,0.005,0.,0.005,0.049,0.,0.049,0.,0.,0.,0.,0.,0.,0.055,0.,0.055,,,
8900,0.014,0.,0.014,0.019,0.,0.019,0.032,0.,0.032,0.005,0.,0.005,0.047,0.,0.047,0.,0.,0.,0.,0.,0.,0.053,0.,0.053,,,
8950,0.012,0.,0.012,0.019,0.,0.019,0.031,0.,0.031,0.005,0.,0.005,0.044,0.,0.044,0.,0.,0.,0.,0.,0.,0.05,0.,0.05,,,
9000,0.019,0.,0.019,0.019,0.,0.019,0.023,0.,0.023,0.006,0.,0.006,0.043,0.,0.043,0.,0.,0.,0.,0.,0.,0.05,0.,0.05,,,
9050,0.024,0.,0.023,0.02,0.,0.02,0.026,0.,0.026,0.008,0.,0.008,0.05,0.,0.05,0.,0.,0.,0.,0.,0.,0.059,0.,0.059,,,
9100,0.013,0.,0.013,0.023,0.,0.023,0.027,0.,0.027,0.04,0.,0.04,0.041,0.,0.041,0.,0.,0.,0.,0.,0.,0.082,0.,0.082,,,
9150,0.015,0.,0.015,0.041,0.,0.041,0.059,0.,0.059,0.004,0.,0.004,0.074,0.,0.074,0.,0.,0.,0.,0.,0.,0.079,0.,0.079,,,
9200,0.013,0.,0.013,0.04,0.,0.04,0.051,0.003,0.047,0.004,0.,0.004,0.065,0.003,0.061,0.,0.,0.,0.,0.,0.,0.069,0.003,0.065,,,
9250,0.015,0.,0.015,0.02,0.,0.02,0.056,0.004,0.052,0.004,0.,0.004,0.072,0.004,0.068,0.,0.,0.,0.,0.,0.,0.077,0.004,0.073,,,
9300,0.042,0.011,0.03,0.023,0.,0.023,0.025,0.,0.025,0.005,0.,0.005,0.068,0.011,0.056,0.,0.,0.,0.,0.,0.,0.073,0.011,0.061,,,
9350,0.014,0.,0.014,0.026,0.,0.026,0.028,0.,0.028,0.01,0.,0.01,0.042,0.,0.042,0.,0.,0.,0.,0.,0.,0.053,0.,0.053,,,
9400,0.015,0.,0.015,0.041,0.003,0.037,0.039,0.,0.039,0.006,0.,0.006,0.055,0.,0.055,0.,0.,0.,0.,0.,0.,0.061,0.,0.061,,,
9450,0.014,0.,0.014,0.021,0.,0.021,0.033,0.,0.033,0.006,0.,0.006,0.048,0.,0.048,0.,0.,0.,0.,0.,0.,0.055,0.,0.055,,,
9500,0.015,0.,0.015,0.022,0.,0.022,0.032,0.,0.032,0.006,0.,0.006,0.048,0.,0.047,0.,0.,0.,0.,0.,0.,0.054,0.,0.054,,,
9550,0.014,0.,0.014,0.023,0.,0.023,0.026,0.,0.026,0.006,0.,0.006,0.04,0.,0.04,0.,0.,0.,0.,0.,0.,0.047,0.,0.047,,,
9600,0.014,0.,0.014,0.023,0.,0.023,0.058,0.,0.058,0.004,0.,0.004,0.072,0.,0.072,0.,0.,0.,0.,0.,0.,0.077,0.,0.077,,,
9650,0.016,0.,0.016,0.021,0.,0.021,0.05,0.,0.05,0.005,0.,0.005,0.067,0.,0.067,0.,0.,0.,0.,0.,0.,0.073,0.,0.073,,,
9700,0.04,0.,0.04,0.022,0.,0.022,0.025,0.,0.025,0.005,0.,0.005,0.065,0.,0.065,0.,0.,0.,0.,0.,0.,0.071,0.,0.071,,,
9750,0.018,0.,0.018,0.031,0.,0.031,0.033,0.,0.033,0.006,0.,0.006,0.052,0.,0.052,0.,0.,0.,0.,0.,0.,0.058,0.,0.058,,,
9800,0.014,0.,0.014,0.032,0.,0.032,0.031,0.,0.031,0.006,0.,0.006,0.047,0.,0.047,0.,0.,0.,0.,0.,0.,0.053,0.,0.053,,,
9850,0.023,0.,0.023,0.022,0.,0.022,0.025,0.,0.025,0.005,0.,0.005,0.048,0.,0.048,0.,0.,0.,0.,0.,0.,0.055,0.,0.055,,,
9900,0.017,0.,0.017,0.034,0.,0.034,0.047,0.,0.047,0.006,0.,0.006,0.064,0.,0.064,0.,0.,0.,0.,0.,0.,0.071,0.,0.071,,,
9950,0.014,0.,0.014,0.033,0.,0.033,0.044,0.,0.044,0.006,0.,0.006,0.059,0.,0.059,0.,0.,0.,0.,0.,0.,0.066,0.,0.066,,,
10000,0.03,0.,0.03,0.023,0.,0.023,0.028,0.,0.028,0.006,0.,0.006,0.058,0.,0.058,0.,0.,0.,0.,0.,0.,0.065,0.,0.065,,,
10100,0.017,0.,0.017,0.026,0.,0.026,0.06,0.,0.06,0.005,0.,0.005,0.078,0.,0.078,0.,0.,0.,0.,0.,0.,0.084,0.,0.084,,,
10200,0.015,0.,0.015,0.026,0.,0.026,0.048,0.,0.048,0.005,0.,0.005,0.064,0.,0.064,0.,0.,0.,0.,0.,0.,0.07,0.,0.07,,,
10300,0.016,0.,0.016,0.053,0.,0.053,0.028,0.,0.028,0.027,0.,0.027,0.045,0.,0.045,0.,0.,0.,0.,0.,0.,0.072,0.,0.072,,,
10400,0.015,0.,0.015,0.032,0.,0.032,0.037,0.,0.037,0.006,0.,0.006,0.053,0.,0.053,0.,0.,0.,0.,0.,0.,0.06,0.,0.06,,,
10500,0.024,0.,0.024,0.022,0.,0.022,0.03,0.,0.03,0.024,0.,0.024,0.055,0.,0.055,0.,0.,0.,0.,0.,0.,0.079,0.,0.079,,,
10600,0.014,0.,0.014,0.023,0.,0.023,0.054,0.,0.054,0.005,0.,0.005,0.069,0.,0.069,0.,0.,0.,0.,0.,0.,0.075,0.,0.075,,,
10700,0.04,0.,0.04,0.024,0.,0.024,0.03,0.,0.03,0.02,0.,0.02,0.07,0.,0.07,0.,0.,0.,0.,0.,0.,0.092,0.,0.092,,,
10800,0.016,0.,0.016,0.029,0.,0.029,0.034,0.,0.034,0.006,0.,0.006,0.051,0.,0.051,0.,0.,0.,0.,0.,0.,0.058,0.,0.058,,,
10900,0.017,0.,0.017,0.03,0.,0.03,0.063,0.,0.063,0.005,0.,0.005,0.081,0.,0.081,0.,0.,0.,0.,0.,0.,0.087,0.,0.087,,,
11000,0.016,0.,0.016,0.024,0.,0.024,0.045,0.,0.045,0.005,0.,0.005,0.061,0.,0.061,0.,0.,0.,0.,0.,0.,0.067,0.,0.067,,,
11100,0.016,0.,0.016,0.069,0.,0.069,0.049,0.,0.049,0.01,0.,0.01,0.066,0.,0.066,0.,0.,0.,0.,0.,0.,0.076,0.,0.076,,,
11200,0.023,0.,0.023,0.026,0.,0.026,0.031,0.,0.031,0.021,0.,0.02,0.054,0.,0.054,0.,0.,0.,0.,0.,0.,0.076,0.,0.076,,,
11300,0.019,0.,0.019,0.026,0.,0.026,0.055,0.,0.055,0.006,0.,0.006,0.074,0.,0.074,0.,0.,0.,0.,0.,0.,0.082,0.,0.082,,,
11400,0.018,0.,0.018,0.064,0.,0.064,0.057,0.,0.057,0.005,0.,0.005,0.075,0.,0.075,0.,0.,0.,0.,0.,0.,0.081,0.,0.081,,,
11500,0.017,0.,0.017,0.048,0.,0.048,0.056,0.,0.056,0.006,0.,0.006,0.074,0.,0.074,0.,0.,0.,0.,0.,0.,0.08,0.,0.08,,,
11600,0.029,0.,0.029,0.025,0.,0.025,0.036,0.003,0.032,0.008,0.,0.008,0.065,0.003,0.061,0.,0.,0.,0.,0.,0.,0.074,0.003,0.07,,,
11700,0.018,0.,0.018,0.029,0.,0.029,0.06,0.,0.06,0.006,0.,0.006,0.078,0.,0.078,0.,0.,0.,0.,0.,0.,0.085,0.,0.085,,,
11800,0.018,0.,0.018,0.064,0.,0.064,0.066,0.,0.066,0.008,0.,0.008,0.084,0.,0.084,0.,0.,0.,0.,0.,0.,0.093,0.,0.093,,,
11900,0.018,0.,0.018,0.039,0.,0.039,0.067,0.004,0.063,0.006,0.003,0.002,0.085,0.004,0.081,0.,0.,0.,0.,0.,0.,0.092,0.007,0.084,,,
12000,0.039,0.007,0.031,0.028,0.,0.028,0.034,0.,0.034,0.006,0.,0.006,0.074,0.008,0.066,0.,0.,0.,0.,0.,0.,0.08,0.008,0.072,,,
12100,0.023,0.,0.023,0.028,0.,0.028,0.034,0.,0.034,0.008,0.,0.008,0.057,0.,0.057,0.,0.,0.,0.,0.,0.,0.066,0.,0.066,,,
12200,0.019,0.,0.019,0.027,0.,0.027,0.059,0.003,0.055,0.006,0.,0.006,0.079,0.003,0.075,0.,0.,0.,0.,0.,0.,0.086,0.003,0.082,,,
12300,0.018,0.,0.018,0.071,0.003,0.067,0.06,0.,0.06,0.008,0.,0.008,0.079,0.,0.079,0.,0.,0.,0.,0.,0.,0.087,0.,0.087,,,
12400,0.02,0.,0.02,0.035,0.,0.035,0.061,0.,0.061,0.006,0.,0.006,0.081,0.,0.081,0.,0.,0.,0.,0.,0.,0.088,0.,0.088,,,
12500,0.019,0.,0.019,0.07,0.,0.07,0.06,0.,0.06,0.008,0.,0.008,0.079,0.,0.079,0.,0.,0.,0.,0.,0.,0.088,0.,0.088,,,
12600,0.018,0.,0.018,0.039,0.,0.039,0.058,0.,0.058,0.007,0.,0.007,0.076,0.,0.076,0.,0.,0.,0.,0.,0.,0.083,0.,0.083,,,
12700,0.018,0.,0.018,0.066,0.,0.066,0.053,0.,0.053,0.009,0.,0.009,0.073,0.,0.073,0.,0.,0.,0.,0.,0.,0.082,0.,0.082,,,
12800,0.026,0.,0.026,0.058,0.,0.058,0.08,0.,0.08,0.011,0.,0.011,0.107,0.,0.107,0.,0.,0.,0.,0.,0.,0.118,0.,0.118,,,
12900,0.02,0.,0.02,0.048,0.,0.048,0.067,0.,0.067,0.007,0.,0.007,0.088,0.,0.088,0.,0.,0.,0.,0.,0.,0.097,0.,0.097,,,
13000,0.021,0.,0.021,0.07,0.,0.07,0.077,0.,0.077,0.009,0.,0.009,0.098,0.,0.098,0.,0.,0.,0.,0.,0.,0.108,0.,0.108,,,
13100,0.019,0.,0.019,0.041,0.,0.041,0.058,0.,0.058,0.007,0.,0.007,0.077,0.,0.077,0.,0.,0.,0.,0.,0.,0.085,0.,0.085,,,
13200,0.021,0.,0.021,0.029,0.,0.029,0.06,0.,0.06,0.029,0.,0.029,0.081,0.,0.081,0.,0.,0.,0.,0.,0.,0.111,0.,0.111,,,
13300,0.033,0.,0.033,0.031,0.,0.031,0.046,0.,0.046,0.007,0.,0.007,0.079,0.,0.079,0.,0.,0.,0.,0.,0.,0.087,0.,0.087,,,
13400,0.025,0.,0.025,0.031,0.,0.031,0.069,0.,0.069,0.006,0.,0.006,0.095,0.,0.095,0.,0.,0.,0.,0.,0.,0.102,0.,0.102,,,
13500,0.021,0.,0.021,0.052,0.,0.052,0.051,0.,0.05,0.009,0.,0.009,0.072,0.,0.072,0.,0.,0.,0.,0.,0.,0.081,0.,0.081,,,
13600,0.021,0.,0.021,0.036,0.,0.036,0.062,0.,0.062,0.007,0.,0.007,0.083,0.,0.083,0.,0.,0.,0.,0.,0.,0.092,0.,0.092,,,
13700,0.025,0.,0.025,0.07,0.,0.07,0.061,0.,0.061,0.009,0.,0.009,0.087,0.,0.087,0.,0.,0.,0.,0.,0.,0.097,0.,0.097,,,
13800,0.044,0.,0.044,0.032,0.,0.032,0.051,0.,0.051,0.007,0.,0.007,0.096,0.,0.096,0.,0.,0.,0.,0.,0.,0.104,0.,0.104,,,
13900,0.022,0.,0.022,0.036,0.,0.036,0.067,0.,0.067,0.007,0.,0.007,0.09,0.,0.09,0.,0.,0.,0.,0.,0.,0.098,0.,0.098,,,
14000,0.023,0.,0.023,0.068,0.,0.068,0.079,0.,0.079,0.007,0.,0.007,0.102,0.,0.102,0.,0.,0.,0.,0.,0.,0.11,0.,0.11,,,
14100,0.064,0.,0.064,0.033,0.,0.033,0.079,0.,0.079,0.007,0.,0.007,0.143,0.,0.143,0.,0.,0.,0.,0.,0.,0.15,0.,0.15,,,
14200,0.021,0.,0.021,0.046,0.,0.046,0.053,0.,0.053,0.009,0.,0.009,0.075,0.,0.075,0.,0.,0.,0.,0.,0.,0.085,0.,0.085,,,
14300,0.024,0.,0.024,0.04,0.,0.04,0.064,0.,0.064,0.008,0.,0.008,0.089,0.,0.089,0.,0.,0.,0.,0.,0.,0.098,0.,0.098,,,
14400,0.049,0.,0.049,0.031,0.,0.031,0.081,0.,0.081,0.007,0.,0.007,0.13,0.,0.13,0.,0.,0.,0.,0.,0.,0.138,0.,0.138,,,
14500,0.025,0.,0.025,0.062,0.007,0.054,0.039,0.,0.039,0.01,0.,0.01,0.065,0.,0.065,0.,0.,0.,0.,0.,0.,0.076,0.,0.076,,,
14600,0.046,0.,0.046,0.034,0.,0.034,0.053,0.,0.053,0.008,0.,0.008,0.1,0.,0.1,0.,0.,0.,0.,0.,0.,0.109,0.,0.109,,,
14700,0.022,0.,0.022,0.037,0.,0.037,0.069,0.004,0.065,0.007,0.003,0.004,0.092,0.004,0.088,0.,0.,0.,0.,0.,0.,0.1,0.007,0.092,,,
14800,0.023,0.,0.023,0.066,0.008,0.058,0.057,0.,0.057,0.032,0.003,0.028,0.08,0.,0.08,0.,0.,0.,0.,0.,0.,0.113,0.003,0.109,,,
14900,0.022,0.,0.022,0.05,0.,0.05,0.05,0.,0.05,0.01,0.,0.01,0.073,0.,0.073,0.,0.,0.,0.,0.,0.,0.084,0.,0.083,,,
15000,0.04,0.,0.04,0.036,0.,0.036,0.051,0.,0.051,0.009,0.,0.009,0.092,0.,0.092,0.,0.,0.,0.,0.,0.,0.102,0.,0.102,,,
15100,0.023,0.,0.023,0.038,0.,0.038,0.067,0.,0.067,0.007,0.,0.007,0.091,0.,0.091,0.,0.,0.,0.,0.,0.,0.099,0.,0.099,,,
15200,0.039,0.,0.039,0.035,0.,0.035,0.081,0.,0.081,0.008,0.,0.008,0.12,0.,0.12,0.,0.,0.,0.,0.,0.,0.129,0.,0.129,,,
15300,0.025,0.,0.025,0.053,0.,0.053,0.064,0.,0.064,0.008,0.,0.008,0.09,0.,0.09,0.,0.,0.,0.,0.,0.,0.098,0.,0.098,,,
15400,0.024,0.,0.024,0.069,0.,0.069,0.075,0.,0.075,0.008,0.,0.008,0.1,0.,0.1,0.,0.,0.,0.,0.,0.,0.108,0.,0.108,,,
15500,0.05,0.,0.05,0.062,0.,0.062,0.087,0.,0.087,0.007,0.,0.007,0.138,0.,0.138,0.,0.,0.,0.,0.,0.,0.146,0.,0.146,,,
15600,0.025,0.,0.025,0.065,0.,0.065,0.047,0.,0.047,0.011,0.,0.011,0.073,0.,0.073,0.,0.,0.,0.,0.,0.,0.085,0.,0.085,,,
15700,0.025,0.,0.025,0.063,0.,0.063,0.057,0.,0.057,0.01,0.,0.01,0.083,0.,0.083,0.,0.,0.,0.,0.,0.,0.094,0.,0.094,,,
15800,0.042,0.,0.042,0.04,0.,0.04,0.053,0.,0.053,0.008,0.,0.008,0.096,0.,0.096,0.,0.,0.,0.,0.,0.,0.105,0.,0.105,,,
15900,0.029,0.,0.029,0.041,0.,0.041,0.061,0.,0.061,0.02,0.,0.02,0.091,0.,0.091,0.,0.,0.,0.,0.,0.,0.111,0.,0.111,,,
16000,0.023,0.,0.023,0.058,0.,0.058,0.067,0.,0.067,0.008,0.,0.008,0.091,0.,0.091,0.,0.,0.,0.,0.,0.,0.1,0.,0.099,,,
16100,0.028,0.,0.028,0.056,0.,0.056,0.074,0.,0.074,0.008,0.,0.008,0.103,0.,0.103,0.,0.,0.,0.,0.,0.,0.112,0.,0.112,,,
16200,0.042,0.,0.042,0.037,0.,0.037,0.082,0.,0.082,0.007,0.,0.007,0.125,0.,0.125,0.,0.,0.,0.,0.,0.,0.133,0.,0.133,,,
16300,0.05,0.,0.05,0.064,0.,0.064,0.063,0.,0.063,0.008,0.,0.008,0.114,0.,0.114,0.,0.,0.,0.,0.,0.,0.123,0.,0.123,,,
16400,0.043,0.,0.043,0.043,0.,0.043,0.073,0.,0.073,0.007,0.,0.007,0.117,0.,0.117,0.,0.,0.,0.,0.,0.,0.125,0.,0.125,,,
16500,0.028,0.,0.028,0.052,0.,0.052,0.08,0.,0.08,0.009,0.,0.009,0.109,0.,0.109,0.,0.,0.,0.,0.,0.,0.119,0.,0.119,,,
16600,0.025,0.,0.025,0.071,0.,0.071,0.058,0.,0.058,0.026,0.,0.026,0.084,0.,0.084,0.,0.,0.,0.,0.,0.,0.11,0.,0.11,,,
16700,0.029,0.,0.029,0.072,0.,0.072,0.062,0.,0.062,0.025,0.,0.025,0.092,0.,0.092,0.,0.,0.,0.,0.,0.,0.118,0.,0.118,,,
16800,0.026,0.,0.026,0.045,0.,0.045,0.067,0.,0.067,0.008,0.,0.008,0.094,0.,0.094,0.,0.,0.,0.,0.,0.,0.103,0.,0.103,,,
16900,0.028,0.,0.028,0.06,0.,0.06,0.071,0.,0.071,0.023,0.,0.023,0.099,0.,0.099,0.,0.,0.,0.,0.,0.,0.123,0.,0.123,,,
17000,0.026,0.,0.026,0.059,0.,0.059,0.067,0.,0.067,0.024,0.,0.024,0.094,0.,0.094,0.,0.,0.,0.,0.,0.,0.119,0.,0.119,,,
17100,0.029,0.,0.029,0.062,0.,0.062,0.066,0.,0.066,0.021,0.,0.021,0.095,0.,0.095,0.,0.,0.,0.,0.,0.,0.117,0.,0.117,,,
17200,0.031,0.,0.031,0.062,0.,0.062,0.07,0.,0.07,0.022,0.,0.022,0.102,0.,0.102,0.,0.,0.,0.,0.,0.,0.124,0.,0.124,,,
17300,0.03,0.,0.03,0.06,0.,0.06,0.074,0.,0.074,0.009,0.,0.009,0.105,0.,0.105,0.,0.,0.,0.,0.,0.,0.115,0.,0.115,,,
17400,0.032,0.,0.032,0.06,0.,0.06,0.137,0.,0.137,0.01,0.,0.01,0.17,0.,0.17,0.,0.,0.,0.,0.,0.,0.18,0.,0.18,,,
17500,0.057,0.,0.057,0.063,0.,0.063,0.096,0.,0.096,0.009,0.,0.009,0.154,0.,0.154,0.,0.,0.,0.,0.,0.,0.164,0.,0.164,,,
17600,0.051,0.,0.051,0.064,0.,0.064,0.1,0.003,0.096,0.009,0.,0.009,0.152,0.003,0.148,0.,0.,0.,0.,0.,0.,0.162,0.003,0.158,,,
17700,0.029,0.,0.029,0.04,0.,0.04,0.082,0.003,0.078,0.009,0.,0.009,0.111,0.003,0.107,0.,0.,0.,0.,0.,0.,0.121,0.004,0.117,,,
17800,0.033,0.,0.033,0.061,0.,0.061,0.084,0.,0.084,0.01,0.,0.01,0.117,0.,0.117,0.,0.,0.,0.,0.,0.,0.144,0.,0.144,,,
17900,0.03,0.,0.03,0.065,0.,0.065,0.083,0.,0.083,0.009,0.,0.009,0.114,0.,0.114,0.,0.,0.,0.,0.,0.,0.124,0.,0.124,,,
18000,0.043,0.,0.043,0.067,0.,0.067,0.057,0.,0.057,0.009,0.,0.009,0.101,0.,0.101,0.,0.,0.,0.,0.,0.,0.11,0.,0.11,,,
18100,0.046,0.,0.046,0.043,0.,0.043,0.066,0.,0.066,0.01,0.,0.01,0.113,0.,0.113,0.,0.,0.,0.,0.,0.,0.123,0.,0.123,,,
18200,0.031,0.,0.031,0.069,0.,0.069,0.065,0.,0.065,0.042,0.,0.042,0.097,0.,0.097,0.,0.,0.,0.,0.,0.,0.14,0.,0.14,,,
18300,0.029,0.,0.029,0.077,0.,0.077,0.111,0.,0.111,0.01,0.,0.01,0.141,0.,0.141,0.,0.,0.,0.,0.,0.,0.151,0.,0.151,,,
18400,0.044,0.,0.044,0.086,0.,0.086,0.067,0.,0.067,0.01,0.,0.01,0.112,0.,0.112,0.,0.,0.,0.,0.,0.,0.122,0.,0.122,,,
18500,0.029,0.,0.029,0.067,0.,0.067,0.074,0.,0.074,0.043,0.,0.043,0.103,0.,0.103,0.,0.,0.,0.,0.,0.,0.147,0.,0.147,,,
18600,0.064,0.,0.064,0.08,0.,0.08,0.106,0.,0.106,0.009,0.,0.009,0.171,0.,0.171,0.,0.,0.,0.,0.,0.,0.181,0.,0.181,,,
18700,0.029,0.,0.029,0.041,0.,0.041,0.086,0.,0.086,0.009,0.,0.009,0.116,0.,0.116,0.,0.,0.,0.,0.,0.,0.127,0.,0.127,,,
18800,0.031,0.,0.031,0.07,0.,0.07,0.08,0.,0.08,0.01,0.,0.01,0.112,0.,0.112,0.,0.,0.,0.,0.,0.,0.123,0.,0.123,,,
18900,0.048,0.,0.048,0.063,0.,0.063,0.06,0.,0.06,0.009,0.,0.009,0.109,0.,0.109,0.,0.,0.,0.,0.,0.,0.118,0.,0.118,,,
19000,0.031,0.,0.031,0.079,0.,0.079,0.132,0.,0.132,0.009,0.,0.009,0.164,0.,0.164,0.,0.,0.,0.,0.,0.,0.174,0.,0.174,,,
19100,0.044,0.,0.044,0.065,0.,0.065,0.097,0.,0.097,0.012,0.,0.012,0.142,0.,0.142,0.,0.,0.,0.,0.,0.,0.155,0.,0.155,,,
19200,0.03,0.,0.03,0.059,0.,0.059,0.119,0.,0.119,0.01,0.,0.01,0.15,0.,0.15,0.,0.,0.,0.,0.,0.,0.161,0.,0.161,,,
19300,0.062,0.,0.062,0.064,0.,0.064,0.095,0.,0.095,0.011,0.,0.011,0.157,0.,0.157,0.,0.,0.,0.,0.,0.,0.169,0.,0.169,,,
19400,0.032,0.,0.032,0.073,0.,0.073,0.091,0.,0.091,0.011,0.,0.011,0.124,0.,0.124,0.,0.,0.,0.,0.,0.,0.136,0.,0.136,,,
19500,0.031,0.,0.031,0.062,0.,0.062,0.068,0.,0.068,0.041,0.,0.041,0.1,0.,0.1,0.,0.,0.,0.,0.,0.,0.141,0.,0.141,,,
19600,0.035,0.,0.035,0.085,0.,0.085,0.115,0.,0.115,0.011,0.,0.011,0.151,0.,0.151,0.,0.,0.,0.,0.,0.,0.163,0.,0.163,,,
19700,0.036,0.,0.036,0.064,0.,0.064,0.098,0.,0.098,0.011,0.,0.011,0.135,0.,0.135,0.,0.,0.,0.,0.,0.,0.146,0.,0.146,,,
19800,0.032,0.,0.032,0.094,0.,0.094,0.066,0.,0.066,0.047,0.015,0.031,0.099,0.,0.099,0.,0.,0.,0.,0.,0.,0.147,0.015,0.131,,,
19900,0.054,0.,0.054,0.085,0.004,0.081,0.107,0.,0.107,0.012,0.,0.012,0.162,0.,0.162,0.,0.,0.,0.,0.,0.,0.175,0.,0.175,,,
20000,0.037,0.,0.037,0.066,0.,0.066,0.086,0.,0.086,0.01,0.,0.01,0.123,0.,0.123,0.,0.,0.,0.,0.,0.,0.134,0.,0.134,,,