param-n autorewrite-noop-regression-quadratic-real autorewrite-noop-regression-quadratic-sys autorewrite-noop-regression-quadratic-user try-rewrite!-noop-regression-quadratic-real try-rewrite!-noop-regression-quadratic-sys try-rewrite!-noop-regression-quadratic-user try-rewrite-noop-regression-quadratic-real try-rewrite-noop-regression-quadratic-sys try-rewrite-noop-regression-quadratic-user try-rewrite?-noop-regression-quadratic-real try-rewrite?-noop-regression-quadratic-sys try-rewrite?-noop-regression-quadratic-user try-ssr-rewrite!-noop-regression-linear-real try-ssr-rewrite!-noop-regression-linear-sys try-ssr-rewrite!-noop-regression-linear-user try-ssr-rewrite-noop-regression-linear-real try-ssr-rewrite-noop-regression-linear-sys try-ssr-rewrite-noop-regression-linear-user try-ssr-rewrite?-noop-regression-linear-real try-ssr-rewrite?-noop-regression-linear-sys try-ssr-rewrite?-noop-regression-linear-user
1 0. 0. 0. 0. 0. 0. 0. 0. 0. 0. 0. 0. 0. 0. 0. 0. 0. 0. 0. 0. 0.
2 0. 0. 0. 0. 0. 0. 0. 0. 0. 0. 0. 0. 0. 0. 0. 0. 0. 0. 0. 0. 0.
3 0. 0. 0. 0. 0. 0. 0. 0. 0. 0. 0. 0. 0. 0. 0. 0. 0. 0. 0. 0. 0.
4 0. 0. 0. 0. 0. 0. 0. 0. 0. 0. 0. 0. 0. 0. 0. 0. 0. 0. 0. 0. 0.
8 0. 0. 0. 0. 0. 0. 0. 0. 0. 0. 0. 0. 0. 0. 0. 0. 0. 0. 0. 0. 0.
12 0. 0. 0. 0. 0. 0. 0. 0. 0. 0.04 0. 0.04 0. 0. 0. 0. 0. 0. 0. 0. 0.
16 0. 0. 0. 0. 0. 0. 0. 0. 0. 0. 0. 0. 0. 0. 0. 0. 0. 0. 0. 0. 0.
20 0. 0. 0. 0. 0. 0. 0. 0. 0. 0. 0. 0. 0. 0. 0. 0. 0. 0. 0. 0. 0.
24 0. 0. 0. 0. 0. 0. 0. 0. 0. 0. 0. 0. 0. 0. 0. 0. 0. 0. 0. 0. 0.
28 0. 0. 0. 0. 0. 0. 0. 0. 0. 0. 0. 0. 0. 0. 0. 0. 0. 0. 0. 0. 0.
32 0. 0. 0. 0. 0. 0. 0. 0. 0. 0. 0. 0. 0. 0. 0. 0. 0. 0. 0. 0. 0.
36 0. 0. 0. 0. 0. 0. 0. 0. 0. 0. 0. 0. 0. 0. 0. 0. 0. 0. 0. 0. 0.
40 0. 0. 0. 0. 0. 0. 0. 0. 0. 0. 0. 0. 0. 0. 0. 0. 0. 0. 0. 0. 0.
44 0. 0. 0. 0. 0. 0. 0. 0. 0. 0. 0. 0. 0. 0. 0. 0. 0. 0. 0. 0. 0.
48 0. 0. 0. 0. 0. 0. 0. 0. 0. 0. 0. 0. 0. 0. 0. 0. 0. 0. 0. 0. 0.
50 0.001 0. 0. 0. 0. 0. 0. 0. 0. 0. 0. 0. 0. 0. 0. 0. 0. 0. 0. 0. 0.
52 0. 0. 0. 0. 0. 0. 0. 0. 0. 0. 0. 0. 0. 0. 0. 0. 0. 0. 0. 0. 0.
56 0. 0. 0. 0. 0. 0. 0. 0. 0. 0. 0. 0. 0. 0. 0. 0. 0. 0. 0. 0. 0.
60 0. 0. 0. 0. 0. 0. 0. 0. 0. 0. 0. 0. 0. 0. 0. 0. 0. 0. 0. 0. 0.
64 0. 0. 0. 0. 0. 0. 0. 0. 0. 0. 0. 0. 0. 0. 0. 0. 0. 0. 0. 0. 0.
68 0. 0. 0. 0. 0. 0. 0. 0. 0. 0. 0. 0. 0. 0. 0. 0. 0. 0. 0. 0. 0.
72 0. 0. 0. 0. 0. 0. 0. 0. 0. 0. 0. 0. 0. 0. 0. 0. 0. 0. 0. 0. 0.
76 0.001 0. 0.001 0. 0. 0. 0. 0. 0. 0. 0. 0. 0. 0. 0. 0. 0. 0. 0. 0. 0.
80 0.001 0. 0.001 0.001 0. 0.001 0.001 0. 0.001 0.051 0.003 0.047 0. 0. 0. 0. 0. 0. 0. 0. 0.
84 0. 0. 0. 0. 0. 0. 0. 0. 0. 0. 0. 0. 0. 0. 0. 0. 0. 0. 0. 0. 0.
88 0. 0. 0. 0. 0. 0. 0. 0. 0. 0.001 0. 0.001 0. 0. 0. 0. 0. 0. 0. 0. 0.
92 0. 0. 0. 0. 0. 0. 0. 0. 0. 0. 0. 0. 0. 0. 0. 0. 0. 0. 0. 0. 0.
96 0. 0. 0. 0. 0. 0. 0. 0. 0. 0.001 0. 0.001 0. 0. 0. 0. 0. 0. 0. 0. 0.
100 0.002 0. 0.002 0.001 0. 0.001 0.001 0. 0.001 0.002 0.002 0. 0. 0. 0. 0. 0. 0. 0. 0. 0.
104 0.001 0. 0.001 0.001 0. 0.001 0.001 0. 0.001 0.001 0. 0.001 0. 0. 0. 0. 0. 0. 0. 0. 0.
108 0.001 0. 0.001 0.001 0. 0.001 0.001 0. 0.001 0.001 0. 0.001 0. 0. 0. 0. 0. 0. 0. 0. 0.
112 0.001 0. 0.001 0.001 0. 0.001 0.001 0. 0.001 0.001 0. 0.001 0. 0. 0. 0. 0. 0. 0. 0. 0.
116 0.001 0. 0.001 0.001 0. 0.001 0.001 0. 0.001 0.001 0. 0.001 0. 0. 0. 0. 0. 0. 0. 0. 0.
120 0.001 0. 0.001 0.001 0. 0.001 0.001 0. 0.001 0.001 0. 0.001 0. 0. 0. 0. 0. 0. 0. 0. 0.
124 0.001 0. 0.001 0.001 0. 0.001 0.001 0. 0.001 0.001 0. 0.001 0. 0. 0. 0. 0. 0. 0. 0. 0.
128 0.001 0. 0.001 0.001 0. 0.001 0.001 0. 0.001 0.001 0. 0.001 0. 0. 0. 0. 0. 0. 0. 0. 0.
132 0.001 0. 0.001 0.001 0. 0.001 0.001 0. 0.001 0.001 0. 0.001 0. 0. 0. 0. 0. 0. 0. 0. 0.
136 0.001 0. 0.001 0.001 0. 0.001 0.001 0. 0.001 0.001 0. 0.001 0. 0. 0. 0. 0. 0. 0. 0. 0.
140 0.001 0. 0.001 0.001 0. 0.001 0.001 0. 0.001 0.001 0. 0.001 0. 0. 0. 0. 0. 0. 0. 0. 0.
144 0.002 0.002 0. 0.001 0.001 0. 0.001 0. 0.001 0.001 0. 0.001 0. 0. 0. 0. 0. 0. 0. 0. 0.
148 0.001 0. 0.001 0.002 0. 0.002 0.001 0. 0.001 0.001 0. 0.001 0. 0. 0. 0. 0. 0. 0. 0. 0.
150 0.003 0. 0.003 0.002 0.002 0. 0.003 0. 0.002 0.003 0.001 0.002 0. 0. 0. 0. 0. 0. 0. 0. 0.
152 0.002 0. 0.001 0.001 0. 0.001 0.001 0. 0.001 0.001 0. 0.001 0. 0. 0. 0. 0. 0. 0. 0. 0.
156 0.002 0. 0.002 0.001 0. 0.001 0.001 0. 0.001 0.002 0. 0.002 0. 0. 0. 0. 0. 0. 0. 0. 0.
160 0.001 0. 0.001 0.001 0. 0.001 0.002 0. 0.002 0.002 0. 0.002 0. 0. 0. 0. 0. 0. 0. 0. 0.
164 0.003 0. 0.003 0.002 0. 0.002 0.002 0. 0.002 0.001 0. 0.001 0. 0. 0. 0. 0. 0. 0. 0. 0.
168 0.002 0. 0.002 0.002 0. 0.002 0.002 0. 0.002 0.002 0. 0.002 0. 0. 0. 0. 0. 0. 0. 0. 0.
172 0.002 0. 0.002 0.002 0. 0.002 0.002 0. 0.002 0.002 0. 0.002 0. 0. 0. 0. 0. 0. 0. 0. 0.
176 0.002 0. 0.002 0.002 0. 0.002 0.002 0. 0.002 0.002 0. 0.002 0. 0. 0. 0. 0. 0. 0. 0. 0.
180 0.002 0. 0.002 0.003 0. 0.003 0.002 0. 0.002 0.002 0. 0.002 0. 0. 0. 0. 0. 0. 0. 0. 0.
184 0.002 0. 0.002 0.002 0. 0.002 0.002 0. 0.002 0.002 0. 0.002 0. 0. 0. 0. 0. 0. 0. 0. 0.
188 0.002 0. 0.002 0.002 0. 0.002 0.002 0. 0.002 0.002 0. 0.002 0. 0. 0. 0. 0. 0. 0. 0. 0.
192 0.002 0. 0.002 0.002 0. 0.002 0.002 0. 0.002 0.002 0. 0.002 0. 0. 0. 0. 0. 0. 0. 0. 0.
196 0.002 0. 0.002 0.003 0. 0.003 0.003 0. 0.003 0.002 0. 0.002 0. 0. 0. 0. 0. 0. 0. 0. 0.
200 0.003 0.001 0.002 0.004 0. 0.004 0.047 0. 0.047 0.002 0. 0.002 0. 0. 0. 0. 0. 0. 0. 0. 0.
204 0.002 0. 0.002 0.002 0. 0.002 0.002 0. 0.002 0.002 0. 0.002 0. 0. 0. 0. 0. 0. 0. 0. 0.
208 0.002 0. 0.002 0.002 0. 0.002 0.002 0. 0.002 0.002 0. 0.002 0. 0. 0. 0. 0. 0. 0. 0. 0.
212 0.003 0. 0.003 0.002 0. 0.002 0.002 0. 0.002 0.003 0. 0.003 0. 0. 0. 0. 0. 0. 0. 0. 0.
216 0.002 0. 0.002 0.003 0. 0.003 0.002 0. 0.002 0.002 0. 0.002 0. 0. 0. 0. 0. 0. 0. 0. 0.
220 0.002 0. 0.002 0.002 0. 0.002 0.003 0. 0.003 0.002 0. 0.002 0. 0. 0. 0. 0. 0. 0. 0. 0.
224 0.002 0. 0.002 0.002 0. 0.002 0.003 0. 0.003 0.003 0. 0.003 0. 0. 0. 0. 0. 0. 0. 0. 0.
228 0.002 0. 0.002 0.002 0. 0.002 0.002 0. 0.002 0.003 0. 0.003 0. 0. 0. 0. 0. 0. 0. 0. 0.
232 0.002 0. 0.002 0.003 0. 0.003 0.003 0. 0.003 0.003 0. 0.003 0. 0. 0. 0. 0. 0. 0. 0. 0.
236 0.003 0. 0.003 0.003 0. 0.003 0.003 0. 0.003 0.003 0. 0.003 0. 0. 0. 0. 0. 0. 0. 0. 0.
240 0.003 0. 0.003 0.003 0. 0.003 0.003 0. 0.003 0.003 0. 0.003 0. 0. 0. 0. 0. 0. 0. 0. 0.
244 0.003 0. 0.003 0.003 0. 0.003 0.003 0. 0.003 0.003 0. 0.003 0. 0. 0. 0. 0. 0. 0. 0. 0.
248 0.003 0. 0.003 0.003 0. 0.003 0.004 0. 0.004 0.003 0. 0.003 0. 0. 0. 0. 0. 0. 0. 0. 0.
250 0.003 0. 0.003 0.003 0. 0.003 0.003 0. 0.003 0.003 0. 0.002 0. 0. 0. 0. 0. 0. 0. 0. 0.
252 0.004 0. 0.004 0.004 0. 0.004 0.003 0. 0.003 0.004 0. 0.004 0. 0. 0. 0. 0. 0. 0. 0. 0.
256 0.003 0. 0.003 0.003 0. 0.003 0.003 0. 0.003 0.004 0. 0.004 0. 0. 0. 0. 0. 0. 0. 0. 0.
260 0.004 0. 0.004 0.003 0. 0.003 0.003 0. 0.003 0.003 0. 0.003 0. 0. 0. 0. 0. 0. 0. 0. 0.
264 0.003 0. 0.003 0.003 0. 0.003 0.003 0. 0.003 0.003 0. 0.003 0. 0. 0. 0. 0. 0. 0. 0. 0.
268 0.003 0. 0.003 0.003 0. 0.003 0.004 0. 0.004 0.003 0. 0.003 0. 0. 0. 0. 0. 0. 0. 0. 0.
272 0.004 0. 0.004 0.004 0. 0.004 0.003 0. 0.003 0.003 0. 0.003 0. 0. 0. 0. 0. 0. 0. 0. 0.
276 0.003 0. 0.003 0.004 0. 0.004 0.003 0. 0.003 0.003 0. 0.003 0. 0. 0. 0. 0. 0. 0. 0. 0.
280 0.004 0. 0.004 0.003 0. 0.003 0.003 0. 0.003 0.003 0. 0.003 0. 0. 0. 0. 0. 0. 0. 0. 0.
284 0.004 0. 0.004 0.003 0. 0.003 0.003 0. 0.003 0.004 0. 0.004 0. 0. 0. 0. 0. 0. 0. 0. 0.
288 0.004 0. 0.004 0.004 0. 0.004 0.004 0. 0.004 0.004 0. 0.004 0. 0. 0. 0. 0. 0. 0. 0. 0.
292 0.004 0. 0.004 0.004 0. 0.004 0.004 0. 0.004 0.004 0. 0.004 0. 0. 0. 0. 0. 0. 0. 0. 0.
296 0.004 0. 0.004 0.004 0. 0.004 0.004 0. 0.004 0.004 0. 0.004 0. 0. 0. 0. 0. 0. 0. 0. 0.
300 0.004 0. 0.004 0.004 0. 0.004 0.004 0. 0.004 0.004 0. 0.004 0. 0. 0. 0. 0. 0. 0. 0. 0.
304 0.004 0. 0.004 0.004 0. 0.004 0.004 0. 0.004 0.004 0. 0.004 0. 0. 0. 0. 0. 0. 0. 0. 0.
308 0.004 0. 0.004 0.005 0. 0.005 0.004 0. 0.004 0.004 0. 0.004 0. 0. 0. 0. 0. 0. 0. 0. 0.
312 0.004 0. 0.004 0.004 0. 0.004 0.004 0. 0.004 0.004 0. 0.004 0. 0. 0. 0. 0. 0. 0. 0. 0.
316 0.004 0. 0.004 0.005 0. 0.005 0.004 0. 0.004 0.004 0. 0.004 0. 0. 0. 0. 0. 0. 0. 0. 0.
320 0.004 0. 0.004 0.005 0. 0.005 0.004 0. 0.004 0.004 0. 0.004 0. 0. 0. 0. 0. 0. 0. 0. 0.
324 0.006 0. 0.006 0.004 0. 0.004 0.005 0. 0.005 0.005 0. 0.005 0. 0. 0. 0. 0. 0. 0. 0. 0.
328 0.004 0. 0.004 0.005 0. 0.005 0.004 0. 0.004 0.004 0. 0.004 0. 0. 0. 0. 0. 0. 0. 0. 0.
332 0.006 0. 0.006 0.005 0. 0.005 0.005 0. 0.005 0.005 0. 0.005 0. 0. 0. 0. 0. 0. 0. 0. 0.
336 0.005 0. 0.005 0.005 0. 0.005 0.005 0. 0.005 0.005 0. 0.005 0. 0. 0. 0. 0. 0. 0. 0. 0.
340 0.005 0. 0.005 0.005 0. 0.005 0.005 0. 0.005 0.005 0. 0.005 0. 0. 0. 0. 0. 0. 0. 0. 0.
344 0.005 0. 0.005 0.005 0. 0.005 0.005 0. 0.005 0.005 0. 0.005 0. 0. 0. 0. 0. 0. 0. 0. 0.
348 0.005 0. 0.005 0.005 0. 0.005 0.005 0. 0.005 0.005 0. 0.005 0. 0. 0. 0. 0. 0. 0. 0. 0.
350 0.005 0. 0.005 0.005 0. 0.005 0.005 0. 0.005 0.005 0. 0.005 0. 0. 0. 0. 0. 0. 0. 0. 0.
352 0.005 0. 0.005 0.005 0. 0.005 0.005 0. 0.005 0.005 0. 0.005 0. 0. 0. 0. 0. 0. 0. 0. 0.
356 0.007 0. 0.007 0.006 0. 0.006 0.006 0. 0.006 0.006 0. 0.006 0. 0. 0. 0. 0. 0. 0. 0. 0.
360 0.007 0. 0.007 0.006 0. 0.006 0.006 0. 0.006 0.005 0. 0.005 0. 0. 0. 0. 0. 0. 0. 0. 0.
364 0.006 0. 0.006 0.006 0. 0.006 0.005 0. 0.005 0.006 0. 0.006 0. 0. 0. 0. 0. 0. 0. 0. 0.
368 0.005 0. 0.005 0.006 0. 0.006 0.005 0. 0.005 0.005 0. 0.005 0. 0. 0. 0. 0. 0. 0. 0. 0.
372 0.005 0. 0.005 0.005 0. 0.005 0.006 0. 0.006 0.005 0. 0.005 0. 0. 0. 0. 0. 0. 0. 0. 0.
376 0.006 0. 0.006 0.006 0. 0.006 0.006 0. 0.006 0.006 0. 0.006 0. 0. 0. 0. 0. 0. 0. 0. 0.
380 0.006 0. 0.006 0.006 0. 0.006 0.007 0. 0.007 0.007 0. 0.007 0. 0. 0. 0. 0. 0. 0. 0. 0.
384 0.006 0. 0.006 0.006 0. 0.006 0.006 0. 0.006 0.006 0. 0.006 0. 0. 0. 0. 0. 0. 0. 0. 0.
388 0.006 0. 0.006 0.007 0. 0.007 0.006 0. 0.006 0.007 0. 0.007 0. 0. 0. 0. 0. 0. 0. 0. 0.
392 0.006 0. 0.006 0.006 0. 0.006 0.006 0. 0.006 0.006 0. 0.006 0. 0. 0. 0. 0. 0. 0. 0. 0.
396 0.006 0. 0.006 0.006 0. 0.006 0.006 0. 0.006 0.006 0. 0.006 0. 0. 0. 0. 0. 0. 0. 0. 0.
400 0.006 0. 0.006 0.007 0. 0.007 0.008 0. 0.008 0.009 0. 0.009 0. 0. 0. 0. 0. 0. 0. 0. 0.
404 0.007 0. 0.007 0.006 0. 0.006 0.007 0. 0.007 0.006 0. 0.006 0. 0. 0. 0. 0. 0. 0. 0. 0.
408 0.007 0. 0.007 0.007 0. 0.007 0.007 0. 0.007 0.006 0. 0.006 0. 0. 0. 0. 0. 0. 0. 0. 0.
412 0.007 0. 0.007 0.007 0. 0.007 0.007 0. 0.007 0.007 0. 0.007 0. 0. 0. 0. 0. 0. 0. 0. 0.
416 0.007 0. 0.007 0.007 0. 0.007 0.007 0. 0.007 0.007 0. 0.007 0. 0. 0. 0. 0. 0. 0. 0. 0.
420 0.007 0. 0.007 0.007 0. 0.007 0.007 0. 0.007 0.007 0. 0.007 0. 0. 0. 0. 0. 0. 0. 0. 0.
424 0.007 0. 0.007 0.008 0. 0.008 0.007 0. 0.007 0.007 0. 0.007 0. 0. 0. 0. 0. 0. 0. 0. 0.
428 0.009 0. 0.009 0.009 0. 0.009 0.008 0. 0.008 0.008 0. 0.008 0. 0. 0. 0. 0. 0. 0. 0. 0.
432 0.007 0. 0.007 0.007 0. 0.007 0.008 0. 0.008 0.007 0. 0.007 0. 0. 0. 0. 0. 0. 0. 0. 0.
436 0.007 0. 0.007 0.007 0. 0.007 0.008 0. 0.008 0.008 0. 0.008 0. 0. 0. 0. 0. 0. 0. 0. 0.
440 0.008 0. 0.008 0.008 0. 0.008 0.007 0. 0.007 0.008 0. 0.008 0. 0. 0. 0. 0. 0. 0. 0. 0.
444 0.008 0. 0.008 0.009 0. 0.009 0.008 0. 0.008 0.008 0. 0.008 0. 0. 0. 0. 0. 0. 0. 0. 0.
448 0.009 0. 0.009 0.008 0. 0.008 0.008 0. 0.008 0.008 0. 0.008 0. 0. 0. 0. 0. 0. 0. 0. 0.
452 0.008 0. 0.008 0.009 0. 0.009 0.007 0. 0.007 0.008 0. 0.008 0. 0. 0. 0. 0. 0. 0. 0. 0.
456 0.008 0. 0.008 0.009 0. 0.009 0.008 0. 0.008 0.009 0. 0.009 0. 0. 0. 0. 0. 0. 0. 0. 0.
460 0.01 0. 0.01 0.009 0. 0.009 0.009 0. 0.009 0.009 0. 0.009 0. 0. 0. 0. 0. 0. 0. 0. 0.
464 0.008 0. 0.008 0.008 0. 0.008 0.009 0. 0.009 0.008 0. 0.008 0. 0. 0. 0. 0. 0. 0. 0. 0.
468 0.008 0. 0.008 0.008 0. 0.008 0.008 0. 0.008 0.009 0. 0.009 0. 0. 0. 0. 0. 0. 0. 0. 0.
472 0.009 0. 0.009 0.008 0. 0.008 0.008 0. 0.008 0.009 0. 0.009 0. 0. 0. 0. 0. 0. 0. 0. 0.
476 0.008 0. 0.008 0.009 0. 0.009 0.008 0. 0.008 0.01 0. 0.01 0. 0. 0. 0. 0. 0. 0. 0. 0.
480 0.01 0. 0.01 0.009 0. 0.009 0.011 0. 0.011 0.011 0. 0.011 0. 0. 0. 0. 0. 0. 0. 0. 0.
484 0.009 0. 0.009 0.01 0. 0.01 0.012 0. 0.012 0.01 0. 0.01 0. 0. 0. 0. 0. 0. 0. 0. 0.
488 0.01 0. 0.01 0.01 0. 0.01 0.01 0. 0.01 0.01 0. 0.01 0. 0. 0. 0. 0. 0. 0. 0. 0.
492 0.01 0. 0.01 0.011 0. 0.011 0.01 0. 0.01 0.01 0. 0.01 0. 0. 0. 0. 0. 0. 0. 0. 0.
496 0.009 0. 0.009 0.009 0. 0.009 0.009 0. 0.009 0.009 0. 0.009 0. 0. 0. 0. 0. 0. 0. 0. 0.
500 0.009 0. 0.009 0.009 0. 0.009 0.01 0. 0.01 0.01 0. 0.01 0. 0. 0. 0. 0. 0. 0. 0. 0.
504 0.01 0. 0.01 0.009 0. 0.009 0.009 0. 0.009 0.01 0. 0.01 0. 0. 0. 0. 0. 0. 0. 0. 0.
508 0.009 0. 0.009 0.009 0. 0.009 0.011 0. 0.011 0.01 0. 0.01 0. 0. 0. 0. 0. 0. 0. 0. 0.
512 0.011 0. 0.011 0.01 0. 0.01 0.01 0. 0.01 0.009 0. 0.009 0. 0. 0. 0. 0. 0. 0. 0. 0.
516 0.009 0. 0.009 0.01 0. 0.01 0.01 0. 0.01 0.009 0. 0.009 0. 0. 0. 0. 0. 0. 0. 0. 0.
520 0.01 0. 0.01 0.011 0. 0.011 0.009 0. 0.009 0.01 0. 0.01 0. 0. 0. 0. 0. 0. 0. 0. 0.
524 0.01 0. 0.01 0.011 0. 0.011 0.01 0. 0.01 0.01 0. 0.01 0. 0. 0. 0. 0. 0. 0. 0. 0.
528 0.012 0. 0.012 0.012 0. 0.012 0.01 0. 0.01 0.011 0. 0.011 0. 0. 0. 0. 0. 0. 0. 0. 0.
532 0.011 0. 0.011 0.011 0. 0.011 0.011 0. 0.011 0.01 0. 0.01 0. 0. 0. 0. 0. 0. 0. 0. 0.
536 0.01 0. 0.01 0.01 0. 0.01 0.01 0. 0.01 0.01 0. 0.01 0. 0. 0. 0. 0. 0. 0. 0. 0.
540 0.011 0. 0.011 0.011 0. 0.011 0.012 0. 0.012 0.01 0. 0.01 0. 0. 0. 0. 0. 0. 0. 0. 0.
544 0.01 0. 0.01 0.011 0. 0.011 0.011 0. 0.011 0.01 0. 0.01 0. 0. 0. 0. 0. 0. 0. 0. 0.
548 0.01 0. 0.01 0.011 0. 0.011 0.011 0. 0.011 0.01 0. 0.01 0. 0. 0. 0. 0. 0. 0. 0. 0.
552 0.012 0. 0.012 0.011 0. 0.011 0.011 0. 0.011 0.011 0. 0.011 0. 0. 0. 0. 0. 0. 0. 0. 0.
556 0.011 0. 0.011 0.011 0. 0.011 0.011 0. 0.011 0.012 0. 0.012 0. 0. 0. 0. 0. 0. 0. 0. 0.
560 0.011 0. 0.011 0.011 0. 0.011 0.011 0. 0.011 0.011 0. 0.011 0. 0. 0. 0. 0. 0. 0. 0. 0.
564 0.011 0. 0.011 0.012 0. 0.012 0.011 0. 0.011 0.011 0. 0.011 0. 0. 0. 0. 0. 0. 0. 0. 0.
568 0.011 0. 0.011 0.014 0. 0.014 0.013 0. 0.013 0.013 0. 0.013 0. 0. 0. 0. 0. 0. 0. 0. 0.
572 0.011 0. 0.011 0.012 0. 0.012 0.011 0. 0.011 0.012 0. 0.012 0. 0. 0. 0. 0. 0. 0. 0. 0.
576 0.012 0. 0.012 0.012 0. 0.012 0.012 0. 0.012 0.012 0. 0.012 0. 0. 0. 0. 0. 0. 0. 0. 0.
580 0.012 0. 0.012 0.012 0. 0.012 0.012 0. 0.012 0.012 0. 0.012 0. 0. 0. 0. 0. 0. 0. 0. 0.
584 0.012 0. 0.012 0.012 0. 0.012 0.012 0. 0.012 0.012 0. 0.012 0. 0. 0. 0. 0. 0. 0. 0. 0.
588 0.012 0. 0.012 0.012 0. 0.012 0.013 0. 0.013 0.012 0. 0.012 0. 0. 0. 0. 0. 0. 0. 0. 0.
592 0.013 0. 0.013 0.013 0. 0.013 0.013 0. 0.013 0.012 0. 0.012 0. 0. 0. 0. 0. 0. 0. 0. 0.
596 0.013 0. 0.013 0.013 0. 0.013 0.013 0. 0.013 0.013 0. 0.013 0. 0. 0. 0. 0. 0. 0. 0. 0.
600 0.012 0. 0.012 0.013 0. 0.013 0.014 0. 0.014 0.013 0. 0.013 0. 0. 0. 0. 0. 0. 0. 0. 0.
604 0.013 0. 0.013 0.013 0. 0.013 0.013 0. 0.013 0.017 0. 0.017 0. 0. 0. 0. 0. 0. 0. 0. 0.
608 0.013 0. 0.013 0.014 0. 0.014 0.013 0. 0.013 0.013 0. 0.013 0. 0. 0. 0. 0. 0. 0. 0. 0.
612 0.012 0. 0.012 0.014 0. 0.014 0.013 0. 0.013 0.013 0. 0.013 0. 0. 0. 0. 0. 0. 0. 0. 0.
616 0.015 0. 0.015 0.014 0. 0.014 0.014 0. 0.014 0.013 0. 0.013 0. 0. 0. 0. 0. 0. 0. 0. 0.
620 0.013 0. 0.013 0.014 0. 0.014 0.013 0. 0.013 0.013 0. 0.013 0. 0. 0. 0. 0. 0. 0. 0. 0.
624 0.014 0. 0.014 0.013 0. 0.013 0.013 0. 0.013 0.015 0. 0.015 0. 0. 0. 0. 0. 0. 0. 0. 0.
628 0.013 0. 0.013 0.014 0. 0.014 0.013 0. 0.013 0.013 0. 0.013 0. 0. 0. 0. 0. 0. 0. 0. 0.
632 0.014 0. 0.014 0.013 0. 0.013 0.014 0. 0.014 0.015 0. 0.015 0. 0. 0. 0. 0. 0. 0. 0. 0.
636 0.014 0. 0.014 0.016 0. 0.016 0.015 0. 0.015 0.015 0. 0.015 0. 0. 0. 0. 0. 0. 0. 0. 0.
640 0.016 0. 0.016 0.015 0. 0.015 0.017 0. 0.017 0.014 0. 0.014 0. 0. 0. 0. 0. 0. 0. 0. 0.
644 0.014 0. 0.014 0.014 0. 0.014 0.014 0. 0.014 0.014 0. 0.014 0. 0. 0. 0. 0. 0. 0. 0. 0.
648 0.014 0. 0.014 0.015 0. 0.015 0.014 0. 0.014 0.014 0. 0.014 0. 0. 0. 0. 0. 0. 0. 0. 0.
652 0.014 0. 0.014 0.015 0. 0.015 0.014 0. 0.014 0.014 0. 0.014 0. 0. 0. 0. 0. 0. 0. 0. 0.
656 0.015 0. 0.015 0.015 0. 0.015 0.015 0. 0.015 0.015 0. 0.015 0. 0. 0. 0. 0. 0. 0. 0. 0.
660 0.015 0. 0.015 0.015 0. 0.015 0.015 0. 0.015 0.015 0. 0.015 0. 0. 0. 0. 0. 0. 0. 0. 0.
664 0.015 0. 0.015 0.015 0. 0.015 0.015 0. 0.015 0.015 0. 0.015 0. 0. 0. 0. 0. 0. 0. 0. 0.
668 0.015 0. 0.015 0.015 0. 0.015 0.015 0. 0.015 0.015 0. 0.015 0. 0. 0. 0. 0. 0. 0. 0. 0.
672 0.018 0. 0.018 0.017 0. 0.017 0.015 0. 0.015 0.015 0. 0.015 0. 0. 0. 0. 0. 0. 0. 0. 0.
676 0.016 0. 0.016 0.018 0. 0.018 0.015 0. 0.015 0.015 0. 0.015 0. 0. 0. 0. 0. 0. 0. 0. 0.
680 0.015 0. 0.015 0.016 0. 0.016 0.016 0. 0.016 0.016 0. 0.016 0. 0. 0. 0. 0. 0. 0. 0. 0.
684 0.016 0. 0.016 0.015 0. 0.015 0.016 0. 0.016 0.016 0. 0.016 0. 0. 0. 0. 0. 0. 0. 0. 0.
688 0.016 0.001 0.015 0.017 0. 0.017 0.016 0. 0.016 0.016 0. 0.016 0. 0. 0. 0. 0. 0. 0. 0. 0.
692 0.017 0. 0.016 0.016 0. 0.016 0.017 0. 0.017 0.017 0. 0.017 0. 0. 0. 0. 0. 0. 0. 0. 0.
696 0.018 0. 0.018 0.018 0. 0.018 0.017 0. 0.017 0.017 0. 0.017 0. 0. 0. 0. 0. 0. 0. 0. 0.
700 0.02 0. 0.02 0.018 0. 0.018 0.018 0. 0.018 0.017 0. 0.017 0. 0. 0. 0. 0. 0. 0. 0. 0.
704 0.017 0. 0.017 0.017 0. 0.017 0.016 0. 0.016 0.017 0. 0.017 0. 0. 0. 0. 0. 0. 0. 0. 0.
708 0.016 0. 0.016 0.017 0. 0.017 0.017 0. 0.017 0.017 0. 0.017 0. 0. 0. 0. 0. 0. 0. 0. 0.
712 0.017 0. 0.017 0.017 0. 0.017 0.017 0. 0.017 0.017 0. 0.017 0. 0. 0. 0. 0. 0. 0. 0. 0.
716 0.017 0. 0.017 0.017 0. 0.017 0.018 0. 0.018 0.017 0. 0.017 0. 0. 0. 0. 0. 0. 0. 0. 0.
720 0.017 0. 0.017 0.017 0. 0.017 0.017 0. 0.017 0.017 0. 0.017 0. 0. 0. 0. 0. 0. 0. 0. 0.
724 0.017 0. 0.017 0.017 0. 0.017 0.018 0. 0.018 0.018 0. 0.018 0. 0. 0. 0. 0. 0. 0. 0. 0.
728 0.018 0. 0.018 0.02 0. 0.02 0.017 0. 0.017 0.018 0. 0.018 0. 0. 0. 0. 0. 0. 0. 0. 0.
732 0.017 0. 0.017 0.018 0. 0.018 0.017 0. 0.017 0.018 0. 0.018 0. 0. 0. 0. 0. 0. 0. 0. 0.
736 0.017 0. 0.017 0.018 0. 0.018 0.018 0. 0.018 0.019 0. 0.019 0. 0. 0. 0. 0. 0. 0. 0. 0.
740 0.018 0. 0.018 0.018 0. 0.018 0.018 0. 0.018 0.019 0. 0.019 0. 0. 0. 0. 0. 0. 0. 0. 0.
744 0.018 0. 0.018 0.018 0. 0.018 0.018 0. 0.018 0.018 0. 0.018 0. 0. 0. 0. 0. 0. 0. 0. 0.
748 0.018 0. 0.018 0.019 0. 0.019 0.018 0. 0.018 0.019 0.003 0.015 0. 0. 0. 0. 0. 0. 0. 0. 0.
752 0.018 0. 0.018 0.02 0. 0.02 0.021 0. 0.021 0.02 0. 0.02 0. 0. 0. 0. 0. 0. 0. 0. 0.
756 0.018 0. 0.018 0.019 0. 0.019 0.019 0. 0.019 0.02 0. 0.02 0. 0. 0. 0. 0. 0. 0. 0. 0.
760 0.018 0. 0.018 0.02 0. 0.02 0.019 0. 0.019 0.019 0. 0.019 0. 0. 0. 0. 0. 0. 0. 0. 0.
764 0.018 0. 0.018 0.019 0. 0.019 0.019 0. 0.019 0.019 0. 0.019 0. 0. 0. 0. 0. 0. 0. 0. 0.
768 0.02 0. 0.02 0.019 0. 0.019 0.02 0. 0.02 0.021 0. 0.021 0. 0. 0. 0. 0. 0. 0. 0. 0.
772 0.019 0. 0.019 0.021 0. 0.021 0.021 0. 0.021 0.019 0. 0.019 0. 0. 0. 0. 0. 0. 0. 0. 0.
776 0.021 0. 0.021 0.022 0. 0.022 0.024 0. 0.024 0.021 0. 0.021 0. 0. 0. 0. 0. 0. 0. 0. 0.
780 0.02 0. 0.02 0.02 0. 0.02 0.022 0. 0.022 0.02 0. 0.02 0. 0. 0. 0. 0. 0. 0. 0. 0.
784 0.02 0. 0.02 0.02 0. 0.02 0.02 0. 0.02 0.021 0. 0.021 0. 0. 0. 0. 0. 0. 0. 0. 0.
788 0.02 0. 0.02 0.021 0. 0.021 0.02 0. 0.02 0.02 0. 0.02 0. 0. 0. 0. 0. 0. 0. 0. 0.
792 0.021 0. 0.021 0.021 0. 0.021 0.02 0. 0.02 0.021 0. 0.021 0. 0. 0. 0. 0. 0. 0. 0. 0.
796 0.022 0. 0.026 0.021 0. 0.021 0.021 0. 0.021 0.021 0. 0.021 0. 0. 0. 0. 0. 0. 0. 0. 0.
800 0.024 0. 0.024 0.022 0. 0.022 0.021 0. 0.021 0.021 0. 0.021 0. 0. 0. 0. 0. 0. 0. 0. 0.
804 0.021 0. 0.021 0.022 0. 0.022 0.021 0. 0.021 0.021 0. 0.021 0. 0. 0. 0. 0. 0. 0. 0. 0.
808 0.02 0. 0.02 0.02 0. 0.02 0.021 0. 0.021 0.022 0. 0.022 0. 0. 0. 0. 0. 0. 0. 0. 0.
812 0.021 0. 0.021 0.021 0. 0.021 0.022 0. 0.022 0.021 0. 0.021 0. 0. 0. 0. 0. 0. 0. 0. 0.
816 0.022 0. 0.022 0.021 0. 0.021 0.021 0. 0.021 0.021 0. 0.021 0. 0. 0. 0. 0. 0. 0. 0. 0.
820 0.021 0. 0.021 0.022 0. 0.022 0.021 0. 0.021 0.026 0. 0.026 0. 0. 0. 0. 0. 0. 0. 0. 0.
824 0.023 0. 0.023 0.022 0. 0.022 0.024 0. 0.024 0.022 0. 0.022 0. 0. 0. 0. 0. 0. 0. 0. 0.
828 0.022 0. 0.022 0.022 0. 0.022 0.022 0. 0.022 0.021 0. 0.021 0. 0. 0. 0. 0. 0. 0. 0. 0.
832 0.021 0. 0.021 0.022 0. 0.022 0.022 0. 0.022 0.023 0.003 0.019 0. 0. 0. 0. 0. 0. 0. 0. 0.
836 0.022 0. 0.022 0.022 0. 0.022 0.023 0. 0.023 0.022 0. 0.022 0. 0. 0. 0. 0. 0. 0. 0. 0.
840 0.022 0. 0.022 0.023 0. 0.023 0.022 0. 0.022 0.023 0. 0.023 0. 0. 0. 0. 0. 0. 0. 0. 0.
844 0.024 0. 0.024 0.024 0. 0.024 0.023 0. 0.023 0.023 0. 0.023 0. 0. 0. 0. 0. 0. 0. 0. 0.
848 0.024 0. 0.024 0.024 0. 0.024 0.025 0. 0.025 0.023 0. 0.023 0. 0. 0. 0. 0. 0. 0. 0. 0.
852 0.024 0. 0.024 0.023 0. 0.023 0.023 0. 0.023 0.023 0. 0.023 0. 0. 0. 0. 0. 0. 0. 0. 0.
856 0.025 0. 0.025 0.024 0. 0.024 0.025 0. 0.025 0.026 0. 0.026 0. 0. 0. 0. 0. 0. 0. 0. 0.
860 0.032 0. 0.031 0.028 0. 0.028 0.027 0. 0.027 0.029 0. 0.029 0. 0. 0. 0. 0. 0. 0. 0. 0.
864 0.028 0. 0.028 0.025 0. 0.025 0.026 0. 0.026 0.024 0. 0.024 0. 0. 0. 0. 0. 0. 0. 0. 0.
868 0.023 0. 0.023 0.024 0. 0.024 0.024 0. 0.024 0.023 0. 0.023 0. 0. 0. 0. 0. 0. 0. 0. 0.
872 0.024 0. 0.024 0.024 0. 0.024 0.023 0. 0.023 0.024 0. 0.024 0. 0. 0. 0. 0. 0. 0. 0. 0.
876 0.024 0. 0.024 0.025 0. 0.025 0.024 0. 0.024 0.024 0. 0.024 0. 0. 0. 0. 0. 0. 0. 0. 0.
880 0.024 0. 0.024 0.026 0. 0.026 0.03 0. 0.03 0.029 0. 0.029 0. 0. 0. 0. 0. 0. 0. 0. 0.
884 0.025 0. 0.025 0.026 0. 0.026 0.025 0. 0.025 0.025 0. 0.025 0. 0. 0. 0. 0. 0. 0. 0. 0.
888 0.024 0. 0.024 0.025 0. 0.025 0.025 0. 0.025 0.024 0. 0.024 0. 0. 0. 0. 0. 0. 0. 0. 0.
892 0.025 0. 0.025 0.025 0. 0.025 0.028 0. 0.028 0.025 0. 0.025 0. 0. 0. 0. 0. 0. 0. 0. 0.
896 0.025 0. 0.025 0.025 0. 0.025 0.025 0. 0.025 0.025 0. 0.025 0. 0. 0. 0. 0. 0. 0. 0. 0.
900 0.028 0. 0.028 0.029 0. 0.029 0.027 0. 0.027 0.025 0. 0.025 0. 0. 0. 0. 0. 0. 0. 0. 0.
904 0.026 0. 0.026 0.025 0. 0.025 0.025 0. 0.025 0.026 0. 0.026 0. 0. 0. 0. 0. 0. 0. 0. 0.
908 0.027 0. 0.027 0.026 0. 0.026 0.028 0.003 0.024 0.027 0. 0.027 0. 0. 0. 0. 0. 0. 0. 0. 0.
912 0.027 0. 0.027 0.03 0. 0.03 0.027 0. 0.027 0.026 0. 0.026 0. 0. 0. 0. 0. 0. 0. 0. 0.
916 0.026 0. 0.026 0.026 0. 0.026 0.029 0. 0.029 0.028 0. 0.028 0. 0. 0. 0. 0. 0. 0. 0. 0.
920 0.026 0. 0.026 0.027 0. 0.027 0.026 0. 0.026 0.027 0. 0.027 0. 0. 0. 0. 0. 0. 0. 0. 0.
924 0.026 0. 0.026 0.027 0. 0.027 0.027 0. 0.027 0.027 0. 0.027 0. 0. 0. 0. 0. 0. 0. 0. 0.
928 0.026 0. 0.026 0.027 0. 0.027 0.027 0. 0.027 0.027 0. 0.027 0. 0. 0. 0. 0. 0. 0. 0. 0.
932 0.027 0. 0.027 0.027 0. 0.027 0.027 0. 0.027 0.027 0. 0.027 0. 0. 0. 0. 0. 0. 0. 0. 0.
936 0.029 0. 0.029 0.032 0. 0.032 0.028 0. 0.028 0.027 0. 0.027 0. 0. 0. 0. 0. 0. 0. 0. 0.
940 0.028 0. 0.028 0.028 0. 0.028 0.028 0. 0.028 0.027 0. 0.027 0. 0. 0. 0. 0. 0. 0. 0. 0.
944 0.027 0. 0.027 0.027 0. 0.027 0.028 0. 0.028 0.028 0. 0.028 0. 0. 0. 0. 0. 0. 0. 0. 0.
948 0.029 0. 0.029 0.027 0. 0.027 0.028 0. 0.028 0.028 0. 0.028 0. 0. 0. 0. 0. 0. 0. 0. 0.
952 0.027 0. 0.027 0.03 0. 0.03 0.032 0. 0.032 0.027 0. 0.027 0. 0. 0. 0. 0. 0. 0. 0. 0.
956 0.028 0. 0.028 0.027 0. 0.027 0.028 0. 0.028 0.029 0. 0.029 0. 0. 0. 0. 0. 0. 0. 0. 0.
960 0.028 0. 0.028 0.028 0. 0.028 0.029 0. 0.029 0.029 0. 0.029 0. 0. 0. 0. 0. 0. 0. 0. 0.
964 0.031 0. 0.031 0.033 0. 0.033 0.034 0. 0.034 0.034 0. 0.034 0. 0. 0. 0. 0. 0. 0. 0. 0.
968 0.029 0. 0.029 0.029 0. 0.029 0.034 0. 0.034 0.029 0. 0.029 0. 0. 0. 0. 0. 0. 0. 0. 0.
972 0.029 0. 0.029 0.029 0. 0.029 0.03 0. 0.03 0.029 0. 0.029 0. 0. 0. 0. 0. 0. 0. 0. 0.
976 0.029 0. 0.029 0.03 0. 0.03 0.029 0. 0.029 0.03 0. 0.03 0. 0. 0. 0. 0. 0. 0. 0. 0.
980 0.03 0. 0.03 0.029 0. 0.029 0.029 0. 0.029 0.035 0. 0.035 0. 0. 0. 0. 0. 0. 0. 0. 0.
984 0.029 0. 0.029 0.03 0. 0.03 0.033 0. 0.033 0.032 0. 0.032 0. 0. 0. 0. 0. 0. 0. 0. 0.
988 0.031 0. 0.031 0.03 0. 0.03 0.03 0. 0.03 0.03 0. 0.03 0. 0. 0. 0. 0. 0. 0. 0. 0.
992 0.031 0. 0.031 0.03 0. 0.03 0.03 0. 0.03 0.03 0. 0.03 0. 0. 0. 0. 0. 0. 0. 0. 0.
996 0.03 0. 0.03 0.031 0. 0.031 0.031 0. 0.031 0.03 0. 0.03 0. 0. 0. 0. 0. 0. 0. 0. 0.
1000 0.03 0. 0.03 0.035 0. 0.035 0.033 0. 0.033 0.03 0. 0.03 0. 0. 0. 0. 0. 0. 0. 0. 0.
1100 0.036 0. 0.036 0.037 0. 0.037 0.035 0. 0.035 0.036 0. 0.036 0. 0. 0. 0. 0. 0. 0. 0. 0.
1200 0.041 0. 0.041 0.046 0. 0.046 0.042 0. 0.042 0.042 0. 0.042 0. 0. 0. 0. 0. 0. 0. 0. 0.
1300 0.052 0. 0.052 0.053 0. 0.053 0.051 0. 0.051 0.048 0. 0.048 0. 0. 0. 0. 0. 0. 0. 0. 0.
1400 0.055 0. 0.055 0.056 0. 0.056 0.055 0. 0.055 0.055 0. 0.055 0. 0. 0. 0. 0. 0. 0. 0. 0.
1500 0.063 0. 0.063 0.063 0. 0.063 0.067 0. 0.067 0.063 0. 0.063 0. 0. 0. 0. 0. 0. 0. 0. 0.
1600 0.071 0. 0.071 0.072 0. 0.072 0.071 0. 0.071 0.074 0. 0.074 0. 0. 0. 0. 0. 0. 0. 0. 0.
1700 0.08 0. 0.08 0.085 0. 0.085 0.084 0. 0.084 0.082 0. 0.082 0. 0. 0. 0. 0. 0. 0. 0. 0.
1800 0.089 0.003 0.085 0.088 0. 0.088 0.096 0. 0.096 0.095 0. 0.095 0. 0. 0. 0. 0. 0. 0. 0. 0.
1900 0.098 0. 0.098 0.1 0. 0.1 0.097 0. 0.097 0.1 0. 0.1 0. 0. 0. 0. 0. 0. 0. 0. 0.
2000 0.11 0. 0.11 0.106 0. 0.106 0.105 0. 0.105 0.107 0. 0.107 0. 0. 0. 0. 0. 0. 0. 0. 0.
2100 0.122 0. 0.122 0.116 0. 0.116 0.117 0. 0.116 0.116 0. 0.116 0. 0. 0. 0.001 0. 0.001 0. 0. 0.
2200 0.132 0. 0.132 0.138 0. 0.138 0.136 0. 0.136 0.13 0. 0.13 0. 0. 0. 0.001 0. 0.001 0. 0. 0.
2300 0.144 0. 0.144 0.14 0. 0.14 0.139 0. 0.139 0.141 0. 0.141 0. 0. 0. 0.001 0. 0.001 0.001 0. 0.001
2400 0.153 0. 0.153 0.149 0. 0.149 0.15 0. 0.15 0.156 0. 0.156 0. 0. 0. 0. 0. 0. 0. 0. 0.
2500 0.188 0. 0.188 0.167 0. 0.167 0.171 0. 0.171 0.163 0. 0.163 0.001 0. 0.001 0. 0. 0. 0. 0. 0.
2600 0.177 0.003 0.173 0.178 0. 0.178 0.201 0. 0.201 0.188 0. 0.188 0.001 0. 0.001 0. 0. 0. 0. 0. 0.
2700 0.195 0. 0.194 0.193 0. 0.193 0.192 0. 0.192 0.196 0. 0.196 0.001 0. 0.001 0.001 0. 0.001 0.001 0. 0.001
2800 0.214 0. 0.214 0.203 0. 0.203 0.203 0. 0.203 0.219 0. 0.219 0.001 0. 0.001 0.001 0. 0.001 0.001 0. 0.
2900 0.26 0. 0.26 0.229 0. 0.229 0.214 0. 0.214 0.218 0. 0.218 0.001 0. 0.001 0.001 0. 0.001 0.001 0. 0.001
3000 0.243 0. 0.243 0.233 0. 0.233 0.227 0. 0.227 0.236 0. 0.236 0.001 0. 0.001 0.001 0. 0.001 0.001 0. 0.001
3100 0.26 0. 0.26 0.249 0. 0.249 0.241 0. 0.241 0.248 0. 0.248 0.001 0. 0.001 0.001 0. 0.001 0.001 0. 0.001
3200 0.283 0. 0.283 0.268 0. 0.268 0.271 0. 0.271 0.267 0. 0.267 0.001 0. 0.001 0.001 0. 0.001 0.001 0. 0.001
3300 0.276 0. 0.276 0.276 0. 0.275 0.274 0. 0.274 0.294 0. 0.294 0.001 0. 0.001 0.001 0. 0.001 0.001 0. 0.001
3400 0.298 0. 0.298 0.295 0. 0.295 0.313 0. 0.313 0.293 0. 0.293 0.001 0. 0.001 0.001 0. 0.001 0.001 0. 0.001
3500 0.313 0. 0.313 0.326 0. 0.326 0.306 0. 0.305 0.315 0. 0.315 0.001 0. 0.001 0.001 0. 0.001 0.001 0. 0.001
3600 0.337 0. 0.337 0.327 0. 0.327 0.339 0. 0.339 0.346 0. 0.346 0.001 0. 0.001 0.001 0. 0.001 0.001 0. 0.001
3700 0.347 0. 0.347 0.35 0. 0.35 0.352 0. 0.352 0.348 0. 0.348 0.001 0. 0.001 0.001 0. 0.001 0.001 0. 0.001
3800 0.368 0. 0.368 0.384 0. 0.384 0.363 0. 0.363 0.367 0. 0.367 0.001 0. 0.001 0.001 0. 0.001 0.001 0. 0.001
3900 0.388 0.003 0.384 0.399 0. 0.398 0.392 0. 0.392 0.389 0. 0.389 0.001 0. 0.001 0.001 0. 0.001 0.001 0. 0.001
4000 0.407 0. 0.407 0.403 0. 0.403 0.399 0. 0.398 0.408 0. 0.408 0.001 0. 0.001 0.001 0. 0.001 0.001 0. 0.001
4100 0.437 0.004 0.433 0.418 0. 0.418 0.419 0. 0.419 0.422 0. 0.422 0.001 0. 0.001 0.001 0. 0.001 0.001 0. 0.001
4200 0.439 0. 0.439 0.444 0. 0.444 0.442 0.003 0.438 0.437 0. 0.437 0.001 0. 0.001 0.001 0. 0.001 0.001 0. 0.001
4300 0.478 0.003 0.474 0.459 0. 0.458 0.479 0. 0.479 0.477 0. 0.477 0.001 0. 0.001 0.001 0. 0.001 0.001 0. 0.001
4400 0.487 0.003 0.483 0.494 0. 0.493 0.485 0. 0.485 0.479 0. 0.479 0.001 0. 0.001 0.001 0. 0.001 0.001 0. 0.001
4500 0.51 0.003 0.506 0.505 0. 0.505 0.508 0. 0.508 0.513 0. 0.513 0.002 0. 0.002 0.001 0. 0.001 0.001 0. 0.001
4600 0.535 0. 0.534 0.534 0. 0.534 0.544 0. 0.544 0.534 0. 0.534 0.002 0. 0.002 0.001 0. 0.001 0.001 0. 0.001
4700 0.556 0. 0.556 0.562 0. 0.562 0.558 0. 0.558 0.58 0. 0.579 0.001 0. 0.001 0.002 0. 0.002 0.001 0. 0.001
4800 0.612 0. 0.612 0.57 0. 0.57 0.576 0. 0.576 0.575 0. 0.575 0.001 0. 0.001 0.002 0. 0.002 0.001 0. 0.001
4900 0.606 0. 0.606 0.6 0. 0.6 0.611 0. 0.611 0.602 0. 0.601 0.001 0. 0.001 0.001 0. 0.001 0.001 0. 0.001
5000 0.632 0. 0.632 0.617 0. 0.617 0.621 0. 0.621 0.632 0. 0.632 0.002 0. 0.002 0.001 0. 0.001 0.001 0. 0.001
5500 0.76 0. 0.76 0.753 0. 0.753 0.743 0. 0.743 0.763 0. 0.763 0.002 0. 0.002 0.002 0. 0.002 0.002 0. 0.002
6000 0.922 0.004 0.918 0.928 0.003 0.924 0.904 0. 0.904 0.916 0. 0.916 0.002 0. 0.002 0.002 0. 0.002 0.002 0. 0.002
6500 1.072 0. 1.072 1.086 0. 1.086 1.074 0. 1.074 1.064 0. 1.064 0.002 0. 0.002 0.002 0. 0.002 0.002 0. 0.002
7000 1.271 0. 1.269 1.264 0. 1.264 1.265 0. 1.265 1.245 0.004 1.24 0.002 0. 0.002 0.002 0. 0.002 0.002 0. 0.002
7500 1.432 0. 1.432 1.439 0. 1.438 1.431 0. 1.431 1.434 0. 1.433 0.003 0. 0.003 0.003 0. 0.003 0.003 0. 0.003
8000 1.64 0.003 1.636 1.688 0. 1.688 1.689 0. 1.688 1.652 0. 1.652 0.003 0. 0.003 0.002 0. 0.002 0.002 0. 0.002
8500 1.868 0.003 1.863 1.844 0. 1.843 1.899 0. 1.899 1.861 0. 1.861 0.003 0. 0.003 0.003 0. 0.003 0.003 0. 0.003
9000 2.039 0.003 2.034 2.051 0. 2.051 2.05 0. 2.049 2.103 0. 2.097 0.003 0. 0.01 0.004 0. 0.004 0.003 0. 0.003
9500 2.326 0.004 2.321 2.295 0. 2.294 2.35 0. 2.35 2.32 0. 2.32 0.003 0. 0.003 0.003 0. 0.003 0.003 0. 0.003
10000 2.544 0. 2.544 2.535 0. 2.535 2.543 0. 2.543 2.544 0. 2.544 0.003 0. 0.003 0.003 0. 0.003 0.003 0. 0.003