param-n fast-rewrite-regression-cubic-real fast-rewrite-regression-cubic-sys fast-rewrite-regression-cubic-user pose-build-and-refine-regression-cubic-real pose-build-and-refine-regression-cubic-sys pose-build-and-refine-regression-cubic-user refine-regression-quadratic-regression-linear-real refine-regression-quadratic-regression-linear-sys refine-regression-quadratic-regression-linear-user
1 0. 0. 0. 0. 0. 0. 0. 0. 0.
2 0. 0. 0. 0. 0. 0. 0. 0. 0.
3 0.001 0. 0.001 0.001 0. 0.001 0. 0. 0.
4 0.001 0. 0.001 0.001 0. 0.001 0. 0. 0.
5 0.001 0. 0.001 0.001 0. 0.001 0. 0. 0.
6 0.001 0. 0.001 0.001 0. 0.001 0. 0. 0.
7 0.001 0. 0.001 0.001 0. 0.001 0. 0. 0.
8 0.001 0. 0.001 0.001 0. 0.001 0. 0. 0.
9 0.001 0. 0.001 0.001 0. 0.001 0. 0. 0.
10 0.002 0. 0.002 0.002 0. 0.002 0. 0. 0.
11 0.002 0. 0.002 0.002 0. 0.002 0. 0. 0.
12 0.002 0. 0.002 0.002 0. 0.002 0. 0. 0.
13 0.002 0. 0.002 0.002 0. 0.002 0. 0. 0.
14 0.003 0. 0.003 0.003 0. 0.003 0. 0. 0.
15 0.003 0. 0.003 0.003 0. 0.003 0. 0. 0.
16 0.003 0. 0.003 0.003 0. 0.003 0. 0. 0.
17 0.003 0. 0.003 0.003 0. 0.003 0. 0. 0.
18 0.003 0. 0.003 0.003 0. 0.003 0. 0. 0.
19 0.004 0. 0.004 0.004 0. 0.004 0. 0. 0.
20 0.004 0. 0.004 0.004 0. 0.004 0. 0. 0.
21 0.004 0. 0.004 0.004 0. 0.004 0. 0. 0.
22 0.004 0. 0.004 0.004 0. 0.004 0. 0. 0.
23 0.004 0. 0.004 0.004 0. 0.004 0. 0. 0.
24 0.005 0. 0.005 0.005 0. 0.005 0. 0. 0.
25 0.005 0. 0.005 0.005 0. 0.005 0. 0. 0.
26 0.005 0. 0.005 0.005 0. 0.005 0. 0. 0.
27 0.005 0. 0.005 0.005 0. 0.005 0. 0. 0.
28 0.006 0. 0.006 0.006 0. 0.006 0. 0. 0.
29 0.006 0. 0.006 0.006 0. 0.006 0. 0. 0.
30 0.007 0. 0.007 0.007 0. 0.007 0. 0. 0.
31 0.008 0. 0.008 0.008 0. 0.008 0. 0. 0.
32 0.008 0. 0.008 0.008 0. 0.008 0. 0. 0.
33 0.008 0. 0.008 0.008 0. 0.008 0. 0. 0.
34 0.009 0. 0.009 0.009 0. 0.009 0. 0. 0.
35 0.016 0. 0.016 0.016 0. 0.016 0. 0. 0.
36 0.01 0. 0.01 0.01 0. 0.01 0. 0. 0.
37 0.01 0. 0.01 0.01 0. 0.01 0. 0. 0.
38 0.01 0. 0.01 0.01 0. 0.01 0. 0. 0.
39 0.01 0. 0.01 0.01 0. 0.01 0. 0. 0.
40 0.012 0. 0.012 0.012 0. 0.012 0. 0. 0.
41 0.011 0. 0.011 0.011 0. 0.011 0. 0. 0.
42 0.012 0. 0.012 0.012 0. 0.012 0. 0. 0.
43 0.013 0. 0.013 0.013 0. 0.013 0. 0. 0.
44 0.011 0. 0.011 0.011 0. 0.011 0. 0. 0.
45 0.015 0. 0.015 0.015 0. 0.015 0. 0. 0.
46 0.012 0. 0.012 0.012 0. 0.012 0. 0. 0.
47 0.012 0. 0.012 0.012 0. 0.012 0. 0. 0.
48 0.013 0. 0.013 0.013 0. 0.013 0. 0. 0.
49 0.017 0. 0.017 0.016 0. 0.016 0. 0. 0.
50 0.018 0.003 0.014 0.018 0.003 0.014 0.001 0. 0.
51 0.014 0. 0.014 0.014 0. 0.014 0. 0. 0.
52 0.015 0. 0.015 0.015 0. 0.015 0. 0. 0.
53 0.015 0. 0.015 0.015 0. 0.015 0. 0. 0.
54 0.015 0. 0.015 0.015 0. 0.015 0. 0. 0.
55 0.017 0. 0.017 0.017 0. 0.017 0. 0. 0.
56 0.016 0. 0.016 0.016 0. 0.016 0. 0. 0.
57 0.016 0. 0.016 0.016 0. 0.016 0. 0. 0.
58 0.017 0. 0.017 0.017 0. 0.017 0. 0. 0.
59 0.018 0. 0.018 0.018 0. 0.018 0. 0. 0.
60 0.024 0. 0.024 0.024 0. 0.024 0. 0. 0.
61 0.018 0. 0.018 0.018 0. 0.018 0. 0. 0.
62 0.019 0. 0.019 0.019 0. 0.019 0. 0. 0.
63 0.02 0. 0.02 0.02 0. 0.02 0.001 0. 0.001
64 0.022 0. 0.022 0.022 0. 0.022 0. 0. 0.
65 0.021 0. 0.021 0.021 0. 0.021 0.001 0. 0.001
66 0.02 0. 0.02 0.02 0. 0.02 0. 0. 0.
67 0.02 0. 0.02 0.02 0. 0.02 0.001 0. 0.001
68 0.028 0. 0.028 0.028 0. 0.028 0.001 0. 0.001
69 0.023 0. 0.023 0.023 0. 0.023 0.001 0. 0.001
70 0.025 0. 0.025 0.025 0. 0.025 0.001 0. 0.001
71 0.024 0. 0.024 0.024 0. 0.024 0.001 0. 0.001
72 0.025 0. 0.025 0.025 0. 0.025 0.001 0. 0.001
73 0.024 0. 0.024 0.024 0. 0.024 0.001 0. 0.001
74 0.025 0. 0.025 0.025 0. 0.025 0.001 0. 0.001
75 0.028 0. 0.028 0.028 0. 0.028 0.001 0. 0.001
76 0.029 0. 0.029 0.029 0. 0.029 0.001 0. 0.001
77 0.031 0. 0.031 0.031 0. 0.031 0.001 0. 0.001
78 0.032 0. 0.032 0.032 0. 0.032 0.001 0. 0.001
79 0.029 0. 0.029 0.029 0. 0.029 0.001 0. 0.001
80 0.029 0. 0.029 0.029 0. 0.029 0.001 0. 0.001
81 0.038 0. 0.038 0.038 0. 0.038 0.001 0. 0.001
82 0.03 0. 0.03 0.03 0. 0.03 0.001 0. 0.001
83 0.032 0. 0.032 0.032 0. 0.032 0.001 0. 0.001
84 0.034 0. 0.034 0.034 0. 0.034 0.001 0. 0.001
85 0.031 0. 0.031 0.031 0. 0.031 0.001 0. 0.001
86 0.033 0. 0.033 0.033 0. 0.033 0.001 0. 0.001
87 0.042 0. 0.042 0.042 0. 0.042 0.001 0. 0.001
88 0.042 0. 0.042 0.042 0. 0.042 0.005 0. 0.005
89 0.037 0. 0.036 0.037 0. 0.036 0.001 0. 0.001
90 0.034 0. 0.034 0.034 0. 0.034 0.001 0. 0.001
91 0.035 0. 0.035 0.035 0. 0.035 0.001 0. 0.001
92 0.046 0. 0.046 0.046 0. 0.046 0.001 0. 0.001
93 0.036 0. 0.036 0.036 0. 0.036 0.001 0. 0.001
94 0.039 0. 0.039 0.039 0. 0.039 0.001 0. 0.001
95 0.041 0.003 0.037 0.041 0.003 0.037 0.001 0. 0.001
96 0.039 0. 0.039 0.039 0. 0.039 0.001 0. 0.001
97 0.039 0. 0.039 0.039 0. 0.039 0.001 0. 0.001
98 0.047 0. 0.042 0.047 0. 0.042 0.002 0. 0.002
99 0.046 0. 0.046 0.046 0. 0.046 0.001 0. 0.001
100 0.1 0.028 0.072 0.1 0.028 0.072 0.001 0. 0.
110 0.05 0. 0.05 0.05 0. 0.05 0.001 0. 0.001
120 0.063 0. 0.063 0.063 0. 0.063 0.002 0. 0.002
130 0.089 0. 0.089 0.089 0. 0.089 0.001 0. 0.001
140 0.104 0. 0.104 0.104 0. 0.104 0.001 0. 0.001
150 0.095 0.003 0.091 0.095 0.003 0.091 0.001 0. 0.001
160 0.134 0. 0.134 0.134 0. 0.134 0.002 0. 0.002
170 0.144 0. 0.144 0.144 0. 0.144 0.002 0. 0.002
180 0.143 0. 0.143 0.143 0. 0.143 0.002 0. 0.002
190 0.163 0.003 0.159 0.163 0.003 0.159 0.002 0. 0.002
200 0.185 0. 0.185 0.185 0. 0.185 0.002 0. 0.002
210 0.191 0. 0.191 0.191 0. 0.191 0.002 0. 0.002
220 0.209 0.003 0.205 0.209 0.003 0.205 0.003 0. 0.003
230 0.259 0.007 0.251 0.259 0.007 0.251 0.003 0. 0.003
240 0.268 0. 0.268 0.268 0. 0.268 0.003 0. 0.003
250 0.266 0.003 0.262 0.266 0.003 0.262 0.003 0. 0.003
260 0.309 0.007 0.301 0.309 0.007 0.301 0.004 0. 0.004
270 0.293 0.007 0.285 0.293 0.007 0.285 0.003 0. 0.003
280 0.315 0. 0.315 0.315 0. 0.315 0.003 0. 0.003
290 0.331 0. 0.331 0.331 0. 0.331 0.004 0. 0.004
300 0.35 0.007 0.342 0.35 0.007 0.342 0.004 0. 0.004
310 0.417 0. 0.417 0.417 0. 0.417 0.005 0. 0.005
320 0.447 0. 0.447 0.447 0. 0.447 0.004 0. 0.004
330 0.425 0.011 0.413 0.425 0.011 0.413 0.004 0. 0.004
340 0.454 0. 0.454 0.454 0. 0.454 0.004 0. 0.004
350 0.44 0.008 0.432 0.44 0.008 0.432 0.005 0. 0.005
360 0.546 0. 0.546 0.546 0. 0.546 0.005 0. 0.005
370 0.554 0. 0.554 0.554 0. 0.554 0.005 0. 0.005
380 0.539 0. 0.539 0.539 0. 0.538 0.005 0. 0.005
390 0.586 0. 0.586 0.586 0. 0.586 0.006 0. 0.006
400 0.638 0.003 0.634 0.637 0.003 0.634 0.005 0. 0.005
410 0.691 0. 0.691 0.691 0. 0.691 0.005 0. 0.005
420 0.679 0. 0.679 0.679 0. 0.679 0.006 0. 0.006
430 0.697 0. 0.697 0.697 0. 0.697 0.005 0. 0.005
440 0.821 0. 0.821 0.821 0. 0.821 0.006 0. 0.006
450 0.758 0. 0.758 0.758 0. 0.758 0.006 0. 0.006
460 0.789 0. 0.789 0.789 0. 0.789 0.007 0. 0.007
470 0.899 0. 0.9 0.899 0. 0.9 0.006 0. 0.006
480 0.859 0. 0.859 0.859 0. 0.859 0.006 0. 0.006
490 0.961 0. 0.961 0.961 0. 0.961 0.007 0. 0.007
500 0.977 0.023 0.953 0.976 0.023 0.953 0.007 0. 0.007
510 1.015 0. 1.014 1.015 0. 1.014 0.008 0. 0.008
520 1.022 0. 1.022 1.022 0. 1.022 0.008 0. 0.008
530 1.057 0. 1.056 1.057 0. 1.056 0.009 0. 0.009
540 1.13 0. 1.13 1.13 0. 1.13 0.007 0. 0.007
550 1.131 0. 1.131 1.131 0. 1.131 0.007 0. 0.007
560 1.228 0. 1.228 1.228 0. 1.228 0.008 0. 0.008
570 1.211 0. 1.211 1.211 0. 1.211 0.008 0. 0.008
580 1.355 0. 1.354 1.355 0. 1.354 0.008 0. 0.008
590 1.339 0. 1.339 1.339 0. 1.339 0.009 0. 0.009
600 1.4 0.004 1.396 1.4 0.004 1.396 0.008 0. 0.008
610 1.373 0. 1.373 1.373 0. 1.373 0.01 0. 0.01
620 1.445 0. 1.444 1.445 0. 1.444 0.009 0. 0.009
630 1.488 0. 1.488 1.488 0. 1.488 0.009 0. 0.009
640 1.546 0. 1.545 1.546 0. 1.545 0.008 0. 0.008
650 1.626 0. 1.625 1.626 0. 1.625 0.009 0. 0.009
660 1.605 0. 1.605 1.605 0. 1.605 0.009 0. 0.009
670 1.759 0. 1.758 1.759 0. 1.758 0.01 0. 0.01
680 1.728 0. 1.728 1.728 0. 1.728 0.009 0. 0.009
690 1.727 0. 1.727 1.727 0. 1.727 0.01 0. 0.01
700 1.877 0. 1.877 1.877 0. 1.877 0.013 0. 0.013
710 1.93 0. 1.929 1.93 0. 1.929 0.01 0. 0.01
720 1.923 0. 1.922 1.923 0. 1.922 0.011 0. 0.011
730 2.083 0.011 2.071 2.083 0.011 2.071 0.01 0. 0.01
740 2.079 0.007 2.071 2.079 0.007 2.071 0.01 0. 0.01
750 2.061 0. 2.06 2.061 0. 2.06 0.011 0. 0.011
760 2.155 0. 2.155 2.155 0. 2.155 0.011 0. 0.011
770 2.211 0.004 2.206 2.211 0.004 2.206 0.011 0. 0.011
780 2.581 0. 2.58 2.581 0. 2.58 0.012 0. 0.012
790 2.278 0. 2.278 2.278 0. 2.278 0.012 0. 0.012
800 2.376 0. 2.375 2.376 0. 2.375 0.013 0. 0.013
810 2.431 0. 2.43 2.43 0. 2.43 0.011 0. 0.011
820 2.519 0. 2.519 2.519 0. 2.519 0.012 0. 0.012
830 2.784 0. 2.783 2.784 0. 2.783 0.012 0. 0.012
840 2.614 0. 2.613 2.614 0. 2.613 0.011 0. 0.011
850 2.694 0. 2.693 2.694 0. 2.693 0.012 0. 0.012
860 2.718 0. 2.718 2.718 0. 2.718 0.015 0. 0.015
870 2.782 0. 2.781 2.782 0. 2.781 0.013 0. 0.012
880 2.843 0. 2.842 2.843 0. 2.842 0.012 0. 0.012
890 2.943 0. 2.942 2.943 0. 2.942 0.014 0. 0.014
900 3.036 0. 3.036 3.036 0. 3.036 0.015 0. 0.015
910 3.17 0.027 3.141 3.17 0.027 3.141 0.014 0. 0.014
920 3.187 0. 3.186 3.187 0. 3.186 0.013 0. 0.013
930 3.446 0. 3.445 3.446 0. 3.445 0.013 0. 0.013
940 3.193 0. 3.193 3.193 0. 3.193 0.015 0. 0.015
950 3.375 0. 3.374 3.375 0. 3.374 0.014 0. 0.014
960 3.386 0. 3.385 3.386 0. 3.385 0.015 0. 0.015
970 3.515 0. 3.514 3.515 0. 3.514 0.014 0. 0.014
980 3.837 0. 3.836 3.837 0. 3.836 0.014 0. 0.014
990 3.516 0.003 3.512 3.516 0.003 3.512 0.015 0. 0.015
1000 3.645 0. 3.644 3.645 0. 3.644 0.015 0. 0.015
1100 4.466 0.027 4.437 4.466 0.027 4.437 0.016 0. 0.016
1200 5.239 0. 5.238 5.239 0. 5.238 0.018 0. 0.018
1300 6.158 0.007 6.148 6.158 0.007 6.148 0.02 0. 0.02
1400 7.506 0. 7.504 7.506 0. 7.504 0.021 0. 0.021
1500 8.614 0. 8.612 8.614 0. 8.612 0.023 0. 0.023
1600 9.847 0.048 9.797 9.847 0.048 9.797 0.026 0. 0.026
1700 11.05 0.036 11.012 11.05 0.036 11.012 0.029 0. 0.029
1800 12.024 0. 12.022 12.024 0. 12.022 0.028 0. 0.028
1900 13.5 0.052 13.445 13.5 0.052 13.445 0.03 0. 0.03
2000 14.854 0. 14.851 14.854 0. 14.851 0.032 0. 0.032
3000 33.608 0.184 33.415 33.608 0.184 33.415 0.052 0. 0.052
4000 60.477 0.372 60.088 60.477 0.372 60.088 0.068 0. 0.068
5000 104.211 1.166 103.028 104.211 1.166 103.028 0.092 0. 0.092