param-n,abstract+rewrite-strat-bottomup-real,abstract+rewrite-strat-topdown-real,close-abstract+rewrite-strat-bottomup-real,close-abstract+rewrite-strat-topdown-real,rewrite-strat-bottomup-real,rewrite-strat-bottomup-noop-real,rewrite-strat-topdown-real,rewrite-strat-topdown-noop-real
1,0.001,0.001,0.,0.,0.,0.,0.001,0.
2,0.002,0.001,0.,0.,0.,0.,0.001,0.
3,0.003,0.002,0.001,0.,0.002,0.,0.001,0.
4,0.004,0.002,0.,0.,0.003,0.,0.001,0.
5,0.005,0.003,0.001,0.,0.003,0.,0.002,0.
6,0.005,0.003,0.,0.,0.004,0.,0.002,0.
7,0.007,0.003,0.001,0.001,0.005,0.,0.002,0.
8,0.007,0.005,0.001,0.001,0.005,0.,0.003,0.
9,0.009,0.005,0.002,0.001,0.006,0.,0.003,0.
10,0.01,0.006,0.002,0.001,0.008,0.,0.003,0.
11,0.066,0.006,0.002,0.001,0.063,0.,0.004,0.
12,0.01,0.009,0.002,0.002,0.007,0.,0.006,0.
13,0.012,0.064,0.002,0.002,0.008,0.,0.061,0.
14,0.013,0.007,0.003,0.002,0.009,0.,0.004,0.
15,0.015,0.007,0.003,0.002,0.011,0.,0.004,0.
16,0.016,0.008,0.004,0.002,0.011,0.,0.005,0.
17,0.018,0.009,0.004,0.003,0.013,0.,0.005,0.
18,0.018,0.009,0.004,0.003,0.012,0.,0.005,0.
19,0.02,0.01,0.005,0.003,0.014,0.,0.006,0.
20,0.022,0.011,0.006,0.004,0.015,0.,0.006,0.
21,0.024,0.014,0.007,0.004,0.016,0.,0.008,0.
22,0.026,0.014,0.007,0.005,0.018,0.,0.008,0.
23,0.027,0.014,0.007,0.005,0.018,0.,0.008,0.
24,0.03,0.015,0.009,0.006,0.02,0.,0.008,0.
25,0.03,0.016,0.009,0.006,0.02,0.,0.009,0.
26,0.033,0.02,0.009,0.006,0.022,0.,0.012,0.
27,0.036,0.019,0.01,0.007,0.025,0.,0.011,0.
28,0.037,0.02,0.011,0.008,0.025,0.,0.011,0.
29,0.039,0.021,0.013,0.008,0.025,0.,0.011,0.
30,0.041,0.024,0.013,0.009,0.027,0.,0.013,0.
31,0.051,0.024,0.016,0.009,0.033,0.,0.013,0.
32,0.047,0.025,0.014,0.01,0.031,0.,0.014,0.
33,0.05,0.029,0.016,0.011,0.033,0.,0.017,0.
34,0.051,0.029,0.016,0.012,0.034,0.,0.015,0.
35,0.057,0.03,0.017,0.013,0.038,0.,0.016,0.
36,0.058,0.031,0.018,0.013,0.038,0.,0.017,0.
37,0.06,0.034,0.019,0.014,0.04,0.,0.018,0.
38,0.064,0.036,0.02,0.014,0.042,0.,0.02,0.
39,0.066,0.036,0.022,0.015,0.042,0.,0.019,0.
40,0.075,0.038,0.022,0.015,0.051,0.,0.021,0.
41,0.076,0.038,0.024,0.016,0.051,0.,0.02,0.
42,0.076,0.045,0.025,0.017,0.05,0.,0.026,0.
43,0.082,0.048,0.026,0.023,0.054,0.,0.023,0.
44,0.084,0.045,0.028,0.019,0.054,0.,0.024,0.
45,0.087,0.046,0.03,0.02,0.055,0.,0.024,0.
46,0.088,0.051,0.03,0.02,0.055,0.,0.029,0.
47,0.094,0.052,0.033,0.024,0.059,0.,0.026,0.
48,0.098,0.051,0.034,0.022,0.062,0.,0.027,0.
49,0.1,0.058,0.035,0.024,0.063,0.,0.032,0.
50,0.161,0.115,0.031,0.073,0.127,0.,0.04,0.
51,0.109,0.059,0.036,0.025,0.07,0.,0.031,0.001
52,0.115,0.062,0.037,0.029,0.077,0.,0.031,0.
53,0.111,0.062,0.038,0.027,0.071,0.,0.032,0.
54,0.12,0.063,0.04,0.028,0.078,0.,0.034,0.
55,0.124,0.072,0.041,0.029,0.081,0.,0.041,0.
56,0.124,0.07,0.042,0.03,0.08,0.,0.038,0.
57,0.133,0.077,0.046,0.036,0.085,0.,0.039,0.
58,0.138,0.075,0.046,0.034,0.089,0.,0.04,0.
59,0.14,0.079,0.049,0.037,0.088,0.,0.04,0.
60,0.142,0.079,0.049,0.035,0.091,0.,0.042,0.
61,0.153,0.082,0.05,0.037,0.101,0.,0.043,0.
62,0.159,0.085,0.055,0.039,0.102,0.,0.044,0.
63,0.159,0.089,0.053,0.041,0.104,0.,0.046,0.
64,0.161,0.09,0.055,0.041,0.103,0.,0.046,0.
65,0.175,0.096,0.066,0.041,0.105,0.001,0.053,0.
66,0.167,0.096,0.06,0.041,0.104,0.,0.052,0.001
67,0.177,0.105,0.063,0.045,0.111,0.,0.057,0.
68,0.184,0.103,0.065,0.047,0.117,0.001,0.053,0.
69,0.185,0.104,0.067,0.048,0.116,0.,0.054,0.
70,0.193,0.111,0.071,0.048,0.12,0.001,0.06,0.001
71,0.198,0.109,0.072,0.05,0.123,0.001,0.057,0.001
72,0.199,0.116,0.072,0.055,0.124,0.001,0.059,0.001
73,0.207,0.121,0.074,0.051,0.13,0.001,0.067,0.001
74,0.212,0.117,0.074,0.054,0.136,0.001,0.061,0.001
75,0.228,0.121,0.077,0.054,0.148,0.001,0.064,0.001
76,0.23,0.131,0.077,0.059,0.15,0.001,0.069,0.001
77,0.236,0.134,0.086,0.058,0.147,0.001,0.073,0.001
78,0.227,0.138,0.083,0.058,0.142,0.001,0.077,0.001
79,0.239,0.13,0.086,0.061,0.151,0.001,0.067,0.001
80,0.259,0.135,0.093,0.06,0.163,0.001,0.072,0.001
81,0.245,0.146,0.083,0.066,0.159,0.001,0.078,0.001
82,0.253,0.15,0.085,0.065,0.166,0.001,0.082,0.001
83,0.259,0.15,0.087,0.067,0.169,0.001,0.08,0.001
84,0.274,0.152,0.092,0.069,0.178,0.001,0.08,0.001
85,0.272,0.154,0.092,0.069,0.177,0.001,0.082,0.001
86,0.273,0.157,0.094,0.071,0.176,0.001,0.083,0.001
87,0.281,0.16,0.095,0.072,0.183,0.001,0.085,0.001
88,0.292,0.162,0.1,0.073,0.189,0.001,0.085,0.001
89,0.3,0.166,0.105,0.075,0.192,0.001,0.087,0.001
90,0.305,0.171,0.104,0.077,0.198,0.001,0.091,0.001
91,0.31,0.176,0.114,0.081,0.193,0.001,0.092,0.001
92,0.322,0.18,0.107,0.081,0.212,0.001,0.096,0.001
93,0.316,0.186,0.107,0.083,0.205,0.001,0.1,0.001
94,0.331,0.195,0.114,0.083,0.214,0.001,0.109,0.001
95,0.358,0.191,0.136,0.08,0.219,0.001,0.107,0.001
96,0.362,0.19,0.13,0.086,0.229,0.001,0.101,0.001
97,0.367,0.189,0.134,0.085,0.23,0.001,0.101,0.001
98,0.369,0.203,0.136,0.094,0.229,0.001,0.106,0.001
99,0.382,0.211,0.142,0.094,0.238,0.001,0.114,0.001
100,0.38,0.211,0.139,0.095,0.239,0.001,0.112,0.002
110,0.46,0.25,0.174,0.112,0.282,0.001,0.134,0.001
120,0.542,0.302,0.192,0.131,0.347,0.002,0.167,0.001
130,0.609,0.359,0.217,0.156,0.389,0.002,0.198,0.002
140,0.725,0.432,0.259,0.184,0.462,0.002,0.243,0.002
150,0.857,0.512,0.317,0.237,0.535,0.002,0.272,0.002
160,0.942,0.547,0.328,0.242,0.61,0.002,0.3,0.002
170,1.107,0.673,0.413,0.305,0.689,0.003,0.359,0.006
180,1.212,0.731,0.44,0.347,0.767,0.003,0.378,0.003
190,1.3,0.799,0.441,0.35,0.854,0.003,0.442,0.003
200,1.486,0.901,0.492,0.406,0.988,0.003,0.489,0.004
210,1.624,0.935,0.548,0.409,1.069,0.004,0.519,0.004
220,1.773,1.074,0.63,0.437,1.136,0.004,0.629,0.004
230,1.967,1.183,0.678,0.51,1.282,0.004,0.666,0.005
240,2.073,1.298,0.702,0.565,1.363,0.005,0.726,0.005
250,2.316,1.312,0.814,0.55,1.494,0.005,0.755,0.005
260,2.523,1.466,0.89,0.607,1.624,0.006,0.851,0.006
270,2.707,1.575,0.895,0.652,1.803,0.006,0.915,0.006
280,3.037,1.726,1.019,0.735,2.008,0.007,0.98,0.007
290,3.136,1.87,1.035,0.761,2.091,0.007,1.099,0.007
300,3.456,2.04,1.094,0.859,2.352,0.007,1.172,0.008
310,3.649,2.248,1.221,0.906,2.418,0.008,1.33,0.008
320,3.957,2.299,1.253,0.891,2.692,0.008,1.395,0.01
330,4.262,2.424,1.41,0.965,2.841,0.008,1.447,0.009
340,4.402,2.656,1.417,1.104,2.973,0.009,1.539,0.01
350,4.694,2.817,1.543,1.064,3.14,0.009,1.734,0.018
360,4.996,2.981,1.557,1.169,3.426,0.01,1.797,0.011
370,5.348,3.297,1.669,1.296,3.665,0.01,1.985,0.012
380,5.796,3.303,1.872,1.318,3.91,0.011,1.969,0.013
390,5.888,3.777,1.856,1.66,4.017,0.011,2.102,0.012
400,6.294,3.768,1.898,1.403,4.371,0.022,2.344,0.013