param-n,autorewrite-noop-regression-quadratic-real,autorewrite-noop-regression-quadratic-sys,autorewrite-noop-regression-quadratic-user,try-rewrite!-noop-regression-quadratic-real,try-rewrite!-noop-regression-quadratic-sys,try-rewrite!-noop-regression-quadratic-user,try-rewrite-noop-regression-quadratic-real,try-rewrite-noop-regression-quadratic-sys,try-rewrite-noop-regression-quadratic-user,try-rewrite?-noop-regression-quadratic-real,try-rewrite?-noop-regression-quadratic-sys,try-rewrite?-noop-regression-quadratic-user,try-ssr-rewrite!-noop-regression-linear-real,try-ssr-rewrite!-noop-regression-linear-sys,try-ssr-rewrite!-noop-regression-linear-user,try-ssr-rewrite-noop-regression-linear-real,try-ssr-rewrite-noop-regression-linear-sys,try-ssr-rewrite-noop-regression-linear-user,try-ssr-rewrite?-noop-regression-linear-real,try-ssr-rewrite?-noop-regression-linear-sys,try-ssr-rewrite?-noop-regression-linear-user
1,0.,0.,0.,0.,0.,0.,0.,0.,0.,0.,0.,0.,0.,0.,0.,0.,0.,0.,0.,0.,0.
2,0.,0.,0.,0.,0.,0.,0.,0.,0.,0.,0.,0.,0.,0.,0.,0.,0.,0.,0.,0.,0.
3,0.,0.,0.,0.,0.,0.,0.,0.,0.,0.,0.,0.,0.,0.,0.,0.,0.,0.,0.,0.,0.
4,0.,0.,0.,0.,0.,0.,0.,0.,0.,0.,0.,0.,0.,0.,0.,0.,0.,0.,0.,0.,0.
8,0.,0.,0.,0.,0.,0.,0.,0.,0.,0.,0.,0.,0.,0.,0.,0.,0.,0.,0.,0.,0.
12,0.,0.,0.,0.,0.,0.,0.,0.,0.,0.,0.,0.,0.,0.,0.,0.,0.,0.,0.,0.,0.
16,0.,0.,0.,0.,0.,0.,0.,0.,0.,0.,0.,0.,0.,0.,0.,0.,0.,0.,0.,0.,0.
20,0.,0.,0.,0.,0.,0.,0.,0.,0.,0.,0.,0.,0.,0.,0.,0.,0.,0.,0.,0.,0.
24,0.,0.,0.,0.,0.,0.,0.,0.,0.,0.,0.,0.,0.,0.,0.,0.,0.,0.,0.,0.,0.
28,0.,0.,0.,0.,0.,0.,0.,0.,0.,0.,0.,0.,0.,0.,0.,0.,0.,0.,0.,0.,0.
32,0.001,0.,0.001,0.,0.,0.,0.,0.,0.,0.,0.,0.,0.,0.,0.,0.,0.,0.,0.,0.,0.
36,0.,0.,0.,0.,0.,0.,0.,0.,0.,0.,0.,0.,0.,0.,0.,0.,0.,0.,0.,0.,0.
40,0.,0.,0.,0.,0.,0.,0.,0.,0.,0.,0.,0.,0.,0.,0.,0.,0.,0.,0.,0.,0.
44,0.,0.,0.,0.,0.,0.,0.,0.,0.,0.,0.,0.,0.,0.,0.,0.,0.,0.,0.,0.,0.
48,0.,0.,0.,0.,0.,0.,0.,0.,0.,0.,0.,0.,0.,0.,0.,0.,0.,0.,0.,0.,0.
50,0.001,0.,0.,0.001,0.,0.,0.001,0.,0.001,0.001,0.,0.001,0.,0.,0.,0.,0.,0.,0.,0.,0.
52,0.,0.,0.,0.,0.,0.,0.,0.,0.,0.,0.,0.,0.,0.,0.,0.,0.,0.,0.,0.,0.
56,0.,0.,0.,0.,0.,0.,0.,0.,0.,0.,0.,0.,0.,0.,0.,0.,0.,0.,0.,0.,0.
60,0.,0.,0.,0.,0.,0.,0.,0.,0.,0.,0.,0.,0.,0.,0.,0.,0.,0.,0.,0.,0.
64,0.,0.,0.,0.,0.,0.,0.,0.,0.,0.,0.,0.,0.,0.,0.,0.,0.,0.,0.,0.,0.
68,0.001,0.,0.001,0.,0.,0.,0.,0.,0.,0.,0.,0.,0.,0.,0.,0.,0.,0.,0.,0.,0.
72,0.001,0.,0.001,0.001,0.,0.001,0.001,0.,0.001,0.001,0.,0.001,0.,0.,0.,0.,0.,0.,0.,0.,0.
76,0.001,0.,0.001,0.001,0.,0.001,0.001,0.,0.001,0.001,0.,0.001,0.,0.,0.,0.,0.,0.,0.,0.,0.
80,0.001,0.,0.001,0.001,0.,0.001,0.001,0.,0.001,0.001,0.,0.001,0.,0.,0.,0.,0.,0.,0.,0.,0.
84,0.001,0.,0.001,0.001,0.,0.001,0.001,0.,0.001,0.001,0.,0.001,0.,0.,0.,0.,0.,0.,0.,0.,0.
88,0.002,0.,0.002,0.001,0.,0.001,0.001,0.,0.001,0.001,0.,0.001,0.,0.,0.,0.,0.,0.,0.,0.,0.
92,0.001,0.,0.001,0.001,0.,0.001,0.001,0.,0.001,0.056,0.,0.056,0.,0.,0.,0.,0.,0.,0.,0.,0.
96,0.001,0.,0.001,0.001,0.,0.001,0.001,0.,0.001,0.001,0.,0.001,0.,0.,0.,0.,0.,0.,0.,0.,0.
100,0.002,0.002,0.,0.001,0.001,0.,0.002,0.,0.002,0.002,0.,0.002,0.,0.,0.,0.,0.,0.,0.,0.,0.
104,0.001,0.,0.001,0.001,0.,0.001,0.001,0.,0.001,0.001,0.,0.001,0.,0.,0.,0.,0.,0.,0.,0.,0.
108,0.001,0.,0.001,0.001,0.,0.001,0.001,0.,0.001,0.001,0.,0.001,0.,0.,0.,0.,0.,0.,0.,0.,0.
112,0.002,0.,0.002,0.001,0.,0.001,0.001,0.,0.001,0.001,0.,0.001,0.,0.,0.,0.,0.,0.,0.,0.,0.
116,0.001,0.,0.001,0.001,0.,0.001,0.001,0.,0.001,0.002,0.,0.002,0.,0.,0.,0.,0.,0.,0.,0.,0.
120,0.001,0.,0.001,0.001,0.,0.001,0.001,0.,0.001,0.001,0.,0.001,0.,0.,0.,0.,0.,0.,0.,0.,0.
124,0.001,0.001,0.,0.002,0.,0.001,0.002,0.,0.002,0.001,0.,0.001,0.,0.,0.,0.,0.,0.,0.,0.,0.
128,0.001,0.,0.002,0.001,0.,0.001,0.002,0.,0.002,0.001,0.,0.001,0.,0.,0.,0.,0.,0.,0.,0.,0.
132,0.002,0.,0.002,0.002,0.,0.002,0.002,0.,0.002,0.002,0.,0.002,0.,0.,0.,0.,0.,0.,0.,0.,0.
136,0.002,0.,0.002,0.002,0.,0.002,0.002,0.,0.002,0.002,0.,0.002,0.,0.,0.,0.,0.,0.,0.,0.,0.
140,0.002,0.,0.002,0.002,0.,0.002,0.002,0.,0.002,0.003,0.,0.003,0.,0.,0.,0.,0.,0.,0.,0.,0.
144,0.002,0.,0.002,0.002,0.,0.002,0.002,0.,0.002,0.002,0.,0.002,0.,0.,0.,0.,0.,0.,0.,0.,0.
148,0.002,0.,0.002,0.002,0.002,0.,0.002,0.001,0.001,0.002,0.,0.002,0.,0.,0.,0.,0.,0.,0.,0.,0.
150,0.004,0.,0.004,0.004,0.004,0.,0.004,0.,0.004,0.066,0.003,0.062,0.,0.,0.,0.,0.,0.,0.,0.,0.
152,0.003,0.,0.003,0.002,0.,0.002,0.002,0.,0.002,0.002,0.,0.002,0.,0.,0.,0.,0.,0.,0.,0.,0.
156,0.002,0.,0.002,0.003,0.,0.003,0.002,0.,0.002,0.002,0.,0.002,0.,0.,0.,0.,0.,0.,0.,0.,0.
160,0.002,0.,0.002,0.002,0.,0.002,0.003,0.,0.003,0.002,0.,0.002,0.,0.,0.,0.,0.,0.,0.,0.,0.
164,0.002,0.,0.002,0.002,0.,0.002,0.004,0.,0.004,0.002,0.,0.002,0.,0.,0.,0.,0.,0.,0.,0.,0.
168,0.002,0.,0.002,0.002,0.,0.002,0.002,0.,0.002,0.002,0.,0.002,0.,0.,0.,0.,0.,0.,0.,0.,0.
172,0.002,0.,0.002,0.002,0.,0.002,0.002,0.,0.002,0.006,0.,0.006,0.,0.,0.,0.,0.,0.,0.,0.,0.
176,0.003,0.,0.003,0.003,0.,0.003,0.003,0.,0.003,0.004,0.,0.004,0.,0.,0.,0.,0.,0.,0.,0.,0.
180,0.003,0.,0.003,0.003,0.,0.003,0.004,0.,0.004,0.003,0.,0.003,0.,0.,0.,0.,0.,0.,0.,0.,0.
184,0.003,0.,0.003,0.003,0.,0.003,0.003,0.,0.003,0.003,0.,0.003,0.,0.,0.,0.,0.,0.,0.,0.,0.
188,0.003,0.,0.003,0.003,0.,0.003,0.004,0.,0.004,0.003,0.,0.003,0.,0.,0.,0.,0.,0.,0.,0.,0.
192,0.003,0.,0.003,0.003,0.,0.003,0.003,0.003,0.,0.003,0.,0.002,0.,0.,0.,0.,0.,0.,0.,0.,0.
196,0.004,0.,0.004,0.003,0.,0.003,0.003,0.,0.003,0.003,0.,0.003,0.,0.,0.,0.,0.,0.,0.,0.,0.
200,0.004,0.,0.004,0.003,0.,0.003,0.003,0.,0.003,0.003,0.,0.003,0.,0.,0.,0.,0.,0.,0.,0.,0.
204,0.003,0.,0.003,0.008,0.,0.008,0.003,0.,0.003,0.003,0.,0.003,0.,0.,0.,0.,0.,0.,0.,0.,0.
208,0.003,0.,0.003,0.003,0.,0.003,0.003,0.,0.003,0.004,0.,0.004,0.,0.,0.,0.,0.,0.,0.,0.,0.
212,0.003,0.,0.003,0.003,0.,0.003,0.004,0.,0.004,0.003,0.,0.003,0.,0.,0.,0.,0.,0.,0.,0.,0.
216,0.003,0.,0.003,0.004,0.003,0.001,0.003,0.,0.003,0.003,0.,0.003,0.,0.,0.,0.,0.,0.,0.,0.,0.
220,0.004,0.,0.004,0.004,0.,0.004,0.004,0.,0.004,0.004,0.,0.004,0.,0.,0.,0.,0.,0.,0.,0.,0.
224,0.004,0.,0.004,0.004,0.,0.004,0.007,0.,0.007,0.006,0.,0.006,0.,0.,0.,0.,0.,0.,0.,0.,0.
228,0.004,0.,0.004,0.004,0.,0.004,0.004,0.,0.004,0.004,0.,0.004,0.,0.,0.,0.,0.,0.,0.,0.,0.
232,0.004,0.,0.004,0.004,0.,0.004,0.005,0.,0.005,0.004,0.,0.004,0.,0.,0.,0.,0.,0.,0.,0.,0.
236,0.004,0.,0.004,0.006,0.,0.006,0.004,0.,0.004,0.004,0.,0.004,0.,0.,0.,0.,0.,0.,0.,0.,0.
240,0.004,0.,0.004,0.004,0.,0.004,0.005,0.,0.005,0.004,0.,0.004,0.,0.,0.,0.,0.,0.,0.,0.,0.
244,0.004,0.,0.004,0.006,0.,0.006,0.004,0.,0.004,0.004,0.,0.004,0.,0.,0.,0.,0.,0.,0.,0.,0.
248,0.004,0.,0.004,0.004,0.,0.004,0.005,0.,0.005,0.004,0.,0.004,0.,0.,0.,0.,0.,0.,0.,0.,0.
250,0.004,0.,0.004,0.005,0.,0.005,0.005,0.,0.005,0.004,0.,0.004,0.,0.,0.,0.,0.,0.,0.,0.,0.
252,0.005,0.,0.005,0.004,0.,0.004,0.004,0.,0.004,0.004,0.,0.004,0.,0.,0.,0.,0.,0.,0.,0.,0.
256,0.005,0.,0.005,0.006,0.,0.006,0.005,0.,0.005,0.005,0.,0.005,0.,0.,0.,0.,0.,0.,0.,0.,0.
260,0.006,0.,0.006,0.005,0.,0.005,0.005,0.,0.005,0.009,0.,0.009,0.,0.,0.,0.,0.,0.,0.,0.,0.
264,0.005,0.,0.005,0.005,0.,0.005,0.005,0.,0.005,0.006,0.,0.006,0.,0.,0.,0.,0.,0.,0.,0.,0.
268,0.005,0.,0.005,0.005,0.,0.005,0.005,0.,0.005,0.005,0.,0.005,0.,0.,0.,0.,0.,0.,0.,0.,0.
272,0.005,0.,0.005,0.005,0.,0.005,0.006,0.,0.006,0.005,0.,0.005,0.,0.,0.,0.,0.,0.,0.,0.,0.
276,0.006,0.,0.006,0.005,0.,0.005,0.005,0.,0.005,0.006,0.,0.006,0.,0.,0.,0.,0.,0.,0.,0.,0.
280,0.005,0.,0.005,0.006,0.,0.006,0.005,0.,0.005,0.005,0.,0.005,0.,0.,0.,0.,0.,0.,0.,0.,0.
284,0.006,0.,0.006,0.005,0.,0.005,0.005,0.,0.005,0.005,0.,0.005,0.,0.,0.,0.,0.,0.,0.,0.,0.
288,0.007,0.,0.007,0.005,0.,0.005,0.006,0.,0.006,0.006,0.,0.006,0.,0.,0.,0.,0.,0.,0.,0.,0.
292,0.006,0.,0.006,0.006,0.,0.006,0.006,0.,0.006,0.006,0.,0.006,0.,0.,0.,0.,0.,0.,0.,0.,0.
296,0.006,0.,0.006,0.006,0.,0.006,0.006,0.,0.006,0.006,0.,0.006,0.,0.,0.,0.,0.,0.,0.,0.,0.
300,0.006,0.,0.006,0.006,0.,0.006,0.007,0.,0.007,0.006,0.,0.006,0.,0.,0.,0.,0.,0.,0.,0.,0.
304,0.006,0.,0.006,0.008,0.,0.008,0.006,0.,0.006,0.007,0.,0.007,0.,0.,0.,0.,0.,0.,0.,0.,0.
308,0.007,0.,0.007,0.008,0.,0.008,0.006,0.,0.006,0.006,0.,0.006,0.,0.,0.,0.,0.,0.,0.,0.,0.
312,0.009,0.,0.009,0.006,0.,0.006,0.006,0.,0.006,0.006,0.,0.006,0.,0.,0.,0.,0.,0.,0.,0.,0.
316,0.006,0.,0.006,0.006,0.,0.006,0.007,0.,0.007,0.006,0.,0.006,0.,0.,0.,0.,0.,0.,0.,0.,0.
320,0.006,0.,0.006,0.007,0.,0.007,0.011,0.,0.011,0.007,0.,0.007,0.,0.,0.,0.,0.,0.,0.,0.,0.
324,0.007,0.,0.007,0.008,0.,0.008,0.007,0.,0.007,0.007,0.,0.007,0.,0.,0.,0.,0.,0.,0.,0.,0.
328,0.007,0.,0.007,0.007,0.,0.007,0.008,0.,0.008,0.007,0.,0.007,0.,0.,0.,0.,0.,0.,0.,0.,0.
332,0.007,0.,0.007,0.007,0.,0.007,0.008,0.,0.008,0.007,0.,0.007,0.,0.,0.,0.,0.,0.,0.,0.,0.
336,0.007,0.,0.007,0.008,0.,0.008,0.007,0.,0.007,0.007,0.,0.007,0.,0.,0.,0.,0.,0.,0.,0.,0.
340,0.008,0.,0.008,0.008,0.,0.008,0.007,0.,0.007,0.007,0.,0.007,0.,0.,0.,0.,0.,0.,0.,0.,0.
344,0.008,0.,0.008,0.007,0.,0.007,0.008,0.,0.008,0.008,0.,0.008,0.,0.,0.,0.,0.,0.,0.,0.,0.
348,0.008,0.,0.008,0.009,0.,0.009,0.008,0.,0.008,0.008,0.,0.008,0.,0.,0.,0.,0.,0.,0.,0.,0.
350,0.009,0.,0.009,0.008,0.,0.008,0.008,0.,0.008,0.008,0.,0.008,0.,0.,0.,0.,0.,0.,0.,0.,0.
352,0.009,0.,0.009,0.008,0.,0.008,0.008,0.,0.008,0.008,0.,0.008,0.,0.,0.,0.,0.,0.,0.,0.,0.
356,0.008,0.,0.008,0.009,0.,0.009,0.008,0.,0.008,0.01,0.,0.01,0.,0.,0.,0.,0.,0.,0.,0.,0.
360,0.012,0.,0.012,0.009,0.,0.009,0.008,0.,0.008,0.009,0.,0.008,0.,0.,0.,0.,0.,0.,0.,0.,0.
364,0.008,0.,0.008,0.01,0.,0.01,0.01,0.,0.01,0.01,0.,0.01,0.,0.,0.,0.,0.,0.,0.,0.,0.
368,0.008,0.,0.008,0.01,0.,0.01,0.012,0.,0.012,0.011,0.,0.011,0.,0.,0.,0.,0.,0.,0.,0.,0.
372,0.01,0.,0.01,0.008,0.,0.008,0.009,0.,0.009,0.009,0.,0.009,0.,0.,0.,0.,0.,0.,0.,0.,0.
376,0.008,0.,0.008,0.011,0.,0.011,0.009,0.,0.009,0.008,0.,0.008,0.,0.,0.,0.,0.,0.,0.,0.,0.
380,0.008,0.,0.009,0.009,0.,0.009,0.009,0.,0.009,0.01,0.,0.01,0.,0.,0.,0.,0.,0.,0.,0.,0.
384,0.01,0.,0.01,0.009,0.,0.009,0.009,0.,0.009,0.009,0.,0.009,0.,0.,0.,0.,0.,0.,0.,0.,0.
388,0.01,0.,0.01,0.009,0.,0.009,0.009,0.,0.009,0.009,0.,0.009,0.,0.,0.,0.,0.,0.,0.,0.,0.
392,0.01,0.,0.01,0.01,0.,0.01,0.01,0.,0.01,0.009,0.,0.009,0.,0.,0.,0.,0.,0.,0.,0.,0.
396,0.009,0.,0.009,0.01,0.,0.01,0.01,0.,0.01,0.01,0.,0.01,0.,0.,0.,0.,0.,0.,0.,0.,0.
400,0.01,0.,0.01,0.01,0.,0.01,0.01,0.,0.01,0.01,0.,0.01,0.,0.,0.,0.,0.,0.,0.,0.,0.
404,0.01,0.,0.01,0.01,0.,0.01,0.01,0.,0.01,0.01,0.,0.01,0.,0.,0.,0.,0.,0.,0.,0.,0.
408,0.01,0.,0.01,0.011,0.,0.011,0.01,0.,0.01,0.01,0.,0.01,0.,0.,0.,0.,0.,0.,0.,0.,0.
412,0.01,0.,0.01,0.014,0.,0.014,0.011,0.,0.011,0.01,0.,0.01,0.,0.,0.,0.,0.,0.,0.,0.,0.
416,0.01,0.,0.01,0.01,0.,0.01,0.011,0.,0.011,0.011,0.,0.011,0.,0.,0.,0.,0.,0.,0.,0.,0.
420,0.01,0.,0.01,0.015,0.,0.015,0.011,0.,0.011,0.011,0.,0.011,0.,0.,0.,0.,0.,0.,0.,0.,0.
424,0.01,0.,0.01,0.011,0.,0.011,0.011,0.,0.011,0.011,0.,0.011,0.,0.,0.,0.,0.,0.,0.,0.,0.
428,0.011,0.,0.011,0.011,0.,0.011,0.012,0.,0.012,0.011,0.,0.011,0.,0.,0.,0.,0.,0.,0.,0.,0.
432,0.012,0.,0.012,0.012,0.,0.012,0.011,0.,0.011,0.011,0.,0.011,0.,0.,0.,0.,0.,0.,0.,0.,0.
436,0.012,0.003,0.008,0.012,0.,0.012,0.013,0.,0.013,0.011,0.,0.011,0.,0.,0.,0.,0.,0.,0.,0.,0.
440,0.012,0.,0.012,0.012,0.,0.012,0.011,0.,0.011,0.011,0.,0.011,0.,0.,0.,0.,0.,0.,0.,0.,0.
444,0.011,0.,0.011,0.013,0.,0.013,0.012,0.,0.012,0.012,0.,0.012,0.,0.,0.,0.,0.,0.,0.,0.,0.
448,0.012,0.,0.012,0.012,0.,0.012,0.012,0.,0.012,0.012,0.,0.012,0.,0.,0.,0.,0.,0.,0.,0.,0.
452,0.012,0.,0.012,0.012,0.,0.012,0.016,0.,0.016,0.013,0.,0.013,0.,0.,0.,0.,0.,0.,0.,0.,0.
456,0.013,0.,0.013,0.012,0.,0.012,0.013,0.,0.013,0.012,0.,0.012,0.,0.,0.,0.,0.,0.,0.,0.,0.
460,0.013,0.,0.013,0.013,0.,0.013,0.013,0.,0.013,0.013,0.,0.013,0.,0.,0.,0.,0.,0.,0.,0.,0.
464,0.013,0.,0.013,0.013,0.,0.013,0.012,0.,0.012,0.014,0.,0.014,0.,0.,0.,0.,0.,0.,0.,0.,0.
468,0.012,0.,0.012,0.014,0.,0.014,0.012,0.,0.012,0.013,0.,0.013,0.,0.,0.,0.,0.,0.,0.,0.,0.
472,0.013,0.,0.013,0.014,0.,0.014,0.013,0.,0.013,0.014,0.,0.014,0.,0.,0.,0.,0.,0.,0.,0.,0.
476,0.014,0.,0.014,0.013,0.,0.013,0.013,0.,0.013,0.014,0.,0.014,0.,0.,0.,0.,0.,0.,0.,0.,0.
480,0.013,0.,0.013,0.014,0.,0.014,0.014,0.,0.014,0.018,0.,0.018,0.,0.,0.,0.,0.,0.,0.,0.,0.
484,0.013,0.,0.013,0.015,0.,0.015,0.013,0.,0.013,0.015,0.,0.015,0.,0.,0.,0.,0.,0.,0.,0.,0.
488,0.014,0.,0.014,0.014,0.,0.014,0.014,0.,0.014,0.015,0.,0.015,0.,0.,0.,0.,0.,0.,0.,0.,0.
492,0.015,0.,0.015,0.014,0.,0.014,0.015,0.,0.015,0.014,0.,0.014,0.,0.,0.,0.,0.,0.,0.,0.,0.
496,0.018,0.,0.018,0.014,0.,0.014,0.014,0.,0.014,0.014,0.,0.014,0.,0.,0.,0.,0.,0.,0.,0.,0.
500,0.014,0.,0.014,0.014,0.,0.014,0.015,0.,0.015,0.015,0.,0.015,0.,0.,0.,0.,0.,0.,0.,0.,0.
504,0.014,0.,0.014,0.015,0.,0.015,0.015,0.,0.015,0.015,0.,0.015,0.,0.,0.,0.,0.,0.,0.,0.,0.
508,0.015,0.,0.015,0.016,0.,0.016,0.015,0.,0.015,0.015,0.,0.015,0.,0.,0.,0.,0.,0.,0.,0.,0.
512,0.015,0.,0.015,0.016,0.,0.016,0.015,0.,0.015,0.018,0.,0.018,0.,0.,0.,0.002,0.,0.002,0.,0.,0.
516,0.015,0.,0.015,0.016,0.,0.016,0.019,0.,0.019,0.015,0.,0.015,0.,0.,0.,0.,0.,0.,0.,0.,0.
520,0.015,0.,0.015,0.016,0.,0.016,0.015,0.,0.015,0.017,0.,0.017,0.,0.,0.,0.,0.,0.,0.,0.,0.
524,0.015,0.,0.015,0.016,0.,0.016,0.016,0.,0.016,0.016,0.,0.016,0.,0.,0.,0.,0.,0.,0.001,0.,0.001
528,0.016,0.,0.016,0.015,0.,0.015,0.016,0.,0.016,0.017,0.,0.017,0.,0.,0.,0.,0.,0.,0.,0.,0.
532,0.016,0.,0.016,0.018,0.,0.018,0.016,0.,0.016,0.016,0.,0.016,0.,0.,0.,0.,0.,0.,0.,0.,0.
536,0.016,0.,0.016,0.017,0.,0.017,0.016,0.,0.016,0.016,0.,0.016,0.,0.,0.,0.004,0.,0.004,0.,0.,0.
540,0.017,0.,0.017,0.016,0.,0.016,0.017,0.,0.017,0.017,0.,0.017,0.,0.,0.,0.,0.,0.,0.,0.,0.
544,0.017,0.,0.017,0.017,0.,0.017,0.016,0.,0.016,0.018,0.,0.018,0.,0.,0.,0.,0.,0.,0.,0.,0.
548,0.016,0.,0.016,0.016,0.,0.016,0.017,0.,0.017,0.017,0.,0.017,0.,0.,0.,0.,0.,0.,0.,0.,0.
552,0.017,0.,0.017,0.018,0.,0.018,0.017,0.,0.017,0.017,0.,0.017,0.,0.,0.,0.,0.,0.,0.,0.,0.
556,0.018,0.,0.018,0.017,0.,0.017,0.017,0.,0.017,0.017,0.,0.017,0.,0.,0.,0.,0.,0.,0.,0.,0.
560,0.018,0.,0.018,0.017,0.,0.017,0.018,0.,0.018,0.018,0.,0.018,0.,0.,0.,0.,0.,0.,0.,0.,0.
564,0.018,0.,0.018,0.021,0.,0.021,0.017,0.,0.017,0.017,0.,0.017,0.,0.,0.,0.,0.,0.,0.,0.,0.
568,0.018,0.,0.018,0.019,0.,0.019,0.019,0.,0.019,0.02,0.,0.02,0.001,0.,0.001,0.,0.,0.,0.,0.,0.
572,0.021,0.,0.021,0.018,0.,0.018,0.018,0.,0.018,0.019,0.,0.019,0.,0.,0.,0.,0.,0.,0.,0.,0.
576,0.018,0.,0.018,0.019,0.,0.018,0.019,0.,0.019,0.019,0.,0.019,0.,0.,0.,0.,0.,0.,0.,0.,0.
580,0.019,0.,0.019,0.019,0.,0.019,0.019,0.,0.019,0.02,0.,0.02,0.,0.,0.,0.,0.,0.,0.,0.,0.
584,0.018,0.,0.018,0.018,0.,0.018,0.019,0.,0.019,0.019,0.,0.019,0.,0.,0.,0.,0.,0.,0.,0.,0.
588,0.023,0.,0.023,0.02,0.,0.02,0.019,0.,0.019,0.019,0.,0.019,0.,0.,0.,0.,0.,0.,0.,0.,0.
592,0.02,0.,0.02,0.021,0.,0.021,0.019,0.,0.019,0.02,0.,0.02,0.,0.,0.,0.,0.,0.,0.,0.,0.
596,0.019,0.,0.019,0.019,0.,0.019,0.021,0.,0.021,0.02,0.,0.02,0.,0.,0.,0.,0.,0.,0.,0.,0.
600,0.02,0.,0.02,0.019,0.,0.019,0.02,0.,0.02,0.021,0.,0.021,0.,0.,0.,0.,0.,0.,0.,0.,0.
604,0.02,0.,0.02,0.02,0.,0.02,0.021,0.,0.021,0.019,0.,0.019,0.,0.,0.,0.,0.,0.,0.,0.,0.
608,0.02,0.,0.02,0.021,0.,0.021,0.022,0.,0.022,0.021,0.,0.021,0.,0.,0.,0.,0.,0.,0.,0.,0.
612,0.02,0.,0.02,0.021,0.,0.021,0.021,0.,0.021,0.021,0.,0.021,0.,0.,0.,0.,0.,0.,0.,0.,0.
616,0.022,0.,0.022,0.023,0.,0.023,0.021,0.,0.021,0.02,0.,0.02,0.001,0.,0.001,0.,0.,0.,0.,0.,0.
620,0.021,0.,0.021,0.021,0.,0.021,0.023,0.,0.023,0.022,0.,0.022,0.,0.,0.,0.,0.,0.,0.,0.,0.
624,0.021,0.,0.021,0.022,0.,0.022,0.022,0.,0.022,0.021,0.,0.021,0.001,0.,0.001,0.,0.,0.,0.,0.,0.
628,0.021,0.,0.021,0.021,0.,0.021,0.022,0.,0.022,0.023,0.,0.023,0.,0.,0.,0.,0.,0.,0.,0.,0.
632,0.023,0.,0.023,0.021,0.,0.021,0.023,0.,0.023,0.025,0.,0.025,0.,0.,0.,0.,0.,0.,0.,0.,0.
636,0.022,0.,0.022,0.024,0.,0.024,0.021,0.003,0.018,0.022,0.,0.022,0.,0.,0.,0.,0.,0.,0.,0.,0.
640,0.023,0.,0.023,0.022,0.,0.022,0.022,0.,0.022,0.022,0.,0.022,0.,0.,0.,0.,0.,0.,0.,0.,0.
644,0.023,0.,0.023,0.023,0.,0.023,0.023,0.,0.023,0.022,0.,0.022,0.,0.,0.,0.,0.,0.,0.,0.,0.
648,0.023,0.,0.023,0.022,0.,0.022,0.024,0.,0.024,0.023,0.,0.023,0.,0.,0.,0.,0.,0.,0.,0.,0.
652,0.025,0.,0.025,0.023,0.,0.023,0.024,0.,0.024,0.023,0.,0.023,0.,0.,0.,0.,0.,0.,0.,0.,0.
656,0.023,0.,0.023,0.025,0.,0.025,0.023,0.,0.023,0.03,0.,0.03,0.,0.,0.,0.001,0.,0.001,0.,0.,0.
660,0.024,0.,0.024,0.024,0.,0.024,0.023,0.,0.023,0.024,0.,0.024,0.,0.,0.,0.,0.,0.,0.,0.,0.
664,0.023,0.,0.023,0.025,0.,0.025,0.025,0.,0.025,0.024,0.,0.024,0.,0.,0.,0.,0.,0.,0.,0.,0.
668,0.023,0.,0.023,0.028,0.,0.028,0.023,0.,0.023,0.023,0.,0.023,0.,0.,0.,0.,0.,0.,0.,0.,0.
672,0.024,0.,0.024,0.024,0.,0.024,0.025,0.,0.025,0.024,0.,0.024,0.,0.,0.,0.,0.,0.,0.,0.,0.
676,0.025,0.,0.025,0.024,0.,0.024,0.025,0.,0.025,0.024,0.,0.024,0.,0.,0.,0.,0.,0.,0.,0.,0.
680,0.025,0.,0.025,0.026,0.,0.026,0.025,0.,0.025,0.027,0.,0.027,0.,0.,0.,0.,0.,0.,0.,0.,0.
684,0.025,0.,0.025,0.027,0.,0.026,0.025,0.,0.025,0.028,0.,0.028,0.,0.,0.,0.,0.,0.,0.,0.,0.
688,0.025,0.,0.025,0.026,0.,0.026,0.026,0.,0.026,0.028,0.,0.028,0.,0.,0.,0.,0.,0.,0.,0.,0.
692,0.027,0.,0.027,0.026,0.,0.026,0.025,0.,0.025,0.026,0.,0.026,0.,0.,0.,0.,0.,0.,0.,0.,0.
696,0.028,0.,0.028,0.027,0.,0.027,0.026,0.,0.026,0.027,0.,0.027,0.,0.,0.,0.,0.,0.,0.,0.,0.
700,0.028,0.,0.028,0.028,0.,0.028,0.027,0.,0.027,0.027,0.,0.027,0.,0.,0.,0.,0.,0.,0.,0.,0.
704,0.028,0.,0.028,0.027,0.,0.027,0.026,0.,0.026,0.027,0.,0.027,0.,0.,0.,0.,0.,0.,0.,0.,0.
708,0.026,0.,0.026,0.029,0.,0.029,0.027,0.,0.027,0.029,0.,0.029,0.,0.,0.,0.,0.,0.,0.,0.,0.
712,0.027,0.,0.027,0.027,0.,0.027,0.028,0.,0.028,0.027,0.,0.027,0.,0.,0.,0.,0.,0.,0.,0.,0.
716,0.027,0.,0.027,0.027,0.,0.027,0.029,0.,0.029,0.027,0.,0.027,0.,0.,0.,0.,0.,0.,0.,0.,0.
720,0.027,0.,0.027,0.028,0.,0.028,0.029,0.,0.029,0.027,0.,0.027,0.,0.,0.,0.,0.,0.,0.,0.,0.
724,0.029,0.,0.029,0.029,0.,0.029,0.028,0.,0.028,0.031,0.,0.031,0.,0.,0.,0.,0.,0.,0.,0.,0.
728,0.029,0.,0.029,0.03,0.,0.03,0.031,0.,0.031,0.034,0.,0.034,0.,0.,0.,0.,0.,0.,0.,0.,0.
732,0.029,0.,0.029,0.029,0.,0.029,0.03,0.,0.03,0.029,0.,0.029,0.,0.,0.,0.,0.,0.,0.,0.,0.
736,0.029,0.,0.029,0.028,0.,0.028,0.031,0.,0.031,0.03,0.,0.03,0.,0.,0.,0.,0.,0.,0.001,0.,0.001
740,0.03,0.,0.03,0.032,0.,0.032,0.034,0.,0.034,0.028,0.,0.028,0.,0.,0.,0.,0.,0.,0.,0.,0.
744,0.03,0.,0.03,0.03,0.,0.03,0.032,0.,0.032,0.029,0.,0.029,0.,0.,0.,0.,0.,0.,0.,0.,0.
748,0.031,0.,0.031,0.032,0.,0.032,0.031,0.003,0.027,0.029,0.,0.029,0.,0.,0.,0.,0.,0.,0.,0.,0.
752,0.035,0.,0.035,0.031,0.,0.031,0.031,0.,0.031,0.03,0.,0.03,0.,0.,0.,0.,0.,0.,0.,0.,0.
756,0.031,0.,0.031,0.032,0.,0.032,0.029,0.,0.029,0.031,0.,0.031,0.,0.,0.,0.,0.,0.,0.,0.,0.
760,0.032,0.,0.032,0.032,0.,0.032,0.033,0.,0.033,0.031,0.,0.031,0.,0.,0.,0.,0.,0.,0.,0.,0.
764,0.032,0.,0.032,0.034,0.,0.034,0.031,0.,0.031,0.032,0.,0.032,0.,0.,0.,0.,0.,0.,0.,0.,0.
768,0.036,0.,0.036,0.032,0.,0.032,0.032,0.,0.032,0.034,0.,0.034,0.,0.,0.,0.,0.,0.,0.001,0.,0.001
772,0.037,0.,0.037,0.032,0.,0.032,0.033,0.,0.033,0.032,0.,0.032,0.,0.,0.,0.,0.,0.,0.,0.,0.
776,0.034,0.,0.034,0.034,0.,0.034,0.032,0.,0.032,0.032,0.,0.032,0.,0.,0.,0.,0.,0.,0.,0.,0.
780,0.035,0.,0.035,0.034,0.,0.034,0.033,0.,0.033,0.035,0.,0.035,0.,0.,0.,0.,0.,0.,0.,0.,0.
784,0.035,0.,0.035,0.035,0.,0.035,0.038,0.,0.038,0.036,0.,0.036,0.,0.,0.,0.,0.,0.,0.,0.,0.
788,0.034,0.,0.034,0.036,0.,0.036,0.034,0.,0.034,0.035,0.,0.035,0.,0.,0.,0.,0.,0.,0.,0.,0.
792,0.036,0.,0.036,0.035,0.,0.035,0.035,0.,0.035,0.035,0.,0.035,0.001,0.,0.001,0.,0.,0.,0.,0.,0.
796,0.035,0.,0.035,0.041,0.,0.041,0.036,0.,0.036,0.035,0.,0.035,0.,0.,0.,0.,0.,0.,0.,0.,0.
800,0.036,0.,0.036,0.038,0.,0.038,0.036,0.,0.036,0.037,0.,0.037,0.,0.,0.,0.,0.,0.,0.,0.,0.
804,0.036,0.,0.036,0.035,0.,0.035,0.038,0.,0.038,0.036,0.,0.036,0.,0.,0.,0.,0.,0.,0.,0.,0.
808,0.039,0.003,0.035,0.038,0.,0.038,0.054,0.,0.052,0.039,0.,0.038,0.,0.,0.,0.,0.,0.,0.,0.,0.
812,0.038,0.,0.038,0.039,0.,0.039,0.037,0.,0.037,0.035,0.,0.035,0.,0.,0.,0.001,0.,0.001,0.,0.,0.
816,0.041,0.,0.041,0.042,0.,0.042,0.04,0.,0.04,0.036,0.,0.036,0.,0.,0.,0.,0.,0.,0.,0.,0.
820,0.037,0.,0.037,0.039,0.,0.039,0.036,0.,0.036,0.037,0.,0.037,0.,0.,0.,0.,0.,0.,0.,0.,0.
824,0.038,0.,0.038,0.038,0.,0.038,0.037,0.,0.037,0.041,0.,0.041,0.,0.,0.,0.,0.,0.,0.,0.,0.
828,0.039,0.,0.039,0.038,0.,0.038,0.038,0.,0.038,0.038,0.,0.038,0.,0.,0.,0.,0.,0.,0.,0.,0.
832,0.041,0.,0.041,0.043,0.003,0.039,0.042,0.,0.042,0.043,0.,0.043,0.,0.,0.,0.,0.,0.,0.,0.,0.
836,0.041,0.,0.041,0.04,0.,0.04,0.04,0.,0.04,0.039,0.,0.039,0.,0.,0.,0.,0.,0.,0.,0.,0.
840,0.039,0.,0.039,0.039,0.,0.039,0.039,0.,0.039,0.04,0.,0.04,0.,0.,0.,0.,0.,0.,0.,0.,0.
844,0.041,0.,0.041,0.041,0.,0.041,0.04,0.,0.04,0.04,0.,0.04,0.,0.,0.,0.,0.,0.,0.,0.,0.
848,0.042,0.,0.042,0.039,0.,0.039,0.038,0.,0.038,0.039,0.,0.039,0.,0.,0.,0.,0.,0.,0.,0.,0.
852,0.042,0.,0.042,0.04,0.,0.04,0.044,0.,0.044,0.039,0.,0.039,0.,0.,0.,0.,0.,0.,0.,0.,0.
856,0.043,0.,0.043,0.041,0.,0.041,0.039,0.,0.039,0.04,0.,0.04,0.,0.,0.,0.,0.,0.,0.,0.,0.
860,0.046,0.,0.046,0.041,0.,0.041,0.044,0.,0.044,0.044,0.,0.044,0.,0.,0.,0.,0.,0.,0.,0.,0.
864,0.041,0.,0.041,0.043,0.,0.043,0.042,0.,0.042,0.045,0.,0.044,0.,0.,0.,0.,0.,0.,0.,0.,0.
868,0.044,0.,0.043,0.043,0.,0.043,0.04,0.,0.04,0.041,0.,0.041,0.,0.,0.,0.,0.,0.,0.,0.,0.
872,0.043,0.,0.043,0.041,0.,0.041,0.042,0.,0.042,0.042,0.,0.042,0.001,0.,0.001,0.,0.,0.,0.,0.,0.
876,0.043,0.,0.043,0.043,0.,0.043,0.051,0.,0.051,0.042,0.,0.042,0.,0.,0.,0.,0.,0.,0.,0.,0.
880,0.043,0.,0.043,0.044,0.,0.044,0.043,0.,0.043,0.042,0.,0.042,0.,0.,0.,0.,0.,0.,0.,0.,0.
884,0.044,0.,0.044,0.048,0.,0.048,0.044,0.,0.044,0.043,0.,0.043,0.,0.,0.,0.,0.,0.,0.,0.,0.
888,0.044,0.,0.044,0.044,0.003,0.04,0.046,0.,0.046,0.042,0.,0.042,0.,0.,0.,0.,0.,0.,0.,0.,0.
892,0.045,0.,0.045,0.049,0.,0.049,0.043,0.,0.043,0.045,0.,0.045,0.,0.,0.,0.,0.,0.,0.,0.,0.
896,0.044,0.,0.044,0.045,0.,0.045,0.045,0.,0.045,0.047,0.,0.047,0.,0.,0.,0.,0.,0.,0.,0.,0.
900,0.052,0.,0.052,0.047,0.,0.047,0.046,0.,0.046,0.046,0.,0.046,0.,0.,0.,0.,0.,0.,0.,0.,0.
904,0.049,0.,0.049,0.044,0.,0.044,0.045,0.,0.045,0.045,0.,0.045,0.,0.,0.,0.,0.,0.,0.,0.,0.
908,0.047,0.,0.047,0.047,0.,0.047,0.047,0.,0.047,0.046,0.,0.046,0.,0.,0.,0.,0.,0.,0.,0.,0.
912,0.047,0.,0.047,0.051,0.,0.051,0.045,0.,0.045,0.046,0.,0.046,0.,0.,0.,0.,0.,0.,0.,0.,0.
916,0.047,0.,0.047,0.047,0.,0.047,0.046,0.,0.046,0.05,0.,0.05,0.001,0.,0.001,0.,0.,0.,0.,0.,0.
920,0.048,0.,0.048,0.049,0.,0.049,0.049,0.,0.049,0.05,0.,0.05,0.,0.,0.,0.,0.,0.,0.,0.,0.
924,0.05,0.,0.05,0.048,0.,0.048,0.048,0.,0.048,0.05,0.,0.05,0.,0.,0.,0.,0.,0.,0.,0.,0.
928,0.05,0.,0.05,0.048,0.,0.048,0.049,0.,0.049,0.05,0.,0.05,0.,0.,0.,0.,0.,0.,0.,0.,0.
932,0.05,0.,0.05,0.047,0.,0.047,0.052,0.,0.052,0.047,0.,0.047,0.,0.,0.,0.,0.,0.,0.,0.,0.
936,0.05,0.,0.05,0.052,0.,0.052,0.053,0.,0.053,0.048,0.,0.048,0.,0.,0.,0.,0.,0.,0.,0.,0.
940,0.051,0.,0.051,0.051,0.,0.051,0.05,0.,0.05,0.051,0.,0.051,0.,0.,0.,0.,0.,0.,0.,0.,0.
944,0.053,0.,0.053,0.05,0.,0.05,0.052,0.,0.052,0.051,0.,0.051,0.001,0.,0.001,0.,0.,0.,0.,0.,0.
948,0.053,0.,0.053,0.05,0.,0.05,0.052,0.,0.052,0.052,0.,0.052,0.,0.,0.,0.,0.,0.,0.,0.,0.
952,0.054,0.,0.054,0.055,0.,0.055,0.052,0.,0.051,0.051,0.,0.051,0.,0.,0.,0.,0.,0.,0.,0.,0.
956,0.053,0.,0.053,0.057,0.,0.057,0.053,0.,0.053,0.051,0.,0.051,0.,0.,0.,0.,0.,0.,0.,0.,0.
960,0.052,0.,0.052,0.052,0.,0.052,0.057,0.,0.057,0.05,0.,0.05,0.,0.,0.,0.,0.,0.,0.,0.,0.
964,0.053,0.,0.053,0.052,0.,0.052,0.053,0.,0.053,0.051,0.,0.051,0.,0.,0.,0.,0.,0.,0.,0.,0.
968,0.053,0.,0.053,0.053,0.,0.053,0.053,0.,0.053,0.056,0.,0.056,0.,0.,0.,0.,0.,0.,0.,0.,0.
972,0.054,0.,0.054,0.055,0.,0.055,0.057,0.,0.057,0.056,0.,0.056,0.,0.,0.,0.,0.,0.,0.,0.,0.
976,0.055,0.,0.055,0.054,0.,0.054,0.056,0.,0.056,0.056,0.,0.056,0.,0.,0.,0.,0.,0.,0.,0.,0.
980,0.056,0.,0.056,0.058,0.,0.058,0.054,0.,0.054,0.057,0.,0.057,0.,0.,0.,0.,0.,0.,0.,0.,0.
984,0.053,0.,0.053,0.054,0.,0.054,0.056,0.,0.056,0.054,0.,0.054,0.001,0.,0.001,0.,0.,0.,0.,0.,0.
988,0.057,0.,0.057,0.057,0.,0.057,0.056,0.,0.056,0.059,0.,0.059,0.001,0.,0.001,0.,0.,0.,0.,0.,0.
992,0.058,0.,0.058,0.058,0.,0.058,0.059,0.,0.059,0.057,0.,0.057,0.001,0.,0.001,0.,0.,0.,0.,0.,0.
996,0.058,0.,0.058,0.06,0.,0.06,0.059,0.,0.059,0.057,0.,0.057,0.002,0.,0.002,0.,0.,0.,0.,0.,0.
1000,0.057,0.,0.057,0.058,0.,0.058,0.058,0.,0.058,0.059,0.,0.058,0.001,0.,0.001,0.,0.,0.,0.,0.,0.
1100,0.071,0.,0.071,0.074,0.,0.074,0.074,0.,0.074,0.072,0.,0.072,0.001,0.,0.001,0.,0.,0.,0.,0.,0.
1200,0.085,0.,0.085,0.084,0.,0.084,0.085,0.,0.085,0.085,0.,0.085,0.001,0.,0.001,0.,0.,0.,0.,0.,0.
1300,0.106,0.,0.106,0.101,0.,0.101,0.099,0.,0.098,0.097,0.,0.097,0.001,0.,0.001,0.,0.,0.,0.001,0.,0.001
1400,0.112,0.,0.112,0.115,0.003,0.111,0.116,0.,0.116,0.116,0.,0.116,0.001,0.,0.001,0.001,0.,0.001,0.001,0.,0.001
1500,0.132,0.,0.132,0.13,0.,0.13,0.134,0.,0.134,0.131,0.,0.131,0.001,0.,0.001,0.,0.,0.,0.,0.,0.
1600,0.148,0.,0.148,0.145,0.,0.145,0.145,0.,0.145,0.148,0.,0.148,0.001,0.,0.001,0.,0.,0.,0.,0.,0.
1700,0.166,0.,0.166,0.163,0.,0.163,0.164,0.,0.164,0.169,0.,0.169,0.001,0.,0.001,0.001,0.,0.001,0.001,0.,0.001
1800,0.184,0.,0.184,0.179,0.,0.179,0.178,0.,0.178,0.176,0.,0.176,0.001,0.,0.001,0.001,0.,0.001,0.001,0.,0.001
1900,0.203,0.,0.203,0.202,0.,0.202,0.199,0.,0.199,0.205,0.,0.205,0.002,0.,0.002,0.001,0.,0.001,0.001,0.,0.001
2000,0.228,0.,0.228,0.222,0.,0.222,0.22,0.,0.22,0.223,0.,0.223,0.001,0.,0.001,0.001,0.,0.001,0.001,0.,0.001
2100,0.245,0.,0.245,0.241,0.003,0.237,0.241,0.,0.241,0.248,0.,0.248,0.001,0.,0.001,0.001,0.,0.001,0.001,0.,0.001
2200,0.262,0.,0.262,0.255,0.,0.255,0.273,0.,0.273,0.266,0.,0.266,0.001,0.,0.001,0.001,0.,0.001,0.001,0.,0.001
2300,0.292,0.,0.292,0.278,0.,0.278,0.289,0.,0.289,0.286,0.,0.286,0.001,0.,0.001,0.001,0.,0.001,0.001,0.,0.001
2400,0.309,0.,0.309,0.31,0.,0.31,0.324,0.,0.324,0.315,0.,0.315,0.001,0.,0.001,0.001,0.,0.001,0.001,0.,0.001
2500,0.335,0.,0.335,0.324,0.,0.324,0.322,0.,0.322,0.333,0.,0.333,0.001,0.,0.001,0.001,0.,0.001,0.001,0.,0.001
2600,0.366,0.,0.366,0.36,0.,0.36,0.361,0.,0.361,0.36,0.,0.36,0.001,0.,0.001,0.001,0.,0.001,0.001,0.,0.001
2700,0.386,0.,0.386,0.38,0.,0.38,0.388,0.,0.388,0.375,0.,0.375,0.001,0.,0.001,0.001,0.,0.001,0.001,0.,0.001
2800,0.402,0.,0.402,0.394,0.,0.394,0.41,0.,0.41,0.424,0.,0.424,0.001,0.,0.001,0.001,0.,0.001,0.001,0.,0.001
2900,0.437,0.,0.437,0.44,0.,0.44,0.442,0.,0.442,0.444,0.,0.444,0.001,0.,0.001,0.001,0.,0.001,0.001,0.,0.001
3000,0.468,0.,0.468,0.455,0.,0.455,0.453,0.,0.453,0.466,0.,0.466,0.001,0.,0.001,0.001,0.,0.001,0.001,0.,0.001
3100,0.492,0.,0.492,0.478,0.,0.478,0.484,0.,0.484,0.473,0.,0.473,0.002,0.,0.002,0.001,0.,0.001,0.001,0.,0.001
3200,0.521,0.,0.521,0.514,0.,0.514,0.519,0.,0.519,0.518,0.,0.518,0.001,0.,0.001,0.001,0.,0.001,0.001,0.,0.001
3300,0.553,0.003,0.549,0.553,0.,0.553,0.543,0.,0.543,0.543,0.,0.543,0.002,0.,0.002,0.001,0.,0.001,0.001,0.,0.001
3400,0.585,0.,0.585,0.571,0.,0.571,0.558,0.,0.558,0.576,0.,0.576,0.002,0.,0.002,0.001,0.,0.001,0.001,0.,0.001
3500,0.61,0.,0.61,0.605,0.,0.605,0.625,0.,0.625,0.611,0.,0.611,0.002,0.,0.002,0.001,0.,0.001,0.002,0.,0.002
3600,0.652,0.,0.652,0.632,0.,0.632,0.638,0.,0.638,0.643,0.003,0.639,0.002,0.,0.002,0.002,0.,0.002,0.001,0.,0.001
3700,0.68,0.,0.68,0.676,0.,0.676,0.666,0.,0.666,0.673,0.,0.673,0.002,0.,0.002,0.001,0.,0.001,0.002,0.,0.002
3800,0.718,0.004,0.714,0.701,0.,0.701,0.68,0.,0.68,0.68,0.,0.68,0.002,0.,0.002,0.001,0.,0.001,0.001,0.,0.001
3900,0.725,0.,0.725,0.718,0.,0.718,0.729,0.003,0.725,0.718,0.,0.718,0.002,0.,0.002,0.001,0.,0.001,0.001,0.,0.001
4000,0.747,0.,0.747,0.738,0.,0.738,0.743,0.,0.743,0.752,0.,0.752,0.002,0.,0.002,0.001,0.,0.001,0.001,0.,0.001
4100,0.804,0.,0.804,0.808,0.003,0.804,0.796,0.,0.796,0.809,0.,0.809,0.002,0.,0.002,0.002,0.,0.002,0.001,0.,0.001
4200,0.856,0.,0.856,0.843,0.,0.843,0.869,0.007,0.859,0.852,0.,0.851,0.002,0.,0.002,0.002,0.,0.002,0.001,0.,0.001
4300,0.887,0.,0.887,0.884,0.,0.884,0.865,0.,0.865,0.886,0.,0.886,0.002,0.,0.002,0.002,0.,0.002,0.002,0.,0.002
4400,0.927,0.,0.927,0.921,0.,0.921,0.899,0.,0.899,0.904,0.,0.904,0.003,0.,0.003,0.002,0.,0.002,0.002,0.,0.002
4500,0.944,0.004,0.94,0.957,0.,0.957,0.958,0.,0.958,0.954,0.,0.954,0.002,0.,0.002,0.002,0.,0.002,0.002,0.,0.002
4600,0.988,0.,0.988,0.975,0.,0.975,0.987,0.,0.987,0.996,0.,0.996,0.002,0.,0.002,0.002,0.,0.002,0.002,0.,0.002
4700,1.034,0.,1.034,1.007,0.,1.007,1.019,0.,1.019,1.038,0.,1.038,0.002,0.,0.002,0.002,0.,0.002,0.002,0.,0.002
4800,1.09,0.,1.09,1.068,0.,1.068,1.052,0.,1.052,1.067,0.,1.067,0.002,0.,0.002,0.006,0.,0.006,0.002,0.,0.002
4900,1.124,0.,1.124,1.122,0.,1.122,1.118,0.,1.118,1.114,0.,1.114,0.002,0.,0.002,0.002,0.,0.002,0.003,0.,0.003
5000,1.15,0.003,1.146,1.155,0.,1.155,1.16,0.,1.16,1.144,0.,1.144,0.002,0.,0.002,0.007,0.,0.007,0.002,0.,0.002
5500,1.397,0.003,1.393,1.373,0.,1.373,1.361,0.,1.361,1.374,0.,1.374,0.002,0.,0.002,0.002,0.,0.002,0.002,0.,0.002
6000,1.631,0.004,1.627,1.594,0.,1.594,1.608,0.,1.608,1.614,0.,1.614,0.003,0.,0.002,0.002,0.,0.002,0.002,0.,0.002
6500,1.873,0.004,1.869,1.861,0.,1.861,1.855,0.,1.854,1.87,0.,1.87,0.005,0.,0.005,0.003,0.,0.003,0.004,0.,0.003
7000,2.12,0.,2.12,2.107,0.,2.107,2.118,0.003,2.112,2.103,0.,2.102,0.003,0.,0.003,0.003,0.,0.003,0.003,0.,0.003
7500,2.398,0.,2.397,2.415,0.,2.414,2.409,0.,2.409,2.413,0.,2.413,0.004,0.,0.004,0.003,0.,0.003,0.003,0.,0.003
8000,2.752,0.,2.752,2.753,0.,2.752,2.723,0.,2.723,2.764,0.,2.764,0.004,0.,0.004,0.003,0.,0.003,0.003,0.,0.003
8500,3.057,0.,3.057,3.046,0.,3.046,3.018,0.,3.018,3.044,0.,3.044,0.004,0.,0.004,0.003,0.,0.003,0.003,0.,0.003
9000,3.375,0.,3.374,3.379,0.,3.378,3.375,0.003,3.371,3.415,0.,3.415,0.004,0.,0.004,0.004,0.,0.004,0.003,0.,0.003
9500,3.783,0.004,3.779,3.78,0.012,3.768,3.787,0.008,3.776,3.78,0.008,3.772,0.004,0.,0.004,0.004,0.,0.004,0.004,0.,0.004
10000,4.172,0.008,4.164,4.145,0.003,4.141,4.053,0.,4.053,4.121,0.,4.12,0.006,0.,0.006,0.004,0.,0.004,0.004,0.,0.004