param-n,abstract+autorewrite-regression-quadratic-real,abstract+autorewrite-regression-quadratic-sys,abstract+autorewrite-regression-quadratic-user,abstract+rewrite!-regression-quadratic-real,abstract+rewrite!-regression-quadratic-sys,abstract+rewrite!-regression-quadratic-user,autorewrite-noop-regression-linear-real,autorewrite-noop-regression-linear-sys,autorewrite-noop-regression-linear-user,autorewrite-regression-quadratic-real,autorewrite-regression-quadratic-sys,autorewrite-regression-quadratic-user,close-abstract+autorewrite-regression-quadratic-real,close-abstract+autorewrite-regression-quadratic-sys,close-abstract+autorewrite-regression-quadratic-user,close-abstract+rewrite!-regression-quadratic-real,close-abstract+rewrite!-regression-quadratic-sys,close-abstract+rewrite!-regression-quadratic-user,rewrite!-regression-quadratic-real,rewrite!-regression-quadratic-sys,rewrite!-regression-quadratic-user,rewrite?-noop-regression-linear-real,rewrite?-noop-regression-linear-sys,rewrite?-noop-regression-linear-user
1,0.,0.,0.,0.,0.,0.,0.,0.,0.,0.,0.,0.,0.,0.,0.,0.,0.,0.,0.,0.,0.,0.,0.,0.
2,0.001,0.,0.001,0.001,0.001,0.,0.,0.,0.,0.,0.,0.,0.,0.,0.,0.,0.,0.,0.,0.,0.,0.,0.,0.
3,0.002,0.,0.002,0.001,0.001,0.,0.,0.,0.,0.001,0.,0.001,0.,0.,0.,0.,0.,0.,0.001,0.001,0.,0.,0.,0.
4,0.002,0.,0.002,0.002,0.,0.001,0.,0.,0.,0.001,0.,0.001,0.,0.,0.,0.,0.,0.,0.001,0.,0.001,0.,0.,0.
5,0.003,0.,0.003,0.003,0.001,0.002,0.,0.,0.,0.002,0.,0.002,0.,0.,0.,0.001,0.001,0.,0.001,0.,0.001,0.,0.,0.
6,0.003,0.,0.003,0.003,0.002,0.001,0.,0.,0.,0.002,0.,0.002,0.001,0.,0.001,0.,0.,0.,0.002,0.002,0.,0.,0.,0.
7,0.005,0.003,0.001,0.004,0.003,0.001,0.,0.,0.,0.003,0.003,0.,0.001,0.,0.,0.001,0.,0.,0.002,0.002,0.,0.,0.,0.
8,0.005,0.001,0.004,0.005,0.004,0.001,0.,0.,0.,0.003,0.,0.003,0.001,0.001,0.,0.,0.,0.,0.003,0.003,0.,0.,0.,0.
9,0.063,0.004,0.058,0.006,0.004,0.002,0.,0.,0.,0.005,0.001,0.004,0.057,0.003,0.054,0.001,0.,0.001,0.004,0.003,0.,0.,0.,0.
10,0.005,0.001,0.004,0.068,0.,0.067,0.,0.,0.,0.003,0.,0.003,0.001,0.001,0.,0.001,0.,0.001,0.066,0.,0.066,0.,0.,0.
11,0.006,0.002,0.003,0.006,0.,0.006,0.,0.,0.,0.003,0.001,0.002,0.001,0.,0.001,0.001,0.,0.001,0.003,0.,0.003,0.,0.,0.
12,0.007,0.,0.006,0.006,0.,0.006,0.,0.,0.,0.004,0.,0.004,0.002,0.,0.002,0.002,0.,0.002,0.003,0.,0.003,0.,0.,0.
13,0.007,0.,0.007,0.007,0.,0.007,0.,0.,0.,0.004,0.,0.004,0.002,0.,0.002,0.002,0.,0.002,0.004,0.,0.004,0.,0.,0.
14,0.009,0.,0.009,0.008,0.,0.008,0.,0.,0.,0.005,0.,0.005,0.002,0.,0.002,0.002,0.,0.002,0.005,0.,0.005,0.,0.,0.
15,0.009,0.,0.009,0.009,0.,0.009,0.,0.,0.,0.005,0.,0.005,0.002,0.,0.002,0.003,0.,0.003,0.005,0.,0.005,0.,0.,0.
16,0.012,0.,0.012,0.011,0.,0.011,0.,0.,0.,0.008,0.,0.008,0.003,0.,0.003,0.003,0.,0.003,0.007,0.,0.007,0.,0.,0.
17,0.014,0.003,0.011,0.015,0.,0.015,0.,0.,0.,0.009,0.003,0.006,0.003,0.,0.003,0.007,0.,0.007,0.007,0.,0.007,0.,0.,0.
18,0.012,0.,0.012,0.016,0.,0.016,0.,0.,0.,0.007,0.,0.007,0.004,0.,0.004,0.005,0.,0.005,0.01,0.,0.01,0.,0.,0.
19,0.013,0.,0.013,0.013,0.,0.013,0.,0.,0.,0.008,0.,0.008,0.004,0.,0.004,0.004,0.,0.004,0.007,0.,0.007,0.,0.,0.
20,0.014,0.,0.014,0.017,0.,0.017,0.,0.,0.,0.009,0.,0.009,0.005,0.,0.005,0.005,0.,0.005,0.011,0.,0.011,0.,0.,0.
21,0.015,0.,0.015,0.016,0.,0.016,0.,0.,0.,0.009,0.,0.009,0.005,0.,0.005,0.005,0.,0.005,0.009,0.,0.009,0.,0.,0.
22,0.02,0.,0.02,0.019,0.,0.019,0.,0.,0.,0.012,0.,0.012,0.006,0.,0.006,0.006,0.,0.006,0.012,0.,0.012,0.,0.,0.
23,0.025,0.,0.025,0.018,0.,0.018,0.,0.,0.,0.018,0.,0.018,0.006,0.,0.006,0.006,0.,0.006,0.011,0.,0.011,0.,0.,0.
24,0.019,0.,0.019,0.02,0.,0.02,0.,0.,0.,0.011,0.,0.011,0.007,0.,0.007,0.007,0.,0.007,0.011,0.,0.011,0.,0.,0.
25,0.023,0.,0.023,0.022,0.,0.022,0.,0.,0.,0.014,0.,0.014,0.007,0.,0.007,0.009,0.,0.009,0.012,0.,0.012,0.,0.,0.
26,0.022,0.,0.022,0.022,0.,0.022,0.,0.,0.,0.013,0.,0.013,0.008,0.,0.008,0.008,0.,0.008,0.013,0.,0.013,0.,0.,0.
27,0.025,0.,0.025,0.029,0.,0.029,0.,0.,0.,0.014,0.,0.014,0.009,0.,0.009,0.014,0.,0.014,0.014,0.,0.014,0.,0.,0.
28,0.028,0.,0.028,0.028,0.,0.028,0.,0.,0.,0.017,0.,0.017,0.009,0.,0.009,0.009,0.,0.009,0.017,0.,0.017,0.,0.,0.
29,0.027,0.,0.027,0.027,0.,0.027,0.,0.,0.,0.016,0.,0.016,0.01,0.,0.01,0.01,0.,0.01,0.015,0.,0.015,0.,0.,0.
30,0.03,0.,0.03,0.03,0.,0.03,0.,0.,0.,0.018,0.,0.018,0.011,0.,0.011,0.012,0.,0.012,0.017,0.,0.017,0.,0.,0.
31,0.031,0.,0.031,0.032,0.,0.032,0.,0.,0.,0.017,0.,0.017,0.012,0.,0.012,0.012,0.,0.012,0.019,0.,0.019,0.,0.,0.
32,0.033,0.,0.033,0.036,0.,0.036,0.,0.,0.,0.02,0.,0.02,0.012,0.,0.012,0.015,0.,0.015,0.019,0.,0.019,0.,0.,0.
33,0.034,0.,0.034,0.035,0.,0.035,0.,0.,0.,0.019,0.,0.019,0.013,0.,0.013,0.013,0.,0.013,0.02,0.,0.02,0.,0.,0.
34,0.037,0.,0.037,0.039,0.,0.039,0.,0.,0.,0.022,0.,0.022,0.014,0.,0.014,0.014,0.,0.014,0.023,0.,0.023,0.,0.,0.
35,0.04,0.,0.04,0.039,0.,0.039,0.,0.,0.,0.021,0.,0.021,0.017,0.,0.017,0.015,0.,0.015,0.023,0.,0.023,0.,0.,0.
36,0.04,0.,0.04,0.046,0.,0.046,0.,0.,0.,0.023,0.,0.023,0.015,0.,0.015,0.018,0.,0.018,0.026,0.,0.026,0.,0.,0.
37,0.044,0.,0.044,0.044,0.,0.044,0.,0.,0.,0.025,0.,0.025,0.017,0.,0.017,0.017,0.,0.017,0.025,0.,0.025,0.,0.,0.
38,0.046,0.,0.046,0.046,0.,0.046,0.,0.,0.,0.025,0.,0.025,0.019,0.,0.019,0.018,0.,0.018,0.027,0.,0.027,0.,0.,0.
39,0.045,0.,0.045,0.051,0.,0.051,0.,0.,0.,0.026,0.,0.026,0.017,0.,0.017,0.02,0.,0.02,0.029,0.,0.029,0.,0.,0.
40,0.052,0.002,0.049,0.052,0.,0.052,0.,0.,0.,0.03,0.002,0.028,0.02,0.,0.02,0.019,0.,0.019,0.031,0.,0.031,0.,0.,0.
41,0.056,0.,0.056,0.054,0.,0.054,0.,0.,0.,0.032,0.,0.032,0.022,0.,0.022,0.023,0.,0.023,0.03,0.,0.03,0.,0.,0.
42,0.052,0.,0.052,0.054,0.,0.054,0.,0.,0.,0.03,0.,0.03,0.02,0.,0.02,0.022,0.,0.022,0.03,0.,0.03,0.,0.,0.
43,0.059,0.,0.059,0.057,0.,0.057,0.,0.,0.,0.031,0.,0.031,0.026,0.,0.026,0.023,0.,0.023,0.032,0.,0.032,0.,0.,0.
44,0.058,0.,0.058,0.058,0.,0.058,0.,0.,0.,0.032,0.,0.032,0.023,0.,0.023,0.023,0.,0.023,0.033,0.,0.033,0.,0.,0.
45,0.062,0.,0.062,0.063,0.,0.063,0.,0.,0.,0.035,0.,0.035,0.025,0.,0.025,0.026,0.,0.026,0.035,0.,0.035,0.,0.,0.
46,0.061,0.,0.061,0.067,0.,0.067,0.,0.,0.,0.034,0.,0.034,0.025,0.,0.025,0.027,0.,0.027,0.038,0.,0.038,0.,0.,0.
47,0.067,0.,0.067,0.066,0.,0.066,0.,0.,0.,0.038,0.,0.038,0.028,0.,0.028,0.026,0.,0.026,0.038,0.,0.038,0.,0.,0.
48,0.072,0.003,0.069,0.069,0.,0.069,0.,0.,0.,0.037,0.,0.037,0.033,0.003,0.03,0.027,0.,0.027,0.04,0.,0.04,0.,0.,0.
49,0.074,0.,0.074,0.073,0.,0.073,0.,0.,0.,0.045,0.,0.045,0.027,0.,0.027,0.03,0.,0.03,0.041,0.,0.041,0.,0.,0.
50,0.136,0.016,0.12,0.137,0.024,0.112,0.,0.,0.,0.106,0.015,0.091,0.028,0.,0.028,0.028,0.,0.028,0.106,0.023,0.083,0.,0.,0.
51,0.078,0.,0.078,0.083,0.,0.083,0.,0.,0.,0.045,0.,0.045,0.031,0.,0.031,0.039,0.,0.039,0.042,0.,0.042,0.,0.,0.
52,0.08,0.,0.08,0.08,0.,0.08,0.,0.,0.,0.047,0.,0.047,0.031,0.,0.031,0.031,0.,0.031,0.047,0.,0.047,0.,0.,0.
53,0.082,0.,0.082,0.087,0.,0.087,0.,0.,0.,0.045,0.,0.045,0.035,0.,0.035,0.035,0.,0.035,0.05,0.,0.05,0.,0.,0.
54,0.088,0.,0.088,0.087,0.,0.087,0.,0.,0.,0.05,0.,0.05,0.036,0.,0.036,0.036,0.,0.036,0.049,0.,0.049,0.,0.,0.
55,0.093,0.,0.093,0.098,0.,0.098,0.,0.,0.,0.052,0.,0.052,0.039,0.,0.039,0.043,0.,0.043,0.053,0.,0.053,0.001,0.,0.001
56,0.09,0.,0.09,0.097,0.,0.097,0.,0.,0.,0.052,0.,0.052,0.037,0.,0.037,0.041,0.,0.041,0.053,0.,0.053,0.,0.,0.
57,0.092,0.,0.092,0.094,0.002,0.091,0.,0.,0.,0.053,0.,0.053,0.037,0.,0.037,0.037,0.,0.037,0.055,0.002,0.052,0.,0.,0.
58,0.098,0.,0.098,0.104,0.,0.104,0.004,0.,0.004,0.054,0.,0.054,0.038,0.,0.038,0.044,0.,0.044,0.058,0.,0.058,0.001,0.,0.001
59,0.103,0.,0.103,0.099,0.,0.099,0.,0.,0.,0.061,0.,0.061,0.04,0.,0.04,0.04,0.,0.04,0.057,0.,0.057,0.,0.,0.
60,0.102,0.,0.102,0.103,0.,0.103,0.,0.,0.,0.056,0.,0.056,0.044,0.,0.044,0.042,0.,0.042,0.058,0.,0.058,0.,0.,0.
61,0.106,0.,0.106,0.11,0.,0.11,0.,0.,0.,0.058,0.,0.058,0.045,0.,0.045,0.046,0.,0.046,0.062,0.,0.062,0.,0.,0.
62,0.11,0.,0.11,0.11,0.,0.11,0.,0.,0.,0.058,0.,0.058,0.05,0.,0.05,0.043,0.,0.043,0.064,0.,0.064,0.,0.,0.
63,0.111,0.,0.111,0.122,0.,0.122,0.,0.,0.,0.062,0.,0.062,0.047,0.,0.046,0.047,0.,0.047,0.073,0.,0.073,0.001,0.,0.001
64,0.114,0.,0.114,0.121,0.,0.121,0.002,0.,0.002,0.064,0.,0.064,0.047,0.,0.047,0.049,0.,0.049,0.069,0.,0.069,0.,0.,0.
65,0.127,0.003,0.123,0.121,0.003,0.118,0.001,0.,0.,0.074,0.003,0.07,0.05,0.,0.05,0.051,0.003,0.048,0.068,0.,0.068,0.001,0.,0.001
66,0.129,0.,0.129,0.123,0.,0.123,0.,0.,0.,0.077,0.,0.077,0.049,0.,0.049,0.05,0.,0.05,0.07,0.,0.07,0.001,0.,0.001
67,0.131,0.003,0.127,0.133,0.,0.133,0.001,0.,0.001,0.077,0.003,0.073,0.052,0.,0.052,0.056,0.,0.056,0.074,0.,0.074,0.001,0.,0.001
68,0.132,0.,0.132,0.131,0.,0.131,0.,0.,0.,0.077,0.,0.076,0.053,0.,0.053,0.054,0.,0.054,0.074,0.,0.074,0.001,0.,0.001
69,0.144,0.,0.144,0.14,0.,0.14,0.001,0.,0.001,0.081,0.,0.081,0.06,0.,0.06,0.06,0.,0.06,0.078,0.,0.078,0.,0.,0.
70,0.139,0.,0.139,0.149,0.,0.149,0.001,0.,0.001,0.077,0.,0.077,0.06,0.,0.06,0.061,0.,0.061,0.085,0.,0.085,0.001,0.,0.001
71,0.14,0.,0.14,0.159,0.,0.159,0.001,0.,0.001,0.077,0.,0.077,0.061,0.,0.061,0.062,0.,0.062,0.094,0.,0.094,0.001,0.,0.001
72,0.147,0.,0.147,0.154,0.,0.154,0.001,0.,0.001,0.08,0.,0.08,0.064,0.,0.064,0.066,0.,0.066,0.085,0.,0.085,0.001,0.,0.001
73,0.153,0.,0.153,0.151,0.,0.151,0.001,0.,0.001,0.088,0.,0.088,0.063,0.,0.063,0.061,0.,0.061,0.087,0.,0.087,0.001,0.,0.001
74,0.157,0.003,0.153,0.162,0.,0.162,0.001,0.,0.001,0.09,0.003,0.086,0.064,0.,0.064,0.071,0.,0.071,0.088,0.,0.088,0.001,0.,0.001
75,0.163,0.,0.163,0.16,0.003,0.156,0.001,0.,0.001,0.092,0.,0.092,0.068,0.,0.068,0.064,0.,0.064,0.093,0.003,0.089,0.001,0.,0.001
76,0.174,0.,0.174,0.17,0.,0.17,0.001,0.,0.001,0.1,0.,0.1,0.071,0.,0.071,0.07,0.,0.07,0.097,0.,0.097,0.001,0.,0.001
77,0.168,0.,0.168,0.167,0.,0.167,0.001,0.,0.001,0.093,0.,0.093,0.073,0.,0.073,0.067,0.,0.067,0.097,0.,0.097,0.001,0.,0.001
78,0.182,0.,0.182,0.173,0.003,0.169,0.001,0.,0.001,0.098,0.,0.098,0.081,0.,0.081,0.071,0.,0.071,0.099,0.003,0.096,0.001,0.,0.001
79,0.178,0.,0.178,0.189,0.,0.189,0.001,0.,0.001,0.101,0.,0.101,0.074,0.,0.074,0.079,0.,0.079,0.107,0.,0.107,0.001,0.,0.001
80,0.186,0.,0.186,0.182,0.,0.182,0.001,0.,0.001,0.105,0.,0.105,0.077,0.,0.077,0.074,0.,0.074,0.105,0.,0.105,0.001,0.,0.001
81,0.191,0.,0.191,0.196,0.,0.195,0.001,0.,0.001,0.105,0.,0.105,0.083,0.,0.083,0.085,0.,0.085,0.108,0.,0.108,0.001,0.,0.001
82,0.196,0.002,0.193,0.188,0.,0.188,0.001,0.,0.001,0.112,0.002,0.11,0.081,0.,0.081,0.08,0.,0.08,0.105,0.,0.105,0.001,0.,0.001
83,0.192,0.007,0.184,0.205,0.,0.205,0.001,0.001,0.,0.108,0.,0.108,0.081,0.006,0.075,0.087,0.,0.087,0.115,0.,0.115,0.001,0.,0.001
84,0.201,0.,0.201,0.195,0.,0.195,0.001,0.,0.001,0.117,0.,0.117,0.08,0.,0.08,0.084,0.,0.084,0.108,0.,0.108,0.001,0.,0.001
85,0.193,0.003,0.189,0.21,0.,0.21,0.001,0.,0.001,0.11,0.003,0.106,0.08,0.,0.08,0.085,0.,0.085,0.122,0.,0.122,0.001,0.,0.001
86,0.21,0.,0.21,0.207,0.,0.207,0.001,0.,0.001,0.12,0.,0.12,0.088,0.,0.088,0.082,0.,0.082,0.12,0.,0.12,0.003,0.,0.003
87,0.201,0.,0.201,0.204,0.,0.204,0.001,0.,0.001,0.117,0.,0.117,0.082,0.,0.082,0.086,0.,0.086,0.115,0.,0.115,0.001,0.,0.001
88,0.202,0.,0.202,0.217,0.,0.217,0.001,0.,0.001,0.117,0.,0.117,0.083,0.,0.083,0.087,0.,0.086,0.127,0.,0.127,0.001,0.,0.001
89,0.221,0.002,0.218,0.221,0.,0.221,0.001,0.,0.001,0.132,0.001,0.13,0.086,0.,0.086,0.095,0.,0.095,0.123,0.,0.123,0.001,0.,0.001
90,0.219,0.003,0.215,0.228,0.,0.228,0.001,0.,0.001,0.128,0.003,0.124,0.087,0.,0.087,0.092,0.,0.092,0.133,0.,0.133,0.001,0.,0.001
91,0.225,0.,0.225,0.234,0.,0.234,0.001,0.,0.001,0.132,0.,0.132,0.089,0.,0.089,0.094,0.,0.094,0.137,0.,0.137,0.001,0.,0.001
92,0.23,0.003,0.226,0.232,0.,0.232,0.001,0.,0.001,0.136,0.003,0.132,0.092,0.,0.092,0.096,0.,0.096,0.133,0.,0.133,0.001,0.,0.001
93,0.232,0.004,0.228,0.242,0.,0.242,0.001,0.,0.001,0.132,0.004,0.128,0.097,0.,0.097,0.101,0.,0.101,0.138,0.,0.138,0.001,0.,0.001
94,0.246,0.003,0.242,0.265,0.,0.265,0.001,0.,0.001,0.143,0.,0.143,0.099,0.003,0.095,0.102,0.,0.102,0.16,0.,0.16,0.001,0.,0.001
95,0.24,0.,0.24,0.252,0.,0.252,0.001,0.,0.001,0.134,0.,0.134,0.103,0.,0.103,0.103,0.,0.103,0.146,0.,0.146,0.001,0.,0.001
96,0.25,0.,0.249,0.261,0.,0.261,0.001,0.,0.001,0.142,0.,0.142,0.105,0.,0.105,0.104,0.,0.104,0.153,0.,0.153,0.001,0.,0.001
97,0.262,0.,0.261,0.253,0.,0.253,0.001,0.,0.001,0.145,0.,0.145,0.113,0.,0.113,0.104,0.,0.104,0.146,0.,0.146,0.001,0.,0.001
98,0.258,0.,0.258,0.266,0.,0.266,0.001,0.,0.001,0.148,0.,0.148,0.107,0.,0.107,0.108,0.,0.108,0.154,0.,0.154,0.001,0.,0.001
99,0.271,0.,0.271,0.275,0.,0.275,0.001,0.,0.001,0.154,0.,0.154,0.113,0.,0.113,0.108,0.,0.108,0.163,0.,0.163,0.001,0.,0.001
100,0.282,0.,0.282,0.281,0.003,0.277,0.001,0.,0.001,0.161,0.,0.161,0.118,0.,0.118,0.118,0.,0.118,0.16,0.003,0.157,0.001,0.,0.001
110,0.332,0.,0.332,0.345,0.,0.345,0.001,0.,0.001,0.192,0.,0.192,0.136,0.,0.136,0.147,0.,0.147,0.194,0.,0.194,0.001,0.,0.001
120,0.407,0.004,0.403,0.42,0.003,0.416,0.002,0.,0.002,0.232,0.003,0.228,0.172,0.,0.172,0.174,0.,0.174,0.242,0.003,0.238,0.001,0.,0.001
130,0.481,0.,0.481,0.481,0.011,0.469,0.002,0.,0.002,0.269,0.,0.269,0.207,0.,0.207,0.202,0.004,0.198,0.275,0.007,0.267,0.001,0.,0.001
140,0.547,0.,0.547,0.555,0.004,0.55,0.002,0.,0.002,0.321,0.,0.321,0.221,0.,0.221,0.24,0.,0.24,0.311,0.003,0.307,0.002,0.,0.002
150,0.627,0.,0.627,0.632,0.,0.632,0.008,0.,0.008,0.364,0.,0.364,0.254,0.,0.254,0.251,0.,0.251,0.377,0.,0.377,0.002,0.,0.002
160,0.725,0.007,0.717,0.733,0.,0.731,0.003,0.,0.003,0.413,0.003,0.409,0.308,0.003,0.304,0.3,0.,0.3,0.427,0.,0.426,0.002,0.,0.002
170,0.803,0.,0.803,0.84,0.003,0.836,0.003,0.,0.003,0.462,0.,0.462,0.336,0.,0.336,0.348,0.003,0.344,0.486,0.,0.486,0.002,0.,0.002
180,0.874,0.008,0.866,0.882,0.011,0.87,0.003,0.,0.003,0.514,0.006,0.507,0.355,0.,0.355,0.357,0.003,0.353,0.52,0.008,0.512,0.003,0.,0.003
190,0.971,0.012,0.959,0.986,0.003,0.982,0.003,0.,0.003,0.572,0.007,0.564,0.393,0.004,0.389,0.399,0.003,0.395,0.581,0.,0.581,0.003,0.,0.003
200,1.125,0.003,1.121,1.13,0.008,1.122,0.003,0.,0.003,0.662,0.003,0.658,0.458,0.,0.458,0.456,0.,0.456,0.668,0.008,0.66,0.004,0.,0.004
210,1.192,0.004,1.188,1.194,0.007,1.186,0.004,0.,0.004,0.708,0.004,0.704,0.478,0.,0.478,0.474,0.003,0.47,0.713,0.003,0.709,0.004,0.,0.004
220,1.308,0.,1.308,1.328,0.004,1.324,0.004,0.,0.004,0.777,0.,0.777,0.524,0.,0.524,0.528,0.,0.528,0.794,0.004,0.789,0.004,0.,0.004
230,1.478,0.,1.478,1.511,0.,1.511,0.004,0.,0.004,0.888,0.,0.888,0.583,0.,0.583,0.604,0.,0.604,0.9,0.,0.9,0.004,0.,0.004
240,1.625,0.,1.625,1.623,0.,1.623,0.004,0.,0.004,0.958,0.,0.958,0.66,0.,0.66,0.652,0.,0.652,0.963,0.,0.963,0.005,0.,0.005
250,1.725,0.007,1.717,1.755,0.,1.754,0.005,0.,0.005,1.067,0.007,1.059,0.651,0.,0.651,0.654,0.,0.654,1.09,0.,1.09,0.008,0.,0.008
260,1.863,0.,1.863,1.871,0.,1.871,0.005,0.,0.005,1.118,0.,1.117,0.737,0.,0.737,0.735,0.,0.735,1.127,0.,1.127,0.006,0.,0.006
270,1.975,0.,1.975,2.038,0.,2.037,0.005,0.,0.005,1.207,0.,1.207,0.76,0.,0.76,0.768,0.,0.768,1.261,0.,1.261,0.006,0.,0.006
280,2.201,0.,2.201,2.201,0.,2.201,0.006,0.,0.006,1.322,0.,1.322,0.87,0.,0.87,0.877,0.,0.877,1.315,0.,1.315,0.005,0.,0.005
290,2.406,0.,2.405,2.401,0.,2.401,0.009,0.,0.009,1.472,0.,1.472,0.921,0.,0.921,0.887,0.,0.887,1.501,0.,1.501,0.01,0.,0.01
300,2.539,0.015,2.523,2.562,0.011,2.55,0.006,0.,0.006,1.553,0.011,1.541,0.979,0.003,0.974,0.985,0.007,0.977,1.566,0.003,1.562,0.009,0.,0.009
310,2.678,0.011,2.665,2.695,0.,2.695,0.007,0.,0.007,1.647,0.007,1.639,1.02,0.004,1.016,1.014,0.,1.014,1.67,0.,1.67,0.008,0.,0.008
320,2.864,0.,2.864,2.901,0.,2.901,0.007,0.,0.007,1.762,0.,1.762,1.092,0.,1.092,1.119,0.,1.119,1.771,0.,1.771,0.008,0.,0.008
330,3.119,0.,3.118,3.195,0.,3.195,0.01,0.,0.01,1.928,0.,1.927,1.177,0.,1.177,1.23,0.,1.23,1.955,0.,1.954,0.007,0.,0.007
340,3.261,0.,3.261,3.257,0.007,3.249,0.009,0.,0.009,2.024,0.,2.024,1.225,0.,1.225,1.199,0.007,1.192,2.047,0.,2.047,0.008,0.,0.008
350,3.619,0.019,3.596,3.584,0.024,3.56,0.009,0.,0.009,2.326,0.007,2.315,1.282,0.011,1.27,1.299,0.011,1.287,2.275,0.012,2.263,0.008,0.,0.008
360,3.704,0.,3.704,3.76,0.,3.76,0.01,0.,0.01,2.302,0.,2.302,1.389,0.,1.389,1.391,0.,1.391,2.354,0.,2.354,0.012,0.,0.012
370,4.015,0.003,4.011,4.044,0.004,4.04,0.009,0.,0.009,2.524,0.003,2.519,1.48,0.,1.479,1.473,0.004,1.469,2.558,0.,2.558,0.009,0.,0.009
380,4.191,0.008,4.183,4.253,0.012,4.238,0.009,0.,0.009,2.658,0.007,2.649,1.521,0.,1.521,1.51,0.004,1.506,2.728,0.008,2.717,0.011,0.,0.011
390,4.541,0.,4.541,4.568,0.003,4.563,0.013,0.,0.013,2.836,0.,2.836,1.688,0.,1.688,1.678,0.,1.678,2.876,0.003,2.872,0.01,0.,0.01
400,4.792,0.011,4.78,4.787,0.008,4.779,0.011,0.,0.011,3.075,0.011,3.063,1.704,0.,1.704,1.685,0.,1.685,3.09,0.007,3.081,0.01,0.,0.01