param-n,abstract-regression-quadratic-real,abstract-regression-quadratic-sys,abstract-regression-quadratic-user,build-I-regression-linear-real,build-I-regression-linear-sys,build-I-regression-linear-user,build-admit-cast-regression-linear-real,build-admit-cast-regression-linear-sys,build-admit-cast-regression-linear-user,build-admit-regression-linear-real,build-admit-regression-linear-sys,build-admit-regression-linear-user,build-eval-thunk-regression-linear-real,build-eval-thunk-regression-linear-sys,build-eval-thunk-regression-linear-user,build-pf-cast-regression-linear-real,build-pf-cast-regression-linear-sys,build-pf-cast-regression-linear-user,build-thunk-regression-linear-real,build-thunk-regression-linear-sys,build-thunk-regression-linear-user,check-I-regression-linear-real,check-I-regression-linear-sys,check-I-regression-linear-user,check-admit-cast-regression-quadratic-real,check-admit-cast-regression-quadratic-sys,check-admit-cast-regression-quadratic-user,check-admit-regression-quadratic-real,check-admit-regression-quadratic-sys,check-admit-regression-quadratic-user,check-pf-cast-regression-quadratic-real,check-pf-cast-regression-quadratic-sys,check-pf-cast-regression-quadratic-user,close-abstract-regression-quadratic-real,close-abstract-regression-quadratic-sys,close-abstract-regression-quadratic-user,eval-thunk-regression-linear-real,eval-thunk-regression-linear-sys,eval-thunk-regression-linear-user,fast-rewrite-regression-quadratic-real,fast-rewrite-regression-quadratic-sys,fast-rewrite-regression-quadratic-user,refine-regression-quadratic-regression-linear-real,refine-regression-quadratic-regression-linear-sys,refine-regression-quadratic-regression-linear-user,type-I-regression-linear-real,type-I-regression-linear-sys,type-I-regression-linear-user,type-admit-cast-regression-quadratic-real,type-admit-cast-regression-quadratic-sys,type-admit-cast-regression-quadratic-user,type-admit-regression-quadratic-real,type-admit-regression-quadratic-sys,type-admit-regression-quadratic-user,type-pf-cast-regression-quadratic-real,type-pf-cast-regression-quadratic-sys,type-pf-cast-regression-quadratic-user
1,0.001,0.,0.001,0.,0.,0.,0.,0.,0.,0.,0.,0.,0.,0.,0.,0.,0.,0.,0.,0.,0.,0.,0.,0.,0.,0.,0.,0.,0.,0.,0.,0.,0.,0.,0.,0.,0.,0.,0.,0.001,0.,0.001,0.,0.,0.,0.,0.,0.,0.,0.,0.,0.,0.,0.,0.,0.,0.
2,0.002,0.,0.002,0.,0.,0.,0.,0.,0.,0.,0.,0.,0.,0.,0.,0.,0.,0.,0.,0.,0.,0.,0.,0.,0.,0.,0.,0.,0.,0.,0.,0.,0.,0.,0.,0.,0.,0.,0.,0.002,0.,0.002,0.,0.,0.,0.,0.,0.,0.,0.,0.,0.,0.,0.,0.,0.,0.
3,0.002,0.,0.002,0.,0.,0.,0.,0.,0.,0.,0.,0.,0.,0.,0.,0.,0.,0.,0.,0.,0.,0.,0.,0.,0.,0.,0.,0.,0.,0.,0.,0.,0.,0.,0.,0.,0.,0.,0.,0.002,0.,0.002,0.,0.,0.,0.,0.,0.,0.,0.,0.,0.,0.,0.,0.,0.,0.
4,0.003,0.003,0.,0.,0.,0.,0.,0.,0.,0.,0.,0.,0.,0.,0.,0.,0.,0.,0.,0.,0.,0.,0.,0.,0.,0.,0.,0.,0.,0.,0.,0.,0.,0.,0.,0.,0.,0.,0.,0.003,0.003,0.,0.,0.,0.,0.,0.,0.,0.,0.,0.,0.,0.,0.,0.,0.,0.
5,0.064,0.011,0.052,0.,0.,0.,0.,0.,0.,0.,0.,0.,0.061,0.011,0.05,0.,0.,0.,0.061,0.011,0.05,0.,0.,0.,0.,0.,0.,0.,0.,0.,0.,0.,0.,0.,0.,0.,0.,0.,0.,0.063,0.011,0.051,0.,0.,0.,0.,0.,0.,0.,0.,0.,0.,0.,0.,0.,0.,0.
6,0.003,0.,0.003,0.,0.,0.,0.,0.,0.,0.,0.,0.,0.,0.,0.,0.,0.,0.,0.,0.,0.,0.,0.,0.,0.,0.,0.,0.,0.,0.,0.,0.,0.,0.,0.,0.,0.,0.,0.,0.003,0.,0.003,0.,0.,0.,0.,0.,0.,0.,0.,0.,0.,0.,0.,0.,0.,0.
7,0.004,0.,0.004,0.,0.,0.,0.,0.,0.,0.,0.,0.,0.,0.,0.,0.,0.,0.,0.,0.,0.,0.,0.,0.,0.,0.,0.,0.,0.,0.,0.,0.,0.,0.,0.,0.,0.,0.,0.,0.003,0.,0.003,0.,0.,0.,0.,0.,0.,0.,0.,0.,0.,0.,0.,0.,0.,0.
8,0.004,0.,0.004,0.,0.,0.,0.,0.,0.,0.,0.,0.,0.001,0.,0.001,0.,0.,0.,0.001,0.,0.001,0.,0.,0.,0.,0.,0.,0.,0.,0.,0.,0.,0.,0.,0.,0.,0.,0.,0.,0.003,0.,0.003,0.,0.,0.,0.,0.,0.,0.,0.,0.,0.,0.,0.,0.,0.,0.
9,0.004,0.,0.004,0.,0.,0.,0.,0.,0.,0.,0.,0.,0.001,0.,0.001,0.,0.,0.,0.,0.,0.,0.,0.,0.,0.,0.,0.,0.,0.,0.,0.,0.,0.,0.,0.,0.,0.,0.,0.,0.003,0.,0.003,0.,0.,0.,0.,0.,0.,0.,0.,0.,0.,0.,0.,0.,0.,0.
10,0.004,0.,0.004,0.,0.,0.,0.,0.,0.,0.,0.,0.,0.001,0.,0.001,0.,0.,0.,0.001,0.,0.001,0.,0.,0.,0.,0.,0.,0.,0.,0.,0.,0.,0.,0.,0.,0.,0.,0.,0.,0.004,0.,0.004,0.,0.,0.,0.,0.,0.,0.,0.,0.,0.,0.,0.,0.,0.,0.
11,0.005,0.,0.005,0.,0.,0.,0.,0.,0.,0.,0.,0.,0.001,0.,0.001,0.,0.,0.,0.001,0.,0.001,0.,0.,0.,0.,0.,0.,0.,0.,0.,0.,0.,0.,0.,0.,0.,0.,0.,0.,0.004,0.,0.004,0.,0.,0.,0.,0.,0.,0.,0.,0.,0.,0.,0.,0.,0.,0.
12,0.005,0.,0.005,0.,0.,0.,0.,0.,0.,0.,0.,0.,0.001,0.,0.001,0.,0.,0.,0.001,0.,0.001,0.,0.,0.,0.,0.,0.,0.,0.,0.,0.,0.,0.,0.,0.,0.,0.,0.,0.,0.004,0.,0.004,0.,0.,0.,0.,0.,0.,0.,0.,0.,0.,0.,0.,0.,0.,0.
13,0.006,0.,0.006,0.,0.,0.,0.,0.,0.,0.,0.,0.,0.001,0.,0.001,0.,0.,0.,0.001,0.,0.001,0.,0.,0.,0.,0.,0.,0.,0.,0.,0.,0.,0.,0.,0.,0.,0.,0.,0.,0.005,0.,0.005,0.,0.,0.,0.,0.,0.,0.,0.,0.,0.,0.,0.,0.,0.,0.
14,0.006,0.,0.006,0.,0.,0.,0.,0.,0.,0.,0.,0.,0.001,0.,0.001,0.,0.,0.,0.001,0.,0.001,0.,0.,0.,0.,0.,0.,0.,0.,0.,0.,0.,0.,0.,0.,0.,0.,0.,0.,0.005,0.,0.005,0.,0.,0.,0.,0.,0.,0.,0.,0.,0.,0.,0.,0.,0.,0.
15,0.007,0.,0.007,0.,0.,0.,0.,0.,0.,0.,0.,0.,0.001,0.,0.001,0.,0.,0.,0.001,0.,0.001,0.,0.,0.,0.,0.,0.,0.,0.,0.,0.,0.,0.,0.,0.,0.,0.,0.,0.,0.006,0.,0.006,0.,0.,0.,0.,0.,0.,0.,0.,0.,0.,0.,0.,0.,0.,0.
16,0.009,0.,0.009,0.,0.,0.,0.,0.,0.,0.,0.,0.,0.001,0.,0.001,0.,0.,0.,0.001,0.,0.001,0.,0.,0.,0.,0.,0.,0.,0.,0.,0.,0.,0.,0.,0.,0.,0.,0.,0.,0.008,0.,0.008,0.,0.,0.,0.,0.,0.,0.,0.,0.,0.002,0.,0.002,0.,0.,0.
17,0.007,0.,0.007,0.,0.,0.,0.,0.,0.,0.,0.,0.,0.001,0.,0.001,0.,0.,0.,0.001,0.,0.001,0.,0.,0.,0.,0.,0.,0.,0.,0.,0.,0.,0.,0.001,0.,0.001,0.,0.,0.,0.006,0.,0.006,0.,0.,0.,0.,0.,0.,0.,0.,0.,0.,0.,0.,0.,0.,0.
18,0.008,0.,0.008,0.,0.,0.,0.,0.,0.,0.,0.,0.,0.001,0.,0.001,0.,0.,0.,0.001,0.,0.001,0.,0.,0.,0.,0.,0.,0.,0.,0.,0.,0.,0.,0.001,0.,0.001,0.,0.,0.,0.006,0.,0.006,0.,0.,0.,0.,0.,0.,0.,0.,0.,0.,0.,0.,0.,0.,0.
19,0.008,0.,0.008,0.,0.,0.,0.,0.,0.,0.,0.,0.,0.001,0.,0.001,0.,0.,0.,0.001,0.,0.001,0.,0.,0.,0.,0.,0.,0.,0.,0.,0.,0.,0.,0.001,0.,0.001,0.,0.,0.,0.007,0.,0.007,0.,0.,0.,0.,0.,0.,0.,0.,0.,0.,0.,0.,0.,0.,0.
20,0.008,0.003,0.005,0.,0.,0.,0.,0.,0.,0.,0.,0.,0.002,0.002,0.,0.,0.,0.,0.001,0.001,0.,0.,0.,0.,0.,0.,0.,0.,0.,0.,0.,0.,0.,0.001,0.,0.001,0.,0.,0.,0.007,0.002,0.004,0.,0.,0.,0.,0.,0.,0.,0.,0.,0.,0.,0.,0.,0.,0.
21,0.009,0.,0.009,0.,0.,0.,0.,0.,0.,0.,0.,0.,0.002,0.,0.002,0.,0.,0.,0.002,0.,0.002,0.,0.,0.,0.,0.,0.,0.,0.,0.,0.,0.,0.,0.001,0.,0.001,0.,0.,0.,0.007,0.,0.007,0.,0.,0.,0.,0.,0.,0.,0.,0.,0.,0.,0.,0.,0.,0.
22,0.009,0.,0.009,0.,0.,0.,0.,0.,0.,0.,0.,0.,0.002,0.,0.002,0.,0.,0.,0.002,0.,0.002,0.,0.,0.,0.,0.,0.,0.,0.,0.,0.,0.,0.,0.001,0.,0.001,0.,0.,0.,0.008,0.,0.008,0.,0.,0.,0.,0.,0.,0.,0.,0.,0.,0.,0.,0.,0.,0.
23,0.012,0.,0.012,0.,0.,0.,0.,0.,0.,0.,0.,0.,0.004,0.,0.004,0.,0.,0.,0.004,0.,0.004,0.,0.,0.,0.,0.,0.,0.,0.,0.,0.,0.,0.,0.001,0.,0.001,0.,0.,0.,0.01,0.,0.01,0.,0.,0.,0.,0.,0.,0.,0.,0.,0.,0.,0.,0.,0.,0.
24,0.012,0.,0.012,0.,0.,0.,0.,0.,0.,0.,0.,0.,0.002,0.,0.002,0.,0.,0.,0.002,0.,0.002,0.,0.,0.,0.,0.,0.,0.,0.,0.,0.,0.,0.,0.001,0.,0.001,0.,0.,0.,0.01,0.,0.01,0.,0.,0.,0.,0.,0.,0.,0.,0.,0.,0.,0.,0.,0.,0.
25,0.013,0.,0.013,0.,0.,0.,0.,0.,0.,0.,0.,0.,0.002,0.,0.002,0.,0.,0.,0.002,0.,0.002,0.002,0.,0.002,0.,0.,0.,0.,0.,0.,0.,0.,0.,0.001,0.,0.001,0.,0.,0.,0.011,0.,0.011,0.,0.,0.,0.,0.,0.,0.,0.,0.,0.,0.,0.,0.,0.,0.
26,0.011,0.,0.011,0.,0.,0.,0.,0.,0.,0.,0.,0.,0.002,0.,0.002,0.,0.,0.,0.002,0.,0.002,0.,0.,0.,0.,0.,0.,0.,0.,0.,0.,0.,0.,0.001,0.,0.001,0.,0.,0.,0.01,0.,0.01,0.,0.,0.,0.,0.,0.,0.,0.,0.,0.,0.,0.,0.,0.,0.
27,0.011,0.,0.011,0.,0.,0.,0.,0.,0.,0.,0.,0.,0.002,0.,0.002,0.,0.,0.,0.002,0.,0.002,0.,0.,0.,0.,0.,0.,0.,0.,0.,0.,0.,0.,0.001,0.,0.001,0.,0.,0.,0.009,0.,0.009,0.,0.,0.,0.,0.,0.,0.,0.,0.,0.,0.,0.,0.,0.,0.
28,0.012,0.,0.012,0.,0.,0.,0.,0.,0.,0.,0.,0.,0.002,0.,0.002,0.,0.,0.,0.002,0.,0.002,0.001,0.,0.001,0.,0.,0.,0.,0.,0.,0.,0.,0.,0.001,0.,0.001,0.,0.,0.,0.01,0.,0.01,0.,0.,0.,0.,0.,0.,0.,0.,0.,0.,0.,0.,0.,0.,0.
29,0.012,0.,0.012,0.,0.,0.,0.,0.,0.,0.,0.,0.,0.002,0.,0.002,0.,0.,0.,0.002,0.,0.002,0.,0.,0.,0.,0.,0.,0.,0.,0.,0.,0.,0.,0.001,0.,0.001,0.,0.,0.,0.01,0.,0.01,0.,0.,0.,0.,0.,0.,0.,0.,0.,0.,0.,0.,0.,0.,0.
30,0.013,0.,0.013,0.,0.,0.,0.,0.,0.,0.,0.,0.,0.003,0.,0.003,0.,0.,0.,0.002,0.,0.002,0.,0.,0.,0.,0.,0.,0.,0.,0.,0.,0.,0.,0.001,0.,0.001,0.,0.,0.,0.01,0.,0.01,0.,0.,0.,0.,0.,0.,0.,0.,0.,0.,0.,0.,0.,0.,0.
31,0.014,0.,0.014,0.,0.,0.,0.,0.,0.,0.,0.,0.,0.003,0.,0.003,0.,0.,0.,0.003,0.,0.003,0.,0.,0.,0.001,0.,0.001,0.,0.,0.,0.,0.,0.,0.001,0.,0.001,0.,0.,0.,0.012,0.,0.012,0.,0.,0.,0.,0.,0.,0.,0.,0.,0.,0.,0.,0.,0.,0.
32,0.018,0.,0.018,0.,0.,0.,0.,0.,0.,0.,0.,0.,0.003,0.,0.003,0.,0.,0.,0.003,0.,0.003,0.,0.,0.,0.,0.,0.,0.,0.,0.,0.,0.,0.,0.003,0.,0.003,0.,0.,0.,0.014,0.,0.014,0.,0.,0.,0.,0.,0.,0.,0.,0.,0.,0.,0.,0.003,0.,0.003
33,0.015,0.,0.015,0.,0.,0.,0.,0.,0.,0.,0.,0.,0.003,0.,0.003,0.,0.,0.,0.003,0.,0.003,0.,0.,0.,0.,0.,0.,0.,0.,0.,0.,0.,0.,0.002,0.,0.002,0.,0.,0.,0.012,0.,0.012,0.,0.,0.,0.,0.,0.,0.,0.,0.,0.001,0.,0.001,0.,0.,0.
34,0.014,0.,0.014,0.,0.,0.,0.,0.,0.,0.,0.,0.,0.003,0.,0.003,0.,0.,0.,0.003,0.,0.003,0.,0.,0.,0.,0.,0.,0.,0.,0.,0.,0.,0.,0.002,0.,0.002,0.,0.,0.,0.012,0.,0.012,0.,0.,0.,0.,0.,0.,0.,0.,0.,0.,0.,0.,0.,0.,0.
35,0.015,0.,0.015,0.,0.,0.,0.,0.,0.,0.,0.,0.,0.003,0.,0.003,0.,0.,0.,0.003,0.,0.003,0.,0.,0.,0.,0.,0.,0.,0.,0.,0.,0.,0.,0.002,0.,0.002,0.,0.,0.,0.012,0.,0.012,0.,0.,0.,0.,0.,0.,0.,0.,0.,0.,0.,0.,0.,0.,0.
36,0.016,0.,0.016,0.,0.,0.,0.,0.,0.,0.,0.,0.,0.003,0.,0.003,0.001,0.,0.001,0.003,0.,0.003,0.,0.,0.,0.001,0.,0.,0.,0.,0.,0.,0.,0.,0.002,0.,0.002,0.,0.,0.,0.014,0.,0.014,0.,0.,0.,0.,0.,0.,0.,0.,0.,0.,0.,0.,0.001,0.,0.001
37,0.016,0.,0.016,0.,0.,0.,0.,0.,0.,0.,0.,0.,0.003,0.,0.003,0.,0.,0.,0.003,0.,0.003,0.,0.,0.,0.001,0.,0.001,0.,0.,0.,0.001,0.,0.001,0.002,0.,0.002,0.,0.,0.,0.013,0.,0.013,0.001,0.,0.001,0.,0.,0.,0.001,0.,0.001,0.,0.,0.,0.001,0.,0.001
38,0.017,0.,0.017,0.,0.,0.,0.,0.,0.,0.,0.,0.,0.004,0.,0.004,0.,0.,0.,0.004,0.,0.004,0.,0.,0.,0.001,0.,0.001,0.001,0.,0.001,0.001,0.,0.001,0.002,0.,0.002,0.,0.,0.,0.015,0.,0.015,0.001,0.,0.001,0.,0.,0.,0.001,0.,0.001,0.001,0.,0.001,0.001,0.,0.001
39,0.02,0.,0.02,0.,0.,0.,0.,0.,0.,0.,0.,0.,0.003,0.,0.003,0.,0.,0.,0.003,0.,0.003,0.,0.,0.,0.001,0.,0.001,0.,0.,0.,0.001,0.,0.001,0.002,0.,0.002,0.,0.,0.,0.018,0.,0.018,0.001,0.,0.001,0.004,0.,0.004,0.001,0.,0.001,0.001,0.,0.001,0.001,0.,0.001
40,0.02,0.,0.02,0.,0.,0.,0.,0.,0.,0.,0.,0.,0.006,0.,0.006,0.,0.,0.,0.006,0.,0.006,0.,0.,0.,0.001,0.,0.001,0.,0.,0.,0.001,0.,0.001,0.002,0.,0.002,0.,0.,0.,0.017,0.,0.017,0.001,0.,0.001,0.,0.,0.,0.001,0.,0.001,0.,0.,0.,0.001,0.,0.001
41,0.018,0.,0.018,0.,0.,0.,0.,0.,0.,0.,0.,0.,0.004,0.,0.004,0.,0.,0.,0.003,0.,0.003,0.,0.,0.,0.001,0.,0.001,0.001,0.,0.001,0.001,0.,0.001,0.002,0.,0.002,0.,0.,0.,0.014,0.,0.014,0.001,0.,0.001,0.,0.,0.,0.001,0.,0.001,0.001,0.,0.001,0.001,0.,0.001
42,0.02,0.,0.02,0.,0.,0.,0.,0.,0.,0.,0.,0.,0.004,0.,0.004,0.,0.,0.,0.004,0.,0.004,0.,0.,0.,0.001,0.,0.001,0.001,0.,0.001,0.001,0.,0.001,0.002,0.,0.002,0.,0.,0.,0.017,0.,0.017,0.001,0.,0.001,0.001,0.,0.001,0.001,0.,0.001,0.001,0.,0.001,0.001,0.,0.001
43,0.02,0.,0.02,0.,0.,0.,0.,0.,0.,0.,0.,0.,0.004,0.,0.004,0.,0.,0.,0.004,0.,0.004,0.,0.,0.,0.001,0.,0.001,0.001,0.,0.001,0.001,0.,0.001,0.002,0.,0.002,0.,0.,0.,0.016,0.,0.016,0.001,0.,0.001,0.,0.,0.,0.001,0.,0.001,0.002,0.,0.002,0.001,0.,0.001
44,0.019,0.,0.019,0.,0.,0.,0.,0.,0.,0.,0.,0.,0.004,0.,0.004,0.,0.,0.,0.004,0.,0.004,0.,0.,0.,0.001,0.,0.001,0.001,0.,0.001,0.001,0.,0.001,0.002,0.,0.002,0.,0.,0.,0.016,0.,0.016,0.001,0.,0.001,0.,0.,0.,0.001,0.,0.001,0.001,0.,0.001,0.001,0.,0.001
45,0.019,0.,0.019,0.,0.,0.,0.,0.,0.,0.,0.,0.,0.004,0.,0.004,0.,0.,0.,0.004,0.,0.004,0.,0.,0.,0.001,0.,0.001,0.001,0.,0.001,0.001,0.,0.001,0.002,0.,0.002,0.,0.,0.,0.016,0.,0.016,0.001,0.,0.001,0.,0.,0.,0.001,0.,0.001,0.001,0.,0.001,0.001,0.,0.001
46,0.022,0.,0.022,0.,0.,0.,0.002,0.,0.002,0.,0.,0.,0.004,0.,0.004,0.,0.,0.,0.004,0.,0.004,0.,0.,0.,0.001,0.,0.001,0.001,0.,0.001,0.001,0.,0.001,0.003,0.,0.003,0.,0.,0.,0.019,0.,0.019,0.001,0.,0.001,0.,0.,0.,0.001,0.,0.001,0.001,0.,0.001,0.001,0.,0.001
47,0.02,0.,0.02,0.,0.,0.,0.,0.,0.,0.,0.,0.,0.004,0.,0.004,0.,0.,0.,0.004,0.,0.004,0.,0.,0.,0.001,0.,0.001,0.001,0.,0.001,0.001,0.,0.001,0.003,0.,0.003,0.,0.,0.,0.017,0.,0.017,0.001,0.,0.001,0.,0.,0.,0.001,0.,0.001,0.001,0.,0.001,0.001,0.,0.001
48,0.023,0.,0.023,0.,0.,0.,0.,0.,0.,0.,0.,0.,0.005,0.,0.005,0.,0.,0.,0.005,0.,0.005,0.001,0.,0.001,0.001,0.,0.001,0.001,0.,0.001,0.001,0.,0.001,0.003,0.,0.003,0.,0.,0.,0.02,0.,0.02,0.001,0.,0.001,0.,0.,0.,0.001,0.,0.001,0.001,0.,0.001,0.001,0.,0.001
49,0.024,0.,0.024,0.,0.,0.,0.,0.,0.,0.002,0.,0.002,0.004,0.,0.004,0.,0.,0.,0.004,0.,0.004,0.001,0.,0.001,0.001,0.,0.001,0.001,0.,0.001,0.001,0.,0.001,0.003,0.,0.003,0.,0.,0.,0.02,0.,0.02,0.001,0.,0.001,0.001,0.,0.001,0.001,0.,0.001,0.001,0.,0.001,0.001,0.,0.001
50,0.029,0.02,0.009,0.,0.,0.,0.,0.,0.,0.,0.,0.,0.007,0.003,0.003,0.,0.,0.,0.007,0.003,0.003,0.001,0.,0.,0.001,0.001,0.,0.001,0.,0.001,0.001,0.001,0.,0.003,0.003,0.,0.,0.,0.,0.025,0.016,0.009,0.001,0.001,0.,0.001,0.,0.001,0.001,0.001,0.,0.001,0.001,0.,0.002,0.002,0.
51,0.022,0.,0.022,0.,0.,0.,0.,0.,0.,0.,0.,0.,0.005,0.,0.005,0.,0.,0.,0.004,0.,0.004,0.,0.,0.,0.001,0.,0.001,0.001,0.,0.001,0.001,0.,0.001,0.003,0.,0.003,0.,0.,0.,0.018,0.,0.018,0.001,0.,0.001,0.,0.,0.,0.001,0.,0.001,0.001,0.,0.001,0.001,0.,0.001
52,0.023,0.,0.023,0.,0.,0.,0.,0.,0.,0.,0.,0.,0.005,0.,0.005,0.,0.,0.,0.005,0.,0.005,0.001,0.,0.001,0.001,0.,0.001,0.001,0.,0.001,0.001,0.,0.001,0.003,0.,0.003,0.,0.,0.,0.019,0.,0.019,0.001,0.,0.001,0.,0.,0.,0.001,0.,0.001,0.001,0.,0.001,0.001,0.,0.001
53,0.026,0.,0.026,0.,0.,0.,0.,0.,0.,0.,0.,0.,0.007,0.,0.007,0.,0.,0.,0.007,0.,0.007,0.001,0.,0.001,0.001,0.,0.001,0.001,0.,0.001,0.001,0.,0.001,0.003,0.,0.003,0.,0.,0.,0.022,0.,0.022,0.001,0.,0.001,0.001,0.,0.001,0.001,0.,0.001,0.001,0.,0.001,0.001,0.,0.001
54,0.024,0.,0.024,0.,0.,0.,0.,0.,0.,0.,0.,0.,0.005,0.,0.005,0.,0.,0.,0.005,0.,0.005,0.001,0.,0.001,0.001,0.,0.001,0.001,0.,0.001,0.001,0.,0.001,0.003,0.,0.003,0.,0.,0.,0.02,0.,0.02,0.001,0.,0.001,0.,0.,0.,0.001,0.,0.001,0.001,0.,0.001,0.001,0.,0.001
55,0.025,0.,0.025,0.,0.,0.,0.,0.,0.,0.,0.,0.,0.005,0.,0.005,0.,0.,0.,0.005,0.,0.005,0.001,0.,0.001,0.001,0.,0.001,0.001,0.,0.001,0.001,0.,0.001,0.003,0.,0.003,0.,0.,0.,0.021,0.,0.021,0.001,0.,0.001,0.001,0.,0.001,0.002,0.,0.002,0.001,0.,0.001,0.001,0.,0.001
56,0.025,0.,0.025,0.,0.,0.,0.,0.,0.,0.,0.,0.,0.005,0.,0.005,0.,0.,0.,0.005,0.,0.005,0.001,0.,0.001,0.001,0.,0.001,0.001,0.,0.001,0.001,0.,0.001,0.003,0.,0.003,0.,0.,0.,0.021,0.,0.021,0.001,0.,0.001,0.001,0.,0.001,0.001,0.,0.001,0.001,0.,0.001,0.001,0.,0.001
57,0.026,0.,0.026,0.,0.,0.,0.,0.,0.,0.,0.,0.,0.005,0.,0.005,0.,0.,0.,0.005,0.,0.005,0.001,0.,0.001,0.001,0.,0.001,0.001,0.,0.001,0.001,0.,0.001,0.003,0.,0.003,0.,0.,0.,0.021,0.,0.021,0.001,0.,0.001,0.001,0.,0.001,0.002,0.,0.002,0.001,0.,0.001,0.001,0.,0.001
58,0.028,0.,0.028,0.,0.,0.,0.,0.,0.,0.,0.,0.,0.007,0.,0.007,0.,0.,0.,0.007,0.,0.007,0.001,0.,0.001,0.001,0.,0.001,0.001,0.,0.001,0.001,0.,0.001,0.003,0.,0.003,0.,0.,0.,0.023,0.,0.023,0.001,0.,0.001,0.001,0.,0.001,0.001,0.,0.001,0.001,0.,0.001,0.002,0.,0.002
59,0.027,0.002,0.024,0.,0.,0.,0.,0.,0.,0.,0.,0.,0.005,0.,0.005,0.,0.,0.,0.005,0.,0.005,0.001,0.,0.001,0.001,0.,0.001,0.001,0.,0.001,0.001,0.,0.001,0.004,0.,0.003,0.,0.,0.,0.022,0.001,0.02,0.001,0.001,0.,0.001,0.,0.001,0.001,0.,0.001,0.001,0.,0.001,0.001,0.,0.001
60,0.028,0.,0.028,0.,0.,0.,0.,0.,0.,0.,0.,0.,0.005,0.,0.005,0.,0.,0.,0.005,0.,0.005,0.001,0.,0.001,0.001,0.,0.001,0.001,0.,0.001,0.001,0.,0.001,0.004,0.,0.004,0.,0.,0.,0.023,0.,0.023,0.001,0.,0.001,0.002,0.,0.002,0.001,0.,0.001,0.001,0.,0.001,0.002,0.,0.002
61,0.028,0.,0.028,0.,0.,0.,0.,0.,0.,0.,0.,0.,0.006,0.,0.006,0.,0.,0.,0.006,0.,0.006,0.001,0.,0.001,0.001,0.,0.001,0.001,0.,0.001,0.001,0.,0.001,0.004,0.,0.004,0.,0.,0.,0.023,0.,0.023,0.001,0.,0.001,0.001,0.,0.001,0.001,0.,0.001,0.001,0.,0.001,0.001,0.,0.001
62,0.03,0.,0.03,0.,0.,0.,0.,0.,0.,0.,0.,0.,0.006,0.,0.006,0.,0.,0.,0.006,0.,0.006,0.001,0.,0.001,0.001,0.,0.001,0.001,0.,0.001,0.001,0.,0.001,0.004,0.,0.004,0.,0.,0.,0.025,0.,0.025,0.001,0.,0.001,0.001,0.,0.001,0.003,0.,0.003,0.001,0.,0.001,0.001,0.,0.001
63,0.033,0.,0.033,0.,0.,0.,0.,0.,0.,0.,0.,0.,0.006,0.,0.006,0.,0.,0.,0.006,0.,0.006,0.001,0.,0.001,0.002,0.,0.002,0.002,0.,0.002,0.002,0.,0.002,0.004,0.,0.004,0.,0.,0.,0.027,0.,0.027,0.002,0.,0.002,0.001,0.,0.001,0.002,0.,0.002,0.002,0.,0.002,0.001,0.,0.001
64,0.031,0.,0.031,0.,0.,0.,0.,0.,0.,0.,0.,0.,0.006,0.,0.006,0.,0.,0.,0.006,0.,0.006,0.001,0.,0.001,0.001,0.,0.001,0.001,0.,0.001,0.001,0.,0.001,0.004,0.,0.004,0.,0.,0.,0.026,0.,0.026,0.002,0.,0.002,0.001,0.,0.001,0.001,0.,0.001,0.001,0.,0.001,0.003,0.,0.003
65,0.03,0.,0.03,0.,0.,0.,0.,0.,0.,0.,0.,0.,0.006,0.,0.006,0.,0.,0.,0.006,0.,0.006,0.001,0.,0.001,0.001,0.,0.001,0.001,0.,0.001,0.001,0.,0.001,0.004,0.,0.004,0.,0.,0.,0.025,0.,0.025,0.002,0.,0.002,0.001,0.,0.001,0.001,0.,0.001,0.001,0.,0.001,0.001,0.,0.001
66,0.031,0.,0.031,0.,0.,0.,0.,0.,0.,0.,0.,0.,0.006,0.,0.006,0.,0.,0.,0.006,0.,0.006,0.001,0.,0.001,0.001,0.,0.001,0.001,0.,0.001,0.001,0.,0.001,0.006,0.,0.006,0.,0.,0.,0.024,0.,0.024,0.002,0.,0.002,0.001,0.,0.001,0.001,0.,0.001,0.001,0.,0.001,0.001,0.,0.001
67,0.031,0.,0.031,0.,0.,0.,0.,0.,0.,0.,0.,0.,0.006,0.,0.006,0.,0.,0.,0.006,0.,0.006,0.001,0.,0.001,0.002,0.,0.002,0.002,0.,0.002,0.002,0.,0.002,0.004,0.,0.004,0.,0.,0.,0.025,0.,0.025,0.002,0.,0.002,0.001,0.,0.001,0.002,0.,0.002,0.001,0.,0.001,0.002,0.,0.002
68,0.031,0.,0.031,0.,0.,0.,0.,0.,0.,0.,0.,0.,0.006,0.,0.006,0.,0.,0.,0.006,0.,0.006,0.001,0.,0.001,0.002,0.,0.002,0.001,0.,0.001,0.002,0.,0.002,0.005,0.,0.005,0.,0.,0.,0.025,0.,0.025,0.002,0.,0.002,0.001,0.,0.001,0.002,0.,0.002,0.001,0.,0.001,0.002,0.,0.002
69,0.032,0.,0.032,0.,0.,0.,0.,0.,0.,0.,0.,0.,0.007,0.,0.007,0.,0.,0.,0.007,0.,0.007,0.001,0.,0.001,0.002,0.,0.002,0.001,0.,0.001,0.002,0.,0.002,0.005,0.,0.005,0.,0.,0.,0.026,0.,0.026,0.002,0.,0.002,0.001,0.,0.001,0.002,0.,0.002,0.001,0.,0.001,0.002,0.,0.002
70,0.034,0.,0.034,0.,0.,0.,0.,0.,0.,0.,0.,0.,0.007,0.,0.007,0.,0.,0.,0.007,0.,0.007,0.001,0.,0.001,0.002,0.,0.002,0.002,0.,0.002,0.002,0.,0.002,0.006,0.,0.006,0.,0.,0.,0.027,0.,0.027,0.002,0.,0.002,0.001,0.,0.001,0.002,0.,0.002,0.001,0.,0.001,0.002,0.,0.002
71,0.033,0.002,0.03,0.,0.,0.,0.,0.,0.,0.,0.,0.,0.007,0.001,0.005,0.,0.,0.,0.006,0.001,0.005,0.001,0.,0.001,0.002,0.,0.002,0.002,0.,0.002,0.002,0.,0.002,0.005,0.,0.005,0.,0.,0.,0.027,0.002,0.024,0.002,0.,0.002,0.001,0.,0.001,0.002,0.,0.002,0.002,0.,0.002,0.002,0.,0.002
72,0.036,0.004,0.032,0.,0.,0.,0.,0.,0.,0.,0.,0.,0.006,0.003,0.002,0.,0.,0.,0.006,0.003,0.002,0.001,0.,0.001,0.002,0.,0.002,0.002,0.,0.002,0.002,0.,0.002,0.005,0.,0.005,0.,0.,0.,0.031,0.003,0.027,0.003,0.,0.003,0.002,0.,0.002,0.002,0.,0.002,0.002,0.,0.002,0.002,0.,0.002
73,0.036,0.,0.036,0.,0.,0.,0.,0.,0.,0.,0.,0.,0.007,0.,0.007,0.,0.,0.,0.007,0.,0.007,0.001,0.,0.001,0.002,0.,0.002,0.003,0.,0.003,0.002,0.,0.002,0.005,0.,0.005,0.,0.,0.,0.03,0.,0.03,0.002,0.,0.002,0.001,0.,0.001,0.002,0.,0.002,0.004,0.,0.004,0.002,0.,0.002
74,0.036,0.,0.036,0.,0.,0.,0.,0.,0.,0.,0.,0.,0.007,0.,0.007,0.002,0.,0.002,0.007,0.,0.007,0.001,0.,0.001,0.002,0.,0.002,0.002,0.,0.002,0.002,0.,0.002,0.005,0.,0.005,0.,0.,0.,0.03,0.,0.03,0.002,0.,0.002,0.001,0.,0.001,0.002,0.,0.002,0.002,0.,0.002,0.002,0.,0.002
75,0.036,0.,0.036,0.,0.,0.,0.,0.,0.,0.,0.,0.,0.008,0.,0.008,0.,0.,0.,0.007,0.,0.007,0.001,0.,0.001,0.002,0.,0.002,0.002,0.,0.002,0.002,0.,0.002,0.005,0.,0.005,0.,0.,0.,0.029,0.,0.029,0.003,0.,0.003,0.001,0.,0.001,0.002,0.,0.002,0.002,0.,0.002,0.002,0.,0.002
76,0.037,0.,0.037,0.,0.,0.,0.,0.,0.,0.,0.,0.,0.007,0.,0.007,0.,0.,0.,0.007,0.,0.007,0.001,0.,0.001,0.002,0.,0.002,0.002,0.,0.002,0.002,0.,0.002,0.005,0.,0.005,0.,0.,0.,0.031,0.,0.031,0.002,0.,0.002,0.001,0.,0.001,0.002,0.,0.002,0.004,0.,0.004,0.002,0.,0.002
77,0.037,0.,0.037,0.,0.,0.,0.,0.,0.,0.,0.,0.,0.007,0.,0.007,0.,0.,0.,0.007,0.,0.007,0.001,0.,0.001,0.002,0.,0.002,0.002,0.,0.002,0.002,0.,0.002,0.005,0.,0.005,0.,0.,0.,0.031,0.,0.031,0.002,0.,0.002,0.001,0.,0.001,0.002,0.,0.002,0.002,0.,0.002,0.002,0.,0.002
78,0.041,0.,0.041,0.,0.,0.,0.,0.,0.,0.,0.,0.,0.011,0.,0.011,0.,0.,0.,0.011,0.,0.011,0.001,0.,0.001,0.002,0.,0.002,0.002,0.,0.002,0.002,0.,0.002,0.005,0.,0.005,0.,0.,0.,0.034,0.,0.034,0.003,0.,0.003,0.001,0.,0.001,0.002,0.,0.002,0.002,0.,0.002,0.002,0.,0.002
79,0.036,0.,0.036,0.,0.,0.,0.,0.,0.,0.,0.,0.,0.007,0.,0.007,0.,0.,0.,0.007,0.,0.007,0.001,0.,0.001,0.002,0.,0.002,0.002,0.,0.002,0.002,0.,0.002,0.005,0.,0.005,0.,0.,0.,0.03,0.,0.03,0.002,0.,0.002,0.001,0.,0.001,0.002,0.,0.002,0.002,0.,0.002,0.002,0.,0.002
80,0.038,0.003,0.034,0.,0.,0.,0.,0.,0.,0.,0.,0.,0.008,0.,0.008,0.,0.,0.,0.008,0.,0.008,0.001,0.,0.001,0.002,0.,0.002,0.002,0.002,0.,0.002,0.,0.002,0.005,0.,0.005,0.,0.,0.,0.031,0.003,0.028,0.003,0.,0.003,0.001,0.,0.001,0.002,0.,0.002,0.002,0.,0.001,0.002,0.,0.002
81,0.039,0.,0.039,0.,0.,0.,0.,0.,0.,0.,0.,0.,0.007,0.,0.007,0.,0.,0.,0.007,0.,0.007,0.001,0.,0.001,0.002,0.,0.002,0.002,0.,0.002,0.003,0.,0.003,0.006,0.,0.006,0.,0.,0.,0.032,0.,0.032,0.002,0.,0.002,0.001,0.,0.001,0.002,0.,0.002,0.002,0.,0.002,0.002,0.,0.002
82,0.038,0.,0.038,0.,0.,0.,0.,0.,0.,0.,0.,0.,0.008,0.,0.008,0.,0.,0.,0.007,0.,0.007,0.001,0.,0.001,0.002,0.,0.002,0.002,0.,0.002,0.002,0.,0.002,0.006,0.,0.006,0.,0.,0.,0.031,0.,0.031,0.002,0.,0.002,0.001,0.,0.001,0.002,0.,0.002,0.002,0.,0.002,0.002,0.,0.002
83,0.041,0.,0.041,0.,0.,0.,0.,0.,0.,0.,0.,0.,0.008,0.,0.008,0.,0.,0.,0.008,0.,0.008,0.001,0.,0.001,0.003,0.,0.003,0.002,0.,0.002,0.002,0.,0.002,0.006,0.,0.006,0.,0.,0.,0.034,0.,0.034,0.002,0.,0.002,0.002,0.,0.002,0.002,0.,0.002,0.002,0.,0.002,0.002,0.,0.002
84,0.039,0.,0.039,0.,0.,0.,0.,0.,0.,0.,0.,0.,0.008,0.,0.008,0.,0.,0.,0.008,0.,0.008,0.001,0.,0.001,0.002,0.,0.002,0.002,0.,0.002,0.002,0.,0.002,0.006,0.,0.006,0.,0.,0.,0.032,0.,0.032,0.002,0.,0.002,0.001,0.,0.001,0.002,0.,0.002,0.002,0.,0.002,0.002,0.,0.002
85,0.043,0.,0.043,0.,0.,0.,0.,0.,0.,0.,0.,0.,0.01,0.,0.01,0.,0.,0.,0.01,0.,0.01,0.001,0.,0.001,0.002,0.,0.002,0.002,0.,0.002,0.002,0.,0.002,0.006,0.,0.006,0.,0.,0.,0.035,0.,0.035,0.002,0.,0.002,0.001,0.,0.001,0.002,0.,0.002,0.002,0.,0.002,0.002,0.,0.002
86,0.044,0.,0.044,0.,0.,0.,0.,0.,0.,0.,0.,0.,0.009,0.,0.009,0.,0.,0.,0.009,0.,0.009,0.002,0.,0.002,0.003,0.,0.003,0.002,0.,0.002,0.002,0.,0.002,0.006,0.,0.006,0.,0.,0.,0.037,0.,0.037,0.002,0.,0.002,0.001,0.,0.001,0.004,0.,0.004,0.002,0.,0.002,0.002,0.,0.002
87,0.041,0.,0.041,0.,0.,0.,0.,0.,0.,0.,0.,0.,0.008,0.,0.008,0.,0.,0.,0.008,0.,0.008,0.001,0.,0.001,0.002,0.,0.002,0.002,0.,0.002,0.002,0.,0.002,0.006,0.,0.006,0.,0.,0.,0.034,0.,0.034,0.002,0.,0.002,0.001,0.,0.001,0.002,0.,0.002,0.002,0.,0.002,0.003,0.,0.003
88,0.045,0.,0.045,0.,0.,0.,0.,0.,0.,0.,0.,0.,0.01,0.,0.01,0.,0.,0.,0.01,0.,0.01,0.001,0.,0.001,0.003,0.,0.003,0.002,0.,0.002,0.002,0.,0.002,0.007,0.,0.007,0.,0.,0.,0.037,0.,0.037,0.002,0.,0.002,0.001,0.,0.001,0.002,0.,0.002,0.002,0.,0.002,0.002,0.,0.002
89,0.045,0.003,0.041,0.,0.,0.,0.,0.,0.,0.,0.,0.,0.008,0.,0.008,0.,0.,0.,0.008,0.,0.008,0.001,0.,0.001,0.003,0.,0.003,0.002,0.,0.002,0.003,0.,0.003,0.007,0.,0.007,0.,0.,0.,0.036,0.003,0.033,0.002,0.,0.002,0.001,0.,0.001,0.003,0.,0.003,0.002,0.,0.002,0.004,0.003,0.
90,0.044,0.,0.044,0.,0.,0.,0.,0.,0.,0.,0.,0.,0.008,0.,0.008,0.,0.,0.,0.008,0.,0.008,0.001,0.,0.001,0.002,0.,0.002,0.002,0.,0.002,0.002,0.,0.002,0.008,0.,0.008,0.,0.,0.,0.035,0.,0.035,0.003,0.,0.003,0.001,0.,0.001,0.003,0.,0.003,0.002,0.,0.002,0.002,0.,0.002
91,0.05,0.,0.05,0.007,0.,0.007,0.,0.,0.,0.,0.,0.,0.008,0.,0.008,0.,0.,0.,0.008,0.,0.008,0.001,0.,0.001,0.002,0.,0.002,0.002,0.,0.002,0.003,0.,0.003,0.007,0.,0.007,0.,0.,0.,0.042,0.,0.042,0.003,0.,0.003,0.001,0.,0.001,0.003,0.,0.003,0.002,0.,0.002,0.002,0.,0.002
92,0.046,0.,0.046,0.,0.,0.,0.,0.,0.,0.,0.,0.,0.009,0.,0.009,0.,0.,0.,0.009,0.,0.009,0.001,0.,0.001,0.003,0.,0.003,0.002,0.,0.002,0.003,0.,0.003,0.006,0.,0.006,0.,0.,0.,0.038,0.,0.038,0.003,0.,0.003,0.001,0.,0.001,0.003,0.,0.003,0.002,0.,0.002,0.004,0.,0.004
93,0.045,0.,0.045,0.,0.,0.,0.,0.,0.,0.,0.,0.,0.009,0.,0.009,0.,0.,0.,0.009,0.,0.009,0.001,0.,0.001,0.003,0.,0.003,0.002,0.,0.002,0.003,0.,0.003,0.007,0.,0.007,0.,0.,0.,0.037,0.,0.037,0.003,0.,0.003,0.001,0.,0.001,0.003,0.,0.003,0.003,0.,0.003,0.003,0.,0.003
94,0.048,0.,0.048,0.,0.,0.,0.,0.,0.,0.,0.,0.,0.011,0.,0.011,0.,0.,0.,0.011,0.,0.011,0.001,0.,0.001,0.003,0.,0.003,0.003,0.,0.003,0.003,0.,0.003,0.007,0.,0.007,0.,0.,0.,0.039,0.,0.039,0.003,0.,0.003,0.001,0.,0.001,0.003,0.,0.003,0.002,0.,0.002,0.003,0.,0.003
95,0.048,0.,0.048,0.,0.,0.,0.,0.,0.,0.,0.,0.,0.009,0.,0.009,0.,0.,0.,0.009,0.,0.009,0.001,0.,0.001,0.003,0.,0.003,0.003,0.,0.003,0.005,0.,0.005,0.007,0.,0.007,0.,0.,0.,0.04,0.,0.04,0.003,0.,0.003,0.001,0.,0.001,0.003,0.,0.003,0.003,0.,0.003,0.003,0.,0.003
96,0.047,0.,0.047,0.,0.,0.,0.,0.,0.,0.,0.,0.,0.009,0.,0.009,0.,0.,0.,0.009,0.,0.009,0.001,0.,0.001,0.003,0.,0.003,0.003,0.,0.003,0.003,0.,0.003,0.007,0.,0.007,0.,0.,0.,0.038,0.,0.038,0.003,0.,0.003,0.002,0.,0.002,0.003,0.,0.003,0.002,0.,0.002,0.003,0.,0.003
97,0.05,0.,0.05,0.,0.,0.,0.,0.,0.,0.,0.,0.,0.011,0.,0.011,0.,0.,0.,0.011,0.,0.011,0.001,0.,0.001,0.003,0.,0.003,0.003,0.,0.003,0.003,0.,0.003,0.007,0.,0.007,0.,0.,0.,0.042,0.,0.042,0.003,0.,0.003,0.001,0.,0.001,0.004,0.,0.004,0.003,0.,0.003,0.003,0.,0.003
98,0.05,0.,0.05,0.,0.,0.,0.,0.,0.,0.,0.,0.,0.009,0.,0.009,0.,0.,0.,0.009,0.,0.009,0.001,0.,0.001,0.004,0.,0.004,0.003,0.,0.003,0.003,0.,0.003,0.008,0.,0.008,0.,0.,0.,0.041,0.,0.041,0.003,0.,0.003,0.001,0.,0.001,0.003,0.,0.003,0.003,0.,0.003,0.003,0.,0.003
99,0.053,0.,0.053,0.,0.,0.,0.,0.,0.,0.,0.,0.,0.009,0.,0.009,0.,0.,0.,0.009,0.,0.009,0.001,0.,0.001,0.003,0.,0.003,0.003,0.,0.003,0.004,0.,0.004,0.01,0.,0.01,0.,0.,0.,0.042,0.,0.042,0.003,0.,0.003,0.001,0.,0.001,0.003,0.,0.003,0.003,0.,0.003,0.004,0.,0.004
100,0.103,0.008,0.095,0.,0.,0.,0.,0.,0.,0.,0.,0.,0.063,0.007,0.056,0.,0.,0.,0.063,0.007,0.056,0.001,0.,0.001,0.003,0.,0.003,0.003,0.,0.003,0.003,0.,0.003,0.007,0.,0.007,0.,0.,0.,0.095,0.008,0.087,0.003,0.,0.003,0.001,0.,0.001,0.003,0.,0.003,0.003,0.,0.003,0.004,0.,0.004
110,0.056,0.,0.056,0.,0.,0.,0.,0.,0.,0.,0.,0.,0.01,0.,0.01,0.,0.,0.,0.01,0.,0.01,0.002,0.,0.002,0.004,0.,0.004,0.003,0.,0.003,0.003,0.,0.003,0.009,0.,0.009,0.,0.,0.,0.046,0.,0.046,0.004,0.,0.004,0.002,0.,0.002,0.004,0.,0.004,0.003,0.,0.003,0.004,0.,0.004
120,0.065,0.,0.065,0.,0.,0.,0.,0.,0.,0.,0.,0.,0.013,0.,0.013,0.,0.,0.,0.013,0.,0.013,0.002,0.,0.002,0.004,0.,0.004,0.004,0.,0.004,0.004,0.,0.004,0.011,0.,0.011,0.,0.,0.,0.052,0.,0.052,0.004,0.,0.004,0.002,0.,0.002,0.004,0.,0.004,0.004,0.,0.004,0.004,0.,0.004
130,0.071,0.003,0.068,0.,0.,0.,0.,0.,0.,0.,0.,0.,0.015,0.,0.015,0.,0.,0.,0.015,0.,0.015,0.002,0.002,0.,0.005,0.,0.005,0.004,0.,0.004,0.005,0.,0.005,0.011,0.,0.011,0.,0.,0.,0.058,0.003,0.055,0.005,0.,0.005,0.002,0.001,0.001,0.005,0.,0.005,0.004,0.,0.004,0.005,0.,0.005
140,0.076,0.,0.076,0.,0.,0.,0.,0.,0.,0.,0.,0.,0.013,0.,0.013,0.,0.,0.,0.013,0.,0.013,0.004,0.,0.004,0.005,0.,0.005,0.004,0.,0.004,0.005,0.,0.005,0.014,0.,0.014,0.,0.,0.,0.061,0.,0.061,0.005,0.,0.005,0.002,0.,0.002,0.005,0.,0.005,0.005,0.,0.005,0.005,0.,0.005
150,0.082,0.,0.082,0.,0.,0.,0.,0.,0.,0.,0.,0.,0.016,0.,0.016,0.,0.,0.,0.016,0.,0.016,0.002,0.,0.002,0.006,0.,0.006,0.005,0.,0.005,0.006,0.,0.006,0.014,0.,0.014,0.,0.,0.,0.068,0.,0.068,0.006,0.,0.006,0.002,0.,0.002,0.006,0.,0.006,0.005,0.,0.005,0.006,0.,0.006
160,0.097,0.,0.097,0.,0.,0.,0.001,0.,0.001,0.001,0.,0.001,0.019,0.,0.019,0.,0.,0.,0.019,0.,0.019,0.003,0.,0.003,0.006,0.,0.006,0.006,0.,0.006,0.006,0.,0.006,0.016,0.,0.016,0.,0.,0.,0.079,0.,0.079,0.007,0.,0.007,0.004,0.,0.004,0.006,0.,0.006,0.007,0.,0.007,0.006,0.,0.006
170,0.101,0.,0.101,0.001,0.,0.001,0.001,0.,0.001,0.,0.,0.,0.017,0.,0.017,0.001,0.,0.001,0.017,0.,0.017,0.003,0.,0.003,0.007,0.,0.007,0.006,0.,0.006,0.007,0.,0.007,0.019,0.,0.019,0.,0.,0.,0.08,0.,0.08,0.007,0.,0.007,0.003,0.,0.003,0.007,0.,0.007,0.008,0.,0.008,0.007,0.,0.007
180,0.11,0.,0.11,0.001,0.,0.001,0.001,0.,0.001,0.001,0.,0.001,0.018,0.,0.018,0.001,0.,0.001,0.018,0.,0.018,0.003,0.,0.003,0.008,0.,0.008,0.007,0.,0.007,0.007,0.,0.007,0.019,0.,0.019,0.,0.,0.,0.089,0.,0.089,0.008,0.,0.008,0.003,0.,0.003,0.01,0.,0.01,0.008,0.,0.008,0.008,0.,0.008
190,0.121,0.,0.121,0.001,0.,0.001,0.001,0.,0.001,0.001,0.,0.001,0.018,0.,0.018,0.001,0.,0.001,0.018,0.,0.018,0.003,0.,0.003,0.009,0.,0.009,0.008,0.,0.008,0.009,0.,0.009,0.021,0.,0.021,0.,0.,0.,0.098,0.,0.098,0.009,0.,0.009,0.007,0.,0.007,0.008,0.,0.008,0.008,0.,0.008,0.008,0.,0.008
200,0.134,0.,0.134,0.001,0.,0.001,0.002,0.,0.002,0.001,0.,0.001,0.024,0.,0.024,0.001,0.,0.001,0.024,0.,0.024,0.003,0.,0.003,0.01,0.,0.01,0.009,0.,0.009,0.009,0.,0.009,0.023,0.,0.023,0.,0.,0.,0.111,0.,0.111,0.012,0.,0.012,0.003,0.,0.003,0.009,0.,0.009,0.01,0.,0.01,0.009,0.,0.009
210,0.139,0.,0.139,0.001,0.,0.001,0.001,0.,0.001,0.001,0.,0.001,0.021,0.,0.021,0.001,0.,0.001,0.021,0.,0.021,0.004,0.,0.004,0.011,0.,0.011,0.009,0.,0.009,0.012,0.,0.012,0.025,0.,0.025,0.,0.,0.,0.112,0.,0.112,0.01,0.,0.01,0.003,0.,0.003,0.011,0.,0.011,0.009,0.,0.009,0.01,0.,0.01
220,0.144,0.,0.144,0.001,0.,0.001,0.001,0.,0.001,0.001,0.,0.001,0.021,0.,0.021,0.001,0.,0.001,0.021,0.,0.021,0.007,0.,0.007,0.01,0.,0.01,0.01,0.,0.01,0.01,0.,0.01,0.03,0.,0.03,0.,0.,0.,0.113,0.,0.113,0.011,0.,0.011,0.003,0.,0.003,0.01,0.,0.01,0.01,0.,0.01,0.01,0.,0.01
230,0.157,0.,0.157,0.001,0.,0.001,0.001,0.,0.001,0.001,0.,0.001,0.024,0.,0.024,0.001,0.,0.001,0.024,0.,0.024,0.004,0.,0.004,0.017,0.,0.017,0.011,0.,0.011,0.011,0.,0.011,0.028,0.,0.028,0.,0.,0.,0.128,0.,0.128,0.012,0.,0.012,0.004,0.,0.004,0.011,0.,0.011,0.013,0.,0.013,0.011,0.,0.011
240,0.172,0.,0.172,0.001,0.,0.001,0.001,0.,0.001,0.001,0.,0.001,0.029,0.,0.029,0.001,0.,0.001,0.028,0.,0.028,0.004,0.,0.004,0.013,0.,0.013,0.012,0.,0.012,0.016,0.,0.016,0.03,0.,0.03,0.,0.,0.,0.14,0.,0.14,0.012,0.,0.012,0.004,0.,0.004,0.013,0.,0.013,0.012,0.,0.012,0.013,0.,0.013
250,0.178,0.,0.178,0.001,0.,0.001,0.001,0.,0.001,0.001,0.,0.001,0.024,0.,0.024,0.001,0.,0.001,0.024,0.,0.024,0.004,0.,0.004,0.013,0.,0.013,0.013,0.,0.013,0.013,0.,0.013,0.033,0.,0.033,0.,0.,0.,0.144,0.,0.144,0.013,0.,0.013,0.01,0.,0.01,0.015,0.,0.015,0.013,0.,0.013,0.013,0.,0.013
260,0.188,0.,0.188,0.001,0.,0.001,0.001,0.,0.001,0.001,0.,0.001,0.029,0.,0.029,0.001,0.,0.001,0.029,0.,0.029,0.004,0.,0.004,0.015,0.,0.015,0.013,0.,0.013,0.017,0.,0.017,0.035,0.,0.035,0.,0.,0.,0.151,0.,0.151,0.014,0.,0.014,0.004,0.,0.004,0.014,0.,0.014,0.014,0.,0.014,0.015,0.,0.014
270,0.21,0.,0.21,0.001,0.,0.001,0.001,0.,0.001,0.001,0.,0.001,0.034,0.,0.034,0.001,0.,0.001,0.034,0.,0.034,0.005,0.,0.005,0.017,0.,0.017,0.015,0.,0.015,0.02,0.,0.02,0.039,0.,0.039,0.,0.,0.,0.169,0.,0.169,0.016,0.,0.016,0.005,0.,0.005,0.016,0.,0.016,0.015,0.,0.015,0.015,0.,0.015
280,0.227,0.,0.226,0.001,0.,0.001,0.001,0.,0.001,0.001,0.,0.001,0.036,0.,0.036,0.001,0.,0.001,0.036,0.,0.036,0.005,0.,0.005,0.019,0.,0.019,0.016,0.,0.016,0.021,0.,0.021,0.042,0.,0.042,0.,0.,0.,0.183,0.,0.183,0.017,0.,0.017,0.005,0.,0.005,0.017,0.,0.017,0.017,0.,0.017,0.016,0.,0.016
290,0.222,0.,0.222,0.002,0.,0.002,0.001,0.,0.001,0.001,0.,0.001,0.036,0.,0.036,0.001,0.,0.001,0.036,0.,0.036,0.005,0.,0.005,0.021,0.,0.021,0.016,0.,0.016,0.016,0.,0.016,0.043,0.,0.043,0.,0.,0.,0.178,0.,0.178,0.016,0.,0.016,0.005,0.,0.005,0.016,0.,0.016,0.017,0.,0.017,0.016,0.,0.016
300,0.237,0.003,0.234,0.001,0.,0.001,0.001,0.,0.001,0.001,0.,0.001,0.03,0.,0.03,0.001,0.,0.001,0.03,0.,0.03,0.005,0.,0.005,0.02,0.,0.02,0.018,0.,0.018,0.021,0.,0.021,0.043,0.,0.043,0.,0.,0.,0.193,0.003,0.19,0.022,0.003,0.019,0.007,0.,0.007,0.019,0.,0.019,0.018,0.,0.018,0.019,0.,0.019
310,0.271,0.003,0.267,0.001,0.,0.001,0.001,0.,0.001,0.002,0.,0.002,0.037,0.,0.037,0.001,0.,0.001,0.037,0.,0.037,0.007,0.,0.007,0.02,0.,0.02,0.03,0.003,0.026,0.02,0.,0.02,0.056,0.,0.056,0.,0.,0.,0.213,0.003,0.21,0.021,0.,0.021,0.005,0.,0.005,0.02,0.,0.02,0.019,0.,0.019,0.021,0.,0.021
320,0.257,0.,0.257,0.007,0.,0.007,0.001,0.,0.001,0.001,0.,0.001,0.033,0.,0.033,0.001,0.,0.001,0.032,0.,0.032,0.005,0.,0.005,0.019,0.,0.019,0.02,0.,0.02,0.027,0.,0.027,0.05,0.,0.05,0.,0.,0.,0.206,0.,0.206,0.02,0.,0.02,0.005,0.,0.005,0.021,0.,0.021,0.019,0.,0.019,0.019,0.,0.019
330,0.283,0.,0.283,0.001,0.,0.001,0.002,0.,0.002,0.002,0.,0.002,0.036,0.,0.036,0.002,0.,0.002,0.035,0.,0.035,0.006,0.,0.006,0.023,0.,0.023,0.022,0.,0.022,0.023,0.,0.023,0.054,0.,0.054,0.,0.,0.,0.227,0.,0.227,0.027,0.,0.027,0.005,0.,0.005,0.022,0.,0.022,0.026,0.,0.026,0.023,0.,0.023
340,0.31,0.,0.31,0.002,0.,0.002,0.002,0.,0.002,0.002,0.,0.002,0.041,0.,0.041,0.002,0.,0.002,0.04,0.,0.04,0.006,0.,0.006,0.033,0.,0.033,0.024,0.,0.024,0.028,0.,0.028,0.055,0.,0.055,0.,0.,0.,0.251,0.,0.251,0.025,0.,0.025,0.006,0.,0.006,0.025,0.,0.025,0.025,0.,0.025,0.024,0.,0.024
350,0.308,0.,0.307,0.002,0.,0.002,0.002,0.,0.002,0.002,0.,0.002,0.043,0.,0.043,0.002,0.,0.002,0.043,0.,0.043,0.006,0.,0.006,0.024,0.,0.024,0.023,0.,0.023,0.024,0.,0.024,0.064,0.,0.064,0.,0.,0.,0.243,0.,0.243,0.024,0.,0.024,0.007,0.,0.007,0.028,0.,0.028,0.025,0.,0.025,0.024,0.,0.024
360,0.324,0.,0.324,0.002,0.,0.002,0.002,0.,0.002,0.002,0.,0.002,0.038,0.,0.038,0.002,0.,0.002,0.038,0.,0.038,0.006,0.,0.006,0.026,0.,0.026,0.027,0.,0.027,0.026,0.,0.026,0.06,0.,0.06,0.,0.,0.,0.263,0.,0.263,0.027,0.,0.027,0.012,0.,0.012,0.031,0.,0.031,0.026,0.,0.026,0.03,0.,0.03
370,0.347,0.,0.347,0.002,0.,0.002,0.002,0.,0.002,0.002,0.,0.002,0.042,0.,0.042,0.002,0.,0.002,0.041,0.,0.041,0.006,0.,0.006,0.03,0.,0.03,0.031,0.,0.031,0.03,0.,0.03,0.063,0.,0.063,0.,0.,0.,0.282,0.,0.282,0.035,0.,0.035,0.006,0.,0.006,0.03,0.,0.03,0.029,0.,0.029,0.03,0.,0.03
380,0.345,0.,0.345,0.002,0.,0.002,0.002,0.,0.002,0.002,0.,0.002,0.039,0.,0.039,0.002,0.,0.002,0.039,0.,0.039,0.008,0.,0.008,0.032,0.,0.032,0.028,0.,0.028,0.028,0.,0.028,0.068,0.,0.068,0.,0.,0.,0.275,0.,0.275,0.029,0.,0.029,0.007,0.,0.007,0.028,0.,0.028,0.032,0.,0.032,0.028,0.,0.028
390,0.368,0.,0.368,0.002,0.,0.002,0.002,0.,0.002,0.002,0.,0.002,0.042,0.,0.042,0.002,0.,0.002,0.041,0.,0.041,0.006,0.,0.006,0.033,0.,0.033,0.03,0.,0.03,0.033,0.,0.033,0.07,0.,0.07,0.,0.,0.,0.296,0.,0.296,0.032,0.,0.032,0.007,0.,0.007,0.032,0.,0.032,0.033,0.,0.033,0.033,0.,0.033
400,0.417,0.,0.417,0.008,0.,0.008,0.002,0.,0.002,0.002,0.,0.002,0.041,0.,0.041,0.002,0.,0.002,0.04,0.,0.04,0.006,0.,0.006,0.034,0.,0.034,0.034,0.,0.034,0.036,0.,0.036,0.08,0.,0.08,0.,0.,0.,0.336,0.,0.336,0.036,0.,0.036,0.006,0.,0.006,0.049,0.,0.049,0.038,0.,0.038,0.034,0.,0.034
500,0.594,0.,0.594,0.003,0.,0.003,0.002,0.,0.002,0.003,0.,0.003,0.05,0.,0.05,0.003,0.,0.003,0.05,0.,0.05,0.013,0.,0.013,0.054,0.,0.054,0.052,0.,0.052,0.054,0.,0.054,0.118,0.,0.118,0.,0.,0.,0.475,0.,0.475,0.057,0.,0.057,0.014,0.,0.014,0.056,0.,0.056,0.052,0.,0.052,0.054,0.,0.054
600,0.844,0.,0.844,0.009,0.,0.009,0.003,0.,0.003,0.003,0.,0.003,0.064,0.,0.064,0.003,0.,0.003,0.063,0.,0.063,0.01,0.,0.01,0.082,0.,0.082,0.079,0.,0.079,0.081,0.,0.081,0.153,0.,0.153,0.,0.,0.,0.689,0.,0.688,0.084,0.,0.084,0.01,0.,0.01,0.081,0.,0.081,0.086,0.,0.086,0.087,0.,0.087
700,1.158,0.,1.158,0.004,0.,0.004,0.004,0.,0.004,0.004,0.,0.004,0.079,0.,0.079,0.004,0.,0.004,0.078,0.,0.078,0.013,0.,0.013,0.117,0.,0.117,0.117,0.,0.117,0.117,0.,0.117,0.211,0.,0.211,0.,0.,0.,0.945,0.,0.945,0.121,0.,0.121,0.013,0.,0.013,0.12,0.,0.12,0.111,0.,0.111,0.114,0.,0.114
800,1.438,0.,1.438,0.004,0.,0.004,0.004,0.,0.004,0.004,0.,0.004,0.087,0.,0.087,0.004,0.,0.004,0.086,0.,0.086,0.014,0.,0.014,0.154,0.,0.154,0.151,0.,0.151,0.09,0.,0.09,0.273,0.,0.273,0.,0.,0.,1.163,0.,1.163,0.161,0.,0.161,0.019,0.,0.019,0.153,0.,0.152,0.155,0.,0.155,0.154,0.,0.154
900,1.892,0.,1.892,0.005,0.,0.005,0.005,0.,0.005,0.005,0.,0.005,0.097,0.,0.097,0.005,0.,0.005,0.096,0.,0.096,0.019,0.,0.019,0.196,0.,0.196,0.191,0.,0.191,0.199,0.,0.199,0.344,0.,0.344,0.,0.,0.,1.547,0.,1.546,0.206,0.,0.206,0.015,0.,0.015,0.201,0.,0.201,0.2,0.,0.2,0.195,0.,0.195
1000,2.33,0.003,2.326,0.006,0.,0.006,0.006,0.,0.006,0.016,0.,0.016,0.116,0.,0.116,0.006,0.,0.006,0.115,0.,0.115,0.017,0.,0.017,0.245,0.,0.245,0.237,0.,0.237,0.243,0.,0.243,0.427,0.,0.427,0.,0.,0.,1.901,0.003,1.897,0.25,0.003,0.246,0.017,0.,0.017,0.242,0.,0.242,0.245,0.,0.245,0.248,0.,0.248
1100,2.757,0.003,2.753,0.007,0.,0.007,0.006,0.,0.006,0.006,0.,0.006,0.127,0.003,0.123,0.006,0.,0.006,0.126,0.003,0.122,0.026,0.,0.026,0.293,0.,0.293,0.297,0.,0.297,0.283,0.,0.283,0.506,0.,0.506,0.001,0.,0.001,2.249,0.003,2.245,0.299,0.,0.299,0.018,0.,0.018,0.293,0.,0.293,0.289,0.,0.289,0.293,0.,0.293
1200,3.241,0.,3.241,0.006,0.,0.006,0.007,0.,0.007,0.007,0.,0.007,0.132,0.,0.132,0.007,0.,0.007,0.131,0.,0.131,0.02,0.,0.02,0.36,0.,0.36,0.344,0.,0.344,0.345,0.,0.345,0.585,0.,0.585,0.,0.,0.,2.654,0.,2.654,0.357,0.,0.357,0.029,0.,0.029,0.349,0.,0.349,0.349,0.,0.349,0.334,0.,0.334
1300,3.767,0.003,3.762,0.007,0.,0.007,0.007,0.,0.007,0.007,0.,0.007,0.139,0.,0.139,0.007,0.,0.007,0.138,0.,0.138,0.021,0.,0.021,0.41,0.,0.41,0.406,0.,0.406,0.408,0.003,0.404,0.696,0.,0.696,0.,0.,0.,3.069,0.003,3.065,0.405,0.,0.405,0.027,0.,0.027,0.406,0.,0.406,0.404,0.,0.404,0.407,0.,0.407
1400,4.365,0.003,4.361,0.008,0.,0.008,0.008,0.,0.008,0.012,0.,0.012,0.155,0.,0.155,0.009,0.,0.009,0.153,0.,0.153,0.029,0.,0.029,0.468,0.,0.468,0.469,0.,0.469,0.476,0.,0.476,0.792,0.,0.792,0.001,0.,0.001,3.571,0.003,3.567,0.484,0.003,0.48,0.03,0.,0.03,0.478,0.,0.478,0.47,0.,0.47,0.469,0.,0.469
1500,4.962,0.004,4.958,0.009,0.,0.009,0.012,0.,0.012,0.009,0.,0.009,0.162,0.,0.162,0.009,0.,0.009,0.161,0.,0.161,0.028,0.,0.028,0.549,0.,0.549,0.543,0.,0.543,0.54,0.,0.54,0.897,0.003,0.892,0.001,0.,0.001,4.063,0.,4.063,0.549,0.,0.549,0.027,0.,0.027,0.54,0.,0.54,0.535,0.,0.535,0.544,0.,0.544
1600,5.352,0.,5.352,0.009,0.,0.009,0.009,0.,0.009,0.01,0.,0.01,0.176,0.,0.176,0.01,0.,0.01,0.175,0.,0.175,0.03,0.,0.03,0.327,0.,0.327,0.62,0.,0.62,0.624,0.,0.624,1.036,0.,1.036,0.001,0.,0.001,4.314,0.,4.314,0.614,0.,0.614,0.028,0.,0.028,0.61,0.,0.61,0.617,0.,0.617,0.622,0.,0.622
1700,6.282,0.,6.282,0.015,0.,0.015,0.013,0.,0.013,0.011,0.,0.011,0.195,0.,0.195,0.01,0.,0.01,0.194,0.,0.194,0.03,0.,0.03,0.665,0.,0.665,0.684,0.,0.684,0.696,0.,0.696,1.159,0.,1.159,0.001,0.,0.001,5.12,0.,5.12,0.697,0.,0.697,0.032,0.,0.032,0.683,0.,0.683,0.682,0.,0.682,0.7,0.,0.7
1800,6.713,0.007,6.704,0.016,0.,0.016,0.011,0.,0.011,0.011,0.,0.011,0.206,0.,0.206,0.021,0.,0.021,0.204,0.,0.204,0.03,0.,0.03,0.42,0.,0.42,0.776,0.003,0.772,0.776,0.,0.776,1.293,0.003,1.289,0.001,0.,0.001,5.417,0.003,5.413,0.781,0.,0.781,0.046,0.,0.046,0.788,0.,0.788,0.757,0.,0.757,0.771,0.,0.771
1900,7.874,0.008,7.866,0.012,0.,0.012,0.015,0.,0.015,0.012,0.,0.012,0.206,0.,0.206,0.011,0.,0.011,0.204,0.,0.204,0.036,0.,0.036,0.874,0.,0.874,0.867,0.,0.867,0.87,0.,0.87,1.442,0.,1.442,0.001,0.,0.001,6.43,0.008,6.421,0.87,0.007,0.862,0.038,0.,0.038,0.873,0.,0.873,0.866,0.,0.866,0.871,0.,0.871
2000,8.465,0.,8.464,0.014,0.,0.014,0.012,0.,0.012,0.011,0.,0.011,0.216,0.,0.216,0.012,0.,0.012,0.214,0.,0.214,0.04,0.,0.04,0.951,0.,0.951,0.952,0.,0.952,0.968,0.,0.968,1.601,0.,1.601,0.001,0.,0.001,6.861,0.,6.861,0.963,0.,0.963,0.039,0.,0.039,0.964,0.,0.964,0.958,0.,0.958,0.753,0.,0.753
2500,12.757,0.007,12.749,0.015,0.,0.015,0.019,0.,0.019,0.024,0.,0.024,0.287,0.,0.287,0.015,0.,0.015,0.285,0.,0.285,0.047,0.,0.047,1.504,0.,1.504,0.83,0.,0.83,1.511,0.,1.511,2.444,0.,2.444,0.001,0.,0.001,10.31,0.007,10.302,1.492,0.,1.492,0.045,0.,0.045,1.51,0.,1.51,1.484,0.003,1.48,1.51,0.004,1.506
3000,18.147,0.,18.146,0.018,0.,0.018,0.018,0.,0.018,0.026,0.,0.026,0.341,0.,0.341,0.019,0.,0.019,0.339,0.,0.339,0.057,0.,0.057,2.163,0.,2.163,2.14,0.,2.14,1.267,0.,1.267,3.489,0.,3.489,0.002,0.,0.002,14.655,0.,14.655,2.151,0.,2.151,0.053,0.,0.053,2.155,0.,2.154,2.139,0.,2.139,2.1,0.,2.1