param-n,abstract+rewrite-strat-bottomup-real,abstract+rewrite-strat-bottomup-sys,abstract+rewrite-strat-bottomup-user,abstract+rewrite-strat-topdown-real,abstract+rewrite-strat-topdown-sys,abstract+rewrite-strat-topdown-user,close-abstract+rewrite-strat-bottomup-real,close-abstract+rewrite-strat-bottomup-sys,close-abstract+rewrite-strat-bottomup-user,close-abstract+rewrite-strat-topdown-real,close-abstract+rewrite-strat-topdown-sys,close-abstract+rewrite-strat-topdown-user,rewrite-strat-bottomup-real,rewrite-strat-bottomup-sys,rewrite-strat-bottomup-user,rewrite-strat-bottomup-noop-real,rewrite-strat-bottomup-noop-sys,rewrite-strat-bottomup-noop-user,rewrite-strat-topdown-real,rewrite-strat-topdown-sys,rewrite-strat-topdown-user,rewrite-strat-topdown-noop-real,rewrite-strat-topdown-noop-sys,rewrite-strat-topdown-noop-user
1,0.001,0.,0.001,0.001,0.001,0.,0.,0.,0.,0.,0.,0.,0.,0.,0.,0.,0.,0.,0.001,0.001,0.,0.,0.,0.
2,0.001,0.001,0.,0.001,0.001,0.,0.,0.,0.,0.,0.,0.,0.001,0.001,0.,0.,0.,0.,0.001,0.001,0.,0.,0.,0.
3,0.002,0.002,0.,0.002,0.002,0.,0.,0.,0.,0.,0.,0.,0.002,0.001,0.,0.,0.,0.,0.001,0.001,0.,0.,0.,0.
4,0.003,0.001,0.002,0.002,0.,0.002,0.,0.,0.,0.,0.,0.,0.002,0.001,0.001,0.,0.,0.,0.001,0.,0.001,0.,0.,0.
5,0.004,0.003,0.001,0.003,0.,0.003,0.001,0.,0.,0.001,0.,0.001,0.003,0.002,0.,0.,0.,0.,0.001,0.,0.001,0.,0.,0.
6,0.005,0.001,0.004,0.003,0.003,0.,0.001,0.001,0.,0.,0.,0.,0.004,0.,0.004,0.,0.,0.,0.002,0.002,0.,0.,0.,0.
7,0.006,0.002,0.004,0.004,0.,0.004,0.001,0.,0.,0.001,0.,0.001,0.004,0.001,0.002,0.,0.,0.,0.002,0.,0.002,0.,0.,0.
8,0.007,0.002,0.004,0.004,0.001,0.003,0.001,0.,0.001,0.001,0.001,0.,0.005,0.002,0.002,0.,0.,0.,0.002,0.,0.002,0.,0.,0.
9,0.006,0.,0.005,0.004,0.001,0.003,0.001,0.,0.001,0.001,0.,0.001,0.004,0.,0.004,0.,0.,0.,0.003,0.,0.002,0.,0.,0.
10,0.006,0.,0.006,0.061,0.007,0.053,0.001,0.,0.001,0.001,0.,0.001,0.004,0.,0.004,0.,0.,0.,0.059,0.007,0.051,0.,0.,0.
11,0.007,0.,0.007,0.004,0.,0.004,0.002,0.,0.002,0.001,0.,0.001,0.005,0.,0.005,0.,0.,0.,0.002,0.,0.002,0.,0.,0.
12,0.008,0.,0.008,0.005,0.,0.005,0.002,0.,0.002,0.001,0.,0.001,0.006,0.,0.006,0.,0.,0.,0.003,0.,0.003,0.,0.,0.
13,0.009,0.,0.009,0.005,0.,0.005,0.002,0.,0.002,0.001,0.,0.001,0.006,0.,0.006,0.,0.,0.,0.003,0.,0.003,0.,0.,0.
14,0.01,0.,0.01,0.006,0.,0.006,0.003,0.,0.003,0.002,0.,0.002,0.007,0.,0.007,0.,0.,0.,0.003,0.,0.003,0.,0.,0.
15,0.013,0.,0.013,0.007,0.,0.007,0.005,0.,0.005,0.002,0.,0.002,0.008,0.,0.008,0.,0.,0.,0.004,0.,0.004,0.,0.,0.
16,0.013,0.,0.013,0.007,0.,0.007,0.003,0.,0.003,0.002,0.,0.002,0.008,0.,0.008,0.,0.,0.,0.004,0.,0.004,0.,0.,0.
17,0.014,0.,0.014,0.008,0.,0.008,0.004,0.,0.004,0.003,0.,0.003,0.009,0.,0.009,0.,0.,0.,0.004,0.,0.004,0.,0.,0.
18,0.015,0.,0.015,0.01,0.,0.01,0.004,0.,0.004,0.004,0.,0.004,0.01,0.,0.01,0.,0.,0.,0.005,0.,0.005,0.,0.,0.
19,0.017,0.,0.017,0.01,0.,0.01,0.005,0.,0.005,0.003,0.,0.003,0.011,0.,0.011,0.,0.,0.,0.005,0.,0.005,0.,0.,0.
20,0.018,0.,0.018,0.011,0.,0.011,0.005,0.,0.005,0.004,0.,0.004,0.012,0.,0.012,0.,0.,0.,0.006,0.,0.006,0.,0.,0.
21,0.019,0.,0.019,0.011,0.,0.011,0.005,0.,0.005,0.004,0.,0.004,0.013,0.,0.013,0.,0.,0.,0.006,0.,0.006,0.,0.,0.
22,0.021,0.,0.021,0.012,0.002,0.009,0.006,0.,0.006,0.004,0.002,0.001,0.014,0.,0.014,0.,0.,0.,0.007,0.,0.007,0.,0.,0.
23,0.023,0.,0.023,0.014,0.,0.013,0.007,0.,0.007,0.006,0.,0.005,0.015,0.,0.015,0.,0.,0.,0.007,0.,0.007,0.,0.,0.
24,0.024,0.,0.024,0.013,0.,0.013,0.007,0.,0.007,0.005,0.,0.005,0.016,0.,0.016,0.,0.,0.,0.007,0.,0.007,0.,0.,0.
25,0.027,0.,0.027,0.015,0.,0.015,0.008,0.,0.008,0.006,0.,0.006,0.018,0.,0.018,0.,0.,0.,0.008,0.,0.008,0.,0.,0.
26,0.027,0.,0.027,0.015,0.,0.015,0.008,0.,0.008,0.006,0.,0.006,0.018,0.,0.018,0.,0.,0.,0.008,0.,0.008,0.,0.,0.
27,0.029,0.003,0.026,0.018,0.,0.018,0.01,0.,0.01,0.006,0.,0.006,0.018,0.002,0.015,0.,0.,0.,0.011,0.,0.011,0.,0.,0.
28,0.031,0.,0.031,0.017,0.,0.017,0.01,0.,0.01,0.006,0.,0.006,0.02,0.,0.02,0.,0.,0.,0.009,0.,0.009,0.,0.,0.
29,0.034,0.,0.034,0.019,0.,0.019,0.012,0.,0.011,0.007,0.,0.007,0.021,0.,0.021,0.,0.,0.,0.01,0.,0.01,0.,0.,0.
30,0.036,0.,0.036,0.024,0.,0.024,0.011,0.,0.011,0.008,0.,0.008,0.024,0.,0.024,0.,0.,0.,0.014,0.,0.014,0.,0.,0.
31,0.038,0.,0.038,0.021,0.,0.021,0.012,0.,0.012,0.008,0.,0.008,0.025,0.,0.025,0.,0.,0.,0.012,0.,0.012,0.,0.,0.
32,0.041,0.,0.041,0.023,0.,0.023,0.014,0.,0.014,0.01,0.,0.01,0.026,0.,0.026,0.,0.,0.,0.012,0.,0.012,0.,0.,0.
33,0.042,0.,0.042,0.024,0.,0.024,0.013,0.,0.013,0.009,0.,0.009,0.028,0.,0.028,0.,0.,0.,0.013,0.,0.013,0.,0.,0.
34,0.045,0.,0.045,0.025,0.,0.025,0.014,0.,0.014,0.01,0.,0.01,0.03,0.,0.03,0.,0.,0.,0.013,0.,0.013,0.,0.,0.
35,0.055,0.,0.055,0.027,0.,0.027,0.018,0.,0.018,0.01,0.,0.01,0.035,0.,0.035,0.,0.,0.,0.016,0.,0.016,0.,0.,0.
36,0.047,0.,0.047,0.027,0.,0.027,0.015,0.,0.015,0.011,0.,0.011,0.03,0.,0.03,0.,0.,0.,0.015,0.,0.015,0.,0.,0.
37,0.051,0.,0.051,0.028,0.,0.028,0.016,0.,0.016,0.011,0.,0.011,0.033,0.,0.033,0.,0.,0.,0.016,0.,0.016,0.,0.,0.
38,0.054,0.,0.054,0.029,0.,0.029,0.017,0.,0.017,0.012,0.,0.012,0.035,0.,0.035,0.,0.,0.,0.016,0.,0.016,0.,0.,0.
39,0.055,0.,0.055,0.034,0.,0.034,0.017,0.,0.017,0.013,0.,0.013,0.036,0.,0.036,0.,0.,0.,0.019,0.,0.019,0.,0.,0.
40,0.059,0.,0.059,0.034,0.,0.034,0.019,0.,0.019,0.014,0.,0.014,0.039,0.,0.039,0.,0.,0.,0.018,0.,0.018,0.,0.,0.
41,0.061,0.,0.061,0.034,0.,0.034,0.022,0.,0.022,0.014,0.,0.014,0.038,0.,0.038,0.,0.,0.,0.019,0.,0.019,0.,0.,0.
42,0.064,0.,0.064,0.038,0.,0.038,0.023,0.,0.023,0.015,0.,0.015,0.04,0.,0.04,0.,0.,0.,0.022,0.,0.022,0.,0.,0.
43,0.065,0.,0.065,0.037,0.,0.037,0.021,0.,0.021,0.016,0.,0.016,0.041,0.,0.041,0.001,0.,0.001,0.02,0.,0.02,0.,0.,0.
44,0.07,0.,0.07,0.039,0.,0.039,0.023,0.,0.023,0.016,0.,0.016,0.046,0.,0.046,0.,0.,0.,0.021,0.,0.021,0.,0.,0.
45,0.071,0.,0.071,0.041,0.,0.041,0.023,0.,0.023,0.016,0.,0.016,0.046,0.,0.046,0.,0.,0.,0.023,0.,0.023,0.,0.,0.
46,0.075,0.,0.075,0.043,0.,0.043,0.024,0.,0.024,0.019,0.,0.019,0.049,0.,0.049,0.,0.,0.,0.022,0.,0.022,0.,0.,0.
47,0.077,0.,0.077,0.046,0.,0.046,0.025,0.,0.025,0.02,0.,0.02,0.05,0.,0.05,0.,0.,0.,0.023,0.,0.023,0.,0.,0.
48,0.082,0.,0.082,0.045,0.,0.045,0.028,0.,0.028,0.019,0.,0.019,0.053,0.,0.053,0.,0.,0.,0.024,0.,0.024,0.,0.,0.
49,0.083,0.,0.083,0.048,0.,0.048,0.026,0.,0.026,0.02,0.,0.02,0.055,0.,0.055,0.,0.,0.,0.026,0.,0.026,0.,0.,0.
50,0.147,0.012,0.135,0.113,0.008,0.105,0.027,0.,0.027,0.02,0.,0.02,0.119,0.011,0.107,0.,0.,0.,0.092,0.008,0.084,0.,0.,0.
51,0.089,0.,0.089,0.051,0.,0.051,0.029,0.,0.029,0.021,0.,0.021,0.057,0.,0.057,0.,0.,0.,0.028,0.,0.028,0.,0.,0.
52,0.09,0.,0.09,0.054,0.,0.054,0.031,0.,0.031,0.022,0.,0.022,0.058,0.,0.058,0.,0.,0.,0.03,0.,0.03,0.,0.,0.
53,0.095,0.,0.095,0.057,0.,0.057,0.032,0.,0.032,0.023,0.,0.023,0.062,0.,0.062,0.,0.,0.,0.033,0.,0.033,0.,0.,0.
54,0.099,0.,0.099,0.059,0.,0.059,0.033,0.,0.033,0.024,0.,0.024,0.064,0.,0.064,0.,0.,0.,0.033,0.,0.033,0.,0.,0.
55,0.105,0.,0.105,0.061,0.,0.061,0.038,0.,0.038,0.025,0.,0.025,0.065,0.,0.065,0.,0.,0.,0.035,0.,0.035,0.,0.,0.
56,0.105,0.,0.105,0.063,0.,0.063,0.035,0.,0.035,0.025,0.,0.025,0.068,0.,0.068,0.,0.,0.,0.036,0.,0.036,0.,0.,0.
57,0.115,0.,0.115,0.065,0.,0.065,0.036,0.,0.036,0.026,0.,0.026,0.073,0.,0.073,0.004,0.,0.004,0.037,0.,0.037,0.,0.,0.
58,0.117,0.,0.117,0.066,0.,0.066,0.039,0.,0.039,0.028,0.,0.028,0.075,0.,0.075,0.,0.,0.,0.035,0.,0.035,0.,0.,0.
59,0.121,0.,0.121,0.068,0.,0.068,0.041,0.,0.041,0.03,0.,0.03,0.078,0.,0.078,0.,0.,0.,0.037,0.,0.037,0.,0.,0.
60,0.12,0.,0.12,0.07,0.,0.07,0.041,0.,0.041,0.029,0.,0.029,0.077,0.,0.077,0.,0.,0.,0.037,0.,0.037,0.002,0.,0.002
61,0.123,0.,0.123,0.071,0.,0.071,0.043,0.,0.043,0.03,0.,0.03,0.078,0.,0.078,0.,0.,0.,0.04,0.,0.04,0.,0.,0.
62,0.126,0.,0.126,0.077,0.,0.077,0.043,0.,0.043,0.033,0.,0.033,0.081,0.,0.081,0.,0.,0.,0.042,0.,0.042,0.,0.,0.
63,0.132,0.,0.132,0.075,0.,0.075,0.046,0.,0.046,0.033,0.,0.033,0.083,0.,0.083,0.,0.,0.,0.04,0.,0.04,0.,0.,0.
64,0.139,0.,0.139,0.077,0.,0.077,0.049,0.,0.049,0.032,0.,0.032,0.088,0.,0.088,0.,0.,0.,0.043,0.,0.043,0.,0.,0.
65,0.148,0.,0.148,0.086,0.,0.086,0.052,0.,0.052,0.038,0.,0.038,0.094,0.,0.094,0.,0.,0.,0.046,0.,0.046,0.,0.,0.
66,0.15,0.,0.15,0.083,0.,0.083,0.052,0.,0.052,0.034,0.,0.034,0.096,0.,0.096,0.,0.,0.,0.047,0.,0.047,0.,0.,0.
67,0.164,0.,0.164,0.085,0.,0.085,0.06,0.,0.059,0.037,0.,0.037,0.102,0.,0.102,0.,0.,0.,0.045,0.,0.045,0.,0.,0.
68,0.163,0.002,0.161,0.088,0.,0.088,0.06,0.,0.06,0.037,0.,0.037,0.101,0.001,0.099,0.,0.,0.,0.049,0.,0.049,0.,0.,0.
69,0.153,0.,0.153,0.093,0.,0.093,0.054,0.,0.054,0.039,0.,0.039,0.097,0.,0.097,0.,0.,0.,0.052,0.,0.052,0.,0.,0.
70,0.16,0.,0.16,0.095,0.,0.095,0.058,0.,0.058,0.041,0.,0.041,0.101,0.,0.101,0.,0.,0.,0.052,0.,0.052,0.,0.,0.
71,0.179,0.,0.179,0.094,0.,0.094,0.064,0.,0.064,0.041,0.,0.041,0.113,0.,0.113,0.,0.,0.,0.051,0.,0.051,0.,0.,0.
72,0.186,0.,0.186,0.098,0.,0.098,0.071,0.,0.071,0.043,0.,0.043,0.113,0.,0.113,0.,0.,0.,0.053,0.,0.053,0.,0.,0.
73,0.176,0.,0.176,0.101,0.,0.101,0.062,0.,0.062,0.044,0.,0.044,0.112,0.,0.112,0.,0.,0.,0.055,0.,0.055,0.,0.,0.
74,0.192,0.,0.192,0.119,0.005,0.113,0.068,0.,0.068,0.056,0.,0.056,0.121,0.,0.121,0.,0.,0.,0.061,0.005,0.055,0.,0.,0.
75,0.185,0.003,0.181,0.105,0.,0.105,0.062,0.,0.062,0.044,0.,0.044,0.12,0.003,0.117,0.,0.,0.,0.059,0.,0.059,0.,0.,0.
76,0.183,0.003,0.179,0.116,0.,0.116,0.059,0.,0.059,0.046,0.,0.046,0.117,0.,0.117,0.004,0.003,0.,0.068,0.,0.068,0.,0.,0.
77,0.188,0.,0.188,0.117,0.,0.117,0.064,0.,0.064,0.047,0.,0.047,0.122,0.,0.122,0.,0.,0.,0.065,0.,0.065,0.003,0.,0.003
78,0.201,0.004,0.197,0.119,0.,0.119,0.066,0.,0.066,0.049,0.,0.048,0.132,0.004,0.128,0.,0.,0.,0.065,0.,0.065,0.003,0.,0.003
79,0.201,0.,0.201,0.124,0.,0.124,0.069,0.,0.069,0.049,0.,0.049,0.129,0.,0.129,0.001,0.,0.001,0.072,0.,0.072,0.,0.,0.
80,0.21,0.003,0.206,0.126,0.,0.126,0.071,0.,0.071,0.051,0.,0.051,0.136,0.003,0.132,0.001,0.,0.,0.073,0.,0.073,0.,0.,0.
81,0.209,0.,0.209,0.137,0.,0.137,0.073,0.,0.073,0.058,0.,0.058,0.134,0.,0.134,0.001,0.,0.001,0.076,0.,0.076,0.,0.,0.
82,0.218,0.,0.218,0.133,0.,0.133,0.073,0.,0.073,0.06,0.,0.06,0.142,0.,0.142,0.001,0.,0.001,0.07,0.,0.07,0.001,0.,0.001
83,0.221,0.,0.221,0.138,0.003,0.134,0.075,0.,0.075,0.061,0.,0.061,0.144,0.,0.144,0.001,0.,0.001,0.074,0.003,0.07,0.001,0.,0.001
84,0.228,0.003,0.224,0.129,0.,0.129,0.082,0.,0.082,0.055,0.,0.055,0.143,0.003,0.139,0.001,0.,0.,0.071,0.,0.071,0.001,0.,0.001
85,0.225,0.004,0.221,0.132,0.,0.132,0.08,0.004,0.076,0.057,0.,0.057,0.143,0.,0.143,0.001,0.,0.001,0.072,0.,0.072,0.001,0.,0.001
86,0.24,0.,0.24,0.138,0.,0.138,0.083,0.,0.083,0.06,0.,0.06,0.154,0.,0.154,0.001,0.,0.001,0.075,0.,0.075,0.001,0.,0.001
87,0.248,0.003,0.244,0.142,0.,0.142,0.083,0.003,0.079,0.058,0.,0.058,0.158,0.,0.158,0.001,0.,0.001,0.081,0.,0.081,0.001,0.,0.001
88,0.252,0.,0.252,0.149,0.,0.149,0.089,0.,0.089,0.064,0.,0.064,0.16,0.,0.16,0.001,0.,0.001,0.083,0.,0.083,0.001,0.,0.001
89,0.26,0.,0.26,0.148,0.,0.148,0.098,0.,0.098,0.061,0.,0.061,0.159,0.,0.159,0.001,0.,0.001,0.084,0.,0.084,0.001,0.,0.001
90,0.269,0.,0.269,0.15,0.,0.15,0.104,0.,0.104,0.066,0.,0.066,0.162,0.,0.162,0.001,0.,0.001,0.081,0.,0.081,0.001,0.,0.001
91,0.267,0.,0.267,0.156,0.,0.156,0.101,0.,0.101,0.065,0.,0.065,0.164,0.,0.164,0.001,0.,0.001,0.088,0.,0.088,0.001,0.,0.001
92,0.285,0.003,0.281,0.159,0.003,0.155,0.105,0.,0.105,0.067,0.003,0.063,0.178,0.003,0.174,0.001,0.,0.001,0.089,0.,0.089,0.001,0.,0.001
93,0.29,0.003,0.286,0.164,0.,0.164,0.106,0.,0.106,0.067,0.,0.067,0.18,0.003,0.176,0.001,0.,0.001,0.095,0.,0.095,0.001,0.,0.001
94,0.3,0.003,0.296,0.163,0.,0.163,0.112,0.003,0.108,0.07,0.,0.07,0.185,0.,0.185,0.001,0.,0.001,0.09,0.,0.09,0.001,0.,0.001
95,0.315,0.,0.315,0.165,0.,0.165,0.114,0.,0.114,0.072,0.,0.072,0.198,0.,0.198,0.001,0.,0.001,0.09,0.,0.09,0.001,0.,0.001
96,0.329,0.,0.329,0.171,0.,0.171,0.114,0.,0.114,0.071,0.,0.071,0.212,0.,0.212,0.001,0.,0.001,0.097,0.,0.097,0.001,0.,0.001
97,0.315,0.,0.315,0.178,0.003,0.174,0.117,0.,0.117,0.074,0.003,0.071,0.195,0.,0.195,0.001,0.,0.001,0.101,0.,0.101,0.001,0.,0.001
98,0.316,0.003,0.312,0.188,0.,0.188,0.114,0.003,0.11,0.082,0.,0.082,0.199,0.,0.199,0.001,0.,0.001,0.103,0.,0.103,0.001,0.,0.001
99,0.314,0.,0.314,0.185,0.003,0.182,0.114,0.,0.114,0.082,0.003,0.078,0.197,0.,0.197,0.001,0.,0.001,0.1,0.,0.1,0.001,0.,0.001
100,0.33,0.003,0.326,0.187,0.,0.187,0.116,0.,0.116,0.082,0.,0.082,0.211,0.003,0.208,0.001,0.,0.001,0.103,0.,0.103,0.001,0.,0.001
110,0.402,0.008,0.394,0.223,0.,0.223,0.131,0.,0.131,0.099,0.,0.099,0.267,0.007,0.259,0.001,0.,0.001,0.122,0.,0.122,0.001,0.,0.001
120,0.455,0.003,0.451,0.286,0.,0.286,0.164,0.003,0.16,0.134,0.,0.134,0.288,0.,0.288,0.001,0.,0.001,0.149,0.,0.149,0.001,0.,0.001
130,0.539,0.003,0.535,0.334,0.003,0.33,0.197,0.003,0.193,0.149,0.,0.149,0.338,0.,0.338,0.001,0.,0.001,0.181,0.003,0.177,0.001,0.,0.001
140,0.617,0.,0.617,0.388,0.,0.388,0.221,0.,0.221,0.171,0.,0.171,0.392,0.,0.392,0.002,0.,0.002,0.214,0.,0.214,0.001,0.,0.001
150,0.758,0.007,0.75,0.46,0.,0.46,0.267,0.,0.267,0.199,0.,0.199,0.488,0.007,0.48,0.002,0.,0.001,0.242,0.,0.242,0.018,0.,0.018
160,0.854,0.,0.854,0.514,0.003,0.51,0.308,0.,0.308,0.226,0.,0.226,0.541,0.,0.541,0.002,0.,0.002,0.284,0.003,0.28,0.002,0.,0.002
170,0.954,0.,0.954,0.569,0.003,0.565,0.347,0.,0.347,0.249,0.003,0.245,0.603,0.,0.603,0.002,0.,0.002,0.316,0.,0.316,0.002,0.,0.002
180,1.008,0.003,1.004,0.614,0.011,0.602,0.35,0.,0.35,0.269,0.008,0.261,0.653,0.003,0.649,0.002,0.,0.002,0.34,0.003,0.337,0.002,0.,0.002
190,1.149,0.015,1.133,0.689,0.007,0.681,0.398,0.003,0.394,0.294,0.,0.294,0.746,0.011,0.734,0.003,0.,0.003,0.39,0.007,0.382,0.003,0.,0.003
200,1.28,0.008,1.272,0.838,0.011,0.827,0.42,0.,0.42,0.318,0.003,0.314,0.856,0.007,0.849,0.003,0.,0.002,0.516,0.007,0.509,0.003,0.,0.003
210,1.464,0.,1.464,0.899,0.,0.899,0.522,0.,0.522,0.385,0.,0.385,0.926,0.,0.926,0.013,0.,0.013,0.508,0.,0.508,0.003,0.,0.003
220,1.578,0.,1.578,0.976,0.,0.976,0.537,0.,0.537,0.421,0.,0.421,1.028,0.,1.028,0.011,0.,0.01,0.549,0.,0.549,0.003,0.,0.003
230,1.751,0.,1.751,1.017,0.,1.017,0.576,0.,0.576,0.421,0.,0.421,1.169,0.,1.169,0.004,0.,0.004,0.59,0.,0.59,0.004,0.,0.004
240,1.881,0.,1.881,1.121,0.007,1.113,0.683,0.,0.683,0.463,0.003,0.459,1.191,0.,1.191,0.004,0.,0.004,0.651,0.003,0.647,0.004,0.,0.004
250,1.991,0.019,1.971,1.181,0.011,1.169,0.705,0.003,0.701,0.486,0.003,0.482,1.28,0.015,1.264,0.004,0.,0.004,0.689,0.007,0.681,0.004,0.,0.004
260,2.184,0.,2.184,1.314,0.,1.314,0.738,0.,0.738,0.548,0.,0.548,1.439,0.,1.439,0.004,0.,0.004,0.759,0.,0.759,0.005,0.,0.005
270,2.472,0.,2.472,1.522,0.,1.522,0.855,0.,0.855,0.586,0.,0.586,1.609,0.,1.609,0.005,0.,0.005,0.929,0.,0.929,0.005,0.,0.005
280,2.572,0.019,2.552,1.617,0.,1.617,0.85,0.,0.85,0.642,0.,0.642,1.715,0.019,1.695,0.005,0.,0.005,0.967,0.,0.967,0.005,0.,0.005
290,2.733,0.012,2.721,1.737,0.,1.736,0.93,0.,0.93,0.716,0.,0.716,1.794,0.011,1.782,0.005,0.,0.005,1.012,0.,1.012,0.006,0.,0.006
300,3.024,0.027,2.995,1.817,0.019,1.797,0.959,0.003,0.955,0.768,0.003,0.764,2.057,0.023,2.032,0.006,0.,0.006,1.041,0.015,1.025,0.006,0.,0.006
310,3.144,0.,3.144,1.982,0.007,1.974,1.039,0.,1.039,0.787,0.,0.787,2.096,0.,2.096,0.006,0.,0.006,1.186,0.007,1.178,0.006,0.,0.006
320,3.296,0.,3.296,2.067,0.,2.067,1.085,0.,1.084,0.805,0.,0.805,2.202,0.,2.202,0.006,0.,0.006,1.252,0.,1.252,0.007,0.,0.007
330,3.64,0.001,3.638,2.161,0.003,2.157,1.161,0.,1.161,0.867,0.,0.867,2.469,0.,2.469,0.007,0.,0.007,1.278,0.003,1.274,0.013,0.,0.013
340,3.922,0.,3.922,2.408,0.,2.408,1.314,0.,1.314,0.98,0.,0.98,2.598,0.,2.598,0.007,0.,0.007,1.418,0.,1.418,0.007,0.,0.007
350,4.112,0.016,4.096,2.479,0.023,2.455,1.307,0.003,1.303,0.955,0.003,0.951,2.786,0.011,2.774,0.017,0.,0.017,1.514,0.019,1.494,0.008,0.,0.008
360,4.34,0.031,4.308,2.663,0.027,2.635,1.377,0.007,1.369,1.029,0.003,1.025,2.952,0.024,2.928,0.008,0.,0.008,1.623,0.023,1.599,0.008,0.,0.008
370,4.666,0.,4.666,2.923,0.011,2.911,1.562,0.,1.562,1.162,0.,1.162,3.093,0.,3.093,0.008,0.,0.008,1.75,0.011,1.738,0.008,0.,0.008
380,4.92,0.,4.92,2.915,0.023,2.891,1.588,0.,1.588,1.143,0.007,1.135,3.318,0.,3.318,0.011,0.,0.011,1.76,0.015,1.744,0.008,0.,0.008
390,5.135,0.,5.135,3.27,0.016,3.253,1.608,0.,1.608,1.29,0.,1.29,3.515,0.,3.515,0.009,0.,0.009,1.968,0.016,1.952,0.009,0.,0.009
400,5.819,0.02,5.799,3.344,0.011,3.332,1.816,0.,1.816,1.244,0.,1.244,3.991,0.019,3.971,0.009,0.,0.009,2.088,0.011,2.076,0.01,0.,0.01