param-0-nm,param-1-n,param-2-m,cps+cbn-regression-quadratic-real,cps+cbv-regression-quadratic-real,cps+lazy-regression-quadratic-real,cps+native-compute-native-compute-compilation-real,cps+native-compute-native-compute-conversion-to-native-code-real,cps+native-compute-native-compute-evaluation-real,cps+native-compute-native-compute-reification-real,cps+native-compute-regression-quadratic-real,cps+simpl-regression-quadratic-real,cps+vm-compute-regression-quadratic-real,rewrite-strat(bottomup-bottomup)-regression-exponential-real,rewrite-strat(topdown-bottomup)-regression-exponential-real,setoid-rewrite-regression-cubic-real
1,1,1,0.,0.,0.,0.08844,0.00031,0.00052,0.00005,0.089,0.,0.,0.,0.001,0.017
2,1,2,0.001,0.,0.,0.08714,0.00039,0.00035,0.00006,0.088,0.,0.,0.004,0.005,0.105
2,2,1,0.001,0.,0.,0.08457,0.00045,0.00032,0.00006,0.085,0.001,0.,0.003,0.003,0.03
3,1,3,0.002,0.,0.,0.08476,0.00039,0.00039,0.00006,0.085,0.001,0.,0.073,0.071,0.085
3,3,1,0.001,0.,0.,0.08421,0.00038,0.00028,0.00020,0.085,0.,0.,0.01,0.011,0.052
4,1,4,0.002,0.,0.,0.08404,0.00051,0.00030,0.00007,0.085,0.002,0.,0.038,0.038,0.154
4,2,2,0.001,0.,0.,0.08899,0.00038,0.00038,0.00010,0.09,0.001,0.,0.017,0.018,0.094
4,4,1,0.001,0.,0.,0.08419,0.00041,0.00028,0.00007,0.085,0.001,0.,0.023,0.026,0.093
5,1,5,0.002,0.,0.,0.07662,0.00026,0.00034,0.00007,0.077,0.001,0.,0.123,0.136,0.304
5,5,1,0.003,0.,0.,0.07611,0.00038,0.00028,0.00008,0.076,0.,0.,0.042,0.047,0.134
6,2,3,,,,,,,,,,,,,0.221
7,1,7,,,,,,,,,,,0.323,0.295,0.696
7,7,1,,,,,,,,,,,0.137,0.138,0.308
8,1,8,,,,,,,,,,,0.425,0.416,0.961
8,2,4,,,,,,,,,,,0.169,0.145,0.269
8,4,2,,,,,,,,,,,0.119,0.118,0.279
8,8,1,,,,,,,,,,,0.2,0.268,0.482
9,1,9,,,,,,,,,,,0.664,0.703,1.457
9,3,3,,,,,,,,,,,0.177,0.178,0.465
9,9,1,,,,,,,,,,,0.298,0.377,0.654
10,1,10,,,,,,,,,,,,,2.029
10,10,1,,,,,,,,,,,,,0.898
11,1,11,,,,,,,,,,,1.695,1.711,
11,11,1,,,,,,,,,,,0.607,0.778,
12,1,12,0.007,,,,,,,,,,2.684,2.664,
12,3,4,0.003,,,,,,,,,,0.445,0.466,0.427
12,12,1,0.004,,,,,,,,,,0.865,1.074,
13,1,13,,,,,,,,,,,,,5.01
13,13,1,,,,,,,,,,,,,2.099
15,1,15,,,,,,,,,,,9.665,9.607,
15,15,1,,,,,,,,,,,2.125,2.733,
16,1,16,,,,,,,,,0.006,,,,
16,4,4,,,,,,,,,0.003,,,,
16,16,1,,,,,,,,,0.003,,,,
17,1,17,,,,,,,,,,,,,12.643
17,17,1,,,,,,,,,,,,,5.392
18,1,18,0.011,,,,,,,,,,,,
18,18,1,0.06,,,,,,,,,,,,
20,4,5,0.003,,,,,,,,,,,,1.024
24,1,24,0.017,,,,,,,,,,,,
24,24,1,0.008,,,,,,,,,,,,
27,1,27,,,,,,,,,0.064,,,,
27,27,1,,,,,,,,,0.003,,,,
30,5,6,0.005,,,,,,,,0.004,,,,
31,1,31,0.022,,,,,,,,,,,,
31,31,1,0.009,,,,,,,,,,,,
37,1,37,0.035,,,,,,,,0.013,,,,
37,37,1,0.014,,,,,,,,0.005,,,,
42,1,42,,,,,,,,,,0.,,,
42,6,7,0.007,,,,,,,,0.004,0.,,,
42,42,1,,,,,,,,,,0.001,,,
43,1,43,0.036,,,,,,,,,,,,
43,43,1,0.017,,,,,,,,,,,,
48,1,48,,,,,,,,,0.019,,,,
48,48,1,,,,,,,,,0.009,,,,
49,1,49,0.047,,,,,,,,,,,,
49,7,7,0.006,,,,,,,,,,,,
49,49,1,0.025,,,,,,,,,,,,
55,1,55,0.059,,,,,,,,,,,,
55,55,1,0.028,,,,,,,,,,,,
56,1,56,,,,0.09112,0.00030,0.00029,0.00025,0.092,,,,,
56,7,8,0.008,,,0.07314,0.00035,0.00026,0.00026,0.074,0.007,,,,
56,56,1,,,,0.07444,0.00040,0.00032,0.00033,0.075,,,,,
58,1,58,,,,,,,,,0.024,,,,
58,58,1,,,,,,,,,0.011,,,,
61,1,61,0.063,,,,,,,,,,,,
61,61,1,0.032,,,,,,,,,,,,
64,1,64,,0.,0.,,,,,,,,,,
64,8,8,,0.,0.001,,,,,,,,,,
64,64,1,,0.,0.001,,,,,,,,,,
67,1,67,0.081,,,,,,,,,,,,
67,67,1,0.045,,,,,,,,,,,,
68,1,68,,,,,,,,,0.029,,,,
68,68,1,,,,,,,,,0.013,,,,
72,8,9,0.009,,,,,,,,0.008,0.,,,
74,1,74,0.097,,,,,,,,,,,,
74,74,1,0.048,,,,,,,,,,,,
78,1,78,,,,,,,,,,0.,,,
78,78,1,,,,,,,,,,0.,,,
79,1,79,,,,,,,,,0.033,,,,
79,79,1,,,,,,,,,0.012,,,,
80,1,80,0.096,,,,,,,,,,,,
80,80,1,0.052,,,,,,,,,,,,
86,1,86,0.109,,,,,,,,,,,,
86,86,1,0.057,,,,,,,,,,,,
89,1,89,,,,,,,,,0.045,,,,
89,89,1,,,,,,,,,0.017,,,,
90,9,10,0.012,,,,,,,,0.008,,,,
92,1,92,0.12,,,,,,,,,,,,
92,92,1,0.058,,,,,,,,,,,,
98,1,98,0.165,,,,,,,,,,,,
98,98,1,0.091,,,,,,,,,,,,
99,1,99,,,,,,,,,0.056,,,,
99,99,1,,,,,,,,,0.029,,,,
104,1,104,0.171,,,,,,,,,,,,
104,104,1,0.092,,,,,,,,,,,,
106,1,106,,,,0.08377,0.00035,0.00029,0.00048,0.085,,,,,
106,106,1,,,,0.08036,0.00057,0.00033,0.00065,0.082,,,,,
110,1,110,0.179,,,,,,,,0.065,,,,
110,10,11,0.011,,,0.08210,0.00044,0.00033,0.00050,0.083,0.011,0.,,,
110,110,1,0.097,,,,,,,,0.023,,,,
114,1,114,,,,,,,,,,0.,,,
114,114,1,,,,,,,,,,0.,,,
117,1,117,0.188,,,,,,,,,,,,
117,117,1,0.108,,,,,,,,,,,,
120,1,120,,,,,,,,,0.069,,,,
120,120,1,,,,,,,,,0.027,,,,
122,1,122,,0.001,0.001,,,,,,,,,,
122,122,1,,0.,0.,,,,,,,,,,
123,1,123,0.202,,,,,,,,,,,,
123,123,1,0.112,,,,,,,,,,,,
129,1,129,0.254,,,,,,,,,,,,
129,129,1,0.155,,,,,,,,,,,,
131,1,131,,,,,,,,,0.077,,,,
131,131,1,,,,,,,,,0.044,,,,
132,11,12,0.017,0.,0.,,,,,,0.014,,,,
135,1,135,0.274,,,,,,,,,,,,
135,135,1,0.152,,,,,,,,,,,,
141,1,141,,,,,,,,,0.085,,,,
141,141,1,,,,,,,,,0.037,,,,
150,1,150,,,,,,,,,,0.,,,
150,150,1,,,,,,,,,,0.,,,
151,1,151,,,,,,,,,0.102,,,,
151,151,1,,,,,,,,,0.04,,,,
156,12,13,0.016,,,0.08000,0.00051,0.00031,0.00093,0.081,0.017,0.,,,
157,1,157,0.299,,,0.08029,0.00037,0.00030,0.00067,0.081,,,,,
157,157,1,0.173,,,0.07162,0.00042,0.00027,0.00242,0.074,,,,,
162,1,162,,,,,,,,,0.112,,,,
162,162,1,,,,,,,,,0.043,,,,
172,1,172,,,,,,,,,0.128,,,,
172,172,1,,,,,,,,,0.05,,,,
180,1,180,0.399,,,,,,,,,,,,
180,180,1,0.238,,,,,,,,,,,,
181,1,181,,0.,0.055,,,,,,,,,,
181,181,1,,0.,0.,,,,,,,,,,
182,1,182,,,,,,,,,0.133,,,,
182,13,14,0.024,0.,0.,,,,,,0.019,0.001,,,
182,182,1,,,,,,,,,0.046,,,,
185,1,185,,,,,,,,,,0.001,,,
185,185,1,,,,,,,,,,0.001,,,
193,1,193,,,,,,,,,0.158,,,,
193,193,1,,,,,,,,,0.064,,,,
202,1,202,0.585,,,,,,,,,,,,
202,202,1,0.346,,,,,,,,,,,,
203,1,203,,,,,,,,,0.156,,,,
203,203,1,,,,,,,,,0.076,,,,
207,1,207,,,,0.08316,0.00043,0.00031,0.00086,0.084,,,,,
207,207,1,,,,0.07950,0.00044,0.00028,0.00088,0.081,,,,,
210,1,210,0.679,,,,,,,,,,,,
210,14,15,0.023,,,0.08640,0.00037,0.00028,0.00082,0.088,0.019,0.,,,
210,210,1,0.35,,,,,,,,,,,,
214,1,214,,,,,,,,,0.168,,,,
214,214,1,,,,,,,,,0.071,,,,
221,1,221,,,,,,,,,,0.001,,,
221,221,1,,,,,,,,,,0.001,,,
224,1,224,0.681,,,,,,,,0.199,,,,
224,224,1,0.4,,,,,,,,0.081,,,,
234,1,234,,,,,,,,,0.184,,,,
234,234,1,,,,,,,,,0.078,,,,
239,1,239,,0.001,0.001,,,,,,,,,,
239,239,1,,0.,0.,,,,,,,,,,
240,15,16,0.027,0.,0.,,,,,,0.029,,,,
245,1,245,,,,,,,,,0.232,,,,
245,245,1,,,,,,,,,0.079,,,,
247,1,247,0.742,,,,,,,,,,,,
247,247,1,0.417,,,,,,,,,,,,
255,1,255,,,,,,,,,0.238,,,,
255,255,1,,,,,,,,,0.091,,,,
257,1,257,,,,0.07699,0.00040,0.00028,0.00083,0.078,,0.001,,,
257,257,1,,,,0.07904,0.00037,0.00031,0.00137,0.081,,0.001,,,
269,1,269,0.985,,,,,,,,,,,,
269,269,1,0.646,,,,,,,,,,,,
272,16,17,0.029,,,0.07542,0.00052,0.00026,0.00108,0.077,,0.001,,,
291,1,291,,,,,,,,,0.312,,,,
291,291,1,,,,,,,,,0.142,,,,
293,1,293,,,,,,,,,,0.001,,,
293,293,1,,,,,,,,,,0.001,,,
297,1,297,,0.001,0.001,,,,,,,,,,
297,297,1,,0.001,0.001,,,,,,,,,,
306,17,18,,0.,0.,0.07959,0.00054,0.00029,0.00127,0.081,0.036,0.001,,,
307,1,307,,,,0.07128,0.00046,0.00028,0.00124,0.073,,,,,
307,307,1,,,,0.07558,0.00040,0.00037,0.00182,0.078,,,,,
328,1,328,,,,,,,,,0.363,,,,
328,328,1,,,,,,,,,0.171,,,,
329,1,329,,,,,,,,,,0.001,,,
329,329,1,,,,,,,,,,0.001,,,
336,1,336,1.371,,,,,,,,,,,,
336,336,1,0.812,,,,,,,,,,,,
342,18,19,0.042,0.,0.,0.07631,0.00038,0.00029,0.00148,0.078,0.036,0.001,,,
355,1,355,,0.001,0.001,,,,,,,,,,
355,355,1,,0.001,0.001,,,,,,,,,,
357,1,357,,,,0.07588,0.00035,0.00033,0.00133,0.078,,,,,
357,357,1,,,,0.07280,0.00040,0.00037,0.00180,0.075,,,,,
364,1,364,,,,,,,,,0.464,,,,
364,364,1,,,,,,,,,0.189,,,,
365,1,365,,,,,,,,,,0.001,,,
365,365,1,,,,,,,,,,0.002,,,
380,19,20,,,,,,,,,0.037,0.001,,,
400,1,400,,,,,,,,,0.596,,,,
400,20,20,,,,,,,,,0.04,,,,
400,400,1,,,,,,,,,0.241,,,,
401,1,401,,,,,,,,,,0.001,,,
401,401,1,,,,,,,,,,0.002,,,
402,1,402,,,,,,,,,0.592,,,,
402,402,1,,,,,,,,,0.24,,,,
404,1,404,2.241,,,,,,,,,,,,
404,404,1,1.385,,,,,,,,,,,,
407,1,407,,,,0.08145,0.00041,0.00029,0.00153,0.083,,,,,
407,407,1,,,,0.08215,0.00038,0.00036,0.00232,0.085,,,,,
413,1,413,,0.001,0.001,,,,,,,,,,
413,413,1,,0.001,0.001,,,,,,,,,,
414,1,414,2.224,,,,,,,,,,,,
414,414,1,1.332,,,,,,,,,,,,
420,20,21,0.057,0.,0.001,0.08612,0.00034,0.00036,0.00210,0.089,0.043,0.002,,,
427,1,427,,,,0.08430,0.00044,0.00034,0.00290,0.088,,,,,
427,427,1,,,,0.07967,0.00034,0.00030,0.00287,0.083,,,,,
436,1,436,,,,,,,,,0.562,,,,
436,436,1,,,,,,,,,0.272,,,,
437,1,437,,,,,,,,,,0.002,,,
437,437,1,,,,,,,,,,0.002,,,
458,1,458,,,,0.09104,0.00045,0.00040,0.00208,0.094,,,,,
458,458,1,,,,0.07634,0.00042,0.00039,0.00254,0.079,,,,,
462,21,22,0.061,0.,0.001,0.08279,0.00037,0.00035,0.00971,0.093,0.057,0.002,,,
471,1,471,2.536,,,,,,,,,,,,
471,471,1,1.541,,,,,,,,,,,,
472,1,472,,0.001,0.002,,,,,,,0.002,,,
472,472,1,,0.001,0.001,,,,,,,0.002,,,
473,1,473,,,,,,,,,0.72,,,,
473,473,1,,,,,,,,,0.305,,,,
506,22,23,,,,0.07507,0.00032,0.00038,0.00193,0.077,0.06,0.002,,,
508,1,508,,,,0.07525,0.00037,0.00034,0.00169,0.077,,0.002,,,
508,508,1,,,,0.07661,0.00035,0.00033,0.00254,0.079,,0.005,,,
509,1,509,,,,,,,,,0.744,,,,
509,509,1,,,,,,,,,0.357,,,,
530,1,530,,0.001,0.002,,,,,,,,,,
530,530,1,,0.001,0.002,,,,,,,,,,
538,1,538,3.791,,,,,,,,,,,,
538,538,1,2.395,,,,,,,,,,,,
544,1,544,,,,,,,,,,0.002,,,
544,544,1,,,,,,,,,,0.004,,,
552,23,24,0.082,0.,0.001,0.08286,0.00042,0.00036,0.00221,0.086,,0.003,,,
558,1,558,,,,0.07966,0.00045,0.00034,0.00213,0.082,,,,,
558,558,1,,,,0.08063,0.00048,0.00033,0.00274,0.084,,,,,
580,1,580,,,,,,,,,,0.004,,,
580,580,1,,,,,,,,,,0.003,,,
588,1,588,,0.003,0.002,,,,,,,,,,
588,588,1,,0.002,0.002,,,,,,,,,,
600,24,25,,0.002,0.001,0.07789,0.00047,0.00036,0.00254,0.081,,0.003,,,
608,1,608,,,,0.08339,0.00042,0.00032,0.00212,0.086,,,,,
608,608,1,,,,0.08965,0.00038,0.00033,0.00309,0.093,,,,,
616,1,616,,,,,,,,,,0.002,,,
616,616,1,,,,,,,,,,0.004,,,
636,1,636,,,,,,,,,1.255,,,,
636,636,1,,,,,,,,,0.533,,,,
646,1,646,,0.002,0.005,,,,,,,,,,
646,646,1,,0.001,0.002,,,,,,,,,,
650,25,26,,0.001,0.001,0.08264,0.00046,0.00030,0.00240,0.085,0.081,0.003,,,
652,1,652,,,,,,,,,,0.004,,,
652,652,1,,,,,,,,,,0.004,,,
658,1,658,,,,0.07986,0.00044,0.00036,0.00227,0.083,,,,,
658,658,1,,,,0.07918,0.00041,0.00041,0.00352,0.083,,,,,
688,1,688,,,,,,,,,,0.003,,,
688,688,1,,,,,,,,,,0.004,,,
702,26,27,,0.001,0.001,0.07853,0.00046,0.00028,0.00259,0.082,,0.003,,,
704,1,704,,0.005,0.003,,,,,,,,,,
704,704,1,,0.002,0.002,,,,,,,,,,
708,1,708,,,,0.08317,0.00038,0.00034,0.00320,0.087,,,,,
708,708,1,,,,0.08293,0.00063,0.00031,0.00347,0.087,,,,,
724,1,724,,,,,,,,,,0.003,,,
724,724,1,,,,,,,,,,0.004,,,
756,27,28,,0.001,0.001,0.07596,0.00041,0.00032,0.00294,0.079,0.097,0.003,,,
759,1,759,,,,0.07582,0.00049,0.00037,0.00304,0.079,,,,,
759,759,1,,,,0.08132,0.00037,0.00035,0.00363,0.085,,,,,
760,1,760,,,,,,,,,,0.007,,,
760,760,1,,,,,,,,,,0.004,,,
762,1,762,,0.003,0.003,,,,,,,,,,
762,762,1,,0.002,0.002,,,,,,,,,,
763,1,763,,,,,,,,,1.63,,,,
763,763,1,,,,,,,,,0.728,,,,
795,1,795,,,,,,,,,,0.004,,,
795,795,1,,,,,,,,,,0.004,,,
798,1,798,,,,,,,,,1.864,,,,
798,798,1,,,,,,,,,1.033,,,,
807,1,807,8.593,,,,,,,,,,,,
807,807,1,5.423,,,,,,,,,,,,
809,1,809,,,,0.07512,0.00039,0.00041,0.00304,0.079,,,,,
809,809,1,,,,0.08472,0.00054,0.00036,0.00399,0.089,,,,,
812,28,29,0.105,0.002,0.003,0.08225,0.00042,0.00031,0.00324,0.086,0.155,0.003,,,
821,1,821,,0.002,0.003,,,,,,,,,,
821,821,1,,0.002,0.003,,,,,,,,,,
831,1,831,,,,,,,,,,0.004,,,
831,831,1,,,,,,,,,,0.004,,,
849,1,849,,,,0.07302,0.00035,0.00047,0.06218,0.136,,,,,
849,849,1,,,,0.08173,0.00034,0.00034,0.00445,0.087,,,,,
859,1,859,,,,0.08125,0.00051,0.00042,0.00416,0.086,,,,,
859,859,1,,,,0.07909,0.00071,0.00033,0.00426,0.084,,,,,
867,1,867,,,,,,,,,,0.003,,,
867,867,1,,,,,,,,,,0.005,,,
870,29,30,,0.002,0.002,0.07589,0.00037,0.00054,0.00332,0.08,0.14,0.004,,,
879,1,879,,0.003,0.005,,,,,,,,,,
879,879,1,,0.002,0.004,,,,,,,,,,
890,1,890,,,,,,,,,2.209,,,,
890,890,1,,,,,,,,,1.059,,,,
903,1,903,,,,,,,,,,0.003,,,
903,903,1,,,,,,,,,,0.006,,,
909,1,909,,,,0.08081,0.00035,0.00041,0.00336,0.085,,,,,
909,909,1,,,,0.07812,0.00037,0.00034,0.00404,0.083,,,,,
930,30,31,,0.001,0.002,0.07872,0.00035,0.00028,0.00374,0.083,,0.004,,,
937,1,937,,0.003,0.004,,,,,,,,,,
937,937,1,,0.002,0.003,,,,,,,,,,
939,1,939,,,,,,,,,,0.004,,,
939,939,1,,,,,,,,,,0.005,,,
959,1,959,,,,0.07336,0.00042,0.00030,0.00328,0.077,,,,,
959,959,1,,,,0.07525,0.00034,0.00035,0.00470,0.08,,,,,
975,1,975,,,,,,,,,,0.006,,,
975,975,1,,,,,,,,,,0.005,,,
992,31,32,,0.001,0.002,0.07760,0.00038,0.00029,0.00339,0.081,0.124,0.004,,,
995,1,995,,0.003,0.004,,,,,,,,,,
995,995,1,,0.006,0.003,,,,,,,,,,
1009,1,1009,,,,0.07977,0.00041,0.00036,0.00343,0.084,,,,,
1009,1009,1,,,,0.07478,0.00049,0.00030,0.00478,0.08,,,,,
1011,1,1011,,,,,,,,,,0.004,,,
1011,1011,1,,,,,,,,,,0.005,,,
1017,1,1017,,,,,,,,,2.691,,,,
1017,1017,1,,,,,,,,,1.372,,,,
1047,1,1047,,,,,,,,,,0.005,,,
1047,1047,1,,,,,,,,,,0.005,,,
1053,1,1053,,0.003,0.005,,,,,,,,,,
1053,1053,1,,0.003,0.004,,,,,,,,,,
1056,32,33,0.149,0.001,0.002,0.08562,0.00039,0.00030,0.00386,0.09,,0.004,,,
1060,1,1060,,,,0.07909,0.00380,0.00040,0.00422,0.087,,,,,
1060,1060,1,,,,0.08348,0.00042,0.00070,0.00824,0.093,,,,,
1075,1,1075,15.158,,,,,,,,,,,,
1075,1075,1,9.448,,,,,,,,,,,,
1082,1,1082,,,,,,,,,,0.004,,,
1082,1082,1,,,,,,,,,,0.005,,,
1110,1,1110,,,,0.09421,0.00047,0.00040,0.00466,0.099,,,,,
1110,1110,1,,,,0.08514,0.00041,0.00041,0.00502,0.091,,,,,
1112,1,1112,,0.004,0.009,,,,,,,,,,
1112,1112,1,,0.003,0.004,,,,,,,,,,
1118,1,1118,,,,,,,,,,0.005,,,
1118,1118,1,,,,,,,,,,0.006,,,
1122,33,34,,0.002,0.002,0.07439,0.00038,0.00036,0.00422,0.079,,0.009,,,
1154,1,1154,,,,,,,,,,0.005,,,
1154,1154,1,,,,,,,,,,0.008,,,
1160,1,1160,,,,0.08443,0.00039,0.00032,0.00411,0.089,,,,,
1160,1160,1,,,,0.07947,0.00046,0.00040,0.00531,0.085,,,,,
1170,1,1170,,0.003,0.004,,,,,,,,,,
1170,1170,1,,0.004,0.004,,,,,,,,,,
1190,1,1190,,,,,,,,,,0.005,,,
1190,34,35,,0.002,0.003,0.07626,0.00034,0.00034,0.00457,0.081,,0.005,,,
1190,1190,1,,,,,,,,,,0.006,,,
1210,1,1210,,,,0.07983,0.00034,0.00034,0.00390,0.084,,,,,
1210,1210,1,,,,0.07515,0.00043,0.00035,0.00572,0.081,,,,,
1226,1,1226,,,,,,,,,,0.006,,,
1226,1226,1,,,,,,,,,,0.007,,,
1228,1,1228,,0.004,0.005,,,,,,,,,,
1228,1228,1,,0.003,0.005,,,,,,,,,,
1260,1,1260,,,,0.07805,0.00053,0.00042,0.00476,0.083,,,,,
1260,35,36,,0.002,0.002,0.08266,0.00046,0.00036,0.00509,0.088,,0.006,,,
1260,1260,1,,,,0.08206,0.00036,0.00037,0.01839,0.101,,,,,
1262,1,1262,,,,,,,,,,0.005,,,
1262,1262,1,,,,,,,,,,0.008,,,
1270,1,1270,,,,0.08177,0.00038,0.00038,0.00517,0.087,,,,,
1270,1270,1,,,,0.07717,0.00038,0.00035,0.00627,0.084,,,,,
1286,1,1286,,0.004,0.015,,,,,,,,,,
1286,1286,1,,0.003,0.004,,,,,,,,,,
1298,1,1298,,,,,,,,,,0.009,,,
1298,1298,1,,,,,,,,,,0.007,,,
1310,1,1310,,,,0.07648,0.00049,0.00036,0.00511,0.082,,,,,
1310,1310,1,,,,0.07931,0.00037,0.00058,0.00680,0.087,,,,,
1332,36,37,,0.002,0.003,0.07887,0.00038,0.00028,0.00437,0.084,,0.005,,,
1334,1,1334,,,,,,,,,,0.006,,,
1334,1334,1,,,,,,,,,,0.008,,,
1344,1,1344,,0.004,0.005,,,,,,,,,,
1344,1344,1,,0.003,0.004,,,,,,,,,,
1361,1,1361,,,,0.07714,0.00037,0.00041,0.00478,0.082,,,,,
1361,1361,1,,,,0.07442,0.00038,0.00038,0.00629,0.081,,,,,
1369,1,1369,,,,,,,,,,0.008,,,
1369,37,37,,,,,,,,,,0.006,,,
1369,1369,1,,,,,,,,,,0.007,,,
1403,1,1403,,0.005,0.005,,,,,,,,,,
1403,1403,1,,0.004,0.005,,,,,,,,,,
1405,1,1405,,,,,,,,,,0.006,,,
1405,1405,1,,,,,,,,,,0.012,,,
1406,37,38,,0.003,0.003,0.08375,0.00050,0.00037,0.00498,0.089,,0.006,,,
1411,1,1411,,,,0.07450,0.00037,0.00033,0.00584,0.081,,,,,
1411,1411,1,,,,0.07459,0.00047,0.00042,0.00707,0.082,,,,,
1441,1,1441,,,,,,,,,,0.008,,,
1441,1441,1,,,,,,,,,,0.01,,,
1461,1,1461,,0.004,0.009,0.07876,0.00038,0.00035,0.00476,0.084,,,,,
1461,1461,1,,0.007,0.005,0.07434,0.00040,0.00039,0.00774,0.083,,,,,
1477,1,1477,,,,,,,,,,0.007,,,
1477,1477,1,,,,,,,,,,0.009,,,
1482,38,39,,0.003,0.003,0.08511,0.00376,0.00044,0.00617,0.095,,0.008,,,
1511,1,1511,,,,0.07497,0.00042,0.00041,0.00464,0.08,,,,,
1511,1511,1,,,,0.07613,0.00040,0.00038,0.00713,0.084,,,,,
1513,1,1513,,,,,,,,,,0.007,,,
1513,1513,1,,,,,,,,,,0.009,,,
1519,1,1519,,0.005,0.006,,,,,,,,,,
1519,1519,1,,0.004,0.006,,,,,,,,,,
1526,1,1526,,,,,,,,,5.608,,,,
1526,1526,1,,,,,,,,,2.829,,,,
1549,1,1549,,,,,,,,,,0.008,,,
1549,1549,1,,,,,,,,,,0.009,,,
1560,39,40,,0.003,0.005,0.07687,0.00038,0.00035,0.00767,0.085,0.206,0.01,,,
1561,1,1561,,,,0.08446,0.00042,0.00040,0.00585,0.091,,,,,
1561,1561,1,,,,0.07998,0.00052,0.00039,0.00780,0.088,,,,,
1577,1,1577,,0.005,0.008,,,,,,,,,,
1577,1577,1,,0.004,0.011,,,,,,,,,,
1579,1,1579,,,,,,,,,,0.007,,,
1579,1579,1,,,,,,,,,,0.008,,,
1585,1,1585,,,,,,,,,,0.006,,,
1585,1585,1,,,,,,,,,,0.009,,,
1611,1,1611,,,,0.08358,0.00037,0.00041,0.00669,0.091,,,,,
1611,1611,1,,,,0.09294,0.00043,0.00039,0.00753,0.101,,,,,
1621,1,1621,,,,,,,,,,0.013,,,
1621,1621,1,,,,,,,,,,0.008,,,
1635,1,1635,,0.005,0.007,,,,,,,,,,
1635,1635,1,,0.004,0.006,,,,,,,,,,
1640,40,41,,0.003,0.003,0.08464,0.00043,0.00043,0.00706,0.092,,0.008,,,
1644,1,1644,,,,,,,,,,0.007,,,
1644,1644,1,,,,,,,,,,0.009,,,
1657,1,1657,,,,,,,,,,0.007,,,
1657,1657,1,,,,,,,,,,0.01,,,
1662,1,1662,,,,0.07928,0.00043,0.00037,0.01877,0.099,,,,,
1662,1662,1,,,,0.07631,0.00045,0.00041,0.00725,0.084,,,,,
1692,1,1692,,,,0.07641,0.00037,0.00040,0.00734,0.084,,,,,
1692,1692,1,,,,0.07811,0.00042,0.00042,0.00849,0.087,,,,,
1693,1,1693,,,,,,,,,,0.007,,,
1693,1693,1,,,,,,,,,,0.01,,,
1694,1,1694,,0.006,0.007,,,,,,,,,,
1694,1694,1,,0.005,0.008,,,,,,,,,,
1710,1,1710,,,,,,,,,,0.007,,,
1710,1710,1,,,,,,,,,,0.009,,,
1712,1,1712,,,,0.07366,0.00038,0.00040,0.00538,0.079,,,,,
1712,1712,1,,,,0.08315,0.00036,0.00042,0.00809,0.092,,,,,
1722,41,42,,0.003,0.011,0.07923,0.00036,0.00040,0.00670,0.086,,0.014,,,
1729,1,1729,,,,,,,,,,0.007,,,
1729,1729,1,,,,,,,,,,0.009,,,
1752,1,1752,,0.007,0.007,,,,,,,,,,
1752,1752,1,,0.005,0.006,,,,,,,,,,
1762,1,1762,,,,0.07519,0.00040,0.00037,0.00627,0.082,,,,,
1762,1762,1,,,,0.07507,0.00039,0.00062,0.00820,0.084,,,,,
1765,1,1765,,,,,,,,,,0.014,,,
1765,1765,1,,,,,,,,,,0.01,,,
1776,1,1776,,,,,,,,,,0.009,,,
1776,1776,1,,,,,,,,,,0.01,,,
1801,1,1801,,,,,,,,,,0.009,,,
1801,1801,1,,,,,,,,,,0.01,,,
1806,42,43,,0.003,0.004,0.07898,0.00038,0.00033,0.00757,0.087,,0.008,,,
1810,1,1810,,0.007,0.008,,,,,,,,,,
1810,1810,1,,0.005,0.007,,,,,,,,,,
1812,1,1812,,,,0.08441,0.00064,0.00040,0.00689,0.092,,,,,
1812,1812,1,,,,0.08535,0.00042,0.00040,0.02101,0.107,,,,,
1837,1,1837,,,,,,,,,,0.009,,,
1837,1837,1,,,,,,,,,,0.012,,,
1842,1,1842,,,,,,,,,,0.009,,,
1842,1842,1,,,,,,,,,,0.01,,,
1862,1,1862,,,,0.08074,0.00048,0.00041,0.00687,0.088,,,,,
1862,1862,1,,,,0.07824,0.00040,0.00040,0.00907,0.088,,,,,
1868,1,1868,,0.009,0.02,,,,,,,,,,
1868,1868,1,,0.005,0.009,,,,,,,,,,
1873,1,1873,,,,,,,,,,0.009,,,
1873,1873,1,,,,,,,,,,0.009,,,
1892,43,44,,0.004,0.004,0.07732,0.00037,0.00029,0.00690,0.085,,0.009,,,
1907,1,1907,,,,,,,,,,0.009,,,
1907,1907,1,,,,,,,,,,0.013,,,
1909,1,1909,,,,,,,,,,0.009,,,
1909,1909,1,,,,,,,,,,0.012,,,
1912,1,1912,,,,0.07510,0.00036,0.00040,0.00744,0.083,,,,,
1912,1912,1,,,,0.08168,0.00038,0.00041,0.00896,0.091,,,,,
1926,1,1926,,0.006,0.008,,,,,,,,,,
1926,1926,1,,0.005,0.007,,,,,,,,,,
1945,1,1945,,,,,,,,,,0.008,,,
1945,1945,1,,,,,,,,,,0.01,,,
1963,1,1963,,,,0.08420,0.00046,0.00051,0.00644,0.091,,,,,
1963,1963,1,,,,0.07294,0.00034,0.00040,0.00967,0.083,,,,,
1973,1,1973,,,,,,,,,,0.009,,,
1973,1973,1,,,,,,,,,,0.013,,,
1980,44,45,,0.004,0.005,0.08267,0.00052,0.00031,0.03173,0.115,,0.011,,,
1981,1,1981,,,,,,,,,,0.009,,,
1981,1981,1,,,,,,,,,,0.011,,,
1984,1,1984,,0.006,0.01,,,,,,,,,,
1984,1984,1,,0.009,0.007,,,,,,,,,,
2013,1,2013,,,,0.08306,0.00041,0.00042,0.00742,0.091,,,,,
2013,2013,1,,,,0.07684,0.00037,0.00044,0.00941,0.087,,,,,
2017,1,2017,,,,,,,,,,0.011,,,
2017,2017,1,,,,,,,,,,0.015,,,
2034,1,2034,,,,,,,,,9.847,,,,
2034,2034,1,,,,,,,,,4.822,,,,
2039,1,2039,,,,,,,,,,0.01,,,
2039,2039,1,,,,,,,,,,0.012,,,
2043,1,2043,,0.006,0.009,,,,,,,,,,
2043,2043,1,,0.006,0.007,,,,,,,,,,
2053,1,2053,,,,,,,,,,0.008,,,
2053,2053,1,,,,,,,,,,0.011,,,
2063,1,2063,,,,0.08945,0.00039,0.00064,0.00824,0.098,,,,,
2063,2063,1,,,,0.08318,0.00038,0.00042,0.00981,0.093,,,,,
2070,45,46,,0.004,0.004,0.07813,0.00081,0.00032,0.00779,0.087,0.328,0.01,,,
2089,1,2089,,,,,,,,,,0.009,,,
2089,2089,1,,,,,,,,,,0.011,,,
2101,1,2101,,0.008,0.016,,,,,,,,,,
2101,2101,1,,0.007,0.007,,,,,,,,,,
2105,1,2105,,,,,,,,,,0.009,,,
2105,2105,1,,,,,,,,,,0.011,,,
2113,1,2113,,,,0.07961,0.00035,0.00038,0.01351,0.094,,,,,
2113,2113,1,,,,0.07723,0.00032,0.00045,0.01101,0.089,,,,,
2125,1,2125,,,,,,,,,,0.027,,,
2125,2125,1,,,,,,,,,,0.012,,,
2159,1,2159,,0.009,0.009,,,,,,,,,,
2159,2159,1,,0.016,0.008,,,,,,,,,,
2161,1,2161,,,,,,,,,,0.01,,,
2161,2161,1,,,,,,,,,,0.013,,,
2162,46,47,,0.004,0.005,0.08888,0.00042,0.00030,0.00822,0.097,,0.01,,,
2163,1,2163,,,,0.07875,0.00049,0.00039,0.00706,0.086,,,,,
2163,2163,1,,,,0.07504,0.00043,0.00044,0.02089,0.096,,,,,
2170,1,2170,,,,,,,,,,0.01,,,
2170,2170,1,,,,,,,,,,0.012,,,
2197,1,2197,,,,,,,,,,0.01,,,
2197,2197,1,,,,,,,,,,0.012,,,
2214,1,2214,,,,0.08045,0.00035,0.00077,0.00903,0.09,,,,,
2214,2214,1,,,,0.08197,0.00040,0.00042,0.01110,0.094,,,,,
2217,1,2217,,0.007,0.017,,,,,,,,,,
2217,2217,1,,0.006,0.01,,,,,,,,,,
2233,1,2233,,,,,,,,,,0.009,,,
2233,2233,1,,,,,,,,,,0.012,,,
2236,1,2236,,,,,,,,,,0.013,,,
2236,2236,1,,,,,,,,,,0.017,,,
2256,47,48,,0.005,0.006,0.07834,0.00039,0.00034,0.00806,0.087,,0.013,,,
2264,1,2264,,,,0.08091,0.00037,0.00047,0.00800,0.089,,,,,
2264,2264,1,,,,0.07587,0.00038,0.00042,0.01191,0.088,,,,,
2269,1,2269,,,,,,,,,,0.011,,,
2269,2269,1,,,,,,,,,,0.013,,,
2275,1,2275,,0.008,0.01,,,,,,,,,,
2275,2275,1,,0.007,0.009,,,,,,,,,,
2302,1,2302,,,,,,,,,,0.011,,,
2302,2302,1,,,,,,,,,,0.016,,,
2305,1,2305,,,,,,,,,,0.011,,,
2305,2305,1,,,,,,,,,,0.015,,,
2314,1,2314,,,,0.07931,0.00036,0.00043,0.00966,0.09,,,,,
2314,2314,1,,,,0.07728,0.00040,0.00050,0.02706,0.105,,,,,
2334,1,2334,,0.01,0.018,,,,,,,,,,
2334,2334,1,,0.007,0.01,,,,,,,,,,
2341,1,2341,,,,,,,,,,0.014,,,
2341,2341,1,,,,,,,,,,0.012,,,
2352,48,49,,0.005,0.007,0.08504,0.00043,0.00032,0.01156,0.097,,0.011,,,
2364,1,2364,,,,0.08296,0.00042,0.00045,0.00866,0.092,,,,,
2364,2364,1,,,,0.07665,0.00043,0.00046,0.01108,0.088,,,,,
2368,1,2368,,,,,,,,,,0.012,,,
2368,2368,1,,,,,,,,,,0.023,,,
2377,1,2377,,,,,,,,,,0.011,,,
2377,2377,1,,,,,,,,,,0.013,,,
2392,1,2392,,0.008,0.015,,,,,,,,,,
2392,2392,1,,0.006,0.018,,,,,,,,,,
2413,1,2413,,,,,,,,,,0.01,,,
2413,2413,1,,,,,,,,,,0.019,,,
2415,1,2415,,,,0.08187,0.00040,0.00041,0.00908,0.091,,,,,
2415,2415,1,,,,0.08038,0.00049,0.00051,0.01354,0.095,,,,,
2433,1,2433,,,,,,,,,,0.012,,,
2433,2433,1,,,,,,,,,,0.015,,,
2449,1,2449,,,,,,,,,,0.012,,,
2449,2449,1,,,,,,,,,,0.016,,,
2450,1,2450,,0.011,0.012,,,,,,,,,,
2450,49,50,,0.005,0.006,0.07956,0.00044,0.00032,0.00921,0.089,,0.012,,,
2450,2450,1,,0.006,0.01,,,,,,,,,,
2465,1,2465,,,,0.08021,0.00065,0.00046,0.01435,0.095,,,,,
2465,2465,1,,,,0.07707,0.00044,0.00046,0.01192,0.09,,,,,
2485,1,2485,,,,,,,,,,0.011,,,
2485,2485,1,,,,,,,,,,0.016,,,
2499,1,2499,,,,,,,,,,0.013,,,
2499,2499,1,,,,,,,,,,0.024,,,
2508,1,2508,,0.011,0.013,,,,,,,,,,
2508,2508,1,,0.007,0.01,,,,,,,,,,
2515,1,2515,,,,0.07968,0.00045,0.00048,0.00929,0.09,,,,,
2515,2515,1,,,,0.08126,0.00055,0.00057,0.01184,0.094,,,,,
2521,1,2521,,,,,,,,,,0.012,,,
2521,2521,1,,,,,,,,,,0.023,,,
2548,1,2548,,0.011,,,,,,,,,,,
2548,2548,1,,0.008,,,,,,,,,,,
2550,50,51,,0.005,0.006,0.08939,0.00040,0.00033,0.00986,0.1,,0.012,,,
2557,1,2557,,,,,,,,,,0.012,,,
2557,2557,1,,,,,,,,,,0.016,,,
2565,1,2565,,,,,,,,,,0.012,,,
2565,2565,1,,,,,,,,,,0.016,,,
2566,1,2566,,,,0.07844,0.00039,0.00047,0.00944,0.088,,,,,
2566,2566,1,,,,0.08096,0.00037,0.00055,0.02441,0.106,,,,,
2567,1,2567,,0.017,0.017,,,,,,,,,,
2567,2567,1,,0.006,0.009,,,,,,,,,,
2586,1,2586,,,0.023,,,,,,,,,,
2586,2586,1,,,0.008,,,,,,,,,,
2593,1,2593,,,,,,,,,,0.011,,,
2593,2593,1,,,,,,,,,,0.013,,,
2616,1,2616,,,,0.07476,0.00039,0.00050,0.00898,0.084,,,,,
2616,2616,1,,,,0.07384,0.00042,0.00044,0.01344,0.088,,,,,
2625,1,2625,,0.009,0.012,,,,,,,,,,
2625,2625,1,,0.007,0.017,,,,,,,,,,
2629,1,2629,,,,,,,,,,0.018,,,
2629,2629,1,,,,,,,,,,0.017,,,
2631,1,2631,,,,,,,,,,0.013,,,
2631,2631,1,,,,,,,,,,0.033,,,
2646,1,2646,,0.018,,,,,,,,,,,
2646,2646,1,,0.007,,,,,,,,,,,
2652,51,52,,0.005,0.007,0.08114,0.00037,0.00032,0.01080,0.092,,0.013,,,
2665,1,2665,,,,,,,,,,0.011,,,
2665,2665,1,,,,,,,,,,0.014,,,
2666,1,2666,,,,0.08224,0.00054,0.00052,0.01026,0.093,,,,,
2666,2666,1,,,,0.08082,0.00047,0.00047,0.01242,0.094,,,,,
2683,1,2683,,0.009,0.013,,,,,,,,,,
2683,2683,1,,0.022,0.012,,,,,,,,,,
2696,1,2696,,,,,,,,,,0.014,,,
2696,2696,1,,,,,,,,,,0.017,,,
2701,1,2701,,,,,,,,,,0.011,,,
2701,2701,1,,,,,,,,,,0.025,,,
2716,1,2716,,,,0.07834,0.00040,0.00046,0.01429,0.093,,,,,
2716,2716,1,,,,0.07518,0.00039,0.00048,0.01309,0.089,,,,,
2722,1,2722,,,0.013,,,,,,,,,,
2722,2722,1,,,0.022,,,,,,,,,,
2737,1,2737,,,,,,,,,,0.013,,,
2737,2737,1,,,,,,,,,,0.015,,,
2742,1,2742,,0.009,0.026,,,,,,,,,,
2742,2742,1,,0.007,0.01,,,,,,,,,,
2744,1,2744,,0.011,,,,,,,,,,,
2744,2744,1,,0.011,,,,,,,,,,,
2756,52,53,,0.006,0.006,0.08047,0.00042,0.00036,0.01245,0.093,,0.013,,,
2762,1,2762,,,,,,,,,,0.012,,,
2762,2762,1,,,,,,,,,,0.02,,,
2767,1,2767,,,,0.08439,0.00052,0.00061,0.00957,0.095,,,,,
2767,2767,1,,,,0.08041,0.00038,0.00051,0.01235,0.093,,,,,
2773,1,2773,,,,,,,,,,0.012,,,
2773,2773,1,,,,,,,,,,0.023,,,
2800,1,2800,,0.008,0.014,,,,,,,,,,
2800,2800,1,,0.008,0.011,,,,,,,,,,
2809,1,2809,,,,,,,,,,0.013,,,
2809,53,53,,,,,,,,,,0.015,,,
2809,2809,1,,,,,,,,,,0.016,,,
2817,1,2817,,,,0.07446,0.00039,0.00051,0.01083,0.086,,,,,
2817,2817,1,,,,0.07575,0.00039,0.00062,0.01301,0.09,,,,,
2828,1,2828,,,,,,,,,,0.012,,,
2828,2828,1,,,,,,,,,,0.016,,,
2842,1,2842,,0.025,,,,,,,,,,,
2842,2842,1,,0.008,,,,,,,,,,,
2845,1,2845,,,,,,,,,,0.012,,,
2845,2845,1,,,,,,,,,,0.025,,,
2858,1,2858,,0.013,0.012,,,,,,,,,,
2858,2858,1,,0.008,0.01,,,,,,,,,,
2862,53,54,,0.006,0.006,0.07490,0.00038,0.00030,0.01137,0.087,,0.015,,,
2867,1,2867,,,,0.07676,0.00045,0.00044,0.00933,0.087,,,,,
2867,2867,1,,,,0.08091,0.00042,0.00071,0.02731,0.109,,,,,
2881,1,2881,,,,,,,,,,0.013,,,
2881,2881,1,,,,,,,,,,0.015,,,
2894,1,2894,,,,,,,,,,0.018,,,
2894,2894,1,,,,,,,,,,0.017,,,
2917,1,2917,,0.01,0.04,,,,,,,0.019,,,
2917,2917,1,,0.008,0.014,,,,,,,0.017,,,
2918,1,2918,,,,0.08103,0.00040,0.00048,0.01159,0.093,,,,,
2918,2918,1,,,,0.08247,0.00039,0.00055,0.01435,0.097,,,,,
2940,1,2940,,0.01,,,,,,,,,,,
2940,2940,1,,0.008,,,,,,,,,,,
2953,1,2953,,,,,,,,,,0.031,,,
2953,2953,1,,,,,,,,,,0.016,,,
2959,1,2959,,,,,,,,,,0.013,,,
2959,2959,1,,,,,,,,,,0.016,,,
2968,1,2968,,,,0.07599,0.00040,0.00043,0.01161,0.088,,,,,
2968,2968,1,,,,0.07401,0.00036,0.00046,0.02071,0.095,,,,,
2970,54,55,,0.012,0.026,0.07938,0.00038,0.00032,0.01170,0.091,,0.013,,,
2975,1,2975,,0.011,0.014,,,,,,,,,,
2975,2975,1,,0.008,0.016,,,,,,,,,,
2989,1,2989,,,,,,,,,,0.015,,,
2989,2989,1,,,,,,,,,,0.017,,,
2994,1,2994,,,0.015,,,,,,,,,,
2994,2994,1,,,0.012,,,,,,,,,,
3018,1,3018,,,,0.08200,0.00036,0.00065,0.00986,0.093,,,,,
3018,3018,1,,,,0.07624,0.00036,0.00054,0.01837,0.095,,,,,
3025,1,3025,,,,,,,,,,0.029,,,
3025,55,55,,,,,,,,,,0.016,,,
3025,3025,1,,,,,,,,,,0.017,,,
3033,1,3033,,0.011,0.013,,,,,,,,,,
3033,3033,1,,0.007,0.011,,,,,,,,,,
3038,1,3038,,0.01,,,,,,,,,,,
3038,3038,1,,0.008,,,,,,,,,,,
3061,1,3061,,,,,,,,,,0.022,,,
3061,3061,1,,,,,,,,,,0.016,,,
3068,1,3068,,,,0.09349,0.00039,0.00049,0.01543,0.109,,,,,
3068,3068,1,,,,0.08462,0.00044,0.00060,0.01671,0.102,,,,,
3080,55,56,,0.008,0.008,0.07866,0.00038,0.00037,0.03028,0.109,,0.012,,,
3092,1,3092,,0.009,0.023,,,,,,,,,,
3092,3092,1,,0.01,0.013,,,,,,,,,,
3097,1,3097,,,,,,,,,,0.017,,,
3097,3097,1,,,,,,,,,,0.019,,,
3119,1,3119,,,,0.08184,0.00040,0.00092,0.01171,0.095,,,,,
3119,3119,1,,,,0.08102,0.00053,0.00074,0.01796,0.1,,,,,
3131,1,3131,,,0.017,,,,,,,,,,
3131,3131,1,,,0.015,,,,,,,,,,
3133,1,3133,,,,,,,,,,0.013,,,
3133,3133,1,,,,,,,,,,0.042,,,
3136,1,3136,,0.01,,,,,,,,,,,
3136,56,56,,0.017,,,,,,,,,,,
3136,3136,1,,0.008,,,,,,,,,,,
3150,1,3150,,0.01,0.014,,,,,,,,,,
3150,3150,1,,0.009,0.023,,,,,,,,,,
3169,1,3169,,,,0.08026,0.00038,0.00057,0.01050,0.091,,0.015,,,
3169,3169,1,,,,0.07839,0.00044,0.00050,0.01632,0.095,,0.031,,,
3192,56,57,,0.007,0.007,0.07660,0.00046,0.00032,0.02317,0.1,,0.013,,,
3205,1,3205,,,,,,,,,,0.014,,,
3205,3205,1,,,,,,,,,,0.017,,,
3208,1,3208,,0.011,0.014,,,,,,,,,,
3208,3208,1,,0.013,0.012,,,,,,,,,,
3219,1,3219,,,,0.07767,0.00045,0.00052,0.01181,0.09,,,,,
3219,3219,1,,,,0.08167,0.00040,0.00066,0.01717,0.1,,,,,
3234,1,3234,,0.011,,,,,,,,,,,
3234,3234,1,,0.009,,,,,,,,,,,
3241,1,3241,,,,,,,,,,0.013,,,
3241,3241,1,,,,,,,,,,0.017,,,
3267,1,3267,,0.013,0.018,,,,,,,,,,
3267,3267,1,,0.01,0.018,,,,,,,,,,
3270,1,3270,,,,0.08321,0.00037,0.00045,0.01164,0.095,,,,,
3270,3270,1,,,,0.07596,0.00042,0.00077,0.01659,0.093,,,,,
3277,1,3277,,,,,,,,,,0.013,,,
3277,3277,1,,,,,,,,,,0.022,,,
3306,57,58,,0.007,0.008,0.07586,0.00040,0.00036,0.02993,0.106,,0.015,,,
3313,1,3313,,,,,,,,,,0.016,,,
3313,3313,1,,,,,,,,,,0.017,,,
3320,1,3320,,,,0.07497,0.00038,0.00059,0.01234,0.088,,,,,
3320,3320,1,,,,0.07423,0.00038,0.00051,0.01558,0.09,,,,,
3325,1,3325,,0.011,0.033,,,,,,,,,,
3325,3325,1,,0.016,0.012,,,,,,,,,,
3332,1,3332,,0.011,,,,,,,,,,,
3332,3332,1,,0.009,,,,,,,,,,,
3349,1,3349,,,,,,,,,,0.016,,,
3349,3349,1,,,,,,,,,,0.017,,,
3370,1,3370,,,,0.08395,0.00044,0.00046,0.01303,0.098,,,,,
3370,3370,1,,,,0.07857,0.00044,0.00049,0.01759,0.097,,,,,
3383,1,3383,,0.012,0.014,,,,,,,,,,
3383,3383,1,,0.01,0.014,,,,,,,,,,
3385,1,3385,,,,,,,,,,0.015,,,
3385,3385,1,,,,,,,,,,0.026,,,
3403,1,3403,,,0.016,,,,,,,,,,
3403,3403,1,,,0.021,,,,,,,,,,
3420,1,3420,,,,0.07593,0.00039,0.00079,0.01666,0.094,,,,,
3420,3420,1,,,,0.07551,0.00039,0.00068,0.01597,0.092,,,,,
3421,1,3421,,,,,,,,,,0.014,,,
3421,3421,1,,,,,,,,,,0.019,,,
3422,58,59,,0.008,0.008,0.07465,0.00041,0.00033,0.02158,0.097,,0.02,,,
3430,1,3430,,0.011,,,,,,,,,,,
3430,3430,1,,0.011,,,,,,,,,,,
3442,1,3442,,0.012,0.013,,,,,,,,,,
3442,3442,1,,0.02,0.011,,,,,,,,,,
3457,1,3457,,,,,,,,,,0.025,,,
3457,3457,1,,,,,,,,,,0.023,,,
3471,1,3471,,,,0.08185,0.00074,0.00066,0.01346,0.096,,,,,
3471,3471,1,,,,0.07677,0.00039,0.00060,0.01819,0.096,,,,,
3493,1,3493,,,,,,,,,,0.017,,,
3493,3493,1,,,,,,,,,,0.025,,,
3500,1,3500,,0.014,0.013,,,,,,,,,,
3500,3500,1,,0.01,0.015,,,,,,,,,,
3521,1,3521,,,,0.07417,0.00035,0.00057,0.01407,0.089,,,,,
3521,3521,1,,,,0.07723,0.00041,0.00053,0.03244,0.11,,,,,
3528,1,3528,,0.012,,,,,,,,,,,
3528,3528,1,,0.009,,,,,,,,,,,
3529,1,3529,,,,,,,,,,0.015,,,
3529,3529,1,,,,,,,,,,0.019,,,
3539,1,3539,,,0.016,,,,,,,,,,
3539,3539,1,,,0.032,,,,,,,,,,
3540,59,60,,0.007,0.008,0.07867,0.00041,0.00032,0.01379,0.093,,0.017,,,
3558,1,3558,,0.013,0.029,,,,,,,,,,
3558,3558,1,,0.015,0.011,,,,,,,,,,
3565,1,3565,,,,,,,,,,0.018,,,
3565,3565,1,,,,,,,,,,0.041,,,
3571,1,3571,,,,0.07636,0.00038,0.00058,0.01325,0.09,,,,,
3571,3571,1,,,,0.08613,0.00042,0.00084,0.02062,0.108,,,,,
3601,1,3601,,,,,,,,,,0.023,,,
3601,3601,1,,,,,,,,,,0.023,,,
3617,1,3617,,0.013,0.014,,,,,,,,,,
3617,3617,1,,0.011,0.033,,,,,,,,,,
3622,1,3622,,,,0.07746,0.00042,0.00052,0.01335,0.091,,,,,
3622,3622,1,,,,0.07523,0.00038,0.00057,0.02154,0.097,,,,,
3626,1,3626,,0.015,,,,,,,,,,,
3626,3626,1,,0.01,,,,,,,,,,,
3637,1,3637,,,,,,,,,,0.017,,,
3637,3637,1,,,,,,,,,,0.021,,,
3660,60,61,,0.008,0.008,0.07468,0.00037,0.00032,0.02157,0.097,,0.018,,,
3672,1,3672,,,,0.07352,0.00042,0.00049,0.01295,0.087,,,,,
3672,3672,1,,,,0.07534,0.00035,0.00053,0.01670,0.093,,,,,
3673,1,3673,,,,,,,,,,0.019,,,
3673,3673,1,,,,,,,,,,0.021,,,
3675,1,3675,,0.02,0.017,,,,,,,,,,
3675,3675,1,,0.011,0.02,,,,,,,,,,
3709,1,3709,,,,,,,,,,0.032,,,
3709,3709,1,,,,,,,,,,0.028,,,
3722,1,3722,,,,0.07632,0.00038,0.00053,0.01260,0.09,,,,,
3722,3722,1,,,,0.07986,0.00039,0.00054,0.01817,0.099,,,,,
3724,1,3724,,0.014,,,,,,,,,,,
3724,3724,1,,0.017,,,,,,,,,,,
3733,1,3733,,0.015,0.016,,,,,,,,,,
3733,3733,1,,0.011,0.013,,,,,,,,,,
3745,1,3745,,,,,,,,,,0.019,,,
3745,3745,1,,,,,,,,,,0.021,,,
3772,1,3772,,,,0.08622,0.00036,0.00052,0.01433,0.101,,,,,
3772,3772,1,,,,0.07830,0.00044,0.00067,0.01806,0.097,,,,,
3781,1,3781,,,,,,,,,,0.027,,,
3781,3781,1,,,,,,,,,,0.02,,,
3782,61,62,,0.008,0.008,0.08961,0.00046,0.00035,0.01537,0.106,,0.017,,,
3792,1,3792,,0.021,0.019,,,,,,,,,,
3792,3792,1,,0.011,0.017,,,,,,,,,,
3811,1,3811,,,0.018,,,,,,,,,,
3811,3811,1,,,0.025,,,,,,,,,,
3817,1,3817,,,,,,,,,,0.038,,,
3817,3817,1,,,,,,,,,,0.024,,,
3822,1,3822,,0.013,,,,,,,,,,,
3822,3822,1,,0.011,,,,,,,,,,,
3823,1,3823,,,,0.07594,0.00039,0.00048,0.01456,0.091,,,,,
3823,3823,1,,,,0.07489,0.00038,0.00050,0.02775,0.103,,,,,
3850,1,3850,,0.014,0.022,,,,,,,,,,
3850,3850,1,,0.023,0.014,,,,,,,,,,
3853,1,3853,,,,,,,,,,0.017,,,
3853,3853,1,,,,,,,,,,0.024,,,
3873,1,3873,,,,0.07997,0.00040,0.00051,0.01351,0.094,,,,,
3873,3873,1,,,,0.08134,0.00036,0.00055,0.02186,0.104,,,,,
3889,1,3889,,,,,,,,,,0.02,,,
3889,3889,1,,,,,,,,,,0.039,,,
3906,62,63,,0.014,0.009,0.07732,0.00043,0.00032,0.01362,0.091,,0.018,,,
3908,1,3908,,0.013,0.041,,,,,,,,,,
3908,3908,1,,0.011,0.013,,,,,,,,,,
3920,1,3920,,0.014,,,,,,,,,,,
3920,3920,1,,0.014,,,,,,,,,,,
3923,1,3923,,,,0.07478,0.00036,0.00049,0.01821,0.093,,,,,
3923,3923,1,,,,0.07826,0.00052,0.00059,0.02016,0.099,,,,,
3925,1,3925,,,,,,,,,,0.017,,,
3925,3925,1,,,,,,,,,,0.023,,,
3947,1,3947,,,0.018,,,,,,,,,,
3947,3947,1,,,0.022,,,,,,,,,,
3961,1,3961,,,,,,,,,,0.02,,,
3961,3961,1,,,,,,,,,,0.025,,,
3967,1,3967,,0.015,0.015,,,,,,,,,,
3967,3967,1,,0.015,0.043,,,,,,,,,,
3974,1,3974,,,,0.08718,0.00036,0.00092,0.01581,0.104,,,,,
3974,3974,1,,,,0.08146,0.00036,0.00072,0.01848,0.101,,,,,
3997,1,3997,,,,,,,,,,0.018,,,
3997,3997,1,,,,,,,,,,0.034,,,
4018,1,4018,,0.014,,,,,,,,,,,
4018,4018,1,,0.023,,,,,,,,,,,
4024,1,4024,,,,0.08065,0.00034,0.00055,0.01351,0.095,,,,,
4024,4024,1,,,,0.07348,0.00035,0.00075,0.02109,0.095,,,,,
4025,1,4025,,0.015,0.017,,,,,,,,,,
4025,4025,1,,0.012,0.024,,,,,,,,,,
4032,63,64,,0.008,0.008,0.07320,0.00035,0.00035,0.02109,0.095,,0.024,,,
4033,1,4033,,,,,,,,,,0.019,,,
4033,4033,1,,,,,,,,,,0.025,,,
4069,1,4069,,,,,,,,,,0.022,,,
4069,4069,1,,,,,,,,,,0.025,,,
4074,1,4074,,,,0.07917,0.00039,0.00054,0.01544,0.095,,,,,
4074,4074,1,,,,0.07752,0.00037,0.00056,0.02983,0.108,,,,,
4083,1,4083,,0.02,0.019,,,,,,,,,,
4083,4083,1,,0.012,0.031,,,,,,,,,,
4105,1,4105,,,,,,,,,,0.018,,,
4105,4105,1,,,,,,,,,,0.024,,,
4116,1,4116,,0.013,,,,,,,,,,,
4116,4116,1,,0.017,,,,,,,,,,,
4124,1,4124,,,,0.08311,0.00041,0.00076,0.01582,0.1,,,,,
4124,4124,1,,,,0.08218,0.00051,0.00060,0.02115,0.104,,,,,
4141,1,4141,,,,,,,,,,0.019,,,
4141,4141,1,,,,,,,,,,0.028,,,
4142,1,4142,,0.015,0.018,,,,,,,,,,
4142,4142,1,,0.024,0.013,,,,,,,,,,
4160,64,65,,0.009,0.011,0.08735,0.00043,0.00035,0.01548,0.103,,0.046,,,
4175,1,4175,,,,0.09188,0.00047,0.00055,0.02424,0.117,,,,,
4175,4175,1,,,,0.08051,0.00042,0.00063,0.02255,0.104,,,,,
4177,1,4177,,,,,,,,,,0.017,,,
4177,4177,1,,,,,,,,,,0.023,,,
4200,1,4200,,0.018,0.023,,,,,,,,,,
4200,4200,1,,0.012,0.016,,,,,,,,,,
4213,1,4213,,,,,,,,,,0.02,,,
4213,4213,1,,,,,,,,,,0.027,,,
4214,1,4214,,0.013,,,,,,,,,,,
4214,4214,1,,0.013,,,,,,,,,,,
4219,1,4219,,,0.045,,,,,,,,,,
4219,4219,1,,,0.017,,,,,,,,,,
4225,1,4225,,,,0.07738,0.00042,0.00047,0.01514,0.093,,,,,
4225,65,65,,,,0.07360,0.00034,0.00034,0.01860,0.093,,,,,
4225,4225,1,,,,0.08815,0.00038,0.00067,0.03538,0.124,,,,,
4249,1,4249,,,,,,,,,,0.047,,,
4249,4249,1,,,,,,,,,,0.026,,,
4258,1,4258,,0.035,0.025,,,,,,,,,,
4258,4258,1,,0.013,0.015,,,,,,,,,,
4285,1,4285,,,,0.08435,0.00041,0.00061,0.01641,0.101,,0.019,,,
4285,4285,1,,,,0.07713,0.00044,0.00065,0.02373,0.102,,0.025,,,
4290,65,66,,0.023,0.008,0.08134,0.00044,0.00039,0.02671,0.109,,0.018,,,
4312,1,4312,,0.014,,,,,,,,,,,
4312,4312,1,,0.012,,,,,,,,,,,
4317,1,4317,,0.014,0.019,,,,,,,,,,
4317,4317,1,,0.012,0.016,,,,,,,,,,
4321,1,4321,,,,,,,,,,0.019,,,
4321,4321,1,,,,,,,,,,0.024,,,
4346,1,4346,,,,0.08362,0.00045,0.00056,0.01689,0.101,,,,,
4346,4346,1,,,,0.08156,0.00039,0.00066,0.02111,0.103,,,,,
4356,1,4356,,,0.019,,,,,,,,,,
4356,66,66,,,0.027,,,,,,,,,,
4356,4356,1,,,0.019,,,,,,,,,,
4357,1,4357,,,,,,,,,,0.018,,,
4357,4357,1,,,,,,,,,,0.024,,,
4375,1,4375,,0.016,0.029,,,,,,,,,,
4375,4375,1,,0.011,0.016,,,,,,,,,,
4393,1,4393,,,,,,,,,,0.02,,,
4393,4393,1,,,,,,,,,,0.027,,,
4406,1,4406,,,,0.07619,0.00041,0.00052,0.01477,0.092,,,,,
4406,4406,1,,,,0.07990,0.00041,0.00067,0.02747,0.108,,,,,
4410,1,4410,,0.027,,,,,,,,,,,
4410,4410,1,,0.014,,,,,,,,,,,
4422,66,67,,0.011,0.01,0.08133,0.00035,0.00037,0.01621,0.098,,0.036,,,
4429,1,4429,,,,,,,,,,0.019,,,
4429,4429,1,,,,,,,,,,0.026,,,
4433,1,4433,,0.015,0.021,,,,,,,,,,
4433,4433,1,,0.013,0.018,,,,,,,,,,
4465,1,4465,,,,,,,,,,0.02,,,
4465,4465,1,,,,,,,,,,0.024,,,
4466,1,4466,,,,0.08666,0.00035,0.00066,0.01601,0.103,,,,,
4466,4466,1,,,,0.07861,0.00042,0.00059,0.03351,0.113,,,,,
4492,1,4492,,0.016,0.048,,,,,,,,,,
4492,4492,1,,0.012,0.017,,,,,,,,,,
4501,1,4501,,,,,,,,,,0.019,,,
4501,4501,1,,,,,,,,,,0.026,,,
4508,1,4508,,0.017,,,,,,,,,,,
4508,4508,1,,0.03,,,,,,,,,,,
4527,1,4527,,,,0.07553,0.00034,0.00058,0.01579,0.092,,,,,
4527,4527,1,,,,0.07621,0.00036,0.00059,0.02600,0.103,,,,,
4537,1,4537,,,,,,,,,,0.021,,,
4537,4537,1,,,,,,,,,,0.028,,,
4550,1,4550,,0.02,0.029,,,,,,,,,,
4550,4550,1,,0.012,0.016,,,,,,,,,,
4556,67,68,,0.01,0.01,0.07465,0.00035,0.00037,0.01730,0.092,,0.021,,,
4573,1,4573,,,,,,,,,,0.022,,,
4573,4573,1,,,,,,,,,,0.026,,,
4587,1,4587,,,,0.07945,0.00034,0.00049,0.02242,0.102,,,,,
4587,4587,1,,,,0.07503,0.00064,0.00057,0.02192,0.098,,,,,
4606,1,4606,,0.017,,,,,,,,,,,
4606,4606,1,,0.018,,,,,,,,,,,
4608,1,4608,,0.023,0.024,,,,,,,,,,
4608,4608,1,,0.013,0.017,,,,,,,,,,
4609,1,4609,,,,,,,,,,0.021,,,
4609,4609,1,,,,,,,,,,0.025,,,
4628,1,4628,,,0.021,,,,,,,,,,
4628,4628,1,,,0.016,,,,,,,,,,
4645,1,4645,,,,,,,,,,0.023,,,
4645,4645,1,,,,,,,,,,0.025,,,
4647,1,4647,,,,0.07684,0.00037,0.00055,0.01516,0.093,,,,,
4647,4647,1,,,,0.07394,0.00056,0.00063,0.02066,0.095,,,,,
4667,1,4667,,0.017,0.036,,,,,,,,,,
4667,4667,1,,0.027,0.019,,,,,,,,,,
4681,1,4681,,,,,,,,,,0.029,,,
4681,4681,1,,,,,,,,,,0.03,,,
4688,1,4688,,,,,,,,,,0.022,,,
4688,4688,1,,,,,,,,,,0.036,,,
4692,68,69,,0.011,0.01,0.07897,0.00037,0.00043,0.02553,0.105,,0.022,,,
4704,1,4704,,0.018,,,,,,,,,,,
4704,4704,1,,0.014,,,,,,,,,,,
4708,1,4708,,,,0.09739,0.00037,0.00056,0.01672,0.115,,,,,
4708,4708,1,,,,0.07498,0.00036,0.00061,0.02430,0.1,,,,,
4717,1,4717,,,,,,,,,,0.023,,,
4717,4717,1,,,,,,,,,,0.036,,,
4725,1,4725,,0.016,0.027,,,,,,,,,,
4725,4725,1,,0.013,0.019,,,,,,,,,,
4753,1,4753,,,,,,,,,,0.022,,,
4753,4753,1,,,,,,,,,,0.026,,,
4764,1,4764,,,0.024,,,,,,,,,,
4764,4764,1,,,0.016,,,,,,,,,,
4768,1,4768,,,,0.08354,0.00045,0.00062,0.02837,0.113,,,,,
4768,4768,1,,,,0.07885,0.00041,0.00064,0.02338,0.103,,,,,
4783,1,4783,,0.038,0.036,,,,,,,,,,
4783,4783,1,,0.014,0.017,,,,,,,,,,
4789,1,4789,,,,,,,,,,0.029,,,
4789,4789,1,,,,,,,,,,0.027,,,
4802,1,4802,,0.018,,,,,,,,,,,
4802,4802,1,,0.013,,,,,,,,,,,
4825,1,4825,,,,,,,,,,0.023,,,
4825,4825,1,,,,,,,,,,0.033,,,
4828,1,4828,,,,0.07920,0.00061,0.00053,0.01634,0.097,,,,,
4828,4828,1,,,,0.08327,0.00037,0.00066,0.03324,0.117,,,,,
4830,69,70,,0.01,0.01,0.07405,0.00036,0.00034,0.02010,0.095,,0.023,,,
4840,1,4840,,,,,,,,,,0.028,,,
4840,4840,1,,,,,,,,,,0.025,,,
4842,1,4842,,0.017,0.027,,,,,,,,,,
4842,4842,1,,0.017,0.018,,,,,,,,,,
4861,1,4861,,,,,,,,,,0.023,,,
4861,4861,1,,,,,,,,,,0.032,,,
4889,1,4889,,,,0.07826,0.00042,0.00069,0.01702,0.096,,,,,
4889,4889,1,,,,0.07651,0.00044,0.00064,0.02612,0.103,,,,,
4897,1,4897,,,,,,,,,,0.028,,,
4897,4897,1,,,,,,,,,,0.029,,,
4900,1,4900,,0.022,0.021,,,,,,,,,,
4900,70,70,,0.011,0.032,,,,,,,,,,
4900,4900,1,,0.014,0.019,,,,,,,,,,
4929,1,4929,,,,0.07308,0.00035,0.00053,0.02095,0.095,,,,,
4929,4929,1,,,,0.07784,0.00037,0.00057,0.03343,0.112,,,,,
4933,1,4933,,,,,,,,,,0.042,,,
4933,4933,1,,,,,,,,,,0.03,,,
4949,1,4949,,,,0.08700,0.00042,0.00057,0.02752,0.115,,,,,
4949,4949,1,,,,0.08591,0.00037,0.00067,0.03407,0.121,,,,,
4958,1,4958,,0.017,0.034,,,,,,,,,,
4958,4958,1,,0.015,0.02,,,,,,,,,,
4969,1,4969,,,,,,,,,,0.027,,,
4969,4969,1,,,,,,,,,,0.03,,,
4970,70,71,,0.015,0.01,0.07620,0.00040,0.00032,0.02029,0.097,,0.023,,,
4991,1,4991,,,,,,,,,,0.021,,,
4991,4991,1,,,,,,,,,,0.028,,,
5005,1,5005,,,,,,,,,,0.026,,,
5005,5005,1,,,,,,,,,,0.034,,,
5009,1,5009,,,,0.07912,0.00042,0.00059,0.01810,0.098,,,,,
5009,5009,1,,,,0.08169,0.00068,0.00074,0.03677,0.12,,,,,
5017,1,5017,,0.016,0.03,,,,,,,,,,
5017,5017,1,,0.018,0.02,,,,,,,,,,
5041,1,5041,,,,,,,,,,0.032,,,
5041,71,71,,,,,,,,,,0.025,,,
5041,5041,1,,,,,,,,,,0.027,,,
5063,1,5063,,0.027,,,,,,,,,,,
5063,5063,1,,0.015,,,,,,,,,,,
5070,1,5070,,,,0.07986,0.00037,0.00061,0.01732,0.098,,,,,
5070,5070,1,,,,0.08169,0.00062,0.00062,0.02433,0.107,,,,,
5075,1,5075,,0.027,0.028,,,,,,,,,,
5075,5075,1,,0.016,0.02,,,,,,,,,,
5077,1,5077,,,,,,,,,,0.037,,,
5077,5077,1,,,,,,,,,,0.034,,,
5112,71,72,,0.01,0.011,0.08368,0.00037,0.00038,0.01802,0.102,,0.045,,,
5113,1,5113,,,,,,,,,,0.029,,,
5113,5113,1,,,,,,,,,,0.034,,,
5130,1,5130,,,,0.07838,0.00044,0.00056,0.01680,0.096,,,,,
5130,5130,1,,,,0.07970,0.00039,0.00081,0.02396,0.105,,,,,
5133,1,5133,,0.026,0.026,,,,,,,,,,
5133,5133,1,,0.013,0.044,,,,,,,,,,
5142,1,5142,,,,,,,,,,0.026,,,
5142,5142,1,,,,,,,,,,0.029,,,
5145,1,5145,,,0.03,,,,,,,,,,
5145,5145,1,,,0.02,,,,,,,,,,
5149,1,5149,,,,,,,,,,0.026,,,
5149,5149,1,,,,,,,,,,0.033,,,
5185,1,5185,,,,,,,,,,0.022,,,
5185,5185,1,,,,,,,,,,0.033,,,
5190,1,5190,,,,0.07569,0.00039,0.00060,0.01840,0.095,,,,,
5190,5190,1,,,,0.08639,0.00041,0.00063,0.03103,0.118,,,,,
5192,1,5192,,0.018,0.025,,,,,,,,,,
5192,5192,1,,0.02,0.048,,,,,,,,,,
5221,1,5221,,,,,,,,,,0.027,,,
5221,5221,1,,,,,,,,,,0.032,,,
5227,1,5227,,0.029,,,,,,,,,,,
5227,5227,1,,0.016,,,,,,,,,,,
5250,1,5250,,0.018,0.049,,,,,,,,,,
5250,5250,1,,0.015,0.018,,,,,,,,,,
5251,1,5251,,,,0.07703,0.00038,0.00064,0.02011,0.098,,,,,
5251,5251,1,,,,0.08875,0.00043,0.00076,0.04819,0.138,,,,,
5256,72,73,,0.012,0.012,0.07774,0.00034,0.00041,0.02360,0.102,,0.031,,,
5257,1,5257,,,,,,,,,,0.037,,,
5257,5257,1,,,,,,,,,,0.033,,,
5294,1,5294,,,,,,,,,,0.025,,,
5294,5294,1,,,,,,,,,,0.033,,,
5308,1,5308,,0.018,0.048,,,,,,,,,,
5308,5308,1,,0.015,0.02,,,,,,,,,,
5311,1,5311,,,,0.07857,0.00042,0.00059,0.02091,0.1,,,,,
5311,5311,1,,,,0.07818,0.00036,0.00070,0.02795,0.107,,,,,
5330,1,5330,,,,,,,,,,0.027,,,
5330,5330,1,,,,,,,,,,0.041,,,
5366,1,5366,,,,,,,,,,0.03,,,
5366,5366,1,,,,,,,,,,0.046,,,
5367,1,5367,,0.03,0.057,,,,,,,,,,
5367,5367,1,,0.016,0.019,,,,,,,,,,
5372,1,5372,,,,0.07978,0.00046,0.00296,0.02567,0.109,,,,,
5372,5372,1,,,,0.07780,0.00034,0.00064,0.03438,0.113,,,,,
5390,1,5390,,0.027,0.027,,,,,,,,,,
5390,5390,1,,0.015,0.025,,,,,,,,,,
5402,1,5402,,,,,,,,,,0.025,,,
5402,73,74,,0.013,0.013,0.07931,0.00040,0.00044,0.02464,0.104,,0.029,,,
5402,5402,1,,,,,,,,,,0.035,,,
5425,1,5425,,0.021,0.037,,,,,,,,,,
5425,5425,1,,0.016,0.022,,,,,,,,,,
5432,1,5432,,,,0.08353,0.00044,0.00066,0.04465,0.129,,,,,
5432,5432,1,,,,0.09277,0.00039,0.00063,0.02759,0.121,,,,,
5438,1,5438,,,,,,,,,,0.039,,,
5438,5438,1,,,,,,,,,,0.034,,,
5445,1,5445,,,,,,,,,,0.024,,,
5445,5445,1,,,,,,,,,,0.039,,,
5474,1,5474,,,,,,,,,,0.028,,,
5474,5474,1,,,,,,,,,,0.04,,,
5483,1,5483,,0.02,0.04,,,,,,,,,,
5483,5483,1,,0.02,0.021,,,,,,,,,,
5492,1,5492,,,,0.08215,0.00039,0.00070,0.01881,0.102,,,,,
5492,5492,1,,,,0.07884,0.00040,0.00064,0.04449,0.124,,,,,
5510,1,5510,,,,,,,,,,0.033,,,
5510,5510,1,,,,,,,,,,0.044,,,
5542,1,5542,,0.022,0.029,,,,,,,,,,
5542,5542,1,,0.02,0.037,,,,,,,,,,
5546,1,5546,,,,,,,,,,0.034,,,
5546,5546,1,,,,,,,,,,0.042,,,
5550,74,75,,0.021,0.021,0.07729,0.00035,0.00038,0.02462,0.102,,0.03,,,
5553,1,5553,,0.02,,0.08706,0.00038,0.00060,0.02005,0.108,,,,,
5553,5553,1,,0.015,,0.08240,0.00039,0.00071,0.06339,0.147,,,,,
5582,1,5582,,,,,,,,,,0.034,,,
5582,5582,1,,,,,,,,,,0.061,,,
5596,1,5596,,,,,,,,,,0.025,,,
5596,5596,1,,,,,,,,,,0.052,,,
5600,1,5600,,0.02,0.06,,,,,,,,,,
5600,5600,1,,0.017,0.024,,,,,,,,,,
5613,1,5613,,,,0.08274,0.00045,0.00070,0.02069,0.104,,,,,
5613,5613,1,,,,0.07951,0.00040,0.00073,0.03766,0.118,,,,,
5618,1,5618,,,,,,,,,,0.033,,,
5618,5618,1,,,,,,,,,,0.041,,,
5633,1,5633,,,,0.07488,0.00046,0.00051,0.05260,0.128,,,,,
5633,5633,1,,,,0.07192,0.00035,0.00055,0.03008,0.103,,,,,
5635,1,5635,,,0.027,,,,,,,,,,
5635,5635,1,,,0.03,,,,,,,,,,
5654,1,5654,,,,,,,,,,0.065,,,
5654,5654,1,,,,,,,,,,0.033,,,
5658,1,5658,,0.028,0.056,,,,,,,,,,
5658,5658,1,,0.016,0.024,,,,,,,,,,
5673,1,5673,,,,0.08312,0.00042,0.00058,0.02929,0.113,,,,,
5673,5673,1,,,,0.07476,0.00037,0.00065,0.03248,0.108,,,,,
5690,1,5690,,,,,,,,,,0.038,,,
5690,5690,1,,,,,,,,,,0.035,,,
5700,75,76,,0.014,0.013,0.07668,0.00036,0.00028,0.02287,0.1,,0.028,,,
5717,1,5717,,0.024,0.035,,,,,,,,,,
5717,5717,1,,0.03,0.023,,,,,,,,,,
5726,1,5726,,,,,,,,,,0.027,,,
5726,5726,1,,,,,,,,,,0.054,,,
5734,1,5734,,,,0.07674,0.00035,0.00061,0.02525,0.103,,,,,
5734,5734,1,,,,0.08479,0.00042,0.00070,0.05854,0.144,,,,,
5747,1,5747,,,,,,,,,,0.027,,,
5747,5747,1,,,,,,,,,,0.054,,,
5762,1,5762,,,,,,,,,,0.029,,,
5762,5762,1,,,,,,,,,,0.047,,,
5775,1,5775,,0.024,0.025,,,,,,,,,,
5775,5775,1,,0.02,0.046,,,,,,,,,,
5794,1,5794,,,,0.08210,0.00038,0.00070,0.02057,0.103,,,,,
5794,5794,1,,,,0.07236,0.00037,0.00154,0.02769,0.102,,,,,
5798,1,5798,,,,,,,,,,0.031,,,
5798,5798,1,,,,,,,,,,0.103,,,
5833,1,5833,,0.039,0.026,,,,,,,,,,
5833,5833,1,,0.018,0.025,,,,,,,,,,
5834,1,5834,,,,,,,,,,0.028,,,
5834,5834,1,,,,,,,,,,0.035,,,
5852,76,77,,0.012,0.021,0.07832,0.00040,0.00042,0.03350,0.112,,0.028,,,
5854,1,5854,,,,0.09578,0.00041,0.00068,0.02562,0.122,,,,,
5854,5854,1,,,,0.07779,0.00043,0.00069,0.03499,0.114,,,,,
5870,1,5870,,,,,,,,,,0.044,,,
5870,5870,1,,,,,,,,,,0.036,,,
5880,1,5880,,0.022,0.027,,,,,,,,,,
5880,5880,1,,0.025,0.046,,,,,,,,,,
5892,1,5892,,0.021,0.026,,,,,,,,,,
5892,5892,1,,0.026,0.026,,,,,,,,,,
5899,1,5899,,,,,,,,,,0.029,,,
5899,5899,1,,,,,,,,,,0.035,,,
5906,1,5906,,,,,,,,,,0.034,,,
5906,5906,1,,,,,,,,,,0.035,,,
5915,1,5915,,,,0.08055,0.00041,0.00059,0.03730,0.119,,,,,
5915,5915,1,,,,0.08300,0.00040,0.00068,0.03031,0.114,,,,,
5942,1,5942,,,,,,,,,,0.074,,,
5942,5942,1,,,,,,,,,,0.035,,,
5950,1,5950,,0.019,0.029,,,,,,,,,,
5950,5950,1,,0.021,0.022,,,,,,,,,,
5975,1,5975,,,,0.07546,0.00035,0.00063,0.02114,0.097,,,,,
5975,5975,1,,,,0.07589,0.00046,0.00070,0.03553,0.112,,,,,
5978,1,5978,,,,,,,,,,0.032,,,
5978,5978,1,,,,,,,,,,0.041,,,
6006,77,78,,0.014,0.016,0.07866,0.00038,0.00052,0.02512,0.104,,0.048,,,
6008,1,6008,,0.021,0.04,,,,,,,,,,
6008,6008,1,,0.017,0.028,,,,,,,,,,
6014,1,6014,,,,,,,,,,0.028,,,
6014,6014,1,,,,,,,,,,0.046,,,
6035,1,6035,,,,0.08055,0.00054,0.00067,0.03380,0.115,,,,,
6035,6035,1,,,,0.07701,0.00040,0.00074,0.03034,0.108,,,,,
6043,1,6043,,0.022,,,,,,,,,,,
6043,6043,1,,0.019,,,,,,,,,,,
6050,1,6050,,,,,,,,,,0.031,,,
6050,6050,1,,,,,,,,,,0.042,,,
6067,1,6067,,0.02,0.029,,,,,,,,,,
6067,6067,1,,0.032,0.039,,,,,,,,,,
6086,1,6086,,,,,,,,,,0.032,,,
6086,6086,1,,,,,,,,,,0.042,,,
6096,1,6096,,,,0.08316,0.00037,0.00064,0.02261,0.106,,,,,
6096,6096,1,,,,0.07719,0.00035,0.00078,0.03832,0.116,,,,,
6122,1,6122,,,,,,,,,,0.053,,,
6122,6122,1,,,,,,,,,,0.038,,,
6125,1,6125,,0.02,0.03,,,,,,,,,,
6125,6125,1,,0.016,0.035,,,,,,,,,,
6156,1,6156,,,,0.07639,0.00040,0.00072,0.02361,0.101,,,,,
6156,6156,1,,,,0.07805,0.00042,0.00110,0.04966,0.129,,,,,
6158,1,6158,,,,,,,,,,0.03,,,
6158,6158,1,,,,,,,,,,0.053,,,
6162,78,79,,0.012,0.014,0.08371,0.00054,0.00042,0.02476,0.109,,0.028,,,
6183,1,6183,,0.031,0.034,,,,,,,,,,
6183,6183,1,,0.021,0.027,,,,,,,,,,
6194,1,6194,,,,,,,,,,0.031,,,
6194,6194,1,,,,,,,,,,0.038,,,
6207,1,6207,,0.023,,,,,,,,,,,
6207,6207,1,,0.017,,,,,,,,,,,
6216,1,6216,,,,0.08353,0.00043,0.00075,0.02522,0.11,,,,,
6216,6216,1,,,,0.08470,0.00038,0.00070,0.03401,0.12,,,,,
6230,1,6230,,,,,,,,,,0.037,,,
6230,6230,1,,,,,,,,,,0.044,,,
6242,1,6242,,0.025,0.047,,,,,,,,,,
6242,6242,1,,0.02,0.034,,,,,,,,,,
6266,1,6266,,,,,,,,,,0.043,,,
6266,6266,1,,,,,,,,,,0.043,,,
6277,1,6277,,,,0.08019,0.00035,0.00083,0.02181,0.103,,,,,
6277,6277,1,,,,0.08074,0.00036,0.00067,0.03335,0.115,,,,,
6300,1,6300,,0.026,0.028,,,,,,,,,,
6300,6300,1,,0.018,0.04,,,,,,,,,,
6302,1,6302,,,,,,,,,,0.03,,,
6302,6302,1,,,,,,,,,,0.046,,,
6320,79,80,,0.013,0.037,0.07635,0.00036,0.00033,0.03588,0.113,,0.044,,,
6337,1,6337,,,,0.07572,0.00036,0.00067,0.02619,0.103,,,,,
6337,6337,1,,,,0.07753,0.00044,0.00065,0.05127,0.13,,,,,
6338,1,6338,,,,,,,,,,0.032,,,
6338,6338,1,,,,,,,,,,0.069,,,
6358,1,6358,,0.033,0.039,,,,,,,,,,
6358,6358,1,,0.02,0.026,,,,,,,,,,
6370,1,6370,,0.037,0.027,,,,,,,,,,
6370,6370,1,,0.021,0.035,,,,,,,,,,
6374,1,6374,,,,,,,,,,0.03,,,
6374,6374,1,,,,,,,,,,0.056,,,
6410,1,6410,,,,0.08990,0.00044,0.00065,0.02946,0.12,,0.033,,,
6410,6410,1,,,,0.08870,0.00037,0.00080,0.04112,0.131,,0.065,,,
6417,1,6417,,0.032,0.054,,,,,,,,,,
6417,6417,1,,0.021,0.027,,,,,,,,,,
6446,1,6446,,,,,,,,,,0.038,,,
6446,6446,1,,,,,,,,,,0.063,,,
6475,1,6475,,0.035,0.063,,,,,,,,,,
6475,6475,1,,0.018,0.026,,,,,,,,,,
6480,80,81,,0.019,0.032,0.08545,0.00039,0.00041,0.02764,0.114,,0.031,,,
6482,1,6482,,,,,,,,,,0.038,,,
6482,6482,1,,,,,,,,,,0.04,,,
6483,1,6483,,,,0.09252,0.00043,0.00075,0.03384,0.127,,,,,
6483,6483,1,,,,0.08397,0.00036,0.00109,0.03283,0.118,,,,,
6518,1,6518,,,,,,,,,,0.033,,,
6518,6518,1,,,,,,,,,,0.037,,,
6533,1,6533,,0.023,0.049,,,,,,,,,,
6533,6533,1,,0.018,0.024,,,,,,,,,,
6554,1,6554,,,,,,,,,,0.033,,,
6554,6554,1,,,,,,,,,,0.039,,,
6556,1,6556,,,,0.08627,0.00037,0.00089,0.03840,0.126,,,,,
6556,6556,1,,,,0.08026,0.00041,0.00069,0.03270,0.114,,,,,
6590,1,6590,,,,,,,,,,0.032,,,
6590,6590,1,,,,,,,,,,0.036,,,
6592,1,6592,,0.043,0.033,,,,,,,,,,
6592,6592,1,,0.021,0.028,,,,,,,,,,
6615,1,6615,,,0.049,,,,,,,,,,
6615,6615,1,,,0.024,,,,,,,,,,
6626,1,6626,,,,,,,,,,0.028,,,
6626,6626,1,,,,,,,,,,0.037,,,
6628,1,6628,,,,0.08187,0.00041,0.00062,0.02238,0.105,,,,,
6628,6628,1,,,,0.07709,0.00051,0.00091,0.04296,0.121,,,,,
6642,81,82,,0.016,0.042,0.08391,0.00036,0.00049,0.02584,0.11,,0.062,,,
6650,1,6650,,0.045,0.072,,,,,,,,,,
6650,6650,1,,0.019,0.029,,,,,,,,,,
6662,1,6662,,,,,,,,,,0.049,,,
6662,6662,1,,,,,,,,,,0.043,,,
6697,1,6697,,0.023,,,,,,,,,,,
6697,6697,1,,0.022,,,,,,,,,,,
6698,1,6698,,,,,,,,,,0.03,,,
6698,6698,1,,,,,,,,,,0.037,,,
6701,1,6701,,,,0.08352,0.00037,0.00082,0.02795,0.112,,,,,
6701,6701,1,,,,0.08231,0.00050,0.00695,0.03849,0.128,,,,,
6708,1,6708,,0.034,0.049,,,,,,,,,,
6708,6708,1,,0.019,0.04,,,,,,,,,,
6734,1,6734,,,,,,,,,,0.042,,,
6734,6734,1,,,,,,,,,,0.04,,,
6767,1,6767,,0.048,0.033,,,,,,,,,,
6767,6767,1,,0.018,0.04,,,,,,,,,,
6770,1,6770,,,,,,,,,,0.031,,,
6770,6770,1,,,,,,,,,,0.073,,,
6774,1,6774,,,,0.08291,0.00041,0.00072,0.02736,0.111,,,,,
6774,6774,1,,,,0.07682,0.00039,0.00073,0.04705,0.125,,,,,
6806,1,6806,,,,,,,,,,0.035,,,
6806,82,83,,0.013,0.014,0.08514,0.00037,0.00050,0.02982,0.116,,0.051,,,
6806,6806,1,,,,,,,,,,0.045,,,
6825,1,6825,,0.038,0.047,,,,,,,,,,
6825,6825,1,,0.018,0.025,,,,,,,,,,
6842,1,6842,,,,,,,,,,0.031,,,
6842,6842,1,,,,,,,,,,0.053,,,
6847,1,6847,,,,0.08367,0.00045,0.00067,0.02544,0.11,,,,,
6847,6847,1,,,,0.07665,0.00043,0.00082,0.03746,0.115,,,,,
6860,1,6860,,0.047,0.052,,,,,,,,,,
6860,6860,1,,0.019,0.025,,,,,,,,,,
6878,1,6878,,,,,,,,,,0.034,,,
6878,6878,1,,,,,,,,,,0.059,,,
6883,1,6883,,0.045,0.042,,,,,,,,,,
6883,6883,1,,0.019,0.042,,,,,,,,,,
6914,1,6914,,,,,,,,,,0.035,,,
6914,6914,1,,,,,,,,,,0.046,,,
6920,1,6920,,,,0.08301,0.00052,0.00073,0.02630,0.11,,,,,
6920,6920,1,,,,0.08310,0.00041,0.00084,0.05253,0.137,,,,,
6942,1,6942,,0.038,0.072,,,,,,,,,,
6942,6942,1,,0.019,0.029,,,,,,,,,,
6950,1,6950,,,,,,,,,,0.037,,,
6950,6950,1,,,,,,,,,,0.098,,,
6972,83,84,,0.014,0.065,0.08796,0.00039,0.00040,0.02552,0.114,,0.03,,,
6986,1,6986,,,,,,,,,,0.032,,,
6986,6986,1,,,,,,,,,,0.04,,,
6993,1,6993,,,,0.08068,0.00046,0.00064,0.03155,0.113,,,,,
6993,6993,1,,,,0.08379,0.00046,0.00074,0.03828,0.123,,,,,
7000,1,7000,,0.044,0.033,,,,,,,,,,
7000,7000,1,,0.02,0.032,,,,,,,,,,
7022,1,7022,,,,,,,,,,0.036,,,
7022,7022,1,,,,,,,,,,0.055,,,
7023,1,7023,,0.034,,,,,,,,,,,
7023,7023,1,,0.02,,,,,,,,,,,
7058,1,7058,,0.033,0.038,,,,,,,0.035,,,
7058,7058,1,,0.02,0.026,,,,,,,0.056,,,
7066,1,7066,,,,0.08631,0.00041,0.00092,0.02731,0.115,,,,,
7066,7066,1,,,,0.08280,0.00039,0.00086,0.04079,0.125,,,,,
7094,1,7094,,,,,,,,,,0.033,,,
7094,7094,1,,,,,,,,,,0.057,,,
7105,1,7105,,,0.039,,,,,,,,,,
7105,7105,1,,,0.036,,,,,,,,,,
7117,1,7117,,0.037,0.052,,,,,,,,,,
7117,7117,1,,0.02,0.043,,,,,,,,,,
7130,1,7130,,,,,,,,,,0.037,,,
7130,7130,1,,,,,,,,,,0.047,,,
7138,1,7138,,,,0.08056,0.00039,0.00087,0.03335,0.115,,,,,
7138,7138,1,,,,0.08334,0.00036,0.00086,0.03421,0.119,,,,,
7140,84,85,,0.019,0.016,0.07642,0.00035,0.00043,0.02784,0.105,,0.033,,,
7166,1,7166,,,,,,,,,,0.034,,,
7166,7166,1,,,,,,,,,,0.094,,,
7175,1,7175,,0.031,0.075,,,,,,,,,,
7175,7175,1,,0.021,0.03,,,,,,,,,,
7187,1,7187,,0.025,,,,,,,,,,,
7187,7187,1,,0.024,,,,,,,,,,,
7202,1,7202,,,,,,,,,,0.038,,,
7202,7202,1,,,,,,,,,,0.049,,,
7211,1,7211,,,,0.08982,0.00047,0.00066,0.02916,0.12,,,,,
7211,7211,1,,,,0.08173,0.00041,0.00101,0.03791,0.121,,,,,
7233,1,7233,,0.036,0.035,,,,,,,,,,
7233,7233,1,,0.02,0.04,,,,,,,,,,
7238,1,7238,,,,,,,,,,0.046,,,
7238,7238,1,,,,,,,,,,0.053,,,
7274,1,7274,,,,,,,,,,0.096,,,
7274,7274,1,,,,,,,,,,0.059,,,
7284,1,7284,,,,0.07896,0.00036,0.00069,0.02743,0.107,,,,,
7284,7284,1,,,,0.07730,0.00039,0.00077,0.03804,0.116,,,,,
7292,1,7292,,0.032,0.037,,,,,,,,,,
7292,7292,1,,0.027,0.028,,,,,,,,,,
7310,1,7310,,,,,,,,,,0.04,,,
7310,85,86,,0.015,0.043,0.08526,0.00043,0.00029,0.02813,0.115,,0.039,,,
7310,7310,1,,,,,,,,,,0.045,,,
7346,1,7346,,,,,,,,,,0.04,,,
7346,7346,1,,,,,,,,,,0.073,,,
7350,1,7350,,0.045,0.061,,,,,,,,,,
7350,7350,1,,0.02,0.028,,,,,,,,,,
7357,1,7357,,,,0.07601,0.00040,0.00066,0.02932,0.106,,,,,
7357,7357,1,,,,0.08031,0.00040,0.00100,0.04750,0.129,,,,,
7382,1,7382,,,,,,,,,,0.049,,,
7382,7382,1,,,,,,,,,,0.054,,,
7394,1,7394,,,,0.07582,0.00036,0.00062,0.02606,0.103,,,,,
7394,7394,1,,,,0.08042,0.00049,0.00067,0.04104,0.122,,,,,
7408,1,7408,,0.027,0.045,,,,,,,,,,
7408,7408,1,,0.034,0.034,,,,,,,,,,
7418,1,7418,,,,,,,,,,0.052,,,
7418,7418,1,,,,,,,,,,0.046,,,
7430,1,7430,,,,0.07730,0.00033,0.00077,0.02633,0.104,,,,,
7430,7430,1,,,,0.07966,0.00038,0.00090,0.05061,0.131,,,,,
7454,1,7454,,,,,,,,,,0.037,,,
7454,7454,1,,,,,,,,,,0.078,,,
7467,1,7467,,0.04,0.047,,,,,,,,,,
7467,7467,1,,0.022,0.041,,,,,,,,,,
7482,86,87,,0.015,0.017,0.07465,0.00039,0.00041,0.02702,0.102,,0.034,,,
7490,1,7490,,,,,,,,,,0.038,,,
7490,7490,1,,,,,,,,,,0.084,,,
7503,1,7503,,,,0.09014,0.00056,0.00084,0.02993,0.121,,,,,
7503,7503,1,,,,0.07941,0.00042,0.00097,0.04389,0.124,,,,,
7525,1,7525,,0.047,0.079,,,,,,,,,,
7525,7525,1,,0.024,0.032,,,,,,,,,,
7526,1,7526,,,,,,,,,,0.038,,,
7526,7526,1,,,,,,,,,,0.049,,,
7562,1,7562,,,,,,,,,,0.057,,,
7562,7562,1,,,,,,,,,,0.09,,,
7576,1,7576,,,,0.07841,0.00034,0.00153,0.02696,0.107,,,,,
7576,7576,1,,,,0.07442,0.00036,0.00081,0.04525,0.121,,,,,
7583,1,7583,,0.03,0.058,,,,,,,,,,
7583,7583,1,,0.023,0.04,,,,,,,,,,
7595,1,7595,,0.041,,,,,,,,,,,
7595,7595,1,,0.026,,,,,,,,,,,
7598,1,7598,,,,,,,,,,0.04,,,
7598,7598,1,,,,,,,,,,0.056,,,
7634,1,7634,,,,,,,,,,0.046,,,
7634,7634,1,,,,,,,,,,0.085,,,
7642,1,7642,,0.037,0.042,,,,,,,,,,
7642,7642,1,,0.025,0.032,,,,,,,,,,
7649,1,7649,,,,0.07607,0.00039,0.00074,0.03811,0.115,,,,,
7649,7649,1,,,,0.07952,0.00042,0.00078,0.03839,0.119,,,,,
7656,1,7656,,,0.044,,,,,,,,,,
7656,87,88,,0.026,0.033,0.08370,0.00041,0.00049,0.03165,0.116,,0.034,,,
7656,7656,1,,,0.027,,,,,,,,,,
7670,1,7670,,,,,,,,,,0.037,,,
7670,7670,1,,,,,,,,,,0.065,,,
7700,1,7700,,0.034,0.048,,,,,,,,,,
7700,7700,1,,0.04,0.035,,,,,,,,,,
7706,1,7706,,,,,,,,,,0.037,,,
7706,7706,1,,,,,,,,,,0.061,,,
7721,1,7721,,,,0.08069,0.00034,0.00079,0.03873,0.12,,,,,
7721,7721,1,,,,0.08259,0.00037,0.00138,0.04387,0.128,,,,,
7742,1,7742,,,,,,,,,,0.041,,,
7742,7742,1,,,,,,,,,,0.058,,,
7758,1,7758,,0.027,0.067,,,,,,,,,,
7758,7758,1,,0.033,0.047,,,,,,,,,,
7778,1,7778,,,,,,,,,,0.042,,,
7778,7778,1,,,,,,,,,,0.055,,,
7794,1,7794,,,,0.08359,0.00037,0.00078,0.03020,0.115,,,,,
7794,7794,1,,,,0.08241,0.00046,0.00093,0.04338,0.127,,,,,
7814,1,7814,,,,,,,,,,0.036,,,
7814,7814,1,,,,,,,,,,0.143,,,
7817,1,7817,,0.029,0.057,,,,,,,,,,
7817,7817,1,,0.027,0.045,,,,,,,,,,
7832,88,89,,0.017,0.023,0.08185,0.00037,0.00040,0.03172,0.114,,0.04,,,
7840,1,7840,,0.051,,,,,,,,,,,
7840,7840,1,,0.021,,,,,,,,,,,
7850,1,7850,,,,,,,,,,0.064,,,
7850,7850,1,,,,,,,,,,0.045,,,
7867,1,7867,,,,0.08287,0.00037,0.00101,0.03721,0.121,,,,,
7867,7867,1,,,,0.08596,0.00037,0.00088,0.04419,0.131,,,,,
7875,1,7875,,0.033,0.078,,,,,,,,,,
7875,7875,1,,0.021,0.033,,,,,,,,,,
7886,1,7886,,,,,,,,,,0.037,,,
7886,7886,1,,,,,,,,,,0.044,,,
7922,1,7922,,,,,,,,,,0.046,,,
7922,7922,1,,,,,,,,,,0.056,,,
7933,1,7933,,0.053,0.048,,,,,,,,,,
7933,7933,1,,0.022,0.041,,,,,,,,,,
7940,1,7940,,,,0.08385,0.00049,0.00080,0.04270,0.128,,,,,
7940,7940,1,,,,0.08240,0.00038,0.00084,0.04467,0.128,,,,,
7958,1,7958,,,,,,,,,,0.04,,,
7958,7958,1,,,,,,,,,,0.075,,,
7963,1,7963,,,0.053,,,,,,,,,,
7963,7963,1,,,0.047,,,,,,,,,,
7992,1,7992,,0.039,0.07,,,,,,,,,,
7992,7992,1,,0.024,0.031,,,,,,,,,,
7994,1,7994,,,,,,,,,,0.039,,,
7994,7994,1,,,,,,,,,,0.073,,,
8010,89,90,,0.016,0.019,0.08883,0.00046,0.00052,0.05582,0.145,,0.037,,,
8013,1,8013,,,,0.08598,0.00047,0.00085,0.03385,0.121,,,,,
8013,8013,1,,,,0.93587,0.00061,0.00082,0.06355,1.001,,,,,
8030,1,8030,,,,,,,,,,0.043,,,
8030,8030,1,,,,,,,,,,0.071,,,
8050,1,8050,,0.033,0.079,,,,,,,,,,
8050,8050,1,,0.023,0.04,,,,,,,,,,
8066,1,8066,,,,,,,,,,0.038,,,
8066,8066,1,,,,,,,,,,0.061,,,
8085,1,8085,,0.056,,,,,,,,,,,
8085,8085,1,,0.03,,,,,,,,,,,
8086,1,8086,,,,0.09029,0.00045,0.00080,0.03606,0.127,,,,,
8086,8086,1,,,,0.08572,0.00050,0.00090,0.06254,0.149,,,,,
8102,1,8102,,,,,,,,,,0.07,,,
8102,8102,1,,,,,,,,,,0.051,,,
8108,1,8108,,0.027,0.05,,,,,,,,,,
8108,8108,1,,0.035,0.056,,,,,,,,,,
8138,1,8138,,,,,,,,,,0.041,,,
8138,8138,1,,,,,,,,,,0.063,,,
8159,1,8159,,,,0.08348,0.00046,0.00075,0.03132,0.116,,,,,
8159,8159,1,,,,0.08434,0.00041,0.00128,0.06585,0.152,,,,,
8167,1,8167,,0.035,0.073,,,,,,,,,,
8167,8167,1,,0.022,0.033,,,,,,,,,,
8174,1,8174,,,,,,,,,,0.132,,,
8174,8174,1,,,,,,,,,,0.052,,,
8190,90,91,,0.016,0.047,0.09065,0.00048,0.00051,0.03292,0.124,,0.074,,,
8210,1,8210,,,,,,,,,,0.042,,,
8210,8210,1,,,,,,,,,,0.057,,,
8225,1,8225,,0.039,0.044,,,,,,,,,,
8225,8225,1,,0.031,0.04,,,,,,,,,,
8231,1,8231,,,,0.08499,0.00043,0.00085,0.06836,0.154,,,,,
8231,8231,1,,,,0.08141,0.00036,0.00083,0.04858,0.131,,,,,
8246,1,8246,,,,,,,,,,0.044,,,
8246,8246,1,,,,,,,,,,0.064,,,
8269,1,8269,,,0.065,,,,,,,,,,
8269,8269,1,,,0.036,,,,,,,,,,
8282,1,8282,,,,,,,,,,0.043,,,
8282,8282,1,,,,,,,,,,0.075,,,
8283,1,8283,,0.029,0.064,,,,,,,,,,
8283,8283,1,,0.035,0.039,,,,,,,,,,
8304,1,8304,,,,0.09145,0.00049,0.00152,0.07142,0.165,,,,,
8304,8304,1,,,,0.08143,0.00047,0.00088,0.04701,0.13,,,,,
8319,1,8319,,,,,,,,,,0.04,,,
8319,8319,1,,,,,,,,,,0.071,,,
8330,1,8330,,0.028,,,,,,,,,,,
8330,8330,1,,0.039,,,,,,,,,,,
8342,1,8342,,0.035,0.051,,,,,,,,,,
8342,8342,1,,0.027,0.034,,,,,,,,,,
8355,1,8355,,,,,,,,,,0.042,,,
8355,8355,1,,,,,,,,,,0.063,,,
8372,91,92,,0.019,0.018,0.07940,0.00033,0.00031,0.03812,0.118,,0.073,,,
8377,1,8377,,,,0.08338,0.00042,0.00073,0.05326,0.137,,,,,
8377,8377,1,,,,0.08408,0.00041,0.00091,0.04611,0.131,,,,,
8391,1,8391,,,,,,,,,,0.064,,,
8391,8391,1,,,,,,,,,,0.055,,,
8400,1,8400,,0.051,0.068,,,,,,,,,,
8400,8400,1,,0.022,0.05,,,,,,,,,,
8427,1,8427,,,,,,,,,,0.043,,,
8427,8427,1,,,,,,,,,,0.057,,,
8450,1,8450,,,,0.08873,0.00041,0.00066,0.05928,0.149,,,,,
8450,8450,1,,,,0.08325,0.00040,0.00071,0.04744,0.132,,,,,
8458,1,8458,,0.043,0.072,,,,,,,,,,
8458,8458,1,,0.043,0.032,,,,,,,,,,
8463,1,8463,,,,,,,,,,0.043,,,
8463,8463,1,,,,,,,,,,0.057,,,
8499,1,8499,,,,,,,,,,0.044,,,
8499,8499,1,,,,,,,,,,0.057,,,
8517,1,8517,,0.032,0.056,,,,,,,,,,
8517,8517,1,,0.038,0.037,,,,,,,,,,
8534,1,8534,,,,0.08311,0.00043,0.00072,0.06923,0.153,,,,,
8534,8534,1,,,,0.08572,0.00054,0.00098,0.04888,0.136,,,,,
8535,1,8535,,,,,,,,,,0.047,,,
8535,8535,1,,,,,,,,,,0.056,,,
8556,92,93,,0.032,0.028,0.09004,0.00040,0.00045,0.05928,0.15,,0.046,,,
8571,1,8571,,,,,,,,,,0.068,,,
8571,8571,1,,,,,,,,,,0.049,,,
8575,1,8575,,0.029,0.041,,,,,,,,,,
8575,8575,1,,0.051,0.065,,,,,,,,,,
8607,1,8607,,,,,,,,,,0.061,,,
8607,8607,1,,,,,,,,,,0.064,,,
8619,1,8619,,,,0.08224,0.00035,0.00084,0.03759,0.121,,,,,
8619,8619,1,,,,0.09112,0.00042,0.00088,0.09062,0.183,,,,,
8633,1,8633,,0.043,0.042,,,,,,,,,,
8633,8633,1,,0.025,0.061,,,,,,,,,,
8643,1,8643,,,,,,,,,,0.038,,,
8643,8643,1,,,,,,,,,,0.076,,,
8679,1,8679,,,,,,,,,,0.044,,,
8679,8679,1,,,,,,,,,,0.07,,,
8692,1,8692,,0.044,0.054,,,,,,,,,,
8692,8692,1,,0.026,0.065,,,,,,,,,,
8703,1,8703,,,,0.09106,0.00038,0.00085,0.03540,0.127,,,,,
8703,8703,1,,,,0.08657,0.00042,0.00094,0.07662,0.164,,,,,
8715,1,8715,,,,,,,,,,0.067,,,
8715,8715,1,,,,,,,,,,0.052,,,
8742,93,94,,0.018,0.021,0.08725,0.00056,0.00044,0.03979,0.128,,0.041,,,
8750,1,8750,,0.056,0.057,,,,,,,,,,
8750,8750,1,,0.031,0.048,,,,,,,,,,
8751,1,8751,,,,,,,,,,0.067,,,
8751,8751,1,,,,,,,,,,0.053,,,
8787,1,8787,,,,,,,,,,0.044,,,
8787,8787,1,,,,,,,,,,0.078,,,
8788,1,8788,,,,0.09320,0.00048,0.00080,0.06615,0.16,,,,,
8788,8788,1,,,,0.08798,0.00043,0.00084,0.04781,0.137,,,,,
8808,1,8808,,0.037,0.05,,,,,,,,,,
8808,8808,1,,0.039,0.062,,,,,,,,,,
8820,1,8820,,0.043,,,,,,,,,,,
8820,8820,1,,0.043,,,,,,,,,,,
8823,1,8823,,,,,,,,,,0.072,,,
8823,8823,1,,,,,,,,,,0.056,,,
8859,1,8859,,,,,,,,,,0.058,,,
8859,8859,1,,,,,,,,,,0.057,,,
8867,1,8867,,0.053,0.087,,,,,,,,,,
8867,8867,1,,0.029,0.081,,,,,,,,,,
8872,1,8872,,,,0.07747,0.00037,0.00073,0.05159,0.13,,,,,
8872,8872,1,,,,0.07981,0.00044,0.00333,0.04809,0.131,,,,,
8881,1,8881,,,0.043,,,,,,,,,,
8881,8881,1,,,0.033,,,,,,,,,,
8895,1,8895,,,,,,,,,,0.046,,,
8895,8895,1,,,,,,,,,,0.065,,,
8925,1,8925,,0.033,0.083,,,,,,,,,,
8925,8925,1,,0.033,0.034,,,,,,,,,,
8930,94,95,,0.045,0.027,0.08195,0.00046,0.00045,0.05802,0.141,,0.066,,,
8931,1,8931,,,,,,,,,,0.066,,,
8931,8931,1,,,,,,,,,,0.054,,,
8957,1,8957,,,,0.08435,0.00051,0.00076,0.03368,0.119,,,,,
8957,8957,1,,,,0.08043,0.00059,0.00087,0.06368,0.145,,,,,
8967,1,8967,,,,,,,,,,0.06,,,
8967,8967,1,,,,,,,,,,0.089,,,
8983,1,8983,,0.039,0.091,,,,,,,,,,
8983,8983,1,,0.029,0.039,,,,,,,,,,
9003,1,9003,,,,,,,,,,0.042,,,
9003,9003,1,,,,,,,,,,0.081,,,
9039,1,9039,,,,,,,,,,0.13,,,
9039,9039,1,,,,,,,,,,0.06,,,
9041,1,9041,,,,0.08175,0.00040,0.00115,0.03442,0.117,,,,,
9041,9041,1,,,,0.09287,0.00043,0.00115,0.07625,0.17,,,,,
9042,1,9042,,0.044,0.049,,,,,,,,,,
9042,9042,1,,0.041,0.063,,,,,,,,,,
9065,1,9065,,0.036,,,,,,,,,,,
9065,9065,1,,0.039,,,,,,,,,,,
9075,1,9075,,,,,,,,,,0.051,,,
9075,9075,1,,,,,,,,,,0.094,,,
9100,1,9100,,0.032,0.061,,,,,,,,,,
9100,9100,1,,0.024,0.062,,,,,,,,,,
9111,1,9111,,,,,,,,,,0.043,,,
9111,9111,1,,,,,,,,,,0.082,,,
9120,95,96,,0.022,0.019,0.08308,0.00040,0.00047,0.03987,0.124,,0.045,,,
9126,1,9126,,,,0.08059,0.00042,0.00083,0.04315,0.125,,,,,
9126,9126,1,,,,0.08062,0.00038,0.00094,0.04975,0.131,,,,,
9147,1,9147,,,,,,,,,,0.047,,,
9147,9147,1,,,,,,,,,,0.092,,,
9158,1,9158,,0.048,0.043,,,,,,,,,,
9158,9158,1,,0.029,0.067,,,,,,,,,,
9183,1,9183,,,,,,,,,,0.065,,,
9183,9183,1,,,,,,,,,,0.054,,,
9188,1,9188,,,0.044,,,,,,,,,,
9188,9188,1,,,0.044,,,,,,,,,,
9210,1,9210,,,,0.08753,0.00037,0.00089,0.04196,0.131,,,,,
9210,9210,1,,,,0.08186,0.00044,0.00099,0.04832,0.132,,,,,
9217,1,9217,,0.034,0.064,,,,,,,,,,
9217,9217,1,,0.032,0.061,,,,,,,,,,
9219,1,9219,,,,,,,,,,0.073,,,
9219,9219,1,,,,,,,,,,0.091,,,
9255,1,9255,,,,,,,,,,0.053,,,
9255,9255,1,,,,,,,,,,0.098,,,
9275,1,9275,,0.065,0.063,,,,,,,,,,
9275,9275,1,,0.028,0.045,,,,,,,,,,
9291,1,9291,,,,,,,,,,0.048,,,
9291,9291,1,,,,,,,,,,0.061,,,
9295,1,9295,,,,0.08557,0.00046,0.00101,0.03548,0.122,,,,,
9295,9295,1,,,,0.09357,0.00043,0.00101,0.05391,0.149,,,,,
9310,1,9310,,0.049,,,,,,,,,,,
9310,9310,1,,0.048,,,,,,,,,,,
9312,96,97,,0.021,0.022,0.08720,0.00041,0.00052,0.03943,0.127,,0.052,,,
9327,1,9327,,,,,,,,,,0.073,,,
9327,9327,1,,,,,,,,,,0.066,,,
9333,1,9333,,0.045,0.05,,,,,,,,,,
9333,9333,1,,0.044,0.061,,,,,,,,,,
9363,1,9363,,,,,,,,,,0.062,,,
9363,9363,1,,,,,,,,,,0.091,,,
9379,1,9379,,,,0.08328,0.00050,0.00087,0.06328,0.148,,,,,
9379,9379,1,,,,0.08906,0.00046,0.00175,0.05951,0.151,,,,,
9392,1,9392,,0.034,0.063,,,,,,,,,,
9392,9392,1,,0.03,0.067,,,,,,,,,,
9399,1,9399,,,,,,,,,,0.053,,,
9399,9399,1,,,,,,,,,,0.077,,,
9435,1,9435,,,,,,,,,,0.062,,,
9435,9435,1,,,,,,,,,,0.075,,,
9450,1,9450,,0.052,0.054,,,,,,,,,,
9450,9450,1,,0.028,0.066,,,,,,,,,,
9453,1,9453,,,,,,,,,,0.066,,,
9453,9453,1,,,,,,,,,,0.064,,,
9464,1,9464,,,,0.08526,0.00041,0.00107,0.04653,0.133,,,,,
9464,9464,1,,,,0.08810,0.00061,0.00129,0.05256,0.142,,,,,
9471,1,9471,,,,,,,,,,0.051,,,
9471,9471,1,,,,,,,,,,0.08,,,
9494,1,9494,,,0.05,,,,,,,,,,
9494,9494,1,,,0.063,,,,,,,,,,
9506,1,9506,,,,0.07595,0.00039,0.00087,0.04165,0.119,,,,,
9506,97,98,,0.022,0.035,0.07692,0.00040,0.00037,0.04454,0.122,,0.049,,,
9506,9506,1,,,,0.08382,0.00041,0.00079,0.07424,0.159,,,,,
9507,1,9507,,,,,,,,,,0.062,,,
9507,9507,1,,,,,,,,,,0.063,,,
9508,1,9508,,0.041,0.055,,,,,,,,,,
9508,9508,1,,0.034,0.061,,,,,,,,,,
9543,1,9543,,,,,,,,,,0.065,,,
9543,9543,1,,,,,,,,,,0.064,,,
9548,1,9548,,,,0.08496,0.00040,0.00094,0.04317,0.129,,,,,
9548,9548,1,,,,0.08488,0.00038,0.00100,0.05942,0.145,,,,,
9555,1,9555,,0.054,,,,,,,,,,,
9555,9555,1,,0.039,,,,,,,,,,,
9567,1,9567,,0.038,0.083,,,,,,,,,,
9567,9567,1,,0.03,0.083,,,,,,,,,,
9579,1,9579,,,,,,,,,,0.047,,,
9579,9579,1,,,,,,,,,,0.075,,,
9615,1,9615,,,,,,,,,,0.053,,,
9615,9615,1,,,,,,,,,,0.108,,,
9625,1,9625,,0.044,0.075,,,,,,,,,,
9625,9625,1,,0.036,0.077,,,,,,,,,,
9633,1,9633,,,,0.09279,0.00042,0.00084,0.04342,0.137,,,,,
9633,9633,1,,,,0.08056,0.00039,0.00092,0.07906,0.161,,,,,
9651,1,9651,,,,,,,,,,0.066,,,
9651,9651,1,,,,,,,,,,0.091,,,
9683,1,9683,,0.032,0.08,,,,,,,,,,
9683,9683,1,,0.031,0.078,,,,,,,,,,
9687,1,9687,,,,,,,,,,0.044,,,
9687,9687,1,,,,,,,,,,0.085,,,
9702,98,99,,0.022,0.025,0.07912,0.00040,0.00044,0.04114,0.121,,0.047,,,
9717,1,9717,,,,0.08015,0.00037,0.00086,0.06055,0.142,,,,,
9717,9717,1,,,,0.08188,0.00045,0.00106,0.05740,0.141,,,,,
9723,1,9723,,,,,,,,,,0.144,,,
9723,9723,1,,,,,,,,,,0.064,,,
9742,1,9742,,0.037,0.075,,,,,,,,,,
9742,9742,1,,0.026,0.037,,,,,,,,,,
9759,1,9759,,,,,,,,,,0.05,,,
9759,9759,1,,,,,,,,,,0.08,,,
9795,1,9795,,,,,,,,,,0.05,,,
9795,9795,1,,,,,,,,,,0.11,,,
9800,1,9800,,0.034,0.066,,,,,,,,,,
9800,9800,1,,0.059,0.051,,,,,,,,,,
9802,1,9802,,,,0.08499,0.00045,0.00087,0.04947,0.136,,,,,
9802,9802,1,,,,0.07722,0.00035,0.00097,0.05859,0.137,,,,,
9831,1,9831,,,,,,,,,,0.089,,,
9831,9831,1,,,,,,,,,,0.058,,,
9858,1,9858,,0.032,0.08,,,,,,,,,,
9858,9858,1,,0.035,0.064,,,,,,,,,,
9867,1,9867,,,,,,,,,,0.049,,,
9867,9867,1,,,,,,,,,,0.088,,,
9886,1,9886,,,,0.08006,0.00039,0.00083,0.03777,0.119,,,,,
9886,9886,1,,,,0.08598,0.00044,0.00109,0.05364,0.141,,,,,
9900,99,100,,0.019,0.023,0.08581,0.00040,0.00056,0.05194,0.138,,0.043,,,
9903,1,9903,,,,,,,,,,0.051,,,
9903,9903,1,,,,,,,,,,0.08,,,
9917,1,9917,,0.038,0.051,,,,,,,,,,
9917,9917,1,,0.029,0.043,,,,,,,,,,
9939,1,9939,,,,,,,,,,0.065,,,
9939,9939,1,,,,,,,,,,0.06,,,
9971,1,9971,,,,0.08592,0.00047,0.00083,0.04520,0.132,,,,,
9971,9971,1,,,,0.08925,0.00038,0.00109,0.05658,0.147,,,,,
9975,1,9975,,0.07,0.061,,,,,,,0.048,,,
9975,9975,1,,0.027,0.049,,,,,,,0.079,,,
10011,1,10011,,,,,,,,,,0.059,,,
10011,10011,1,,,,,,,,,,0.12,,,
10033,1,10033,,0.053,0.066,,,,,,,,,,
10033,10033,1,,0.039,0.045,,,,,,,,,,
10047,1,10047,,,,,,,,,,0.072,,,
10047,10047,1,,,,,,,,,,0.101,,,
10055,1,10055,,,,0.08036,0.00040,0.00081,0.04461,0.126,,,,,
10055,10055,1,,,,0.08309,0.00039,0.00102,0.06162,0.146,,,,,
10083,1,10083,,,,,,,,,,0.054,,,
10083,10083,1,,,,,,,,,,0.086,,,
10092,1,10092,,0.04,0.063,,,,,,,,,,
10092,10092,1,,0.029,0.062,,,,,,,,,,
10100,100,101,,0.022,0.049,0.07936,0.00038,0.00042,0.04249,0.122,,0.053,,,
10106,1,10106,,0.052,,,,,,,,,,,
10106,10106,1,,0.053,,,,,,,,,,,
10119,1,10119,,,,,,,,,,0.067,,,
10119,10119,1,,,,,,,,,,0.078,,,
10140,1,10140,,,,0.08649,0.00041,0.00090,0.06255,0.15,,,,,
10140,10140,1,,,,0.08310,0.00042,0.00102,0.05479,0.139,,,,,
10150,1,10150,,0.045,0.06,,,,,,,,,,
10150,10150,1,,0.036,0.063,,,,,,,,,,
10155,1,10155,,,,,,,,,,0.048,,,
10155,10155,1,,,,,,,,,,0.072,,,
10191,1,10191,,,,,,,,,,0.057,,,
10191,10191,1,,,,,,,,,,0.111,,,
10208,1,10208,,0.06,0.055,,,,,,,,,,
10208,10208,1,,0.029,0.062,,,,,,,,,,
10209,1,10209,,,,,,,,,,0.074,,,
10209,10209,1,,,,,,,,,,0.075,,,
10224,1,10224,,,,0.08557,0.00042,0.00114,0.05423,0.141,,,,,
10224,10224,1,,,,0.08544,0.00045,0.00108,0.05407,0.141,,,,,
10227,1,10227,,,,,,,,,,0.051,,,
10227,10227,1,,,,,,,,,,0.089,,,
10263,1,10263,,,,,,,,,,0.124,,,
10263,10263,1,,,,,,,,,,0.062,,,
10267,1,10267,,0.065,0.078,,,,,,,,,,
10267,10267,1,,0.029,0.072,,,,,,,,,,
10290,1,10290,,,0.07,,,,,,,,,,
10290,10290,1,,,0.054,,,,,,,,,,
10299,1,10299,,,,,,,,,,0.048,,,
10299,10299,1,,,,,,,,,,0.078,,,
10302,101,102,,0.037,0.054,0.08179,0.00043,0.00074,0.04299,0.126,,0.049,,,
10309,1,10309,,,,0.08076,0.00035,0.00090,0.04504,0.127,,,,,
10309,10309,1,,,,0.08146,0.00040,0.00106,0.05788,0.141,,,,,
10325,1,10325,,0.047,0.069,,,,,,,,,,
10325,10325,1,,0.043,0.062,,,,,,,,,,
10335,1,10335,,,,,,,,,,0.069,,,
10335,10335,1,,,,,,,,,,0.109,,,
10371,1,10371,,,,,,,,,,0.05,,,
10371,10371,1,,,,,,,,,,0.119,,,
10383,1,10383,,0.064,0.062,,,,,,,,,,
10383,10383,1,,0.032,0.061,,,,,,,,,,
10393,1,10393,,,,0.08806,0.00044,0.00090,0.05386,0.143,,,,,
10393,10393,1,,,,0.08082,0.00039,0.00094,0.05209,0.134,,,,,
10407,1,10407,,,,,,,,,,0.062,,,
10407,10407,1,,,,,,,,,,0.068,,,
10413,1,10413,,0.04,,,,,,,,,,,
10413,10413,1,,0.048,,,,,,,,,,,
10442,1,10442,,0.081,0.092,,,,,,,,,,
10442,10442,1,,0.039,0.107,,,,,,,,,,
10443,1,10443,,,,,,,,,,0.049,,,
10443,10443,1,,,,,,,,,,0.078,,,
10478,1,10478,,,,0.08068,0.00038,0.01259,0.04087,0.134,,,,,
10478,10478,1,,,,0.07977,0.00037,0.00102,0.07695,0.158,,,,,
10479,1,10479,,,,,,,,,,0.055,,,
10479,10479,1,,,,,,,,,,0.123,,,
10500,1,10500,,0.047,0.084,,,,,,,,,,
10500,10500,1,,0.03,0.05,,,,,,,,,,
10506,102,103,,0.045,0.025,0.07564,0.00040,0.00029,0.04078,0.117,,0.075,,,
10515,1,10515,,,,,,,,,,0.058,,,
10515,10515,1,,,,,,,,,,0.101,,,
10551,1,10551,,,,,,,,,,0.058,,,
10551,10551,1,,,,,,,,,,0.123,,,
10558,1,10558,,0.059,0.052,,,,,,,,,,
10558,10558,1,,0.046,0.073,,,,,,,,,,
10562,1,10562,,,,0.08237,0.00059,0.00099,0.03829,0.122,,,,,
10562,10562,1,,,,0.08336,0.00037,0.00108,0.07531,0.16,,,,,
10563,1,10563,,,,0.07968,0.00044,0.00278,0.03791,0.121,,,,,
10563,10563,1,,,,0.08700,0.00041,0.00085,0.06917,0.157,,,,,
10587,1,10587,,,,,,,,,,0.108,,,
10587,10587,1,,,,,,,,,,0.066,,,
10617,1,10617,,0.061,0.123,,,,,,,,,,
10617,10617,1,,0.061,0.085,,,,,,,,,,
10623,1,10623,,,,,,,,,,0.083,,,
10623,10623,1,,,,,,,,,,0.072,,,
10659,1,10659,,,,,,,,,,0.063,,,
10659,10659,1,,,,,,,,,,0.132,,,
10663,1,10663,,,,0.08019,0.00043,0.00096,0.06508,0.146,,,,,
10663,10663,1,,,,0.08816,0.00036,0.00129,0.05912,0.149,,,,,
10675,1,10675,,0.037,0.089,,,,,,,,,,
10675,10675,1,,0.042,0.066,,,,,,,,,,
10695,1,10695,,,,,,,,,,0.053,,,
10695,10695,1,,,,,,,,,,0.096,,,
10712,103,104,,0.025,0.028,0.08614,0.00040,0.00045,0.06582,0.153,,0.073,,,
10719,1,10719,,0.055,,,,,,,,,,,
10719,10719,1,,0.053,,,,,,,,,,,
10731,1,10731,,,,,,,,,,0.071,,,
10731,10731,1,,,,,,,,,,0.085,,,
10733,1,10733,,0.047,0.075,,,,,,,,,,
10733,10733,1,,0.052,0.071,,,,,,,,,,
10763,1,10763,,,,0.08244,0.00035,0.00092,0.04557,0.129,,,,,
10763,10763,1,,,,0.08200,0.00046,0.00101,0.09772,0.181,,,,,
10767,1,10767,,,,,,,,,,0.06,,,
10767,10767,1,,,,,,,,,,0.085,,,
10780,1,10780,,,0.121,,,,,,,,,,
10780,10780,1,,,0.069,,,,,,,,,,
10792,1,10792,,0.037,0.076,,,,,,,,,,
10792,10792,1,,0.032,0.073,,,,,,,,,,
10803,1,10803,,,,,,,,,,0.1,,,
10803,10803,1,,,,,,,,,,0.071,,,
10839,1,10839,,,,,,,,,,0.099,,,
10839,10839,1,,,,,,,,,,0.079,,,
10850,1,10850,,0.046,0.078,,,,,,,,,,
10850,10850,1,,0.038,0.066,,,,,,,,,,
10864,1,10864,,,,0.08577,0.00045,0.00092,0.06187,0.149,,,,,
10864,10864,1,,,,0.08290,0.00041,0.00107,0.06492,0.149,,,,,
10875,1,10875,,,,,,,,,,0.104,,,
10875,10875,1,,,,,,,,,,0.093,,,
10908,1,10908,,0.052,0.085,,,,,,,,,,
10908,10908,1,,0.04,0.095,,,,,,,,,,
10911,1,10911,,,,,,,,,,0.149,,,
10911,10911,1,,,,,,,,,,0.08,,,
10920,104,105,,0.025,0.05,0.08429,0.00040,0.00048,0.09015,0.175,,0.057,,,
10947,1,10947,,,,,,,,,,0.059,,,
10947,10947,1,,,,,,,,,,0.084,,,
10964,1,10964,,,,0.08657,0.00060,0.00134,0.04972,0.138,,,,,
10964,10964,1,,,,0.08181,0.00041,0.00107,0.06316,0.146,,,,,
10965,1,10965,,,,,,,,,,0.071,,,
10965,10965,1,,,,,,,,,,0.1,,,
10967,1,10967,,0.057,0.066,,,,,,,,,,
10967,10967,1,,0.046,0.06,,,,,,,,,,
10983,1,10983,,,,,,,,,,0.108,,,
10983,10983,1,,,,,,,,,,0.083,,,
11019,1,11019,,,,,,,,,,0.093,,,
11019,11019,1,,,,,,,,,,0.07,,,
11025,1,11025,,0.055,0.078,,,,,,,,,,
11025,105,105,,0.023,0.028,,,,,,,,,,
11025,11025,1,,0.052,0.079,,,,,,,,,,
11055,1,11055,,,,,,,,,,0.068,,,
11055,11055,1,,,,,,,,,,0.074,,,
11065,1,11065,,,,0.08590,0.00045,0.00090,0.06451,0.152,,,,,
11065,11065,1,,,,0.08852,0.00037,0.00102,0.09718,0.187,,,,,
11083,1,11083,,0.07,0.052,,,,,,,,,,
11083,11083,1,,0.033,0.065,,,,,,,,,,
11091,1,11091,,,,,,,,,,0.069,,,
11091,11091,1,,,,,,,,,,0.076,,,
11127,1,11127,,,,,,,,,,0.067,,,
11127,11127,1,,,,,,,,,,0.082,,,
11130,105,106,,0.039,0.037,0.07728,0.00038,0.00049,0.04551,0.123,,0.072,,,
11142,1,11142,,0.062,0.094,,,,,,,,,,
11142,11142,1,,0.033,0.068,,,,,,,,,,
11163,1,11163,,,,,,,,,,0.099,,,
11163,11163,1,,,,,,,,,,0.095,,,
11166,1,11166,,,,0.08612,0.00043,0.00112,0.09774,0.185,,,,,
11166,11166,1,,,,0.09269,0.00037,0.00108,0.06199,0.156,,,,,
11199,1,11199,,,,,,,,,,0.059,,,
11199,11199,1,,,,,,,,,,0.09,,,
11200,1,11200,,0.06,0.077,,,,,,,,,,
11200,11200,1,,0.038,0.1,,,,,,,,,,
11235,1,11235,,,,,,,,,,0.068,,,
11235,11235,1,,,,,,,,,,0.127,,,
11258,1,11258,,0.044,0.083,,,,,,,,,,
11258,11258,1,,0.055,0.08,,,,,,,,,,
11266,1,11266,,,,0.07930,0.00035,0.00095,0.04467,0.125,,,,,
11266,11266,1,,,,0.07951,0.00035,0.00102,0.06531,0.146,,,,,
11270,1,11270,,,0.085,,,,,,,,,,
11270,11270,1,,,0.064,,,,,,,,,,
11271,1,11271,,,,,,,,,,0.081,,,
11271,11271,1,,,,,,,,,,0.129,,,
11307,1,11307,,,,,,,,,,0.064,,,
11307,11307,1,,,,,,,,,,0.111,,,
11317,1,11317,,0.055,0.07,,,,,,,,,,
11317,11317,1,,0.037,0.07,,,,,,,,,,
11331,1,11331,,0.058,,,,,,,,,,,
11331,11331,1,,0.038,,,,,,,,,,,
11342,106,107,,0.032,0.055,0.08793,0.00039,0.00044,0.05089,0.139,,0.056,,,
11344,1,11344,,,,,,,,,,0.072,,,
11344,11344,1,,,,,,,,,,0.084,,,
11367,1,11367,,,,0.09274,0.00051,0.00092,0.04854,0.142,,,,,
11367,11367,1,,,,0.08189,0.00036,0.00125,0.07123,0.154,,,,,
11375,1,11375,,0.048,0.14,,,,,,,,,,
11375,11375,1,,0.039,0.114,,,,,,,,,,
11380,1,11380,,,,,,,,,,0.055,,,
11380,11380,1,,,,,,,,,,0.12,,,
11416,1,11416,,,,,,,,,,0.108,,,
11416,11416,1,,,,,,,,,,0.082,,,
11433,1,11433,,0.061,0.121,,,,,,,,,,
11433,11433,1,,0.068,0.072,,,,,,,,,,
11452,1,11452,,,,,,,,,,0.055,,,
11452,11452,1,,,,,,,,,,0.08,,,
11468,1,11468,,,,0.08027,0.00039,0.00094,0.04525,0.127,,,,,
11468,11468,1,,,,0.07970,0.00038,0.00190,0.07190,0.154,,,,,
11488,1,11488,,,,,,,,,,0.098,,,
11488,11488,1,,,,,,,,,,0.119,,,
11492,1,11492,,0.075,0.1,,,,,,,,,,
11492,11492,1,,0.034,0.068,,,,,,,,,,
11524,1,11524,,,,,,,,,,0.054,,,
11524,11524,1,,,,,,,,,,0.077,,,
11550,1,11550,,0.049,0.098,,,,,,,,,,
11550,11550,1,,0.044,0.063,,,,,,,,,,
11556,107,108,,0.025,0.056,0.08113,0.00040,0.00031,0.04571,0.127,,0.071,,,
11560,1,11560,,,,,,,,,,0.119,,,
11560,11560,1,,,,,,,,,,0.076,,,
11568,1,11568,,,,0.07929,0.00033,0.00090,0.06017,0.14,,,,,
11568,11568,1,,,,0.08418,0.00039,0.00118,0.06653,0.152,,,,,
11596,1,11596,,,,,,,,,,0.086,,,
11596,11596,1,,,,,,,,,,0.097,,,
11608,1,11608,,0.058,0.081,,,,,,,,,,
11608,11608,1,,0.066,0.116,,,,,,,,,,
11619,1,11619,,,,0.07669,0.00034,0.00085,0.04816,0.126,,,,,
11619,11619,1,,,,0.07607,0.00035,0.00106,0.08213,0.159,,,,,
11632,1,11632,,,,,,,,,,0.053,,,
11632,11632,1,,,,,,,,,,0.081,,,
11638,1,11638,,0.05,,,,,,,,,,,
11638,11638,1,,0.044,,,,,,,,,,,
11667,1,11667,,0.064,0.085,,,,,,,,,,
11667,11667,1,,0.072,0.078,,,,,,,,,,
11668,1,11668,,,,,,,,,,0.067,,,
11668,11668,1,,,,,,,,,,0.076,,,
11669,1,11669,,,,0.07703,0.00037,0.00092,0.04707,0.125,,,,,
11669,11669,1,,,,0.08499,0.00035,0.00105,0.06436,0.15,,,,,
11704,1,11704,,,,,,,,,,0.078,,,
11704,11704,1,,,,,,,,,,0.125,,,
11722,1,11722,,,,,,,,,,0.087,,,
11722,11722,1,,,,,,,,,,0.194,,,
11725,1,11725,,0.061,0.071,,,,,,,,,,
11725,11725,1,,0.048,0.071,,,,,,,,,,
11740,1,11740,,,,,,,,,,0.09,,,
11740,11740,1,,,,,,,,,,0.14,,,
11760,1,11760,,,0.099,,,,,,,,,,
11760,11760,1,,,0.103,,,,,,,,,,
11769,1,11769,,,,0.08499,0.00048,0.00101,0.04704,0.133,,,,,
11769,11769,1,,,,0.08254,0.00033,0.00134,0.07103,0.155,,,,,
11772,108,109,,0.024,0.064,0.08245,0.00041,0.00046,0.04737,0.13,,0.062,,,
11776,1,11776,,,,,,,,,,0.067,,,
11776,11776,1,,,,,,,,,,0.131,,,
11783,1,11783,,0.067,0.144,,,,,,,,,,
11783,11783,1,,0.042,0.082,,,,,,,,,,
11812,1,11812,,,,,,,,,,0.069,,,
11812,11812,1,,,,,,,,,,0.078,,,
11842,1,11842,,0.069,0.086,,,,,,,,,,
11842,11842,1,,0.033,0.067,,,,,,,,,,
11848,1,11848,,,,,,,,,,0.094,,,
11848,11848,1,,,,,,,,,,0.096,,,
11870,1,11870,,,,0.08351,0.00038,0.00096,0.04406,0.129,,,,,
11870,11870,1,,,,0.08471,0.00052,0.00149,0.07020,0.157,,,,,
11884,1,11884,,,,,,,,,,0.109,,,
11884,11884,1,,,,,,,,,,0.083,,,
11900,1,11900,,0.043,0.073,,,,,,,,,,
11900,11900,1,,0.04,0.052,,,,,,,,,,
11920,1,11920,,,,,,,,,,0.071,,,
11920,11920,1,,,,,,,,,,0.115,,,
11944,1,11944,,0.07,,,,,,,,,,,
11944,11944,1,,0.072,,,,,,,,,,,
11956,1,11956,,,,,,,,,,0.104,,,
11956,11956,1,,,,,,,,,,0.132,,,
11958,1,11958,,0.053,0.073,,,,,,,,,,
11958,11958,1,,0.055,0.091,,,,,,,,,,
11971,1,11971,,,,0.08245,0.00043,0.00101,0.05819,0.142,,,,,
11971,11971,1,,,,0.08888,0.00048,0.00121,0.10136,0.192,,,,,
11990,109,110,,0.026,0.029,0.08637,0.00046,0.00060,0.05436,0.142,,0.081,,,
11992,1,11992,,,,,,,,,,0.067,,,
11992,11992,1,,,,,,,,,,0.08,,,
12017,1,12017,,0.058,0.126,,,,,,,,,,
12017,12017,1,,0.063,0.075,,,,,,,,,,
12028,1,12028,,,,,,,,,,0.066,,,
12028,12028,1,,,,,,,,,,0.078,,,
12064,1,12064,,,,,,,,,,0.082,,,
12064,12064,1,,,,,,,,,,0.09,,,
12071,1,12071,,,,0.08541,0.00041,0.00098,0.07616,0.163,,,,,
12071,12071,1,,,,0.09595,0.00040,0.00130,0.10285,0.2,,,,,
12075,1,12075,,0.064,0.091,,,,,,,,,,
12075,12075,1,,0.036,0.074,,,,,,,,,,
12100,1,12100,,,,,,,,,,0.062,,,
12100,110,110,,,,,,,,,,0.081,,,
12100,12100,1,,,,,,,,,,0.083,,,
12133,1,12133,,0.045,0.117,,,,,,,,,,
12133,12133,1,,0.042,0.052,,,,,,,,,,
12172,1,12172,,,,0.08314,0.00042,0.00116,0.04614,0.131,,,,,
12172,12172,1,,,,0.07868,0.00042,0.00113,0.06826,0.148,,,,,
12192,1,12192,,0.066,0.076,,,,,,,,,,
12192,12192,1,,0.052,0.054,,,,,,,,,,
12210,110,111,,0.035,0.027,0.08315,0.00043,0.00050,0.07498,0.159,,,,,
12250,1,12250,,0.068,0.129,,,,,,,,,,
12250,12250,1,,0.06,0.046,,,,,,,,,,
12273,1,12273,,,,0.09668,0.00038,0.00092,0.04674,0.144,,,,,
12273,12273,1,,,,0.08291,0.00041,0.00128,0.08188,0.166,,,,,
12308,1,12308,,0.083,0.06,,,,,,,,,,
12308,12308,1,,0.057,0.068,,,,,,,,,,
12367,1,12367,,0.08,0.066,,,,,,,,,,
12367,12367,1,,0.056,0.085,,,,,,,,,,
12373,1,12373,,,,0.08613,0.00054,0.00107,0.06960,0.157,,,,,
12373,12373,1,,,,0.08726,0.00042,0.00125,0.08456,0.173,,,,,
12425,1,12425,,0.055,0.108,,,,,,,,,,
12425,12425,1,,0.043,0.1,,,,,,,,,,
12432,111,112,,0.027,0.03,0.09058,0.00049,0.00051,0.05976,0.151,,,,,
12474,1,12474,,,,0.08730,0.00042,0.00102,0.05448,0.143,,,,,
12474,12474,1,,,,0.08475,0.00039,0.00112,0.07599,0.162,,,,,
12483,1,12483,,0.055,0.076,,,,,,,,,,
12483,12483,1,,0.049,0.072,,,,,,,,,,
12542,1,12542,,0.073,0.135,,,,,,,,,,
12542,12542,1,,0.062,0.1,,,,,,,,,,
12574,1,12574,,,,0.08698,0.00051,0.00178,0.05258,0.142,,,,,
12574,12574,1,,,,0.08172,0.00038,0.00487,0.06525,0.152,,,,,
12600,1,12600,,0.079,0.109,,,,,,,,,,
12600,12600,1,,0.066,0.066,,,,,,,,,,
12656,112,113,,0.025,0.053,0.08442,0.00040,0.00028,0.05214,0.137,,,,,
12658,1,12658,,0.08,0.131,,,,,,,,,,
12658,12658,1,,0.042,0.095,,,,,,,,,,
12675,1,12675,,,,0.08136,0.00043,0.00085,0.05375,0.136,,,,,
12675,12675,1,,,,0.07452,0.00034,0.00110,0.07861,0.154,,,,,
12717,1,12717,,0.096,0.079,,,,,,,,,,
12717,12717,1,,0.043,0.069,,,,,,,,,,
12775,1,12775,,0.058,0.122,,,,,,,,,,
12775,12775,1,,0.044,0.087,,,,,,,,,,
12786,1,12786,,,,0.08487,0.00044,0.00098,0.05007,0.136,,,,,
12786,12786,1,,,,0.07593,0.00034,0.00113,0.08923,0.166,,,,,
12833,1,12833,,0.075,0.091,,,,,,,,,,
12833,12833,1,,0.058,0.069,,,,,,,,,,
12863,1,12863,,,0.083,,,,,,,,,,
12863,12863,1,,,0.067,,,,,,,,,,
12882,113,114,,0.043,0.054,0.08680,0.00037,0.00047,0.05169,0.139,,,,,
12892,1,12892,,0.06,0.08,,,,,,,,,,
12892,12892,1,,0.067,0.091,,,,,,,,,,
12897,1,12897,,,,0.10520,0.00039,0.00106,0.05118,0.158,,,,,
12897,12897,1,,,,0.08266,0.00064,0.00114,0.09329,0.178,,,,,
12950,1,12950,,0.045,0.179,,,,,,,,,,
12950,12950,1,,0.072,0.117,,,,,,,,,,
13008,1,13008,,0.051,0.124,0.08393,0.00052,0.00107,0.06355,0.149,,,,,
13008,13008,1,,0.035,0.067,0.09041,0.00053,0.00143,0.11337,0.206,,,,,
13067,1,13067,,0.056,0.136,,,,,,,,,,
13067,13067,1,,0.055,0.108,,,,,,,,,,
13110,114,115,,0.028,0.052,0.09077,0.00040,0.00049,0.04958,0.141,,,,,
13120,1,13120,,,,0.07902,0.00035,0.00099,0.07273,0.153,,,,,
13120,13120,1,,,,0.08075,0.00040,0.00118,0.09368,0.176,,,,,
13125,1,13125,,0.058,0.078,,,,,,,,,,
13125,13125,1,,0.038,0.067,,,,,,,,,,
13183,1,13183,,0.069,0.124,,,,,,,,,,
13183,13183,1,,0.046,0.087,,,,,,,,,,
13231,1,13231,,,,0.08207,0.00039,0.00106,0.06396,0.147,,,,,
13231,13231,1,,,,0.07983,0.00049,0.00117,0.09255,0.174,,,,,
13242,1,13242,,0.073,0.081,,,,,,,,,,
13242,13242,1,,0.054,0.094,,,,,,,,,,
13300,1,13300,,0.061,0.122,,,,,,,,,,
13300,13300,1,,0.051,0.091,,,,,,,,,,
13340,115,116,,0.049,0.031,0.07877,0.00035,0.00064,0.06206,0.142,,,,,
13342,1,13342,,,,0.08249,0.00036,0.00108,0.06005,0.144,,,,,
13342,13342,1,,,,0.08297,0.00047,0.00114,0.11615,0.2,,,,,
13358,1,13358,,0.058,0.083,,,,,,,,,,
13358,13358,1,,0.056,0.094,,,,,,,,,,
13417,1,13417,,0.058,0.097,,,,,,,,,,
13417,13417,1,,0.053,0.136,,,,,,,,,,
13453,1,13453,,,,0.08353,0.00068,0.00112,0.05535,0.141,,,,,
13453,13453,1,,,,0.08217,0.00054,0.00116,0.12112,0.205,,,,,
13475,1,13475,,0.096,0.144,,,,,,,,,,
13475,13475,1,,0.042,0.095,,,,,,,,,,
13533,1,13533,,0.061,0.127,,,,,,,,,,
13533,13533,1,,0.058,0.078,,,,,,,,,,
13564,1,13564,,,,0.07922,0.00048,0.00100,0.05879,0.139,,,,,
13564,13564,1,,,,0.08481,0.00044,0.00113,0.09889,0.185,,,,,
13572,116,117,,0.028,0.07,0.07835,0.00041,0.00053,0.05661,0.136,,,,,
13592,1,13592,,0.06,0.147,,,,,,,,,,
13592,13592,1,,0.059,0.054,,,,,,,,,,
13650,1,13650,,0.297,0.08,,,,,,,,,,
13650,13650,1,,0.04,0.102,,,,,,,,,,
13675,1,13675,,,,0.14013,0.00038,0.00143,0.05188,0.194,,,,,
13675,13675,1,,,,0.08214,0.00050,0.00115,0.09067,0.174,,,,,
13708,1,13708,,0.076,0.16,,,,,,,,,,
13708,13708,1,,0.086,0.1,,,,,,,,,,
13767,1,13767,,0.074,0.064,,,,,,,,,,
13767,13767,1,,0.082,0.092,,,,,,,,,,
13787,1,13787,,,,0.08247,0.00040,0.00101,0.07870,0.162,,,,,
13787,13787,1,,,,0.08200,0.00041,0.00119,0.09918,0.183,,,,,
13806,117,118,,0.054,0.033,0.07784,0.00037,0.00052,0.05715,0.136,,,,,
13825,1,13825,,0.072,0.154,,,,,,,,,,
13825,13825,1,,0.075,0.105,,,,,,,,,,
13883,1,13883,,0.057,0.175,,,,,,,,,,
13883,13883,1,,0.065,0.146,,,,,,,,,,
13898,1,13898,,,,0.08034,0.00036,0.00113,0.10292,0.185,,,,,
13898,13898,1,,,,0.08625,0.00044,0.00129,0.10100,0.189,,,,,
13942,1,13942,,0.071,0.084,,,,,,,,,,
13942,13942,1,,0.071,0.099,,,,,,,,,,
14000,1,14000,,0.059,0.068,,,,,,,,,,
14000,14000,1,,0.079,0.077,,,,,,,,,,
14009,1,14009,,,,0.09184,0.00037,0.00110,0.08603,0.179,,,,,
14009,14009,1,,,,0.08579,0.00040,0.00159,0.11118,0.199,,,,,
14042,118,119,,0.068,0.031,0.07392,0.00034,0.00031,0.09782,0.172,,,,,
14058,1,14058,,0.058,0.126,,,,,,,,,,
14058,14058,1,,0.069,0.088,,,,,,,,,,
14083,1,14083,,,,0.07424,0.00036,0.00147,0.05309,0.129,,,,,
14083,14083,1,,,,0.07977,0.00050,0.00126,0.08352,0.165,,,,,
14088,1,14088,,,0.135,,,,,,,,,,
14088,14088,1,,,0.09,,,,,,,,,,
14117,1,14117,,0.066,0.089,,,,,,,,,,
14117,14117,1,,0.063,0.099,,,,,,,,,,
14120,1,14120,,,,0.08508,0.00040,0.00111,0.05793,0.144,,,,,
14120,14120,1,,,,0.08782,0.00039,0.03632,0.07882,0.203,,,,,
14175,1,14175,,0.064,0.159,,,,,,,,,,
14175,14175,1,,0.056,0.092,,,,,,,,,,
14231,1,14231,,,,0.08057,0.00039,0.00098,0.06376,0.145,,,,,
14231,14231,1,,,,0.08947,0.00034,0.00124,0.09420,0.185,,,,,
14233,1,14233,,0.067,0.148,,,,,,,,,,
14233,14233,1,,0.061,0.082,,,,,,,,,,
14280,119,120,,0.03,0.051,0.09552,0.00046,0.00055,0.08207,0.178,,,,,
14292,1,14292,,0.073,0.193,,,,,,,,,,
14292,14292,1,,0.05,0.131,,,,,,,,,,
14342,1,14342,,,,0.08778,0.00036,0.00159,0.07968,0.169,,,,,
14342,14342,1,,,,0.08891,0.00039,0.00128,0.08270,0.173,,,,,
14350,1,14350,,0.055,0.084,,,,,,,,,,
14350,14350,1,,0.055,0.105,,,,,,,,,,
14408,1,14408,,0.051,0.094,,,,,,,,,,
14408,14408,1,,0.06,0.08,,,,,,,,,,
14454,1,14454,,,,0.08371,0.00041,0.00103,0.05472,0.14,,,,,
14454,14454,1,,,,0.08178,0.00038,0.00163,0.08924,0.173,,,,,
14467,1,14467,,0.081,0.115,,,,,,,,,,
14467,14467,1,,0.062,0.098,,,,,,,,,,
14520,120,121,,0.035,0.032,0.08940,0.00051,0.00059,0.07447,0.165,,,,,
14525,1,14525,,0.073,0.153,,,,,,,,,,
14525,14525,1,,0.053,0.095,,,,,,,,,,
14565,1,14565,,,,0.09156,0.00036,0.00108,0.06862,0.161,,,,,
14565,14565,1,,,,0.08370,0.00048,0.00161,0.13104,0.217,,,,,
14583,1,14583,,0.06,0.079,,,,,,,,,,
14583,14583,1,,0.056,0.102,,,,,,,,,,
14642,1,14642,,0.073,0.128,,,,,,,,,,
14642,14642,1,,0.058,0.091,,,,,,,,,,
14676,1,14676,,,,0.08889,0.00042,0.00116,0.05467,0.145,,,,,
14676,14676,1,,,,0.08319,0.00036,0.00122,0.08340,0.168,,,,,
14700,1,14700,,0.116,0.167,,,,,,,,,,
14700,14700,1,,0.073,0.129,,,,,,,,,,
14758,1,14758,,0.132,0.179,,,,,,,,,,
14758,14758,1,,0.114,0.103,,,,,,,,,,
14762,121,122,,0.033,0.055,0.08119,0.00036,0.00052,0.07134,0.153,,,,,
14787,1,14787,,,,0.09010,0.00036,0.00135,0.06482,0.156,,,,,
14787,14787,1,,,,0.09333,0.00042,0.00125,0.12352,0.218,,,,,
14817,1,14817,,0.089,0.074,,,,,,,,,,
14817,14817,1,,0.053,0.094,,,,,,,,,,
14875,1,14875,,0.079,0.153,,,,,,,,,,
14875,14875,1,,0.062,0.089,,,,,,,,,,
14919,1,14919,,,,0.08858,0.00035,0.00140,0.08939,0.18,,,,,
14919,14919,1,,,,0.08279,0.00039,0.00153,0.13978,0.224,,,,,
14933,1,14933,,0.071,0.088,,,,,,,,,,
14933,14933,1,,0.048,0.097,,,,,,,,,,
14992,1,14992,,0.064,0.106,,,,,,,,,,
14992,14992,1,,0.053,0.1,,,,,,,,,,
15006,122,123,,0.052,0.053,0.08538,0.00039,0.00054,0.06092,0.147,,,,,
15050,1,15050,,0.061,0.146,,,,,,,,,,
15050,15050,1,,0.076,0.108,,,,,,,,,,
15051,1,15051,,,,0.08339,0.00043,0.00114,0.08764,0.172,,,,,
15051,15051,1,,,,0.08556,0.00037,0.00143,0.10641,0.194,,,,,
15108,1,15108,,0.074,0.194,,,,,,,,,,
15108,15108,1,,0.068,0.099,,,,,,,,,,
15167,1,15167,,0.132,0.085,,,,,,,,,,
15167,15167,1,,0.076,0.108,,,,,,,,,,
15183,1,15183,,,,0.09152,0.00053,0.00122,0.07829,0.171,,,,,
15183,15183,1,,,,0.08577,0.00060,0.00139,0.10203,0.19,,,,,
15190,1,15190,,0.062,,,,,,,,,,,
15190,15190,1,,0.05,,,,,,,,,,,
15225,1,15225,,0.081,0.167,,,,,,,,,,
15225,15225,1,,0.067,0.162,,,,,,,,,,
15252,123,124,,0.046,0.038,0.08424,0.00040,0.00059,0.08488,0.17,,,,,
15283,1,15283,,0.07,0.11,,,,,,,,,,
15283,15283,1,,0.061,0.074,,,,,,,,,,
15313,1,15313,,,0.101,,,,,,,,,,
15313,15313,1,,,0.112,,,,,,,,,,
15315,1,15315,,,,0.08109,0.00044,0.00144,0.08825,0.171,,,,,
15315,15315,1,,,,0.08286,0.00034,0.00127,0.09734,0.182,,,,,
15342,1,15342,,0.088,0.124,,,,,,,,,,
15342,15342,1,,0.065,0.107,,,,,,,,,,
15400,1,15400,,0.127,0.193,,,,,,,,,,
15400,15400,1,,0.096,0.108,,,,,,,,,,
15447,1,15447,,,,0.08917,0.00046,0.00111,0.06718,0.158,,,,,
15447,15447,1,,,,0.08299,0.00040,0.00172,0.09956,0.184,,,,,
15458,1,15458,,0.056,0.106,,,,,,,,,,
15458,15458,1,,0.09,0.108,,,,,,,,,,
15492,1,15492,,,,0.07942,0.00037,0.00105,0.07569,0.156,,,,,
15492,15492,1,,,,0.08193,0.00037,0.00116,0.08847,0.172,,,,,
15500,124,125,,0.031,0.07,0.07828,0.00037,0.00030,0.08452,0.163,,,,,
15517,1,15517,,0.085,0.165,,,,,,,,,,
15517,15517,1,,0.053,0.107,,,,,,,,,,
15575,1,15575,,0.06,0.09,,,,,,,,,,
15575,15575,1,,0.069,0.103,,,,,,,,,,
15579,1,15579,,,,0.09001,0.00036,0.00120,0.06770,0.159,,,,,
15579,15579,1,,,,0.08161,0.00038,0.00149,0.09638,0.18,,,,,
15633,1,15633,,0.138,0.168,,,,,,,,,,
15633,15633,1,,0.078,0.089,,,,,,,,,,
15680,1,15680,,0.072,,,,,,,,,,,
15680,15680,1,,0.056,,,,,,,,,,,
15692,1,15692,,0.085,0.143,,,,,,,,,,
15692,15692,1,,0.064,0.112,,,,,,,,,,
15711,1,15711,,,,0.09044,0.00037,0.00123,0.07591,0.168,,,,,
15711,15711,1,,,,0.09125,0.00041,0.00142,0.10122,0.194,,,,,
15750,1,15750,,0.074,0.188,,,,,,,,,,
15750,125,126,,0.04,0.081,0.09289,0.00034,0.00052,0.08072,0.174,,,,,
15750,15750,1,,0.078,0.157,,,,,,,,,,
15808,1,15808,,0.094,0.078,,,,,,,,,,
15808,15808,1,,0.069,0.087,,,,,,,,,,
15844,1,15844,,,,0.08786,0.00050,0.00125,0.08864,0.178,,,,,
15844,15844,1,,,,0.08391,0.00042,0.00124,0.10846,0.194,,,,,
15867,1,15867,,0.126,0.165,,,,,,,,,,
15867,15867,1,,0.111,0.12,,,,,,,,,,
15925,1,15925,,0.073,0.178,,,,,,,,,,
15925,15925,1,,0.06,0.115,,,,,,,,,,
15976,1,15976,,,,0.09188,0.00053,0.00142,0.09831,0.192,,,,,
15976,15976,1,,,,0.08064,0.00038,0.00155,0.14391,0.226,,,,,
15983,1,15983,,0.061,0.192,,,,,,,,,,
15983,15983,1,,0.063,0.097,,,,,,,,,,
16002,126,127,,0.055,0.067,0.08135,0.00036,0.00050,0.06964,0.152,,,,,
16042,1,16042,,0.128,0.09,,,,,,,,,,
16042,16042,1,,0.072,0.423,,,,,,,,,,
16100,1,16100,,0.081,0.074,,,,,,,,,,
16100,16100,1,,0.07,0.093,,,,,,,,,,
16108,1,16108,,,,0.08919,0.00041,0.00139,0.16178,0.253,,,,,
16108,16108,1,,,,0.08647,0.00037,0.00138,0.09255,0.18,,,,,
16158,1,16158,,0.08,0.189,,,,,,,,,,
16158,16158,1,,0.072,0.111,,,,,,,,,,
16170,1,16170,,0.093,,,,,,,,,,,
16170,16170,1,,0.071,,,,,,,,,,,
16217,1,16217,,0.073,0.117,,,,,,,,,,
16217,16217,1,,0.091,0.125,,,,,,,,,,
16240,1,16240,,,,0.08702,0.00036,0.00114,0.08447,0.173,,,,,
16240,16240,1,,,,0.08056,0.00043,0.00138,0.09277,0.175,,,,,
16256,127,128,,0.048,0.085,0.08492,0.00059,0.00050,0.08388,0.17,,,,,
16275,1,16275,,0.083,0.147,,,,,,,,,,
16275,16275,1,,0.06,0.136,,,,,,,,,,
16333,1,16333,,0.089,0.104,,,,,,,,,,
16333,16333,1,,0.133,0.074,,,,,,,,,,
16372,1,16372,,,,0.08403,0.00036,0.00113,0.07966,0.165,,,,,
16372,16372,1,,,,0.09003,0.00056,0.00137,0.11527,0.207,,,,,
16392,1,16392,,0.118,0.131,,,,,,,,,,
16392,16392,1,,0.055,0.116,,,,,,,,,,
16450,1,16450,,0.091,0.171,,,,,,,,,,
16450,16450,1,,0.067,0.126,,,,,,,,,,
16504,1,16504,,,,0.08919,0.00039,0.00123,0.10040,0.191,,,,,
16504,16504,1,,,,0.09377,0.00046,0.00158,0.12446,0.22,,,,,
16508,1,16508,,0.075,0.137,,,,,,,,,,
16508,16508,1,,0.055,0.175,,,,,,,,,,
16512,128,129,,0.043,0.053,0.09707,0.00045,0.00050,0.09623,0.194,,,,,
16538,1,16538,,,0.107,,,,,,,,,,
16538,16538,1,,,0.099,,,,,,,,,,
16567,1,16567,,0.076,0.189,,,,,,,,,,
16567,16567,1,,0.076,0.072,,,,,,,,,,
16625,1,16625,,0.072,0.096,,,,,,,,,,
16625,16625,1,,0.065,0.129,,,,,,,,,,
16636,1,16636,,,,0.08794,0.00038,0.00128,0.09451,0.184,,,,,
16636,16636,1,,,,0.09311,0.00040,0.00139,0.12904,0.224,,,,,
16660,1,16660,,0.09,,,,,,,,,,,
16660,16660,1,,0.106,,,,,,,,,,,
16683,1,16683,,0.123,0.185,,,,,,,,,,
16683,16683,1,,0.089,0.128,,,,,,,,,,
16742,1,16742,,0.083,0.134,,,,,,,,,,
16742,16742,1,,0.064,0.119,,,,,,,,,,
16768,1,16768,,,,0.08175,0.00039,0.00112,0.10597,0.189,,,,,
16768,16768,1,,,,0.08453,0.00034,0.00140,0.13325,0.219,,,,,
16770,129,130,,0.044,0.073,0.08228,0.00047,0.00050,0.09233,0.175,,,,,
16800,1,16800,,0.08,0.172,,,,,,,,,,
16800,16800,1,,0.083,0.322,,,,,,,,,,
16858,1,16858,,0.084,0.191,,,,,,,,,,
16858,16858,1,,0.07,0.113,,,,,,,,,,
16900,1,16900,,,,0.07281,0.00039,0.00089,0.08295,0.157,,,,,
16900,130,130,,,,0.08172,0.00036,0.00033,0.11799,0.2,,,,,
16900,16900,1,,,,0.07768,0.00047,0.00113,0.12237,0.201,,,,,
16917,1,16917,,0.118,0.193,,,,,,,,,,
16917,16917,1,,0.082,0.147,,,,,,,,,,
16975,1,16975,,0.117,0.169,,,,,,,,,,
16975,16975,1,,0.063,0.07,,,,,,,,,,
17030,130,131,,0.05,0.308,,,,,,,,,,
17033,1,17033,,0.142,0.083,,,,,,,,,,
17033,17033,1,,0.073,0.124,,,,,,,,,,
17092,1,17092,,0.076,0.169,,,,,,,,,,
17092,17092,1,,0.05,0.113,,,,,,,,,,
17150,1,17150,,0.094,0.148,,,,,,,,,,
17150,17150,1,,0.101,0.207,,,,,,,,,,
17208,1,17208,,0.084,,,,,,,,,,,
17208,17208,1,,0.087,,,,,,,,,,,
17220,1,17220,,,0.166,,,,,,,,,,
17220,17220,1,,,0.133,,,,,,,,,,
17267,1,17267,,0.104,,,,,,,,,,,
17267,17267,1,,0.072,,,,,,,,,,,
17290,1,17290,,,0.148,,,,,,,,,,
17290,17290,1,,,0.151,,,,,,,,,,
17292,131,132,,0.066,0.043,,,,,,,,,,
17325,1,17325,,0.08,,,,,,,,,,,
17325,17325,1,,0.091,,,,,,,,,,,
17360,1,17360,,,0.164,,,,,,,,,,
17360,17360,1,,,0.111,,,,,,,,,,
17383,1,17383,,0.089,,,,,,,,,,,
17383,17383,1,,0.058,,,,,,,,,,,
17430,1,17430,,,0.174,,,,,,,,,,
17430,17430,1,,,0.117,,,,,,,,,,
17442,1,17442,,0.125,,,,,,,,,,,
17442,17442,1,,0.093,,,,,,,,,,,
17500,1,17500,,0.153,0.124,,,,,,,,,,
17500,17500,1,,0.119,0.134,,,,,,,,,,
17556,132,133,,0.038,0.058,,,,,,,,,,
17558,1,17558,,0.092,,,,,,,,,,,
17558,17558,1,,0.098,,,,,,,,,,,
17570,1,17570,,,0.174,,,,,,,,,,
17570,17570,1,,,0.123,,,,,,,,,,
17617,1,17617,,0.087,,,,,,,,,,,
17617,17617,1,,0.068,,,,,,,,,,,
17640,1,17640,,,0.343,,,,,,,,,,
17640,17640,1,,,0.159,,,,,,,,,,
17675,1,17675,,0.121,,,,,,,,,,,
17675,17675,1,,0.088,,,,,,,,,,,
17710,1,17710,,,0.2,,,,,,,,,,
17710,17710,1,,,0.118,,,,,,,,,,
17733,1,17733,,0.076,,,,,,,,,,,
17733,17733,1,,0.067,,,,,,,,,,,
17763,1,17763,,0.09,,,,,,,,,,,
17763,17763,1,,0.086,,,,,,,,,,,
17780,1,17780,,,0.111,,,,,,,,,,
17780,17780,1,,,0.113,,,,,,,,,,
17792,1,17792,,0.078,,,,,,,,,,,
17792,17792,1,,0.084,,,,,,,,,,,
17822,133,134,,0.044,0.059,,,,,,,,,,
17850,1,17850,,0.148,0.127,,,,,,,,,,
17850,17850,1,,0.089,0.111,,,,,,,,,,
17908,1,17908,,0.088,,,,,,,,,,,
17908,17908,1,,0.07,,,,,,,,,,,
17920,1,17920,,,0.179,,,,,,,,,,
17920,17920,1,,,0.127,,,,,,,,,,
17967,1,17967,,0.146,0.205,,,,,,,,,,
17967,17967,1,,0.14,0.079,,,,,,,,,,
17990,1,17990,,,0.166,,,,,,,,,,
17990,17990,1,,,0.14,,,,,,,,,,
18025,1,18025,,0.09,,,,,,,,,,,
18025,18025,1,,0.061,,,,,,,,,,,
18060,1,18060,,,0.204,,,,,,,,,,
18060,18060,1,,,0.112,,,,,,,,,,
18083,1,18083,,0.112,,,,,,,,,,,
18083,18083,1,,0.09,,,,,,,,,,,
18090,134,135,,0.067,0.063,,,,,,,,,,
18130,1,18130,,,0.178,,,,,,,,,,
18130,18130,1,,,0.124,,,,,,,,,,
18142,1,18142,,0.088,,,,,,,,,,,
18142,18142,1,,0.083,,,,,,,,,,,
18200,1,18200,,0.084,0.18,,,,,,,,,,
18200,18200,1,,0.067,0.152,,,,,,,,,,
18258,1,18258,,0.113,,,,,,,,,,,
18258,18258,1,,0.082,,,,,,,,,,,
18270,1,18270,,,0.209,,,,,,,,,,
18270,18270,1,,,0.175,,,,,,,,,,
18317,1,18317,,0.128,,,,,,,,,,,
18317,18317,1,,0.119,,,,,,,,,,,
18340,1,18340,,,0.253,,,,,,,,,,
18340,18340,1,,,0.12,,,,,,,,,,
18360,135,136,,0.039,0.117,,,,,,,,,,
18375,1,18375,,0.084,,,,,,,,,,,
18375,18375,1,,0.084,,,,,,,,,,,
18410,1,18410,,,0.094,,,,,,,,,,
18410,18410,1,,,0.139,,,,,,,,,,
18433,1,18433,,0.087,,,,,,,,,,,
18433,18433,1,,0.135,,,,,,,,,,,
18480,1,18480,,,0.167,,,,,,,,,,
18480,18480,1,,,0.126,,,,,,,,,,
18492,1,18492,,0.114,,,,,,,,,,,
18492,18492,1,,0.066,,,,,,,,,,,
18550,1,18550,,0.124,0.169,,,,,,,,,,
18550,18550,1,,0.092,0.148,,,,,,,,,,
18608,1,18608,,0.092,,,,,,,,,,,
18608,18608,1,,0.066,,,,,,,,,,,
18620,1,18620,,,0.202,,,,,,,,,,
18620,18620,1,,,0.121,,,,,,,,,,
18632,136,137,,0.069,0.137,,,,,,,,,,
18667,1,18667,,0.115,,,,,,,,,,,
18667,18667,1,,0.086,,,,,,,,,,,
18690,1,18690,,,0.213,,,,,,,,,,
18690,18690,1,,,0.154,,,,,,,,,,
18725,1,18725,,0.084,,,,,,,,,,,
18725,18725,1,,0.09,,,,,,,,,,,
18760,1,18760,,,0.158,,,,,,,,,,
18760,18760,1,,,0.172,,,,,,,,,,
18783,1,18783,,0.141,0.146,,,,,,,,,,
18783,18783,1,,0.093,0.146,,,,,,,,,,
18830,1,18830,,,0.168,,,,,,,,,,
18830,18830,1,,,0.182,,,,,,,,,,
18842,1,18842,,0.119,,,,,,,,,,,
18842,18842,1,,0.084,,,,,,,,,,,
18900,1,18900,,0.108,0.203,,,,,,,,,,
18900,18900,1,,0.078,0.132,,,,,,,,,,
18906,137,138,,0.056,0.08,,,,,,,,,,
18958,1,18958,,0.077,,,,,,,,,,,
18958,18958,1,,0.102,,,,,,,,,,,
18970,1,18970,,,0.211,,,,,,,,,,
18970,18970,1,,,0.119,,,,,,,,,,
18988,1,18988,,0.114,,,,,,,,,,,
18988,18988,1,,0.093,,,,,,,,,,,
19017,1,19017,,0.148,,,,,,,,,,,
19017,19017,1,,0.093,,,,,,,,,,,
19040,1,19040,,,0.176,,,,,,,,,,
19040,19040,1,,,0.125,,,,,,,,,,
19075,1,19075,,0.087,,,,,,,,,,,
19075,19075,1,,0.101,,,,,,,,,,,
19110,1,19110,,,0.195,,,,,,,,,,
19110,19110,1,,,0.156,,,,,,,,,,
19133,1,19133,,0.106,,,,,,,,,,,
19133,19133,1,,0.104,,,,,,,,,,,
19180,1,19180,,,0.124,,,,,,,,,,
19180,19180,1,,,0.127,,,,,,,,,,
19182,138,139,,0.065,0.078,,,,,,,,,,
19192,1,19192,,0.159,,,,,,,,,,,
19192,19192,1,,0.143,,,,,,,,,,,
19250,1,19250,,0.099,0.157,,,,,,,,,,
19250,19250,1,,0.087,0.149,,,,,,,,,,
19308,1,19308,,0.134,,,,,,,,,,,
19308,19308,1,,0.061,,,,,,,,,,,
19320,1,19320,,,0.22,,,,,,,,,,
19320,19320,1,,,0.218,,,,,,,,,,
19367,1,19367,,0.096,,,,,,,,,,,
19367,19367,1,,0.116,,,,,,,,,,,
19390,1,19390,,,0.174,,,,,,,,,,
19390,19390,1,,,0.151,,,,,,,,,,
19425,1,19425,,0.138,,,,,,,,,,,
19425,19425,1,,0.086,,,,,,,,,,,
19460,1,19460,,,0.134,,,,,,,,,,
19460,139,140,,0.041,0.08,,,,,,,,,,
19460,19460,1,,,0.134,,,,,,,,,,
19483,1,19483,,0.088,,,,,,,,,,,
19483,19483,1,,0.093,,,,,,,,,,,
19530,1,19530,,,0.157,,,,,,,,,,
19530,19530,1,,,0.135,,,,,,,,,,
19542,1,19542,,0.149,,,,,,,,,,,
19542,19542,1,,0.099,,,,,,,,,,,
19600,1,19600,,0.092,0.132,,,,,,,,,,
19600,140,140,,0.056,0.086,,,,,,,,,,
19600,19600,1,,0.082,0.153,,,,,,,,,,