param-n,autorewrite-noop-regression-quadratic-real,autorewrite-noop-regression-quadratic-sys,autorewrite-noop-regression-quadratic-user,try-rewrite!-noop-regression-quadratic-real,try-rewrite!-noop-regression-quadratic-sys,try-rewrite!-noop-regression-quadratic-user,try-rewrite-noop-regression-quadratic-real,try-rewrite-noop-regression-quadratic-sys,try-rewrite-noop-regression-quadratic-user,try-rewrite?-noop-regression-quadratic-real,try-rewrite?-noop-regression-quadratic-sys,try-rewrite?-noop-regression-quadratic-user,try-ssr-rewrite!-noop-regression-linear-real,try-ssr-rewrite!-noop-regression-linear-sys,try-ssr-rewrite!-noop-regression-linear-user,try-ssr-rewrite-noop-regression-linear-real,try-ssr-rewrite-noop-regression-linear-sys,try-ssr-rewrite-noop-regression-linear-user,try-ssr-rewrite?-noop-regression-linear-real,try-ssr-rewrite?-noop-regression-linear-sys,try-ssr-rewrite?-noop-regression-linear-user
1,0.,0.,0.,0.,0.,0.,0.,0.,0.,0.,0.,0.,0.,0.,0.,0.,0.,0.,0.,0.,0.
2,0.,0.,0.,0.,0.,0.,0.,0.,0.,0.,0.,0.,0.,0.,0.,0.,0.,0.,0.,0.,0.
3,0.,0.,0.,0.,0.,0.,0.,0.,0.,0.,0.,0.,0.,0.,0.,0.,0.,0.,0.,0.,0.
4,0.,0.,0.,0.,0.,0.,0.,0.,0.,0.,0.,0.,0.,0.,0.,0.,0.,0.,0.,0.,0.
8,0.,0.,0.,0.,0.,0.,0.,0.,0.,0.,0.,0.,0.,0.,0.,0.,0.,0.,0.,0.,0.
12,0.,0.,0.,0.,0.,0.,0.,0.,0.,0.,0.,0.,0.,0.,0.,0.,0.,0.,0.,0.,0.
16,0.,0.,0.,0.,0.,0.,0.,0.,0.,0.,0.,0.,0.,0.,0.,0.,0.,0.,0.,0.,0.
20,0.,0.,0.,0.,0.,0.,0.,0.,0.,0.,0.,0.,0.,0.,0.,0.,0.,0.,0.,0.,0.
24,0.,0.,0.,0.,0.,0.,0.,0.,0.,0.,0.,0.,0.,0.,0.,0.,0.,0.,0.,0.,0.
28,0.,0.,0.,0.,0.,0.,0.,0.,0.,0.,0.,0.,0.,0.,0.,0.,0.,0.,0.,0.,0.
32,0.,0.,0.,0.,0.,0.,0.,0.,0.,0.,0.,0.,0.,0.,0.,0.,0.,0.,0.,0.,0.
36,0.,0.,0.,0.,0.,0.,0.,0.,0.,0.,0.,0.,0.,0.,0.,0.,0.,0.,0.,0.,0.
40,0.,0.,0.,0.,0.,0.,0.,0.,0.,0.002,0.,0.002,0.,0.,0.,0.,0.,0.,0.,0.,0.
44,0.,0.,0.,0.,0.,0.,0.,0.,0.,0.,0.,0.,0.,0.,0.,0.,0.,0.,0.,0.,0.
48,0.,0.,0.,0.,0.,0.,0.,0.,0.,0.,0.,0.,0.,0.,0.,0.,0.,0.,0.,0.,0.
50,0.001,0.001,0.,0.001,0.001,0.,0.001,0.001,0.,0.001,0.,0.001,0.,0.,0.,0.,0.,0.,0.,0.,0.
52,0.,0.,0.,0.,0.,0.,0.,0.,0.,0.,0.,0.,0.,0.,0.,0.,0.,0.,0.,0.,0.
56,0.,0.,0.,0.,0.,0.,0.,0.,0.,0.,0.,0.,0.,0.,0.,0.,0.,0.,0.,0.,0.
60,0.,0.,0.,0.,0.,0.,0.,0.,0.,0.001,0.,0.001,0.,0.,0.,0.,0.,0.,0.,0.,0.
64,0.,0.,0.,0.,0.,0.,0.,0.,0.,0.,0.,0.,0.,0.,0.,0.,0.,0.,0.,0.,0.
68,0.,0.,0.,0.,0.,0.,0.,0.,0.,0.001,0.,0.001,0.,0.,0.,0.,0.,0.,0.,0.,0.
72,0.,0.,0.,0.001,0.,0.001,0.,0.,0.,0.,0.,0.,0.,0.,0.,0.,0.,0.,0.,0.,0.
76,0.001,0.,0.001,0.,0.,0.,0.001,0.,0.001,0.001,0.,0.001,0.,0.,0.,0.,0.,0.,0.,0.,0.
80,0.001,0.,0.001,0.001,0.,0.001,0.001,0.,0.001,0.001,0.,0.001,0.,0.,0.,0.,0.,0.,0.,0.,0.
84,0.001,0.,0.001,0.001,0.,0.001,0.001,0.,0.001,0.001,0.,0.001,0.,0.,0.,0.,0.,0.,0.,0.,0.
88,0.001,0.,0.001,0.001,0.,0.001,0.001,0.,0.001,0.001,0.,0.001,0.,0.,0.,0.,0.,0.,0.,0.,0.
92,0.001,0.,0.001,0.001,0.,0.001,0.001,0.,0.001,0.001,0.,0.001,0.,0.,0.,0.,0.,0.,0.,0.,0.
96,0.001,0.,0.001,0.019,0.003,0.015,0.001,0.,0.001,0.001,0.,0.001,0.,0.,0.,0.,0.,0.,0.,0.,0.
100,0.001,0.,0.001,0.002,0.,0.002,0.002,0.002,0.,0.001,0.001,0.,0.,0.,0.,0.,0.,0.,0.,0.,0.
104,0.001,0.,0.001,0.001,0.,0.001,0.001,0.,0.001,0.001,0.,0.001,0.,0.,0.,0.,0.,0.,0.,0.,0.
108,0.001,0.,0.001,0.001,0.,0.001,0.001,0.,0.001,0.001,0.,0.001,0.,0.,0.,0.,0.,0.,0.,0.,0.
112,0.001,0.,0.001,0.001,0.,0.001,0.001,0.,0.001,0.001,0.,0.001,0.,0.,0.,0.,0.,0.,0.,0.,0.
116,0.001,0.,0.001,0.001,0.,0.001,0.001,0.,0.001,0.001,0.,0.001,0.,0.,0.,0.,0.,0.,0.,0.,0.
120,0.001,0.,0.001,0.001,0.,0.001,0.001,0.,0.001,0.002,0.,0.002,0.,0.,0.,0.,0.,0.,0.,0.,0.
124,0.001,0.,0.001,0.002,0.,0.002,0.001,0.,0.001,0.001,0.,0.001,0.,0.,0.,0.,0.,0.,0.,0.,0.
128,0.001,0.,0.001,0.001,0.,0.001,0.001,0.,0.001,0.001,0.,0.001,0.,0.,0.,0.,0.,0.,0.,0.,0.
132,0.001,0.,0.001,0.002,0.,0.002,0.002,0.,0.002,0.001,0.,0.001,0.,0.,0.,0.,0.,0.,0.,0.,0.
136,0.001,0.,0.001,0.001,0.,0.001,0.002,0.,0.002,0.002,0.,0.002,0.,0.,0.,0.,0.,0.,0.,0.,0.
140,0.002,0.,0.002,0.002,0.,0.002,0.002,0.,0.002,0.002,0.,0.002,0.,0.,0.,0.,0.,0.,0.,0.,0.
144,0.002,0.,0.002,0.002,0.,0.002,0.002,0.,0.002,0.002,0.,0.002,0.,0.,0.,0.,0.,0.,0.,0.,0.
148,0.002,0.,0.002,0.002,0.,0.002,0.002,0.,0.002,0.002,0.,0.002,0.,0.,0.,0.,0.,0.,0.,0.,0.
150,0.003,0.001,0.002,0.003,0.001,0.002,0.003,0.,0.003,0.003,0.,0.003,0.,0.,0.,0.,0.,0.,0.,0.,0.
152,0.002,0.,0.002,0.002,0.,0.002,0.002,0.,0.002,0.002,0.,0.002,0.,0.,0.,0.,0.,0.,0.,0.,0.
156,0.002,0.,0.002,0.002,0.,0.002,0.002,0.,0.002,0.002,0.,0.002,0.,0.,0.,0.,0.,0.,0.,0.,0.
160,0.002,0.,0.002,0.003,0.,0.003,0.002,0.,0.002,0.002,0.,0.002,0.,0.,0.,0.,0.,0.,0.,0.,0.
164,0.002,0.,0.002,0.002,0.,0.002,0.002,0.,0.002,0.003,0.,0.003,0.,0.,0.,0.,0.,0.,0.,0.,0.
168,0.023,0.,0.023,0.002,0.,0.002,0.003,0.,0.003,0.003,0.,0.003,0.,0.,0.,0.,0.,0.,0.,0.,0.
172,0.003,0.,0.003,0.002,0.,0.002,0.003,0.,0.003,0.003,0.,0.003,0.,0.,0.,0.,0.,0.,0.,0.,0.
176,0.003,0.,0.003,0.003,0.,0.003,0.003,0.,0.003,0.002,0.,0.002,0.,0.,0.,0.,0.,0.,0.,0.,0.
180,0.003,0.,0.003,0.002,0.,0.002,0.002,0.,0.002,0.004,0.,0.004,0.,0.,0.,0.,0.,0.,0.,0.,0.
184,0.003,0.,0.003,0.003,0.,0.003,0.004,0.,0.004,0.003,0.,0.002,0.,0.,0.,0.,0.,0.,0.,0.,0.
188,0.002,0.,0.002,0.003,0.,0.003,0.003,0.,0.003,0.003,0.,0.003,0.,0.,0.,0.,0.,0.,0.,0.,0.
192,0.006,0.,0.005,0.003,0.,0.003,0.003,0.,0.003,0.004,0.,0.004,0.,0.,0.,0.,0.,0.,0.,0.,0.
196,0.003,0.,0.003,0.003,0.,0.003,0.003,0.,0.003,0.024,0.,0.024,0.,0.,0.,0.,0.,0.,0.,0.,0.
200,0.005,0.003,0.002,0.005,0.,0.004,0.005,0.,0.004,0.051,0.007,0.043,0.,0.,0.,0.,0.,0.,0.,0.,0.
204,0.003,0.,0.003,0.004,0.,0.004,0.003,0.,0.003,0.003,0.,0.003,0.,0.,0.,0.,0.,0.,0.,0.,0.
208,0.003,0.,0.003,0.003,0.,0.003,0.003,0.,0.003,0.003,0.,0.003,0.,0.,0.,0.,0.,0.,0.,0.,0.
212,0.003,0.,0.003,0.003,0.,0.003,0.003,0.,0.003,0.005,0.,0.005,0.,0.,0.,0.,0.,0.,0.,0.,0.
216,0.003,0.,0.003,0.003,0.,0.003,0.003,0.,0.003,0.004,0.,0.004,0.,0.,0.,0.,0.,0.,0.,0.,0.
220,0.003,0.,0.003,0.004,0.,0.004,0.003,0.,0.003,0.004,0.,0.004,0.,0.,0.,0.,0.,0.,0.,0.,0.
224,0.003,0.,0.003,0.004,0.,0.004,0.003,0.,0.003,0.003,0.,0.003,0.,0.,0.,0.,0.,0.,0.,0.,0.
228,0.003,0.,0.003,0.004,0.,0.004,0.003,0.,0.003,0.003,0.,0.003,0.,0.,0.,0.,0.,0.,0.,0.,0.
232,0.004,0.,0.004,0.005,0.,0.005,0.004,0.,0.004,0.005,0.,0.005,0.,0.,0.,0.,0.,0.,0.,0.,0.
236,0.004,0.,0.004,0.004,0.,0.004,0.004,0.,0.004,0.025,0.,0.025,0.,0.,0.,0.,0.,0.,0.,0.,0.
240,0.004,0.,0.004,0.005,0.003,0.001,0.004,0.,0.004,0.004,0.,0.004,0.,0.,0.,0.,0.,0.,0.,0.,0.
244,0.004,0.,0.004,0.004,0.,0.004,0.004,0.,0.004,0.004,0.,0.004,0.,0.,0.,0.,0.,0.,0.,0.,0.
248,0.006,0.,0.006,0.005,0.,0.005,0.005,0.,0.005,0.004,0.,0.004,0.,0.,0.,0.,0.,0.,0.,0.,0.
250,0.004,0.,0.004,0.004,0.,0.004,0.004,0.,0.004,0.004,0.,0.004,0.,0.,0.,0.,0.,0.,0.,0.,0.
252,0.004,0.,0.004,0.004,0.,0.004,0.004,0.,0.004,0.005,0.,0.005,0.,0.,0.,0.,0.,0.,0.,0.,0.
256,0.004,0.,0.004,0.004,0.,0.004,0.004,0.,0.004,0.006,0.,0.006,0.,0.,0.,0.,0.,0.,0.,0.,0.
260,0.004,0.,0.004,0.005,0.,0.005,0.005,0.,0.005,0.004,0.,0.004,0.,0.,0.,0.,0.,0.,0.,0.,0.
264,0.004,0.,0.004,0.007,0.,0.007,0.005,0.,0.005,0.005,0.,0.005,0.,0.,0.,0.,0.,0.,0.,0.,0.
268,0.005,0.,0.005,0.005,0.,0.005,0.005,0.,0.005,0.004,0.,0.004,0.001,0.,0.001,0.,0.,0.,0.,0.,0.
272,0.005,0.,0.005,0.005,0.,0.005,0.005,0.,0.005,0.005,0.,0.005,0.,0.,0.,0.,0.,0.,0.,0.,0.
276,0.005,0.,0.005,0.006,0.,0.006,0.027,0.,0.027,0.005,0.003,0.002,0.,0.,0.,0.,0.,0.,0.,0.,0.
280,0.006,0.,0.006,0.005,0.,0.005,0.005,0.,0.005,0.005,0.,0.005,0.,0.,0.,0.,0.,0.,0.,0.,0.
284,0.006,0.,0.006,0.006,0.,0.006,0.011,0.,0.011,0.006,0.,0.006,0.,0.,0.,0.,0.,0.,0.,0.,0.
288,0.006,0.,0.006,0.005,0.,0.005,0.006,0.,0.006,0.009,0.,0.009,0.,0.,0.,0.,0.,0.,0.,0.,0.
292,0.006,0.,0.006,0.006,0.,0.006,0.006,0.,0.006,0.028,0.,0.028,0.,0.,0.,0.,0.,0.,0.,0.,0.
296,0.006,0.,0.006,0.006,0.,0.006,0.006,0.,0.006,0.006,0.,0.006,0.,0.,0.,0.,0.,0.,0.,0.,0.
300,0.005,0.,0.005,0.007,0.,0.007,0.005,0.,0.005,0.005,0.,0.005,0.,0.,0.,0.,0.,0.,0.,0.,0.
304,0.006,0.,0.006,0.008,0.,0.008,0.006,0.,0.006,0.068,0.,0.068,0.,0.,0.,0.,0.,0.,0.,0.,0.
308,0.006,0.,0.006,0.006,0.,0.006,0.008,0.,0.008,0.006,0.,0.006,0.,0.,0.,0.,0.,0.,0.,0.,0.
312,0.007,0.,0.007,0.006,0.,0.006,0.007,0.,0.007,0.006,0.,0.006,0.,0.,0.,0.,0.,0.,0.,0.,0.
316,0.007,0.,0.007,0.006,0.,0.006,0.006,0.,0.006,0.006,0.,0.006,0.,0.,0.,0.,0.,0.,0.,0.,0.
320,0.007,0.,0.007,0.006,0.,0.006,0.007,0.,0.007,0.009,0.,0.009,0.,0.,0.,0.,0.,0.,0.,0.,0.
324,0.006,0.,0.006,0.006,0.,0.006,0.006,0.,0.006,0.006,0.,0.006,0.,0.,0.,0.,0.,0.,0.,0.,0.
328,0.006,0.,0.006,0.007,0.,0.007,0.006,0.,0.006,0.007,0.,0.007,0.,0.,0.,0.,0.,0.,0.,0.,0.
332,0.007,0.,0.007,0.008,0.,0.008,0.007,0.,0.007,0.009,0.,0.009,0.,0.,0.,0.,0.,0.,0.,0.,0.
336,0.007,0.,0.007,0.007,0.,0.007,0.007,0.,0.007,0.007,0.,0.007,0.,0.,0.,0.,0.,0.,0.,0.,0.
340,0.007,0.,0.007,0.007,0.,0.007,0.007,0.,0.007,0.008,0.,0.008,0.,0.,0.,0.,0.,0.,0.,0.,0.
344,0.007,0.,0.007,0.007,0.,0.007,0.009,0.,0.009,0.008,0.,0.008,0.,0.,0.,0.,0.,0.,0.,0.,0.
348,0.008,0.,0.008,0.008,0.,0.008,0.009,0.,0.009,0.008,0.,0.008,0.,0.,0.,0.,0.,0.,0.,0.,0.
350,0.009,0.,0.009,0.007,0.,0.007,0.007,0.,0.007,0.008,0.,0.008,0.,0.,0.,0.,0.,0.,0.,0.,0.
352,0.008,0.,0.008,0.008,0.,0.008,0.008,0.,0.008,0.008,0.,0.008,0.,0.,0.,0.,0.,0.,0.,0.,0.
356,0.01,0.,0.01,0.008,0.,0.008,0.008,0.,0.008,0.007,0.,0.007,0.,0.,0.,0.,0.,0.,0.,0.,0.
360,0.007,0.,0.007,0.008,0.,0.008,0.007,0.,0.007,0.008,0.,0.008,0.,0.,0.,0.,0.,0.,0.,0.,0.
364,0.008,0.,0.008,0.007,0.,0.007,0.007,0.,0.007,0.01,0.,0.01,0.,0.,0.,0.,0.,0.,0.,0.,0.
368,0.007,0.,0.007,0.008,0.,0.008,0.008,0.,0.008,0.008,0.,0.008,0.,0.,0.,0.,0.,0.,0.,0.,0.
372,0.008,0.,0.008,0.009,0.,0.009,0.008,0.,0.008,0.008,0.,0.008,0.,0.,0.,0.,0.,0.,0.,0.,0.
376,0.008,0.,0.008,0.011,0.,0.011,0.008,0.,0.008,0.009,0.,0.009,0.,0.,0.,0.,0.,0.,0.,0.,0.
380,0.008,0.,0.008,0.01,0.,0.01,0.009,0.,0.009,0.009,0.,0.009,0.,0.,0.,0.,0.,0.,0.,0.,0.
384,0.009,0.,0.009,0.009,0.,0.009,0.01,0.,0.01,0.009,0.,0.009,0.,0.,0.,0.,0.,0.,0.,0.,0.
388,0.009,0.,0.009,0.009,0.,0.009,0.009,0.,0.009,0.008,0.,0.008,0.,0.,0.,0.,0.,0.,0.,0.,0.
392,0.008,0.,0.008,0.009,0.,0.009,0.012,0.,0.012,0.01,0.,0.01,0.,0.,0.,0.,0.,0.,0.002,0.,0.002
396,0.009,0.,0.009,0.009,0.,0.009,0.009,0.,0.009,0.01,0.,0.01,0.,0.,0.,0.,0.,0.,0.,0.,0.
400,0.011,0.,0.011,0.009,0.,0.009,0.097,0.,0.096,0.009,0.,0.009,0.,0.,0.,0.,0.,0.,0.,0.,0.
404,0.009,0.,0.009,0.009,0.,0.009,0.009,0.,0.009,0.009,0.,0.009,0.,0.,0.,0.,0.,0.,0.,0.,0.
408,0.01,0.,0.01,0.01,0.,0.01,0.011,0.,0.011,0.009,0.,0.009,0.,0.,0.,0.,0.,0.,0.,0.,0.
412,0.01,0.,0.01,0.009,0.,0.009,0.01,0.,0.01,0.01,0.,0.01,0.,0.,0.,0.,0.,0.,0.,0.,0.
416,0.01,0.,0.01,0.012,0.,0.012,0.011,0.,0.011,0.01,0.,0.01,0.,0.,0.,0.,0.,0.,0.,0.,0.
420,0.011,0.,0.011,0.01,0.,0.01,0.01,0.,0.01,0.009,0.,0.009,0.,0.,0.,0.,0.,0.,0.,0.,0.
424,0.011,0.,0.011,0.012,0.,0.012,0.01,0.,0.01,0.01,0.,0.01,0.,0.,0.,0.,0.,0.,0.,0.,0.
428,0.01,0.,0.01,0.014,0.,0.014,0.011,0.,0.011,0.01,0.,0.01,0.,0.,0.,0.,0.,0.,0.,0.,0.
432,0.011,0.,0.011,0.013,0.,0.013,0.012,0.,0.012,0.011,0.,0.011,0.,0.,0.,0.,0.,0.,0.,0.,0.
436,0.011,0.,0.011,0.01,0.,0.01,0.01,0.,0.01,0.011,0.,0.011,0.,0.,0.,0.,0.,0.,0.,0.,0.
440,0.011,0.,0.011,0.014,0.,0.014,0.011,0.,0.011,0.012,0.,0.012,0.,0.,0.,0.,0.,0.,0.,0.,0.
444,0.011,0.,0.011,0.011,0.,0.011,0.012,0.,0.012,0.011,0.,0.011,0.,0.,0.,0.,0.,0.,0.,0.,0.
448,0.012,0.,0.012,0.013,0.,0.013,0.011,0.,0.011,0.011,0.,0.011,0.,0.,0.,0.,0.,0.,0.,0.,0.
452,0.013,0.,0.013,0.012,0.,0.012,0.011,0.,0.011,0.011,0.,0.011,0.,0.,0.,0.,0.,0.,0.,0.,0.
456,0.014,0.,0.014,0.011,0.,0.011,0.011,0.,0.011,0.012,0.,0.012,0.,0.,0.,0.,0.,0.,0.,0.,0.
460,0.012,0.,0.012,0.011,0.,0.011,0.012,0.,0.012,0.012,0.,0.012,0.,0.,0.,0.,0.,0.,0.,0.,0.
464,0.011,0.,0.011,0.012,0.,0.012,0.013,0.,0.013,0.011,0.,0.011,0.,0.,0.,0.,0.,0.,0.,0.,0.
468,0.012,0.,0.012,0.013,0.,0.013,0.012,0.,0.012,0.015,0.,0.015,0.,0.,0.,0.,0.,0.,0.,0.,0.
472,0.015,0.,0.015,0.014,0.,0.014,0.013,0.,0.013,0.013,0.,0.013,0.,0.,0.,0.,0.,0.,0.,0.,0.
476,0.014,0.,0.014,0.016,0.,0.016,0.013,0.,0.013,0.013,0.,0.013,0.,0.,0.,0.,0.,0.,0.,0.,0.
480,0.012,0.,0.012,0.013,0.,0.013,0.013,0.,0.013,0.012,0.,0.012,0.,0.,0.,0.,0.,0.,0.,0.,0.
484,0.014,0.,0.014,0.013,0.,0.013,0.014,0.,0.014,0.013,0.,0.013,0.,0.,0.,0.,0.,0.,0.,0.,0.
488,0.013,0.,0.013,0.014,0.,0.014,0.013,0.,0.013,0.014,0.,0.014,0.,0.,0.,0.,0.,0.,0.,0.,0.
492,0.013,0.,0.013,0.014,0.,0.014,0.014,0.,0.014,0.017,0.,0.017,0.,0.,0.,0.,0.,0.,0.,0.,0.
496,0.016,0.,0.016,0.014,0.,0.014,0.015,0.,0.015,0.015,0.,0.015,0.,0.,0.,0.,0.,0.,0.,0.,0.
500,0.015,0.,0.015,0.016,0.,0.016,0.016,0.,0.016,0.014,0.,0.014,0.,0.,0.,0.,0.,0.,0.,0.,0.
504,0.016,0.,0.016,0.015,0.,0.015,0.015,0.,0.015,0.018,0.,0.018,0.,0.,0.,0.,0.,0.,0.,0.,0.
508,0.017,0.,0.017,0.017,0.,0.017,0.015,0.,0.015,0.015,0.,0.015,0.001,0.,0.001,0.,0.,0.,0.,0.,0.
512,0.015,0.,0.015,0.014,0.,0.014,0.017,0.,0.017,0.017,0.,0.017,0.,0.,0.,0.,0.,0.,0.,0.,0.
516,0.022,0.,0.022,0.015,0.,0.015,0.017,0.,0.017,0.017,0.,0.017,0.,0.,0.,0.,0.,0.,0.,0.,0.
520,0.016,0.,0.016,0.015,0.,0.015,0.015,0.,0.015,0.014,0.,0.014,0.001,0.,0.001,0.,0.,0.,0.,0.,0.
524,0.017,0.,0.017,0.017,0.,0.017,0.016,0.,0.016,0.016,0.,0.016,0.,0.,0.,0.,0.,0.,0.,0.,0.
528,0.017,0.,0.017,0.017,0.,0.017,0.017,0.,0.017,0.015,0.,0.015,0.,0.,0.,0.,0.,0.,0.,0.,0.
532,0.016,0.,0.016,0.017,0.,0.017,0.021,0.,0.021,0.017,0.,0.017,0.,0.,0.,0.,0.,0.,0.,0.,0.
536,0.017,0.,0.017,0.016,0.,0.016,0.016,0.,0.016,0.019,0.,0.019,0.,0.,0.,0.,0.,0.,0.,0.,0.
540,0.018,0.,0.018,0.016,0.,0.016,0.016,0.,0.016,0.017,0.,0.017,0.,0.,0.,0.,0.,0.,0.,0.,0.
544,0.016,0.,0.016,0.016,0.,0.016,0.019,0.,0.019,0.018,0.,0.018,0.,0.,0.,0.,0.,0.,0.,0.,0.
548,0.017,0.,0.017,0.019,0.,0.019,0.017,0.,0.017,0.018,0.,0.018,0.,0.,0.,0.,0.,0.,0.,0.,0.
552,0.025,0.,0.025,0.017,0.,0.017,0.016,0.,0.016,0.017,0.,0.017,0.,0.,0.,0.,0.,0.,0.,0.,0.
556,0.017,0.,0.017,0.016,0.,0.016,0.017,0.,0.017,0.016,0.,0.016,0.,0.,0.,0.,0.,0.,0.,0.,0.
560,0.016,0.,0.016,0.018,0.,0.018,0.018,0.,0.018,0.017,0.,0.017,0.,0.,0.,0.,0.,0.,0.,0.,0.
564,0.017,0.,0.017,0.017,0.,0.017,0.018,0.,0.018,0.017,0.,0.017,0.,0.,0.,0.,0.,0.,0.,0.,0.
568,0.018,0.,0.018,0.017,0.,0.017,0.017,0.,0.017,0.019,0.,0.019,0.,0.,0.,0.,0.,0.,0.,0.,0.
572,0.018,0.,0.018,0.017,0.,0.017,0.019,0.,0.019,0.018,0.,0.018,0.,0.,0.,0.,0.,0.,0.,0.,0.
576,0.019,0.,0.019,0.019,0.,0.019,0.018,0.,0.018,0.018,0.,0.018,0.,0.,0.,0.,0.,0.,0.,0.,0.
580,0.018,0.,0.018,0.02,0.,0.02,0.02,0.,0.02,0.026,0.,0.026,0.,0.,0.,0.,0.,0.,0.,0.,0.
584,0.02,0.,0.02,0.021,0.,0.021,0.021,0.003,0.017,0.02,0.,0.02,0.,0.,0.,0.,0.,0.,0.,0.,0.
588,0.02,0.,0.02,0.019,0.,0.019,0.021,0.,0.021,0.023,0.,0.023,0.,0.,0.,0.,0.,0.,0.,0.,0.
592,0.023,0.,0.023,0.02,0.,0.02,0.022,0.,0.022,0.019,0.,0.019,0.,0.,0.,0.,0.,0.,0.,0.,0.
596,0.024,0.,0.024,0.021,0.,0.021,0.022,0.,0.022,0.02,0.,0.02,0.,0.,0.,0.,0.,0.,0.,0.,0.
600,0.021,0.,0.021,0.02,0.,0.02,0.021,0.,0.021,0.021,0.,0.021,0.,0.,0.,0.,0.,0.,0.,0.,0.
604,0.019,0.,0.019,0.019,0.,0.019,0.021,0.,0.021,0.021,0.,0.021,0.,0.,0.,0.,0.,0.,0.,0.,0.
608,0.02,0.,0.02,0.02,0.,0.02,0.021,0.,0.021,0.021,0.,0.021,0.,0.,0.,0.,0.,0.,0.,0.,0.
612,0.02,0.,0.02,0.022,0.,0.022,0.023,0.,0.023,0.02,0.,0.02,0.,0.,0.,0.,0.,0.,0.,0.,0.
616,0.023,0.,0.023,0.019,0.,0.019,0.021,0.,0.021,0.02,0.,0.02,0.,0.,0.,0.,0.,0.,0.,0.,0.
620,0.022,0.,0.022,0.019,0.,0.019,0.023,0.,0.023,0.023,0.,0.023,0.,0.,0.,0.,0.,0.,0.,0.,0.
624,0.022,0.,0.022,0.022,0.,0.022,0.028,0.,0.028,0.024,0.,0.024,0.,0.,0.,0.,0.,0.,0.,0.,0.
628,0.023,0.,0.023,0.02,0.,0.02,0.021,0.,0.021,0.023,0.,0.023,0.,0.,0.,0.,0.,0.,0.,0.,0.
632,0.024,0.,0.024,0.022,0.,0.022,0.023,0.,0.023,0.023,0.,0.023,0.001,0.,0.001,0.,0.,0.,0.,0.,0.
636,0.024,0.,0.024,0.024,0.,0.024,0.023,0.,0.023,0.023,0.,0.023,0.,0.,0.,0.,0.,0.,0.,0.,0.
640,0.023,0.,0.023,0.022,0.,0.022,0.022,0.,0.022,0.024,0.,0.024,0.,0.,0.,0.,0.,0.,0.,0.,0.
644,0.025,0.,0.025,0.023,0.,0.023,0.024,0.,0.024,0.023,0.,0.023,0.,0.,0.,0.,0.,0.,0.,0.,0.
648,0.025,0.,0.025,0.021,0.,0.021,0.022,0.,0.022,0.021,0.,0.021,0.,0.,0.,0.,0.,0.,0.,0.,0.
652,0.024,0.,0.024,0.022,0.,0.022,0.023,0.,0.023,0.024,0.,0.024,0.,0.,0.,0.,0.,0.,0.,0.,0.
656,0.026,0.,0.026,0.025,0.,0.025,0.024,0.,0.024,0.023,0.,0.023,0.,0.,0.,0.,0.,0.,0.,0.,0.
660,0.024,0.,0.024,0.021,0.,0.021,0.027,0.,0.027,0.025,0.,0.025,0.,0.,0.,0.,0.,0.,0.,0.,0.
664,0.025,0.,0.025,0.025,0.,0.025,0.023,0.,0.023,0.025,0.,0.025,0.,0.,0.,0.,0.,0.,0.,0.,0.
668,0.022,0.,0.022,0.024,0.,0.024,0.022,0.,0.022,0.022,0.,0.022,0.,0.,0.,0.,0.,0.,0.,0.,0.
672,0.023,0.,0.023,0.023,0.,0.023,0.023,0.,0.023,0.023,0.,0.023,0.,0.,0.,0.,0.,0.,0.002,0.,0.002
676,0.023,0.,0.023,0.026,0.,0.026,0.026,0.,0.026,0.027,0.,0.027,0.,0.,0.,0.,0.,0.,0.,0.,0.
680,0.028,0.,0.028,0.027,0.,0.027,0.031,0.,0.031,0.027,0.,0.027,0.,0.,0.,0.,0.,0.,0.,0.,0.
684,0.028,0.,0.028,0.027,0.,0.027,0.028,0.,0.028,0.028,0.,0.028,0.,0.,0.,0.,0.,0.,0.,0.,0.
688,0.027,0.,0.027,0.029,0.,0.029,0.027,0.,0.027,0.026,0.,0.026,0.,0.,0.,0.001,0.,0.001,0.,0.,0.
692,0.036,0.,0.036,0.029,0.,0.029,0.029,0.,0.029,0.028,0.,0.028,0.,0.,0.,0.,0.,0.,0.,0.,0.
696,0.027,0.,0.027,0.027,0.,0.027,0.024,0.,0.024,0.027,0.,0.027,0.,0.,0.,0.,0.,0.,0.,0.,0.
700,0.027,0.,0.027,0.029,0.,0.029,0.033,0.,0.033,0.026,0.,0.026,0.,0.,0.,0.,0.,0.,0.,0.,0.
704,0.025,0.,0.025,0.03,0.,0.03,0.029,0.,0.029,0.028,0.,0.028,0.,0.,0.,0.,0.,0.,0.,0.,0.
708,0.028,0.,0.028,0.029,0.,0.029,0.03,0.,0.03,0.029,0.,0.029,0.,0.,0.,0.,0.,0.,0.,0.,0.
712,0.029,0.,0.029,0.03,0.,0.03,0.027,0.,0.027,0.028,0.,0.028,0.,0.,0.,0.,0.,0.,0.,0.,0.
716,0.027,0.,0.027,0.026,0.,0.026,0.028,0.,0.028,0.028,0.,0.028,0.,0.,0.,0.,0.,0.,0.,0.,0.
720,0.027,0.,0.027,0.026,0.,0.026,0.038,0.,0.038,0.029,0.,0.029,0.,0.,0.,0.,0.,0.,0.,0.,0.
724,0.029,0.,0.029,0.03,0.,0.03,0.027,0.003,0.023,0.027,0.,0.027,0.,0.,0.,0.,0.,0.,0.,0.,0.
728,0.03,0.,0.03,0.03,0.,0.03,0.028,0.,0.028,0.031,0.,0.031,0.,0.,0.,0.,0.,0.,0.,0.,0.
732,0.036,0.,0.036,0.03,0.,0.03,0.029,0.,0.029,0.037,0.,0.037,0.,0.,0.,0.,0.,0.,0.,0.,0.
736,0.028,0.,0.028,0.03,0.,0.03,0.029,0.,0.029,0.029,0.,0.029,0.,0.,0.,0.,0.,0.,0.,0.,0.
740,0.03,0.,0.03,0.028,0.,0.028,0.029,0.,0.029,0.032,0.,0.032,0.,0.,0.,0.,0.,0.,0.,0.,0.
744,0.034,0.,0.034,0.032,0.,0.032,0.033,0.,0.033,0.028,0.,0.028,0.,0.,0.,0.,0.,0.,0.,0.,0.
748,0.03,0.,0.03,0.03,0.,0.03,0.029,0.,0.029,0.028,0.,0.028,0.,0.,0.,0.,0.,0.,0.,0.,0.
752,0.031,0.,0.031,0.029,0.,0.029,0.03,0.,0.03,0.029,0.,0.029,0.,0.,0.,0.,0.,0.,0.,0.,0.
756,0.033,0.,0.033,0.033,0.,0.033,0.032,0.,0.032,0.029,0.,0.029,0.,0.,0.,0.,0.,0.,0.,0.,0.
760,0.03,0.,0.03,0.03,0.,0.03,0.038,0.,0.038,0.03,0.,0.03,0.,0.,0.,0.,0.,0.,0.,0.,0.
764,0.032,0.,0.032,0.029,0.,0.029,0.03,0.,0.03,0.03,0.,0.03,0.,0.,0.,0.002,0.,0.002,0.,0.,0.
768,0.031,0.,0.031,0.031,0.,0.031,0.032,0.,0.032,0.031,0.,0.031,0.,0.,0.,0.001,0.,0.001,0.,0.,0.
772,0.031,0.,0.031,0.031,0.,0.031,0.032,0.,0.032,0.031,0.,0.031,0.,0.,0.,0.,0.,0.,0.,0.,0.
776,0.031,0.,0.031,0.031,0.,0.031,0.033,0.,0.033,0.029,0.,0.029,0.002,0.,0.002,0.,0.,0.,0.,0.,0.
780,0.032,0.,0.032,0.03,0.,0.03,0.032,0.,0.032,0.031,0.,0.031,0.,0.,0.,0.,0.,0.,0.,0.,0.
784,0.032,0.,0.032,0.033,0.,0.033,0.033,0.,0.033,0.033,0.,0.033,0.,0.,0.,0.,0.,0.,0.,0.,0.
788,0.034,0.003,0.03,0.033,0.,0.033,0.034,0.,0.034,0.04,0.,0.04,0.,0.,0.,0.,0.,0.,0.,0.,0.
792,0.035,0.,0.035,0.034,0.,0.034,0.034,0.,0.034,0.036,0.,0.036,0.,0.,0.,0.,0.,0.,0.,0.,0.
796,0.036,0.,0.036,0.037,0.,0.037,0.033,0.,0.033,0.035,0.,0.035,0.,0.,0.,0.,0.,0.,0.,0.,0.
800,0.037,0.,0.037,0.037,0.,0.037,0.035,0.,0.035,0.034,0.,0.034,0.,0.,0.,0.,0.,0.,0.,0.,0.
804,0.036,0.,0.036,0.035,0.,0.035,0.033,0.,0.033,0.038,0.,0.038,0.,0.,0.,0.,0.,0.,0.,0.,0.
808,0.036,0.,0.036,0.038,0.,0.038,0.035,0.,0.035,0.037,0.,0.037,0.,0.,0.,0.,0.,0.,0.,0.,0.
812,0.039,0.,0.039,0.034,0.,0.034,0.036,0.,0.036,0.036,0.,0.036,0.,0.,0.,0.,0.,0.,0.,0.,0.
816,0.035,0.,0.035,0.04,0.,0.04,0.037,0.,0.037,0.034,0.,0.034,0.,0.,0.,0.,0.,0.,0.,0.,0.
820,0.037,0.,0.037,0.036,0.,0.036,0.039,0.,0.039,0.035,0.,0.035,0.,0.,0.,0.,0.,0.,0.,0.,0.
824,0.036,0.,0.036,0.037,0.,0.037,0.035,0.,0.035,0.035,0.,0.035,0.,0.,0.,0.,0.,0.,0.,0.,0.
828,0.038,0.,0.038,0.037,0.,0.037,0.039,0.,0.039,0.036,0.,0.036,0.,0.,0.,0.,0.,0.,0.,0.,0.
832,0.035,0.,0.035,0.039,0.,0.039,0.038,0.,0.038,0.037,0.,0.037,0.,0.,0.,0.,0.,0.,0.,0.,0.
836,0.036,0.,0.036,0.038,0.,0.038,0.037,0.,0.037,0.036,0.,0.036,0.,0.,0.,0.,0.,0.,0.,0.,0.
840,0.039,0.,0.039,0.038,0.,0.038,0.042,0.,0.042,0.04,0.,0.04,0.,0.,0.,0.,0.,0.,0.,0.,0.
844,0.04,0.,0.04,0.041,0.,0.041,0.041,0.,0.041,0.041,0.,0.041,0.,0.,0.,0.,0.,0.,0.,0.,0.
848,0.048,0.,0.048,0.042,0.,0.042,0.04,0.003,0.037,0.041,0.,0.041,0.,0.,0.,0.,0.,0.,0.,0.,0.
852,0.044,0.,0.044,0.042,0.,0.042,0.045,0.,0.045,0.044,0.,0.044,0.,0.,0.,0.,0.,0.,0.,0.,0.
856,0.041,0.,0.041,0.04,0.,0.04,0.047,0.,0.047,0.04,0.,0.04,0.,0.,0.,0.,0.,0.,0.,0.,0.
860,0.039,0.,0.039,0.05,0.,0.05,0.038,0.,0.038,0.043,0.,0.043,0.,0.,0.,0.,0.,0.,0.,0.,0.
864,0.045,0.,0.045,0.043,0.,0.043,0.04,0.,0.04,0.04,0.,0.04,0.,0.,0.,0.,0.,0.,0.,0.,0.
868,0.041,0.,0.041,0.043,0.,0.043,0.041,0.,0.041,0.041,0.,0.041,0.,0.,0.,0.,0.,0.,0.,0.,0.
872,0.045,0.,0.045,0.041,0.,0.041,0.043,0.,0.043,0.043,0.,0.043,0.,0.,0.,0.,0.,0.,0.,0.,0.
876,0.044,0.,0.044,0.045,0.,0.045,0.046,0.,0.046,0.041,0.,0.041,0.,0.,0.,0.,0.,0.,0.,0.,0.
880,0.044,0.,0.044,0.042,0.,0.042,0.042,0.,0.042,0.041,0.,0.041,0.,0.,0.,0.,0.,0.,0.,0.,0.
884,0.045,0.,0.045,0.043,0.,0.043,0.041,0.,0.041,0.047,0.,0.046,0.,0.,0.,0.,0.,0.,0.,0.,0.
888,0.045,0.,0.045,0.043,0.,0.043,0.046,0.,0.046,0.045,0.,0.045,0.,0.,0.,0.,0.,0.,0.,0.,0.
892,0.047,0.,0.047,0.047,0.,0.047,0.045,0.,0.045,0.045,0.,0.045,0.002,0.,0.002,0.,0.,0.,0.,0.,0.
896,0.045,0.,0.045,0.048,0.,0.048,0.041,0.,0.041,0.045,0.,0.045,0.001,0.,0.001,0.,0.,0.,0.,0.,0.
900,0.053,0.,0.053,0.043,0.,0.043,0.044,0.,0.044,0.044,0.,0.044,0.001,0.,0.001,0.,0.,0.,0.,0.,0.
904,0.047,0.,0.047,0.049,0.,0.048,0.047,0.,0.047,0.05,0.,0.05,0.001,0.,0.001,0.,0.,0.,0.,0.,0.
908,0.048,0.,0.048,0.047,0.,0.047,0.049,0.,0.049,0.048,0.,0.048,0.001,0.,0.001,0.,0.,0.,0.,0.,0.
912,0.05,0.,0.05,0.05,0.,0.05,0.051,0.,0.051,0.047,0.,0.047,0.,0.,0.,0.,0.,0.,0.,0.,0.
916,0.047,0.,0.047,0.047,0.,0.047,0.045,0.,0.045,0.044,0.,0.044,0.001,0.,0.001,0.,0.,0.,0.,0.,0.
920,0.048,0.,0.048,0.046,0.,0.046,0.047,0.,0.047,0.047,0.,0.047,0.001,0.,0.001,0.,0.,0.,0.,0.,0.
924,0.048,0.,0.048,0.048,0.,0.048,0.053,0.,0.053,0.045,0.,0.045,0.,0.,0.,0.,0.,0.,0.,0.,0.
928,0.047,0.,0.047,0.046,0.,0.046,0.049,0.,0.049,0.048,0.,0.048,0.,0.,0.,0.,0.,0.,0.,0.,0.
932,0.047,0.,0.047,0.046,0.,0.046,0.056,0.,0.056,0.046,0.,0.046,0.,0.,0.,0.,0.,0.,0.002,0.,0.002
936,0.051,0.,0.051,0.051,0.,0.051,0.05,0.,0.05,0.051,0.,0.051,0.,0.,0.,0.,0.,0.,0.,0.,0.
940,0.051,0.,0.051,0.054,0.,0.054,0.048,0.,0.048,0.049,0.,0.049,0.,0.,0.,0.,0.,0.,0.,0.,0.
944,0.05,0.,0.05,0.051,0.,0.051,0.05,0.003,0.046,0.051,0.,0.051,0.001,0.,0.001,0.,0.,0.,0.,0.,0.
948,0.05,0.,0.05,0.049,0.,0.049,0.046,0.,0.046,0.049,0.,0.049,0.,0.,0.,0.,0.,0.,0.,0.,0.
952,0.05,0.,0.05,0.05,0.,0.05,0.05,0.,0.05,0.051,0.,0.051,0.001,0.,0.001,0.,0.,0.,0.,0.,0.
956,0.052,0.,0.052,0.054,0.003,0.05,0.054,0.,0.054,0.058,0.003,0.054,0.001,0.,0.001,0.,0.,0.,0.,0.,0.
960,0.052,0.,0.052,0.051,0.,0.051,0.05,0.,0.05,0.048,0.,0.048,0.,0.,0.,0.,0.,0.,0.,0.,0.
964,0.054,0.,0.054,0.053,0.,0.053,0.051,0.,0.051,0.056,0.,0.056,0.,0.,0.,0.,0.,0.,0.,0.,0.
968,0.052,0.,0.052,0.054,0.,0.054,0.052,0.,0.052,0.053,0.,0.053,0.001,0.,0.001,0.,0.,0.,0.,0.,0.
972,0.053,0.,0.053,0.057,0.,0.057,0.054,0.,0.054,0.049,0.,0.049,0.,0.,0.,0.,0.,0.,0.,0.,0.
976,0.054,0.,0.054,0.051,0.,0.051,0.054,0.,0.054,0.055,0.,0.055,0.001,0.,0.001,0.,0.,0.,0.,0.,0.
980,0.061,0.,0.061,0.057,0.,0.057,0.055,0.,0.055,0.055,0.,0.055,0.,0.,0.,0.,0.,0.,0.,0.,0.
984,0.054,0.,0.054,0.056,0.,0.056,0.054,0.,0.054,0.057,0.,0.057,0.001,0.,0.001,0.,0.,0.,0.,0.,0.
988,0.054,0.,0.054,0.054,0.,0.054,0.055,0.,0.055,0.053,0.,0.053,0.,0.,0.,0.,0.,0.,0.,0.,0.
992,0.057,0.,0.057,0.055,0.,0.055,0.058,0.,0.058,0.057,0.,0.057,0.001,0.,0.001,0.,0.,0.,0.,0.,0.
996,0.058,0.,0.058,0.058,0.,0.058,0.061,0.,0.061,0.058,0.,0.058,0.,0.,0.,0.,0.,0.,0.001,0.,0.001
1000,0.058,0.,0.058,0.058,0.,0.058,0.057,0.,0.057,0.056,0.,0.056,0.001,0.,0.001,0.,0.,0.,0.002,0.,0.002
1100,0.068,0.,0.068,0.071,0.,0.071,0.07,0.,0.07,0.069,0.,0.069,0.001,0.,0.001,0.,0.,0.,0.,0.,0.
1200,0.088,0.,0.088,0.095,0.,0.095,0.088,0.003,0.084,0.087,0.,0.087,0.001,0.,0.001,0.,0.,0.,0.,0.,0.
1300,0.097,0.003,0.092,0.095,0.,0.095,0.097,0.,0.097,0.096,0.,0.096,0.001,0.,0.001,0.,0.,0.,0.,0.,0.
1400,0.109,0.,0.109,0.114,0.,0.114,0.107,0.,0.107,0.112,0.,0.112,0.001,0.,0.001,0.,0.,0.,0.,0.,0.
1500,0.126,0.,0.126,0.125,0.,0.125,0.124,0.,0.124,0.125,0.003,0.121,0.001,0.,0.001,0.,0.,0.,0.,0.,0.
1600,0.14,0.,0.14,0.144,0.,0.144,0.155,0.,0.155,0.144,0.,0.144,0.001,0.,0.001,0.,0.,0.,0.001,0.,0.001
1700,0.172,0.,0.172,0.171,0.,0.171,0.166,0.,0.166,0.166,0.,0.166,0.001,0.,0.001,0.001,0.,0.001,0.,0.,0.
1800,0.185,0.,0.185,0.179,0.,0.179,0.185,0.,0.185,0.186,0.,0.186,0.001,0.,0.001,0.001,0.,0.001,0.001,0.,0.001
1900,0.205,0.,0.205,0.205,0.,0.205,0.204,0.,0.204,0.202,0.,0.202,0.001,0.,0.001,0.001,0.,0.001,0.001,0.,0.001
2000,0.222,0.,0.222,0.221,0.,0.221,0.226,0.,0.226,0.227,0.,0.227,0.001,0.,0.001,0.001,0.,0.001,0.001,0.,0.001
2100,0.246,0.,0.246,0.239,0.,0.239,0.236,0.,0.236,0.236,0.,0.236,0.001,0.,0.001,0.001,0.,0.001,0.001,0.,0.001
2200,0.259,0.,0.259,0.268,0.,0.268,0.255,0.,0.255,0.267,0.,0.267,0.002,0.,0.002,0.001,0.,0.001,0.001,0.,0.001
2300,0.298,0.,0.298,0.289,0.,0.289,0.284,0.,0.284,0.276,0.,0.276,0.001,0.,0.001,0.001,0.,0.001,0.001,0.,0.001
2400,0.317,0.,0.317,0.308,0.,0.308,0.317,0.,0.317,0.311,0.,0.311,0.001,0.,0.001,0.001,0.,0.001,0.001,0.,0.001
2500,0.327,0.,0.327,0.328,0.,0.328,0.321,0.,0.321,0.321,0.,0.321,0.001,0.,0.001,0.001,0.,0.001,0.001,0.,0.001
2600,0.346,0.,0.346,0.339,0.,0.339,0.357,0.,0.357,0.347,0.,0.347,0.001,0.,0.001,0.001,0.,0.001,0.001,0.,0.001
2700,0.383,0.,0.383,0.383,0.,0.383,0.373,0.003,0.369,0.388,0.,0.388,0.001,0.,0.001,0.001,0.,0.001,0.001,0.,0.001
2800,0.426,0.,0.426,0.406,0.,0.406,0.416,0.,0.416,0.412,0.,0.412,0.001,0.,0.001,0.001,0.,0.001,0.001,0.,0.001
2900,0.435,0.,0.435,0.42,0.,0.42,0.421,0.,0.421,0.425,0.,0.425,0.001,0.,0.001,0.001,0.,0.001,0.001,0.,0.001
3000,0.454,0.,0.453,0.45,0.,0.45,0.459,0.,0.459,0.448,0.,0.447,0.001,0.,0.001,0.002,0.,0.002,0.001,0.,0.001
3100,0.474,0.,0.474,0.489,0.,0.489,0.474,0.,0.474,0.491,0.,0.491,0.001,0.,0.001,0.001,0.,0.001,0.001,0.,0.001
3200,0.518,0.,0.518,0.506,0.,0.506,0.51,0.,0.51,0.508,0.,0.508,0.001,0.,0.001,0.001,0.,0.001,0.001,0.,0.001
3300,0.55,0.,0.55,0.544,0.,0.544,0.537,0.,0.537,0.524,0.,0.524,0.001,0.,0.001,0.001,0.,0.001,0.001,0.,0.001
3400,0.594,0.,0.594,0.585,0.,0.585,0.588,0.,0.588,0.588,0.,0.588,0.002,0.,0.002,0.001,0.,0.001,0.001,0.,0.001
3500,0.629,0.,0.629,0.611,0.003,0.607,0.6,0.,0.6,0.587,0.,0.587,0.001,0.,0.001,0.007,0.,0.007,0.001,0.,0.001
3600,0.622,0.,0.622,0.64,0.,0.64,0.644,0.,0.644,0.618,0.,0.618,0.002,0.,0.002,0.002,0.,0.002,0.001,0.,0.001
3700,0.672,0.,0.672,0.658,0.,0.658,0.662,0.,0.662,0.658,0.,0.658,0.002,0.,0.002,0.001,0.,0.001,0.001,0.,0.001
3800,0.687,0.,0.687,0.697,0.,0.697,0.729,0.,0.729,0.7,0.,0.7,0.002,0.,0.002,0.001,0.,0.001,0.002,0.,0.002
3900,0.746,0.,0.746,0.743,0.,0.743,0.723,0.,0.723,0.746,0.003,0.742,0.002,0.,0.002,0.002,0.,0.002,0.001,0.,0.001
4000,0.798,0.,0.798,0.793,0.004,0.789,0.767,0.,0.767,0.792,0.,0.791,0.002,0.,0.002,0.001,0.,0.001,0.001,0.,0.001
4100,0.818,0.,0.818,0.867,0.,0.866,0.83,0.,0.829,0.797,0.,0.797,0.002,0.,0.002,0.003,0.,0.003,0.002,0.,0.002
4200,0.839,0.,0.839,0.85,0.,0.85,0.85,0.,0.85,0.832,0.,0.832,0.002,0.,0.002,0.002,0.,0.002,0.002,0.,0.002
4300,0.882,0.,0.882,0.884,0.,0.884,0.882,0.,0.882,0.872,0.,0.871,0.002,0.,0.002,0.003,0.,0.003,0.001,0.,0.001
4400,0.912,0.,0.912,0.89,0.,0.89,0.883,0.003,0.879,0.902,0.,0.902,0.002,0.,0.002,0.001,0.,0.001,0.001,0.,0.001
4500,0.941,0.,0.941,0.943,0.,0.942,0.917,0.,0.917,0.945,0.,0.945,0.002,0.,0.002,0.001,0.,0.001,0.001,0.,0.001
4600,0.989,0.,0.989,0.998,0.,0.998,0.972,0.003,0.968,0.996,0.,0.995,0.002,0.,0.002,0.002,0.,0.002,0.002,0.,0.002
4700,1.044,0.,1.044,1.019,0.,1.019,1.03,0.,1.03,1.022,0.,1.022,0.002,0.,0.002,0.002,0.,0.002,0.003,0.,0.003
4800,1.078,0.003,1.074,1.074,0.,1.074,1.06,0.,1.06,1.073,0.,1.073,0.002,0.,0.002,0.002,0.,0.002,0.002,0.,0.002
4900,1.131,0.,1.131,1.142,0.,1.142,1.124,0.,1.124,1.11,0.,1.11,0.002,0.,0.002,0.002,0.,0.002,0.002,0.,0.002
5000,1.181,0.,1.181,1.153,0.,1.153,1.149,0.,1.149,1.152,0.,1.152,0.003,0.,0.003,0.002,0.,0.002,0.002,0.,0.002
5500,1.386,0.,1.386,1.361,0.,1.361,1.375,0.,1.375,1.362,0.,1.362,0.002,0.,0.002,0.003,0.,0.003,0.002,0.,0.002
6000,1.632,0.,1.632,1.614,0.,1.614,1.65,0.,1.65,1.609,0.,1.609,0.002,0.,0.002,0.002,0.,0.002,0.002,0.,0.002
6500,1.864,0.,1.864,1.982,0.003,1.977,1.957,0.,1.957,1.908,0.,1.908,0.003,0.,0.003,0.003,0.,0.003,0.003,0.,0.003
7000,2.201,0.,2.201,2.163,0.,2.163,2.161,0.,2.161,2.145,0.,2.145,0.003,0.,0.003,0.002,0.,0.002,0.003,0.,0.003
7500,2.479,0.,2.478,2.463,0.,2.463,2.468,0.,2.465,2.408,0.,2.408,0.005,0.,0.005,0.003,0.,0.003,0.003,0.,0.003
8000,2.757,0.,2.756,2.791,0.,2.791,2.775,0.,2.775,2.774,0.,2.774,0.003,0.,0.003,0.003,0.,0.003,0.003,0.,0.003
8500,3.138,0.,3.138,3.09,0.,3.089,3.089,0.,3.089,3.115,0.,3.113,0.004,0.,0.004,0.003,0.,0.003,0.004,0.,0.004
9000,3.457,0.,3.457,3.401,0.,3.401,3.439,0.,3.439,3.519,0.,3.519,0.004,0.,0.004,0.003,0.,0.003,0.003,0.,0.003
9500,3.928,0.,3.928,3.841,0.,3.84,3.939,0.,3.939,3.86,0.,3.86,0.004,0.,0.004,0.004,0.,0.004,0.004,0.,0.004
10000,4.246,0.003,4.242,4.203,0.,4.203,4.222,0.,4.219,4.175,0.,4.175,0.004,0.,0.004,0.004,0.,0.004,0.004,0.,0.004