param-n,abstract-regression-linear-real,abstract-regression-linear-sys,abstract-regression-linear-user,reify-regression-cubic-real,reify-regression-cubic-sys,reify-regression-cubic-user
1,0.001,0.,0.,0.004,0.,0.004
2,0.001,0.,0.001,0.004,0.004,0.
3,0.001,0.,0.001,0.005,0.,0.005
4,0.001,0.,0.,0.01,0.003,0.006
5,0.,0.,0.,0.01,0.007,0.002
6,0.001,0.,0.001,0.012,0.004,0.008
7,0.001,0.,0.001,0.015,0.,0.015
8,0.055,0.011,0.043,0.022,0.011,0.01
9,0.001,0.,0.,0.016,0.,0.016
10,0.001,0.,0.001,0.019,0.,0.019
11,0.003,0.,0.003,0.02,0.,0.02
12,0.003,0.,0.003,0.023,0.,0.023
13,0.001,0.,0.001,0.026,0.,0.026
14,0.001,0.,0.001,0.03,0.,0.03
15,0.001,0.,0.001,0.117,0.,0.117
16,0.001,0.,0.001,0.039,0.,0.039
17,0.001,0.,0.001,0.043,0.,0.043
18,0.002,0.,0.002,0.044,0.,0.044
19,0.001,0.,0.001,0.069,0.,0.069
20,0.001,0.,0.001,0.051,0.,0.051
21,0.001,0.,0.001,0.059,0.,0.059
22,0.002,0.,0.002,0.064,0.,0.064
23,0.002,0.,0.002,0.072,0.,0.072
24,0.002,0.,0.002,0.084,0.,0.084
25,0.002,0.,0.001,0.082,0.003,0.078
26,0.002,0.,0.002,0.105,0.,0.105
27,0.002,0.,0.002,0.09,0.,0.09
28,0.002,0.,0.002,0.096,0.,0.096
29,0.002,0.,0.002,0.188,0.,0.188
30,0.002,0.,0.002,0.135,0.,0.135
31,0.002,0.,0.002,0.116,0.,0.116
32,0.002,0.,0.002,0.125,0.,0.125
33,0.002,0.,0.002,0.133,0.,0.133
34,0.003,0.,0.003,0.141,0.,0.141
35,0.002,0.,0.002,0.151,0.,0.151
36,0.002,0.,0.002,0.159,0.,0.159
37,0.002,0.,0.002,0.162,0.003,0.158
38,0.003,0.,0.003,0.175,0.003,0.171
39,0.002,0.,0.002,0.187,0.,0.187
40,0.002,0.,0.002,0.198,0.,0.198
41,0.003,0.,0.003,0.212,0.,0.212
42,0.003,0.,0.003,0.222,0.,0.222
43,0.003,0.,0.003,0.234,0.,0.234
44,0.003,0.,0.003,0.241,0.,0.24
45,0.003,0.,0.003,0.263,0.007,0.255
46,0.006,0.,0.006,0.278,0.,0.277
47,0.003,0.,0.003,0.269,0.003,0.265
48,0.003,0.,0.003,0.303,0.003,0.299
49,0.003,0.,0.003,0.307,0.,0.307
50,0.003,0.,0.003,0.322,0.,0.322
51,0.004,0.,0.004,0.361,0.,0.361
52,0.004,0.,0.004,0.34,0.003,0.336
53,0.003,0.,0.003,0.347,0.003,0.343
54,0.003,0.,0.003,0.372,0.004,0.368
55,0.004,0.,0.004,0.387,0.,0.387
56,0.004,0.,0.004,0.403,0.,0.403
57,0.003,0.,0.003,0.433,0.,0.432
58,0.004,0.,0.004,0.443,0.,0.44
59,0.004,0.,0.004,0.476,0.,0.476
60,0.004,0.,0.004,0.464,0.,0.464
61,0.006,0.,0.006,0.497,0.,0.497
62,0.004,0.004,0.,0.505,0.007,0.496
63,0.004,0.,0.004,0.518,0.,0.518
64,0.006,0.,0.006,0.524,0.004,0.52
65,0.004,0.,0.004,0.533,0.,0.533
66,0.004,0.,0.004,0.553,0.003,0.549
67,0.004,0.,0.004,0.585,0.,0.585
68,0.005,0.,0.005,0.609,0.,0.609
69,0.004,0.,0.004,0.631,0.,0.631
70,0.004,0.,0.004,0.647,0.,0.647
71,0.005,0.,0.005,0.692,0.,0.692
72,0.005,0.,0.005,0.715,0.,0.715
73,0.004,0.,0.004,0.708,0.007,0.7
74,0.006,0.,0.006,0.761,0.004,0.757
75,0.005,0.,0.004,0.757,0.003,0.753
76,0.006,0.,0.006,0.788,0.,0.788
77,0.005,0.,0.005,0.808,0.,0.808
78,0.006,0.,0.006,0.917,0.003,0.91
79,0.005,0.,0.005,0.89,0.,0.89
80,0.005,0.,0.005,0.887,0.,0.887
81,0.005,0.,0.005,0.893,0.,0.893
82,0.005,0.,0.005,0.922,0.,0.922
83,0.006,0.,0.006,0.982,0.,0.982
84,0.005,0.,0.005,0.963,0.,0.963
85,0.006,0.,0.006,1.025,0.,1.024
86,0.005,0.,0.005,1.092,0.,1.092
87,0.005,0.,0.005,1.058,0.,1.058
88,0.005,0.,0.005,1.08,0.,1.08
89,0.006,0.,0.006,1.111,0.,1.111
90,0.005,0.,0.005,1.15,0.,1.15
91,0.006,0.,0.006,1.208,0.,1.208
92,0.006,0.,0.006,1.263,0.,1.263
93,0.006,0.,0.006,1.253,0.,1.253
94,0.008,0.,0.008,1.292,0.,1.292
95,0.006,0.,0.006,1.35,0.,1.349
96,0.006,0.,0.006,1.39,0.,1.39
97,0.006,0.,0.006,1.394,0.,1.394
98,0.006,0.,0.006,1.446,0.003,1.442
99,0.007,0.,0.007,1.455,0.,1.455
100,0.007,0.,0.007,1.514,0.,1.513
110,0.006,0.,0.006,2.166,0.027,2.139
120,0.008,0.,0.008,2.357,0.011,2.345
130,0.007,0.,0.007,2.873,0.011,2.861
140,0.009,0.,0.009,3.45,0.007,3.442
150,0.009,0.,0.009,4.143,0.012,4.13
160,0.012,0.,0.012,5.099,0.,5.099
170,0.01,0.,0.01,5.722,0.,5.722
180,0.011,0.,0.011,6.592,0.,6.591
190,0.011,0.,0.011,7.575,0.003,7.57
200,0.012,0.,0.012,8.715,0.,8.714
210,0.013,0.,0.013,10.07,0.008,10.061
220,0.013,0.,0.013,11.296,0.007,11.288
230,0.015,0.,0.015,12.922,0.,12.921
240,0.015,0.,0.015,14.357,0.,14.356
250,0.015,0.,0.015,15.974,0.008,15.965
260,0.015,0.,0.015,17.986,0.023,17.96
270,0.019,0.,0.019,20.129,0.003,20.123
280,0.025,0.,0.025,21.891,0.012,21.877
290,0.02,0.,0.02,24.43,0.034,24.393
300,0.02,0.,0.02,26.791,0.004,26.786
350,0.024,0.,0.024,41.499,0.02,41.476
400,0.025,0.,0.025,61.199,0.003,61.191
450,0.026,0.,0.026,87.918,0.023,87.888
500,0.031,0.,0.031,119.034,0.064,118.96