param-n,abstract+autorewrite-regression-quadratic-real,abstract+autorewrite-regression-quadratic-sys,abstract+autorewrite-regression-quadratic-user,abstract+rewrite!-regression-quadratic-real,abstract+rewrite!-regression-quadratic-sys,abstract+rewrite!-regression-quadratic-user,autorewrite-noop-regression-linear-real,autorewrite-noop-regression-linear-sys,autorewrite-noop-regression-linear-user,autorewrite-regression-quadratic-real,autorewrite-regression-quadratic-sys,autorewrite-regression-quadratic-user,close-abstract+autorewrite-regression-quadratic-real,close-abstract+autorewrite-regression-quadratic-sys,close-abstract+autorewrite-regression-quadratic-user,close-abstract+rewrite!-regression-quadratic-real,close-abstract+rewrite!-regression-quadratic-sys,close-abstract+rewrite!-regression-quadratic-user,rewrite!-regression-quadratic-real,rewrite!-regression-quadratic-sys,rewrite!-regression-quadratic-user,rewrite?-noop-regression-linear-real,rewrite?-noop-regression-linear-sys,rewrite?-noop-regression-linear-user
1,0.001,0.,0.001,0.,0.,0.,0.,0.,0.,0.,0.,0.,0.,0.,0.,0.,0.,0.,0.,0.,0.,0.,0.,0.
2,0.002,0.,0.001,0.,0.,0.,0.,0.,0.,0.001,0.,0.,0.,0.,0.,0.,0.,0.,0.,0.,0.,0.,0.,0.
3,0.003,0.001,0.002,0.001,0.001,0.,0.,0.,0.,0.001,0.,0.001,0.001,0.001,0.,0.001,0.001,0.,0.,0.,0.,0.,0.,0.
4,0.002,0.002,0.,0.001,0.,0.001,0.,0.,0.,0.001,0.001,0.,0.,0.,0.,0.,0.,0.,0.001,0.,0.001,0.,0.,0.
5,0.003,0.,0.002,0.002,0.,0.002,0.,0.,0.,0.001,0.,0.001,0.,0.,0.,0.,0.,0.,0.001,0.,0.001,0.,0.,0.
6,0.003,0.003,0.,0.003,0.001,0.002,0.,0.,0.,0.002,0.002,0.,0.,0.,0.,0.,0.,0.,0.002,0.,0.002,0.,0.,0.
7,0.004,0.,0.004,0.003,0.001,0.002,0.,0.,0.,0.002,0.,0.002,0.,0.,0.,0.001,0.,0.,0.002,0.001,0.001,0.,0.,0.
8,0.004,0.004,0.,0.004,0.,0.004,0.,0.,0.,0.003,0.003,0.,0.,0.,0.,0.,0.,0.,0.002,0.,0.002,0.,0.,0.
9,0.006,0.003,0.002,0.005,0.,0.004,0.,0.,0.,0.003,0.003,0.,0.,0.,0.,0.,0.,0.,0.004,0.,0.004,0.,0.,0.
10,0.005,0.,0.005,0.005,0.002,0.003,0.,0.,0.,0.004,0.,0.004,0.001,0.,0.001,0.001,0.,0.,0.003,0.001,0.002,0.,0.,0.
11,0.007,0.003,0.003,0.007,0.003,0.004,0.,0.,0.,0.005,0.003,0.001,0.001,0.,0.001,0.001,0.001,0.,0.004,0.,0.004,0.,0.,0.
12,0.007,0.,0.007,0.007,0.,0.007,0.,0.,0.,0.005,0.,0.005,0.001,0.,0.001,0.001,0.,0.001,0.005,0.,0.005,0.,0.,0.
13,0.009,0.003,0.005,0.008,0.,0.007,0.,0.,0.,0.007,0.003,0.004,0.001,0.,0.001,0.001,0.,0.001,0.005,0.,0.005,0.,0.,0.
14,0.06,0.011,0.048,0.062,0.011,0.05,0.,0.,0.,0.058,0.011,0.047,0.001,0.,0.001,0.001,0.,0.,0.06,0.01,0.049,0.,0.,0.
15,0.007,0.,0.007,0.006,0.,0.006,0.,0.,0.,0.005,0.,0.005,0.001,0.,0.001,0.001,0.,0.001,0.004,0.,0.004,0.,0.,0.
16,0.008,0.,0.008,0.008,0.,0.008,0.,0.,0.,0.006,0.,0.006,0.001,0.,0.001,0.001,0.,0.001,0.006,0.,0.006,0.,0.,0.
17,0.008,0.,0.008,0.009,0.,0.009,0.,0.,0.,0.006,0.,0.006,0.001,0.,0.001,0.001,0.,0.001,0.007,0.,0.007,0.,0.,0.
18,0.009,0.,0.009,0.01,0.,0.01,0.,0.,0.,0.006,0.,0.006,0.002,0.,0.002,0.001,0.,0.001,0.007,0.,0.007,0.,0.,0.
19,0.011,0.,0.011,0.009,0.,0.009,0.,0.,0.,0.008,0.,0.008,0.002,0.,0.002,0.001,0.,0.001,0.007,0.,0.007,0.,0.,0.
20,0.013,0.,0.013,0.01,0.,0.01,0.002,0.,0.002,0.008,0.,0.008,0.002,0.,0.002,0.001,0.,0.001,0.007,0.,0.007,0.,0.,0.
21,0.012,0.,0.012,0.014,0.,0.014,0.,0.,0.,0.009,0.,0.009,0.002,0.,0.002,0.002,0.,0.002,0.011,0.,0.011,0.,0.,0.
22,0.015,0.,0.015,0.017,0.,0.017,0.,0.,0.,0.01,0.,0.01,0.004,0.,0.004,0.003,0.,0.003,0.012,0.,0.012,0.,0.,0.
23,0.012,0.,0.012,0.015,0.,0.015,0.,0.,0.,0.009,0.,0.009,0.002,0.,0.002,0.002,0.,0.002,0.011,0.,0.011,0.,0.,0.
24,0.014,0.,0.014,0.013,0.,0.013,0.,0.,0.,0.01,0.,0.01,0.003,0.,0.003,0.002,0.,0.002,0.01,0.,0.01,0.,0.,0.
25,0.019,0.,0.019,0.017,0.,0.017,0.,0.,0.,0.014,0.,0.014,0.003,0.,0.003,0.003,0.,0.003,0.013,0.,0.013,0.,0.,0.
26,0.017,0.,0.017,0.015,0.,0.015,0.,0.,0.,0.013,0.,0.013,0.003,0.,0.003,0.003,0.,0.003,0.011,0.,0.011,0.,0.,0.
27,0.018,0.,0.018,0.017,0.,0.017,0.,0.,0.,0.014,0.,0.014,0.003,0.,0.003,0.003,0.,0.003,0.013,0.,0.013,0.,0.,0.
28,0.02,0.,0.02,0.018,0.,0.018,0.,0.,0.,0.014,0.,0.014,0.004,0.,0.004,0.003,0.,0.003,0.014,0.,0.013,0.,0.,0.
29,0.021,0.,0.021,0.019,0.,0.019,0.,0.,0.,0.016,0.,0.016,0.004,0.,0.004,0.004,0.,0.004,0.014,0.,0.014,0.,0.,0.
30,0.02,0.,0.02,0.021,0.,0.021,0.,0.,0.,0.014,0.,0.014,0.004,0.,0.004,0.004,0.,0.004,0.015,0.,0.015,0.,0.,0.
31,0.024,0.,0.024,0.022,0.,0.022,0.,0.,0.,0.019,0.,0.019,0.004,0.,0.004,0.005,0.,0.005,0.016,0.,0.016,0.,0.,0.
32,0.024,0.,0.024,0.024,0.,0.024,0.,0.,0.,0.018,0.,0.018,0.005,0.,0.005,0.004,0.,0.004,0.018,0.,0.018,0.,0.,0.
33,0.026,0.,0.026,0.023,0.,0.023,0.,0.,0.,0.02,0.,0.02,0.005,0.,0.005,0.005,0.,0.005,0.017,0.,0.017,0.,0.,0.
34,0.025,0.,0.025,0.027,0.,0.027,0.,0.,0.,0.018,0.,0.018,0.005,0.,0.005,0.005,0.,0.005,0.021,0.,0.021,0.,0.,0.
35,0.029,0.,0.029,0.027,0.,0.027,0.,0.,0.,0.019,0.,0.019,0.009,0.,0.009,0.006,0.,0.006,0.02,0.,0.02,0.,0.,0.
36,0.028,0.,0.028,0.03,0.,0.03,0.,0.,0.,0.02,0.,0.02,0.006,0.,0.006,0.006,0.,0.006,0.022,0.,0.022,0.,0.,0.
37,0.03,0.,0.03,0.029,0.,0.029,0.,0.,0.,0.021,0.,0.021,0.007,0.,0.007,0.006,0.,0.006,0.021,0.,0.021,0.,0.,0.
38,0.032,0.,0.032,0.032,0.,0.032,0.,0.,0.,0.023,0.,0.023,0.007,0.,0.007,0.007,0.,0.007,0.023,0.,0.023,0.,0.,0.
39,0.034,0.,0.034,0.033,0.,0.033,0.,0.,0.,0.026,0.,0.026,0.007,0.,0.007,0.007,0.,0.007,0.024,0.,0.024,0.,0.,0.
40,0.031,0.,0.031,0.037,0.,0.037,0.,0.,0.,0.023,0.,0.023,0.007,0.,0.007,0.008,0.,0.008,0.027,0.,0.027,0.,0.,0.
41,0.035,0.,0.035,0.035,0.,0.035,0.,0.,0.,0.026,0.,0.026,0.007,0.,0.007,0.007,0.,0.007,0.026,0.,0.026,0.,0.,0.
42,0.037,0.,0.037,0.035,0.,0.035,0.002,0.,0.002,0.025,0.,0.025,0.008,0.,0.008,0.008,0.,0.008,0.026,0.,0.026,0.,0.,0.
43,0.041,0.,0.041,0.042,0.,0.042,0.,0.,0.,0.03,0.,0.03,0.009,0.,0.009,0.01,0.,0.01,0.03,0.,0.03,0.,0.,0.
44,0.041,0.,0.041,0.039,0.,0.039,0.,0.,0.,0.031,0.,0.03,0.008,0.,0.008,0.009,0.,0.009,0.028,0.,0.028,0.,0.,0.
45,0.041,0.,0.041,0.043,0.,0.043,0.,0.,0.,0.031,0.,0.031,0.009,0.,0.009,0.01,0.,0.01,0.032,0.,0.032,0.,0.,0.
46,0.044,0.,0.044,0.043,0.,0.043,0.,0.,0.,0.033,0.,0.033,0.01,0.,0.01,0.01,0.,0.01,0.031,0.,0.031,0.,0.,0.
47,0.045,0.,0.045,0.046,0.,0.046,0.,0.,0.,0.033,0.,0.033,0.01,0.,0.01,0.009,0.,0.009,0.035,0.,0.035,0.,0.,0.
48,0.048,0.,0.048,0.052,0.,0.052,0.,0.,0.,0.035,0.,0.035,0.011,0.,0.011,0.012,0.,0.012,0.038,0.,0.038,0.,0.,0.
49,0.051,0.003,0.048,0.054,0.,0.054,0.,0.,0.,0.037,0.002,0.035,0.011,0.,0.011,0.013,0.,0.013,0.038,0.,0.038,0.,0.,0.
50,0.118,0.028,0.089,0.12,0.02,0.1,0.,0.,0.,0.056,0.024,0.032,0.06,0.004,0.056,0.062,0.003,0.058,0.056,0.016,0.04,0.,0.,0.
51,0.052,0.,0.052,0.058,0.003,0.054,0.,0.,0.,0.038,0.,0.038,0.012,0.,0.012,0.012,0.,0.012,0.041,0.,0.041,0.,0.,0.
52,0.055,0.,0.055,0.054,0.,0.054,0.,0.,0.,0.041,0.,0.041,0.012,0.,0.012,0.013,0.,0.013,0.039,0.,0.039,0.,0.,0.
53,0.058,0.,0.058,0.056,0.,0.056,0.,0.,0.,0.044,0.,0.044,0.013,0.,0.013,0.014,0.,0.014,0.04,0.,0.04,0.,0.,0.
54,0.058,0.,0.058,0.057,0.003,0.053,0.,0.,0.,0.044,0.,0.044,0.012,0.,0.012,0.012,0.,0.012,0.042,0.003,0.039,0.,0.,0.
55,0.062,0.,0.062,0.06,0.,0.06,0.,0.,0.,0.046,0.,0.046,0.014,0.,0.014,0.014,0.,0.014,0.044,0.,0.044,0.,0.,0.
56,0.061,0.,0.061,0.061,0.,0.061,0.,0.,0.,0.045,0.,0.045,0.014,0.,0.014,0.013,0.,0.013,0.046,0.,0.046,0.,0.,0.
57,0.062,0.,0.062,0.068,0.,0.068,0.,0.,0.,0.045,0.,0.045,0.014,0.,0.014,0.017,0.,0.017,0.049,0.,0.049,0.,0.,0.
58,0.067,0.,0.067,0.065,0.,0.065,0.001,0.,0.001,0.047,0.,0.047,0.017,0.,0.017,0.015,0.,0.015,0.048,0.,0.048,0.,0.,0.
59,0.071,0.,0.071,0.07,0.,0.07,0.,0.,0.,0.053,0.,0.053,0.015,0.,0.015,0.017,0.,0.017,0.051,0.,0.051,0.,0.,0.
60,0.071,0.,0.071,0.071,0.,0.071,0.001,0.,0.001,0.053,0.,0.053,0.016,0.,0.016,0.016,0.,0.016,0.052,0.,0.052,0.,0.,0.
61,0.071,0.,0.071,0.07,0.,0.07,0.,0.,0.,0.051,0.,0.051,0.018,0.,0.018,0.016,0.,0.016,0.052,0.,0.052,0.,0.,0.
62,0.076,0.,0.076,0.076,0.,0.076,0.,0.,0.,0.057,0.,0.057,0.016,0.,0.016,0.017,0.,0.017,0.057,0.,0.057,0.,0.,0.
63,0.077,0.,0.077,0.076,0.,0.076,0.,0.,0.,0.057,0.,0.057,0.018,0.,0.018,0.019,0.,0.019,0.055,0.,0.055,0.,0.,0.
64,0.079,0.,0.079,0.079,0.,0.079,0.001,0.,0.001,0.057,0.,0.057,0.02,0.,0.02,0.017,0.,0.017,0.06,0.,0.06,0.,0.,0.
65,0.082,0.,0.082,0.084,0.003,0.08,0.,0.,0.,0.061,0.,0.061,0.019,0.,0.019,0.022,0.003,0.018,0.059,0.,0.059,0.001,0.,0.
66,0.085,0.,0.085,0.086,0.,0.086,0.001,0.,0.001,0.062,0.,0.062,0.02,0.,0.02,0.02,0.,0.02,0.063,0.,0.063,0.001,0.,0.
67,0.09,0.,0.09,0.087,0.,0.087,0.,0.,0.,0.067,0.,0.067,0.021,0.,0.021,0.019,0.,0.019,0.065,0.,0.065,0.001,0.,0.001
68,0.092,0.,0.092,0.09,0.,0.09,0.,0.,0.,0.068,0.,0.068,0.022,0.,0.022,0.022,0.,0.022,0.066,0.,0.066,0.001,0.,0.001
69,0.091,0.,0.091,0.091,0.,0.091,0.001,0.,0.001,0.065,0.,0.065,0.024,0.,0.024,0.021,0.,0.021,0.068,0.,0.068,0.,0.,0.
70,0.095,0.,0.095,0.101,0.003,0.097,0.,0.,0.,0.07,0.,0.07,0.023,0.,0.023,0.024,0.003,0.02,0.074,0.,0.074,0.,0.,0.
71,0.101,0.,0.101,0.098,0.,0.098,0.,0.,0.,0.077,0.,0.077,0.022,0.,0.022,0.024,0.,0.024,0.071,0.,0.071,0.,0.,0.
72,0.102,0.,0.102,0.097,0.,0.097,0.,0.,0.,0.075,0.,0.075,0.024,0.,0.024,0.024,0.,0.024,0.071,0.,0.071,0.,0.,0.
73,0.106,0.,0.106,0.098,0.,0.098,0.001,0.,0.001,0.077,0.,0.077,0.026,0.,0.026,0.024,0.,0.024,0.072,0.,0.072,0.001,0.,0.001
74,0.107,0.,0.107,0.105,0.,0.105,0.001,0.,0.001,0.077,0.,0.077,0.028,0.,0.028,0.026,0.,0.026,0.077,0.,0.077,0.001,0.,0.001
75,0.106,0.,0.106,0.11,0.,0.11,0.001,0.,0.001,0.076,0.,0.076,0.027,0.,0.027,0.026,0.,0.026,0.081,0.,0.081,0.001,0.,0.001
76,0.112,0.,0.112,0.108,0.,0.108,0.,0.,0.,0.081,0.,0.081,0.029,0.,0.029,0.027,0.,0.027,0.079,0.,0.079,0.001,0.,0.001
77,0.113,0.,0.113,0.112,0.,0.112,0.001,0.,0.001,0.082,0.,0.082,0.028,0.,0.028,0.027,0.,0.027,0.082,0.,0.082,0.001,0.,0.001
78,0.113,0.002,0.111,0.112,0.,0.112,0.001,0.,0.,0.082,0.001,0.08,0.029,0.,0.029,0.027,0.,0.027,0.083,0.,0.083,0.001,0.,0.001
79,0.121,0.,0.121,0.115,0.,0.115,0.001,0.,0.001,0.087,0.,0.087,0.031,0.,0.031,0.029,0.,0.029,0.084,0.,0.084,0.001,0.,0.001
80,0.122,0.,0.122,0.12,0.,0.12,0.001,0.,0.001,0.091,0.,0.091,0.029,0.,0.029,0.03,0.,0.03,0.088,0.,0.088,0.001,0.,0.001
81,0.124,0.003,0.12,0.125,0.,0.124,0.001,0.,0.001,0.093,0.003,0.089,0.028,0.,0.028,0.031,0.,0.031,0.091,0.,0.091,0.001,0.,0.001
82,0.152,0.,0.152,0.132,0.007,0.124,0.001,0.,0.001,0.112,0.,0.112,0.037,0.,0.037,0.029,0.,0.029,0.1,0.007,0.092,0.001,0.,0.001
83,0.138,0.003,0.134,0.145,0.002,0.142,0.001,0.001,0.,0.095,0.,0.095,0.04,0.002,0.037,0.038,0.,0.038,0.105,0.001,0.103,0.001,0.,0.001
84,0.132,0.,0.132,0.137,0.,0.137,0.001,0.,0.001,0.096,0.,0.096,0.033,0.,0.033,0.036,0.,0.036,0.099,0.,0.099,0.001,0.,0.001
85,0.142,0.,0.142,0.14,0.,0.14,0.001,0.,0.001,0.101,0.,0.101,0.037,0.,0.037,0.032,0.,0.032,0.105,0.,0.105,0.001,0.,0.001
86,0.142,0.,0.142,0.143,0.,0.143,0.001,0.,0.001,0.105,0.,0.105,0.033,0.,0.033,0.037,0.,0.037,0.103,0.,0.103,0.001,0.,0.001
87,0.15,0.,0.15,0.156,0.,0.156,0.001,0.,0.001,0.111,0.,0.111,0.036,0.,0.036,0.042,0.,0.042,0.111,0.,0.111,0.001,0.,0.001
88,0.137,0.,0.137,0.148,0.,0.148,0.001,0.,0.001,0.101,0.,0.101,0.033,0.,0.033,0.034,0.,0.034,0.111,0.,0.111,0.001,0.,0.001
89,0.151,0.,0.151,0.145,0.,0.145,0.001,0.,0.001,0.113,0.,0.113,0.035,0.,0.035,0.037,0.,0.037,0.106,0.,0.106,0.001,0.,0.001
90,0.149,0.,0.149,0.162,0.,0.161,0.001,0.,0.001,0.108,0.,0.108,0.038,0.,0.038,0.039,0.,0.039,0.12,0.,0.12,0.001,0.,0.001
91,0.154,0.,0.154,0.152,0.,0.152,0.001,0.,0.001,0.111,0.,0.111,0.039,0.,0.039,0.04,0.,0.04,0.11,0.,0.11,0.001,0.,0.001
92,0.166,0.,0.166,0.157,0.,0.157,0.001,0.,0.001,0.123,0.,0.123,0.04,0.,0.04,0.038,0.,0.038,0.116,0.,0.116,0.001,0.,0.001
93,0.163,0.003,0.159,0.168,0.,0.168,0.001,0.,0.001,0.119,0.,0.119,0.041,0.003,0.037,0.041,0.,0.041,0.124,0.,0.124,0.001,0.,0.001
94,0.166,0.,0.166,0.161,0.003,0.157,0.001,0.,0.001,0.12,0.,0.12,0.042,0.,0.042,0.039,0.,0.039,0.12,0.003,0.116,0.001,0.,0.001
95,0.169,0.,0.168,0.173,0.004,0.169,0.001,0.,0.001,0.124,0.,0.124,0.042,0.,0.041,0.041,0.003,0.037,0.128,0.,0.128,0.001,0.,0.001
96,0.177,0.,0.177,0.177,0.,0.177,0.001,0.,0.001,0.129,0.,0.129,0.044,0.,0.044,0.047,0.,0.047,0.127,0.,0.127,0.001,0.,0.001
97,0.176,0.003,0.172,0.174,0.,0.174,0.001,0.,0.001,0.127,0.,0.127,0.046,0.003,0.042,0.045,0.,0.045,0.127,0.,0.127,0.001,0.,0.001
98,0.182,0.,0.182,0.18,0.003,0.176,0.001,0.,0.001,0.135,0.,0.135,0.043,0.,0.043,0.044,0.,0.044,0.132,0.003,0.128,0.001,0.,0.001
99,0.183,0.,0.183,0.182,0.,0.182,0.001,0.,0.001,0.132,0.,0.132,0.047,0.,0.047,0.044,0.,0.044,0.134,0.,0.134,0.001,0.,0.001
100,0.184,0.,0.184,0.185,0.,0.185,0.001,0.,0.001,0.138,0.,0.138,0.044,0.,0.044,0.047,0.,0.047,0.136,0.,0.136,0.001,0.,0.001
110,0.248,0.,0.248,0.226,0.,0.226,0.001,0.,0.001,0.175,0.,0.175,0.069,0.,0.069,0.055,0.,0.055,0.167,0.,0.167,0.001,0.,0.001
120,0.266,0.,0.266,0.27,0.,0.27,0.001,0.,0.001,0.197,0.,0.197,0.065,0.,0.065,0.072,0.,0.072,0.195,0.,0.195,0.001,0.,0.001
130,0.321,0.,0.321,0.311,0.,0.311,0.002,0.,0.002,0.242,0.,0.242,0.076,0.,0.076,0.076,0.,0.076,0.232,0.,0.231,0.001,0.,0.001
140,0.385,0.,0.385,0.377,0.011,0.365,0.002,0.,0.002,0.288,0.,0.288,0.093,0.,0.093,0.103,0.003,0.099,0.27,0.007,0.262,0.002,0.,0.002
150,0.452,0.,0.452,0.445,0.003,0.442,0.002,0.,0.002,0.336,0.,0.335,0.113,0.,0.113,0.108,0.,0.108,0.334,0.003,0.33,0.002,0.,0.002
160,0.492,0.,0.492,0.496,0.,0.496,0.002,0.,0.002,0.365,0.,0.365,0.122,0.,0.122,0.12,0.,0.12,0.372,0.,0.372,0.002,0.,0.002
170,0.558,0.,0.558,0.573,0.015,0.556,0.002,0.,0.002,0.408,0.,0.408,0.144,0.,0.144,0.15,0.007,0.142,0.418,0.007,0.41,0.002,0.,0.002
180,0.625,0.003,0.621,0.655,0.007,0.647,0.008,0.,0.008,0.46,0.003,0.456,0.155,0.,0.155,0.171,0.,0.171,0.478,0.007,0.47,0.003,0.,0.003
190,0.684,0.007,0.676,0.705,0.,0.705,0.003,0.,0.003,0.503,0.003,0.499,0.175,0.003,0.171,0.181,0.,0.181,0.516,0.,0.516,0.005,0.,0.005
200,0.796,0.003,0.793,0.789,0.,0.789,0.003,0.,0.003,0.597,0.,0.597,0.194,0.003,0.191,0.194,0.,0.194,0.591,0.,0.591,0.003,0.,0.003
210,0.819,0.003,0.815,0.831,0.011,0.819,0.004,0.,0.004,0.614,0.003,0.61,0.199,0.,0.199,0.2,0.,0.2,0.625,0.011,0.613,0.003,0.,0.003
220,0.927,0.008,0.919,0.909,0.012,0.897,0.004,0.,0.004,0.698,0.003,0.694,0.222,0.004,0.218,0.22,0.004,0.216,0.682,0.007,0.674,0.003,0.,0.003
230,1.045,0.,1.045,1.024,0.,1.024,0.003,0.,0.003,0.782,0.,0.781,0.258,0.,0.258,0.257,0.,0.257,0.761,0.,0.761,0.003,0.,0.003
240,1.12,0.,1.12,1.134,0.,1.134,0.004,0.,0.004,0.845,0.,0.845,0.268,0.,0.268,0.272,0.,0.272,0.855,0.,0.855,0.004,0.,0.004
250,1.204,0.,1.204,1.215,0.,1.215,0.004,0.,0.004,0.911,0.,0.911,0.286,0.,0.286,0.288,0.,0.287,0.922,0.,0.922,0.004,0.,0.004
260,1.308,0.,1.308,1.347,0.,1.347,0.005,0.,0.005,0.997,0.,0.997,0.303,0.,0.303,0.318,0.,0.318,1.021,0.,1.021,0.005,0.,0.005
270,1.433,0.,1.433,1.421,0.,1.42,0.006,0.,0.006,1.068,0.,1.068,0.357,0.,0.357,0.339,0.,0.339,1.074,0.,1.074,0.005,0.,0.005
280,1.572,0.,1.572,1.546,0.,1.546,0.006,0.,0.006,1.189,0.,1.189,0.374,0.,0.374,0.373,0.,0.373,1.162,0.,1.162,0.008,0.,0.008
290,1.684,0.,1.684,1.677,0.,1.677,0.006,0.,0.006,1.299,0.,1.299,0.377,0.,0.377,0.385,0.,0.385,1.283,0.,1.283,0.005,0.,0.005
300,1.78,0.,1.78,1.803,0.019,1.783,0.006,0.,0.006,1.374,0.,1.374,0.398,0.,0.398,0.429,0.004,0.425,1.363,0.015,1.348,0.009,0.,0.009
310,1.933,0.,1.932,1.951,0.003,1.946,0.006,0.,0.006,1.476,0.,1.476,0.448,0.,0.448,0.446,0.003,0.442,1.495,0.,1.494,0.007,0.,0.007
320,2.11,0.,2.11,2.075,0.004,2.071,0.009,0.,0.009,1.611,0.,1.611,0.487,0.,0.487,0.465,0.,0.465,1.601,0.003,1.596,0.006,0.,0.006
330,2.264,0.,2.264,2.271,0.,2.271,0.01,0.,0.01,1.753,0.,1.753,0.498,0.,0.498,0.514,0.,0.514,1.747,0.,1.747,0.007,0.,0.007
340,2.369,0.003,2.364,2.369,0.003,2.364,0.008,0.,0.008,1.838,0.003,1.834,0.52,0.,0.52,0.54,0.,0.54,1.818,0.003,1.814,0.007,0.,0.008
350,2.613,0.023,2.589,2.565,0.015,2.549,0.008,0.,0.008,2.037,0.015,2.021,0.565,0.008,0.557,0.532,0.,0.531,2.022,0.015,2.006,0.009,0.,0.009
360,2.76,0.,2.759,2.701,0.,2.701,0.008,0.,0.008,2.133,0.,2.133,0.616,0.,0.616,0.605,0.,0.605,2.083,0.,2.082,0.01,0.,0.01
370,2.932,0.003,2.928,2.885,0.004,2.88,0.008,0.,0.008,2.302,0.003,2.298,0.619,0.,0.619,0.613,0.,0.613,2.26,0.003,2.256,0.009,0.,0.008
380,3.14,0.,3.138,3.053,0.,3.053,0.009,0.,0.009,2.486,0.,2.483,0.642,0.,0.642,0.653,0.,0.653,2.388,0.,2.388,0.009,0.,0.009
390,3.407,0.,3.407,3.283,0.003,3.278,0.011,0.,0.011,2.696,0.,2.696,0.697,0.,0.697,0.68,0.003,0.676,2.591,0.,2.59,0.009,0.,0.009
400,3.457,0.007,3.449,3.491,0.003,3.487,0.012,0.,0.012,2.734,0.007,2.726,0.709,0.,0.709,0.707,0.,0.707,2.767,0.003,2.763,0.014,0.,0.014