param-n abstract-regression-quadratic-real abstract-regression-quadratic-sys abstract-regression-quadratic-user build-I-regression-linear-real build-I-regression-linear-sys build-I-regression-linear-user build-admit-cast-regression-linear-real build-admit-cast-regression-linear-sys build-admit-cast-regression-linear-user build-admit-regression-linear-real build-admit-regression-linear-sys build-admit-regression-linear-user build-eval-thunk-regression-linear-real build-eval-thunk-regression-linear-sys build-eval-thunk-regression-linear-user build-pf-cast-regression-linear-real build-pf-cast-regression-linear-sys build-pf-cast-regression-linear-user build-thunk-regression-linear-real build-thunk-regression-linear-sys build-thunk-regression-linear-user check-I-regression-linear-real check-I-regression-linear-sys check-I-regression-linear-user check-admit-cast-regression-quadratic-real check-admit-cast-regression-quadratic-sys check-admit-cast-regression-quadratic-user check-admit-regression-quadratic-real check-admit-regression-quadratic-sys check-admit-regression-quadratic-user check-pf-cast-regression-quadratic-real check-pf-cast-regression-quadratic-sys check-pf-cast-regression-quadratic-user close-abstract-regression-quadratic-real close-abstract-regression-quadratic-sys close-abstract-regression-quadratic-user eval-thunk-regression-linear-real eval-thunk-regression-linear-sys eval-thunk-regression-linear-user fast-rewrite-regression-quadratic-real fast-rewrite-regression-quadratic-sys fast-rewrite-regression-quadratic-user refine-regression-quadratic-regression-linear-real refine-regression-quadratic-regression-linear-sys refine-regression-quadratic-regression-linear-user type-I-regression-linear-real type-I-regression-linear-sys type-I-regression-linear-user type-admit-cast-regression-quadratic-real type-admit-cast-regression-quadratic-sys type-admit-cast-regression-quadratic-user type-admit-regression-quadratic-real type-admit-regression-quadratic-sys type-admit-regression-quadratic-user type-pf-cast-regression-quadratic-real type-pf-cast-regression-quadratic-sys type-pf-cast-regression-quadratic-user
1 0.002 0. 0.001 0. 0. 0. 0. 0. 0. 0. 0. 0. 0. 0. 0. 0. 0. 0. 0. 0. 0. 0. 0. 0. 0. 0. 0. 0. 0. 0. 0. 0. 0. 0. 0. 0. 0. 0. 0. 0.001 0. 0.001 0. 0. 0. 0. 0. 0. 0. 0. 0. 0. 0. 0. 0. 0. 0.
2 0.002 0. 0.002 0. 0. 0. 0. 0. 0. 0. 0. 0. 0. 0. 0. 0. 0. 0. 0. 0. 0. 0. 0. 0. 0. 0. 0. 0. 0. 0. 0. 0. 0. 0. 0. 0. 0. 0. 0. 0.001 0. 0.001 0. 0. 0. 0. 0. 0. 0. 0. 0. 0. 0. 0. 0. 0. 0.
3 0.003 0. 0.002 0. 0. 0. 0. 0. 0. 0. 0. 0. 0. 0. 0. 0. 0. 0. 0. 0. 0. 0. 0. 0. 0. 0. 0. 0. 0. 0. 0. 0. 0. 0. 0. 0. 0. 0. 0. 0.002 0. 0.002 0. 0. 0. 0. 0. 0. 0. 0. 0. 0. 0. 0. 0. 0. 0.
4 0.003 0. 0.003 0. 0. 0. 0. 0. 0. 0. 0. 0. 0. 0. 0. 0. 0. 0. 0. 0. 0. 0. 0. 0. 0. 0. 0. 0. 0. 0. 0. 0. 0. 0. 0. 0. 0. 0. 0. 0.003 0. 0.002 0. 0. 0. 0. 0. 0. 0. 0. 0. 0. 0. 0. 0. 0. 0.
5 0.007 0.003 0.003 0. 0. 0. 0. 0. 0. 0. 0. 0. 0.001 0. 0.001 0. 0. 0. 0.001 0. 0.001 0. 0. 0. 0.001 0.001 0. 0. 0. 0. 0. 0. 0. 0.001 0.001 0. 0. 0. 0. 0.005 0.002 0.003 0. 0. 0. 0. 0. 0. 0. 0. 0. 0. 0. 0. 0. 0. 0.
6 0.004 0.004 0. 0. 0. 0. 0. 0. 0. 0. 0. 0. 0.001 0.001 0. 0. 0. 0. 0.001 0.001 0. 0. 0. 0. 0. 0. 0. 0. 0. 0. 0. 0. 0. 0. 0. 0. 0. 0. 0. 0.004 0.003 0. 0. 0. 0. 0. 0. 0. 0. 0. 0. 0. 0. 0. 0. 0. 0.
7 0.006 0.004 0.002 0. 0. 0. 0. 0. 0. 0. 0. 0. 0.001 0. 0.001 0. 0. 0. 0.001 0. 0.001 0. 0. 0. 0. 0. 0. 0. 0. 0. 0. 0. 0. 0. 0. 0. 0. 0. 0. 0.005 0.003 0.001 0. 0. 0. 0. 0. 0. 0. 0. 0. 0. 0. 0. 0.001 0.001 0.
8 0.077 0.006 0.071 0. 0. 0. 0. 0. 0. 0. 0. 0. 0.001 0.001 0. 0. 0. 0. 0.001 0.001 0. 0. 0. 0. 0. 0. 0. 0. 0. 0. 0. 0. 0. 0. 0. 0. 0. 0. 0. 0.076 0.006 0.07 0. 0. 0. 0. 0. 0. 0. 0. 0. 0.071 0.003 0.068 0. 0. 0.
9 0.005 0. 0.005 0. 0. 0. 0. 0. 0. 0. 0. 0. 0.001 0. 0.001 0. 0. 0. 0.001 0. 0.001 0. 0. 0. 0. 0. 0. 0. 0. 0. 0. 0. 0. 0. 0. 0. 0. 0. 0. 0.004 0. 0.004 0. 0. 0. 0. 0. 0. 0. 0. 0. 0. 0. 0. 0. 0. 0.
10 0.005 0. 0.005 0. 0. 0. 0. 0. 0. 0. 0. 0. 0.001 0. 0.001 0. 0. 0. 0.001 0. 0.001 0. 0. 0. 0. 0. 0. 0. 0. 0. 0. 0. 0. 0. 0. 0. 0. 0. 0. 0.004 0. 0.004 0. 0. 0. 0. 0. 0. 0. 0. 0. 0. 0. 0. 0. 0. 0.
11 0.006 0. 0.006 0. 0. 0. 0. 0. 0. 0. 0. 0. 0.001 0. 0.001 0. 0. 0. 0.001 0. 0.001 0. 0. 0. 0. 0. 0. 0. 0. 0. 0. 0. 0. 0. 0. 0. 0. 0. 0. 0.005 0. 0.005 0. 0. 0. 0. 0. 0. 0. 0. 0. 0. 0. 0. 0. 0. 0.
12 0.006 0. 0.006 0. 0. 0. 0. 0. 0. 0. 0. 0. 0.001 0. 0.001 0. 0. 0. 0.001 0. 0.001 0. 0. 0. 0. 0. 0. 0. 0. 0. 0. 0. 0. 0. 0. 0. 0. 0. 0. 0.005 0. 0.005 0. 0. 0. 0. 0. 0. 0. 0. 0. 0. 0. 0. 0. 0. 0.
13 0.007 0. 0.007 0. 0. 0. 0. 0. 0. 0. 0. 0. 0.001 0. 0.001 0. 0. 0. 0.001 0. 0.001 0. 0. 0. 0. 0. 0. 0. 0. 0. 0. 0. 0. 0. 0. 0. 0. 0. 0. 0.005 0. 0.005 0. 0. 0. 0. 0. 0. 0. 0. 0. 0. 0. 0. 0. 0. 0.
14 0.007 0. 0.007 0. 0. 0. 0. 0. 0. 0. 0. 0. 0.001 0. 0.001 0. 0. 0. 0.001 0. 0.001 0. 0. 0. 0. 0. 0. 0. 0. 0. 0. 0. 0. 0.001 0. 0.001 0. 0. 0. 0.005 0. 0.005 0. 0. 0. 0. 0. 0. 0. 0. 0. 0. 0. 0. 0. 0. 0.
15 0.007 0. 0.007 0. 0. 0. 0. 0. 0. 0. 0. 0. 0.002 0. 0.002 0. 0. 0. 0.001 0. 0.001 0. 0. 0. 0. 0. 0. 0. 0. 0. 0. 0. 0. 0.001 0. 0.001 0. 0. 0. 0.006 0. 0.006 0. 0. 0. 0. 0. 0. 0. 0. 0. 0. 0. 0. 0. 0. 0.
16 0.007 0. 0.007 0. 0. 0. 0. 0. 0. 0. 0. 0. 0.001 0. 0.001 0. 0. 0. 0.001 0. 0.001 0. 0. 0. 0. 0. 0. 0. 0. 0. 0. 0. 0. 0.001 0. 0.001 0. 0. 0. 0.006 0. 0.006 0. 0. 0. 0. 0. 0. 0. 0. 0. 0. 0. 0. 0. 0. 0.
17 0.008 0. 0.008 0. 0. 0. 0. 0. 0. 0. 0. 0. 0.001 0. 0.001 0. 0. 0. 0.001 0. 0.001 0. 0. 0. 0. 0. 0. 0. 0. 0. 0. 0. 0. 0.001 0. 0.001 0. 0. 0. 0.006 0. 0.006 0. 0. 0. 0. 0. 0. 0. 0. 0. 0. 0. 0. 0. 0. 0.
18 0.01 0. 0.01 0. 0. 0. 0. 0. 0. 0. 0. 0. 0.003 0. 0.003 0. 0. 0. 0.003 0. 0.003 0. 0. 0. 0. 0. 0. 0. 0. 0. 0. 0. 0. 0.001 0. 0.001 0. 0. 0. 0.008 0. 0.008 0. 0. 0. 0. 0. 0. 0. 0. 0. 0. 0. 0. 0. 0. 0.
19 0.011 0. 0.011 0. 0. 0. 0. 0. 0. 0. 0. 0. 0.003 0. 0.003 0. 0. 0. 0.002 0. 0.002 0. 0. 0. 0. 0. 0. 0. 0. 0. 0. 0. 0. 0.001 0. 0.001 0. 0. 0. 0.009 0. 0.009 0. 0. 0. 0. 0. 0. 0. 0. 0. 0. 0. 0. 0. 0. 0.
20 0.009 0. 0.009 0. 0. 0. 0. 0. 0. 0. 0. 0. 0.002 0. 0.002 0. 0. 0. 0.002 0. 0.002 0. 0. 0. 0. 0. 0. 0. 0. 0. 0. 0. 0. 0.001 0. 0.001 0. 0. 0. 0.008 0. 0.008 0. 0. 0. 0. 0. 0. 0. 0. 0. 0. 0. 0. 0. 0. 0.
21 0.01 0. 0.01 0. 0. 0. 0. 0. 0. 0. 0. 0. 0.002 0. 0.002 0. 0. 0. 0.002 0. 0.002 0. 0. 0. 0. 0. 0. 0. 0. 0. 0. 0. 0. 0.001 0. 0.001 0. 0. 0. 0.008 0. 0.008 0. 0. 0. 0. 0. 0. 0. 0. 0. 0. 0. 0. 0. 0. 0.
22 0.01 0. 0.01 0. 0. 0. 0. 0. 0. 0. 0. 0. 0.002 0. 0.002 0. 0. 0. 0.002 0. 0.002 0. 0. 0. 0. 0. 0. 0. 0. 0. 0. 0. 0. 0.001 0. 0.001 0. 0. 0. 0.009 0. 0.009 0. 0. 0. 0. 0. 0. 0. 0. 0. 0. 0. 0. 0. 0. 0.
23 0.011 0. 0.011 0. 0. 0. 0. 0. 0. 0. 0. 0. 0.002 0. 0.002 0. 0. 0. 0.002 0. 0.002 0. 0. 0. 0. 0. 0. 0. 0. 0. 0. 0. 0. 0.001 0. 0.001 0. 0. 0. 0.009 0. 0.009 0. 0. 0. 0. 0. 0. 0. 0. 0. 0. 0. 0. 0. 0. 0.
24 0.017 0. 0.017 0. 0. 0. 0. 0. 0. 0. 0. 0. 0.002 0. 0.002 0. 0. 0. 0.002 0. 0.002 0. 0. 0. 0. 0. 0. 0. 0. 0. 0. 0. 0. 0.002 0. 0.002 0. 0. 0. 0.012 0. 0.012 0. 0. 0. 0. 0. 0. 0. 0. 0. 0.002 0. 0.002 0. 0. 0.
25 0.011 0. 0.011 0. 0. 0. 0. 0. 0. 0. 0. 0. 0.002 0. 0.002 0. 0. 0. 0.002 0. 0.002 0. 0. 0. 0. 0. 0. 0. 0. 0. 0. 0. 0. 0.001 0. 0.001 0. 0. 0. 0.009 0. 0.009 0. 0. 0. 0. 0. 0. 0. 0. 0. 0. 0. 0. 0. 0. 0.
26 0.013 0. 0.013 0. 0. 0. 0. 0. 0. 0. 0. 0. 0.003 0. 0.003 0. 0. 0. 0.003 0. 0.003 0. 0. 0. 0. 0. 0. 0. 0. 0. 0. 0. 0. 0.001 0. 0.001 0. 0. 0. 0.011 0. 0.011 0. 0. 0. 0. 0. 0. 0. 0. 0. 0. 0. 0. 0. 0. 0.
27 0.012 0.001 0.01 0. 0. 0. 0. 0. 0. 0. 0. 0. 0.002 0. 0.002 0. 0. 0. 0.002 0. 0.002 0. 0. 0. 0. 0. 0. 0. 0. 0. 0. 0. 0. 0.001 0. 0.001 0. 0. 0. 0.01 0.001 0.009 0. 0. 0. 0. 0. 0. 0. 0. 0. 0. 0. 0. 0. 0. 0.
28 0.013 0. 0.013 0. 0. 0. 0. 0. 0. 0. 0. 0. 0.003 0. 0.003 0. 0. 0. 0.003 0. 0.003 0. 0. 0. 0. 0. 0. 0. 0. 0. 0. 0. 0. 0.001 0. 0.001 0. 0. 0. 0.011 0. 0.011 0. 0. 0. 0. 0. 0. 0. 0. 0. 0. 0. 0. 0. 0. 0.
29 0.014 0. 0.014 0. 0. 0. 0. 0. 0. 0. 0. 0. 0.003 0. 0.003 0. 0. 0. 0.003 0. 0.003 0. 0. 0. 0.001 0. 0.001 0. 0. 0. 0. 0. 0. 0.001 0. 0.001 0. 0. 0. 0.012 0. 0.012 0. 0. 0. 0. 0. 0. 0. 0. 0. 0. 0. 0. 0. 0. 0.
30 0.014 0.002 0.011 0. 0. 0. 0. 0. 0. 0. 0. 0. 0.003 0. 0.003 0. 0. 0. 0.003 0. 0.003 0. 0. 0. 0. 0. 0. 0. 0. 0. 0. 0. 0. 0.002 0.002 0. 0. 0. 0. 0.012 0. 0.011 0. 0. 0. 0. 0. 0. 0. 0. 0. 0. 0. 0. 0. 0. 0.
31 0.015 0. 0.015 0. 0. 0. 0. 0. 0. 0. 0. 0. 0.003 0. 0.003 0. 0. 0. 0.003 0. 0.003 0. 0. 0. 0. 0. 0. 0. 0. 0. 0. 0. 0. 0.002 0. 0.002 0. 0. 0. 0.012 0. 0.012 0. 0. 0. 0. 0. 0. 0. 0. 0. 0. 0. 0. 0. 0. 0.
32 0.014 0. 0.014 0. 0. 0. 0. 0. 0. 0. 0. 0. 0.003 0. 0.003 0. 0. 0. 0.003 0. 0.003 0. 0. 0. 0. 0. 0. 0. 0. 0. 0. 0. 0. 0.002 0. 0.002 0. 0. 0. 0.012 0. 0.012 0. 0. 0. 0. 0. 0. 0. 0. 0. 0. 0. 0. 0. 0. 0.
33 0.018 0. 0.018 0. 0. 0. 0. 0. 0. 0. 0. 0. 0.003 0. 0.003 0. 0. 0. 0.003 0. 0.003 0. 0. 0. 0. 0. 0. 0. 0. 0. 0. 0. 0. 0.005 0. 0.005 0. 0. 0. 0.012 0. 0.012 0.001 0. 0.001 0. 0. 0. 0.001 0. 0.001 0. 0. 0. 0. 0. 0.
34 0.015 0. 0.015 0. 0. 0. 0. 0. 0. 0. 0. 0. 0.003 0. 0.003 0. 0. 0. 0.003 0. 0.003 0. 0. 0. 0.001 0. 0.001 0. 0. 0. 0. 0. 0. 0.002 0. 0.002 0. 0. 0. 0.013 0. 0.013 0.001 0. 0.001 0. 0. 0. 0.001 0. 0.001 0. 0. 0. 0. 0. 0.
35 0.018 0. 0.018 0. 0. 0. 0. 0. 0. 0. 0. 0. 0.004 0. 0.004 0. 0. 0. 0.004 0. 0.004 0.001 0. 0.001 0.001 0. 0.001 0. 0. 0. 0. 0. 0. 0.002 0. 0.002 0. 0. 0. 0.015 0. 0.015 0.001 0. 0.001 0. 0. 0. 0.001 0. 0.001 0.001 0. 0.001 0. 0. 0.
36 0.018 0. 0.018 0. 0. 0. 0. 0. 0. 0. 0. 0. 0.004 0. 0.004 0. 0. 0. 0.004 0. 0.004 0. 0. 0. 0.001 0. 0.001 0.001 0. 0.001 0.001 0. 0.001 0.002 0. 0.002 0. 0. 0. 0.015 0. 0.015 0.001 0. 0.001 0. 0. 0. 0.001 0. 0.001 0. 0. 0. 0.001 0. 0.001
37 0.019 0. 0.019 0. 0. 0. 0. 0. 0. 0. 0. 0. 0.004 0. 0.004 0. 0. 0. 0.004 0. 0.004 0. 0. 0. 0.001 0. 0.001 0.001 0. 0.001 0.001 0. 0.001 0.002 0. 0.002 0. 0. 0. 0.016 0. 0.016 0.001 0. 0.001 0. 0. 0. 0.001 0. 0.001 0.001 0. 0.001 0.002 0. 0.002
38 0.017 0. 0.017 0. 0. 0. 0. 0. 0. 0. 0. 0. 0.003 0. 0.003 0. 0. 0. 0.003 0. 0.003 0. 0. 0. 0.001 0. 0.001 0.001 0. 0.001 0.001 0. 0.001 0.002 0. 0.002 0. 0. 0. 0.014 0. 0.014 0.001 0. 0.001 0. 0. 0. 0.001 0. 0.001 0.001 0. 0.001 0.001 0. 0.001
39 0.019 0. 0.019 0. 0. 0. 0. 0. 0. 0. 0. 0. 0.004 0. 0.004 0. 0. 0. 0.004 0. 0.004 0. 0. 0. 0. 0. 0. 0. 0. 0. 0.001 0. 0.001 0.003 0. 0.003 0. 0. 0. 0.015 0. 0.015 0.001 0. 0.001 0.001 0. 0.001 0.001 0. 0.001 0. 0. 0. 0.001 0. 0.001
40 0.018 0. 0.018 0. 0. 0. 0. 0. 0. 0. 0. 0. 0.005 0. 0.005 0. 0. 0. 0.005 0. 0.005 0. 0. 0. 0.001 0. 0.001 0. 0. 0. 0.001 0. 0.001 0.002 0. 0.002 0. 0. 0. 0.016 0. 0.016 0.001 0. 0.001 0. 0. 0. 0.001 0. 0.001 0. 0. 0. 0.001 0. 0.001
41 0.023 0. 0.022 0. 0. 0. 0. 0. 0. 0. 0. 0. 0.004 0. 0.004 0. 0. 0. 0.004 0. 0.004 0.004 0. 0.004 0.001 0. 0.001 0.001 0. 0.001 0.001 0. 0.001 0.003 0. 0.003 0. 0. 0. 0.019 0. 0.019 0.001 0. 0.001 0. 0. 0. 0.001 0. 0.001 0.001 0. 0.001 0.001 0. 0.001
42 0.021 0. 0.021 0. 0. 0. 0. 0. 0. 0. 0. 0. 0.006 0. 0.006 0. 0. 0. 0.006 0. 0.006 0. 0. 0. 0.001 0. 0.001 0. 0. 0. 0.001 0. 0.001 0.003 0. 0.003 0. 0. 0. 0.017 0. 0.017 0.001 0. 0.001 0. 0. 0. 0. 0. 0. 0. 0. 0. 0.001 0. 0.001
43 0.021 0. 0.021 0. 0. 0. 0. 0. 0. 0. 0. 0. 0.005 0. 0.005 0. 0. 0. 0.005 0. 0.005 0. 0. 0. 0.001 0. 0.001 0.001 0. 0.001 0.001 0. 0.001 0.002 0. 0.002 0. 0. 0. 0.018 0. 0.018 0.001 0. 0.001 0.001 0. 0.001 0.001 0. 0.001 0.001 0. 0.001 0.001 0. 0.001
44 0.021 0. 0.021 0. 0. 0. 0. 0. 0. 0. 0. 0. 0.004 0. 0.004 0. 0. 0. 0.004 0. 0.004 0. 0. 0. 0.002 0. 0.002 0.001 0. 0.001 0.001 0. 0.001 0.003 0. 0.003 0. 0. 0. 0.018 0. 0.018 0.001 0. 0.001 0.001 0. 0.001 0.001 0. 0.001 0.001 0. 0.001 0.001 0. 0.001
45 0.021 0.002 0.018 0. 0. 0. 0. 0. 0. 0. 0. 0. 0.004 0. 0.004 0. 0. 0. 0.004 0. 0.004 0. 0. 0. 0.001 0. 0.001 0.001 0.001 0. 0.001 0. 0.001 0.003 0. 0.003 0. 0. 0. 0.017 0.002 0.014 0.001 0. 0.001 0. 0. 0. 0.001 0. 0.001 0.001 0.001 0. 0.001 0. 0.001
46 0.022 0. 0.022 0. 0. 0. 0. 0. 0. 0. 0. 0. 0.005 0. 0.005 0. 0. 0. 0.005 0. 0.005 0.001 0. 0.001 0.001 0. 0.001 0.001 0. 0.001 0.001 0. 0.001 0.003 0. 0.003 0. 0. 0. 0.018 0. 0.018 0.001 0. 0.001 0. 0. 0. 0.001 0. 0.001 0.001 0. 0.001 0.001 0. 0.001
47 0.025 0. 0.025 0. 0. 0. 0. 0. 0. 0. 0. 0. 0.004 0. 0.004 0. 0. 0. 0.004 0. 0.004 0. 0. 0. 0.001 0. 0.001 0.001 0. 0.001 0.001 0. 0.001 0.003 0. 0.003 0. 0. 0. 0.021 0. 0.021 0.001 0. 0.001 0. 0. 0. 0.004 0. 0.004 0.001 0. 0.001 0.001 0. 0.001
48 0.023 0. 0.023 0. 0. 0. 0. 0. 0. 0. 0. 0. 0.005 0. 0.005 0. 0. 0. 0.005 0. 0.005 0. 0. 0. 0.001 0. 0.001 0.001 0. 0.001 0.001 0. 0.001 0.003 0. 0.003 0. 0. 0. 0.019 0. 0.019 0.001 0. 0.001 0. 0. 0. 0.001 0. 0.001 0.001 0. 0.001 0.001 0. 0.001
49 0.023 0. 0.023 0. 0. 0. 0. 0. 0. 0. 0. 0. 0.005 0. 0.002 0. 0. 0. 0.005 0. 0.002 0.001 0. 0.003 0.001 0. 0.001 0.001 0. 0.001 0.001 0. 0.001 0.003 0. 0.003 0. 0. 0. 0.019 0. 0.019 0.001 0. 0.001 0.001 0. 0.001 0.001 0. 0.001 0.001 0. 0.001 0.001 0. 0.001
50 0.033 0.008 0.024 0. 0. 0. 0. 0. 0. 0. 0. 0. 0.008 0.004 0.004 0. 0. 0. 0.008 0.004 0.004 0.001 0. 0. 0.002 0. 0.002 0.001 0. 0.001 0.001 0.001 0. 0.004 0. 0.004 0. 0. 0. 0.029 0.008 0.02 0.002 0. 0.002 0.001 0. 0.001 0.001 0. 0.001 0.002 0. 0.002 0.001 0.001 0.
51 0.026 0. 0.026 0. 0. 0. 0. 0. 0. 0. 0. 0. 0.005 0. 0.005 0. 0. 0. 0.005 0. 0.005 0.001 0. 0.001 0.001 0. 0.001 0.003 0. 0.003 0.001 0. 0.001 0.003 0. 0.003 0. 0. 0. 0.022 0. 0.022 0.001 0. 0.001 0.001 0. 0.001 0.001 0. 0.001 0.001 0. 0.001 0.001 0. 0.001
52 0.026 0. 0.026 0. 0. 0. 0. 0. 0. 0. 0. 0. 0.006 0. 0.006 0. 0. 0. 0.005 0. 0.005 0. 0. 0. 0.001 0. 0.001 0.001 0. 0.001 0.001 0. 0.001 0.004 0. 0.003 0. 0. 0. 0.021 0. 0.021 0.001 0. 0.001 0. 0. 0. 0.001 0. 0.001 0.001 0. 0.001 0.001 0. 0.001
53 0.026 0. 0.026 0. 0. 0. 0. 0. 0. 0. 0. 0. 0.006 0. 0.006 0. 0. 0. 0.006 0. 0.006 0. 0. 0. 0.001 0. 0.001 0.001 0. 0.001 0.001 0. 0.001 0.003 0. 0.003 0. 0. 0. 0.022 0. 0.022 0.001 0. 0.001 0.001 0. 0.001 0.001 0. 0.001 0.001 0. 0.001 0.001 0. 0.001
54 0.029 0. 0.029 0. 0. 0. 0. 0. 0. 0. 0. 0. 0.008 0. 0.008 0. 0. 0. 0.008 0. 0.008 0.001 0. 0.001 0.001 0. 0.001 0.001 0. 0.001 0.001 0. 0.001 0.004 0. 0.004 0. 0. 0. 0.024 0. 0.024 0.001 0. 0.001 0.001 0. 0.001 0.001 0. 0.001 0.001 0. 0.001 0.001 0. 0.001
55 0.027 0.003 0.023 0. 0. 0. 0. 0. 0. 0. 0. 0. 0.005 0. 0.005 0. 0. 0. 0.005 0. 0.005 0.001 0. 0.001 0.001 0.001 0. 0.001 0. 0.001 0.002 0. 0.002 0.004 0. 0.004 0. 0. 0. 0.022 0.003 0.018 0.001 0. 0.001 0.001 0. 0.001 0.001 0.001 0. 0.001 0. 0.001 0.001 0. 0.001
56 0.029 0. 0.029 0. 0. 0. 0. 0. 0. 0. 0. 0. 0.006 0. 0.006 0.001 0. 0.001 0.006 0. 0.006 0.001 0. 0.001 0.001 0. 0.001 0.001 0. 0.001 0.001 0. 0.001 0.004 0. 0.004 0. 0. 0. 0.024 0. 0.024 0.001 0. 0.001 0. 0. 0. 0.001 0. 0.001 0.001 0. 0.001 0.001 0. 0.001
57 0.028 0. 0.028 0. 0. 0. 0. 0. 0. 0. 0. 0. 0.006 0. 0.005 0. 0. 0. 0.006 0. 0.005 0.001 0. 0. 0.001 0. 0.001 0.001 0. 0.006 0.001 0. 0.001 0.004 0. 0.004 0. 0. 0. 0.023 0. 0.023 0.001 0. 0.001 0.001 0. 0. 0.001 0. 0.001 0.001 0. 0.001 0.001 0. 0.001
58 0.026 0. 0.026 0. 0. 0. 0. 0. 0. 0. 0. 0. 0.006 0. 0.006 0. 0. 0. 0.006 0. 0.006 0.001 0. 0.001 0.001 0. 0.001 0.001 0. 0.001 0.001 0. 0.001 0.004 0. 0.004 0. 0. 0. 0.022 0. 0.022 0.001 0. 0.001 0.001 0. 0.001 0.001 0. 0.001 0.001 0. 0.001 0.001 0. 0.001
59 0.031 0. 0.031 0. 0. 0. 0. 0. 0. 0. 0. 0. 0.008 0. 0.008 0. 0. 0. 0.008 0. 0.008 0.001 0. 0.001 0.001 0. 0.001 0.001 0. 0.001 0.001 0. 0.001 0.005 0. 0.005 0. 0. 0. 0.025 0. 0.025 0.002 0. 0.002 0.001 0. 0.001 0.002 0. 0.002 0.001 0. 0.001 0.002 0. 0.002
60 0.028 0. 0.028 0. 0. 0. 0. 0. 0. 0. 0. 0. 0.006 0. 0.006 0. 0. 0. 0.006 0. 0.006 0.001 0. 0.001 0.001 0. 0.001 0.001 0. 0.001 0.001 0. 0.001 0.004 0. 0.004 0. 0. 0. 0.023 0. 0.023 0.001 0. 0.001 0. 0. 0. 0.001 0. 0.001 0.001 0. 0.001 0.001 0. 0.001
61 0.032 0. 0.032 0. 0. 0. 0. 0. 0. 0. 0. 0. 0.007 0. 0.007 0. 0. 0. 0.007 0. 0.007 0.001 0. 0.001 0.002 0. 0.002 0.002 0. 0.002 0.001 0. 0.001 0.004 0. 0.004 0. 0. 0. 0.026 0. 0.026 0.001 0. 0.001 0.001 0. 0.001 0.001 0. 0.001 0.001 0. 0.001 0.001 0. 0.001
62 0.03 0. 0.03 0. 0. 0. 0. 0. 0. 0. 0. 0. 0.006 0. 0.006 0. 0. 0. 0.006 0. 0.006 0.001 0. 0.001 0.002 0. 0.002 0.001 0. 0.001 0.002 0. 0.002 0.005 0. 0.005 0. 0. 0. 0.024 0. 0.024 0.001 0. 0.001 0.001 0. 0.001 0.002 0. 0.002 0.001 0. 0.001 0.001 0. 0.001
63 0.032 0. 0.032 0. 0. 0. 0. 0. 0. 0. 0. 0. 0.006 0. 0.006 0. 0. 0. 0.006 0. 0.006 0.001 0. 0.001 0.001 0. 0.001 0.001 0. 0.001 0.004 0. 0.004 0.005 0. 0.005 0. 0. 0. 0.027 0. 0.027 0.002 0. 0.002 0.001 0. 0.001 0.001 0. 0.001 0.001 0. 0.001 0.001 0. 0.001
64 0.031 0. 0.031 0. 0. 0. 0. 0. 0. 0. 0. 0. 0.006 0. 0.006 0. 0. 0. 0.006 0. 0.006 0.001 0. 0.001 0.002 0. 0.002 0.002 0. 0.002 0.002 0. 0.002 0.005 0. 0.005 0. 0. 0. 0.025 0. 0.025 0.002 0. 0.002 0.001 0. 0.001 0.001 0. 0.001 0.001 0. 0.001 0.001 0. 0.001
65 0.034 0.003 0.03 0. 0. 0. 0. 0. 0. 0. 0. 0. 0.006 0. 0.006 0. 0. 0. 0.006 0. 0.006 0.001 0. 0.001 0.002 0. 0.002 0.001 0. 0.001 0.001 0. 0.001 0.006 0.003 0.003 0. 0. 0. 0.026 0. 0.026 0.002 0. 0.002 0.001 0. 0.001 0.002 0. 0.002 0.002 0. 0.002 0.002 0. 0.002
66 0.033 0. 0.032 0. 0. 0. 0. 0. 0. 0. 0. 0. 0.007 0. 0.007 0. 0. 0. 0.007 0. 0.007 0.001 0. 0.001 0.002 0. 0.002 0.002 0. 0.002 0.002 0. 0.002 0.005 0. 0.005 0. 0. 0. 0.027 0. 0.027 0.002 0. 0.002 0.001 0. 0.001 0.002 0. 0.002 0.001 0. 0.001 0.002 0. 0.002
67 0.033 0. 0.033 0. 0. 0. 0. 0. 0. 0. 0. 0. 0.008 0. 0.008 0. 0. 0. 0.008 0. 0.008 0.001 0. 0.001 0.002 0. 0.002 0.001 0. 0.001 0.002 0. 0.002 0.005 0. 0.005 0. 0. 0. 0.027 0. 0.027 0.001 0. 0.001 0.001 0. 0.001 0.002 0. 0.002 0.001 0. 0.001 0.002 0. 0.002
68 0.033 0. 0.033 0. 0. 0. 0. 0. 0. 0. 0. 0. 0.007 0. 0.007 0. 0. 0. 0.007 0. 0.007 0.001 0. 0.001 0.002 0. 0.002 0.002 0. 0.002 0.002 0. 0.002 0.004 0. 0.004 0. 0. 0. 0.028 0. 0.028 0.002 0. 0.002 0.001 0. 0.001 0.002 0. 0.002 0.002 0. 0.002 0.002 0. 0.002
69 0.034 0. 0.034 0. 0. 0. 0. 0. 0. 0. 0. 0. 0.007 0. 0.007 0. 0. 0. 0.007 0. 0.007 0.001 0. 0.001 0.002 0. 0.002 0.002 0. 0.002 0.002 0. 0.002 0.005 0. 0.005 0. 0. 0. 0.028 0. 0.028 0.002 0. 0.002 0.001 0. 0.001 0.002 0. 0.002 0.002 0. 0.002 0.002 0. 0.002
70 0.036 0. 0.036 0. 0. 0. 0. 0. 0. 0. 0. 0. 0.008 0. 0.008 0. 0. 0. 0.008 0. 0.008 0.001 0. 0.001 0.002 0. 0.002 0.002 0. 0.002 0.002 0. 0.002 0.005 0. 0.005 0. 0. 0. 0.029 0. 0.029 0.002 0. 0.002 0.001 0. 0.001 0.002 0. 0.002 0.002 0. 0.002 0.002 0. 0.002
71 0.036 0. 0.036 0. 0. 0. 0. 0. 0. 0. 0. 0. 0.007 0. 0.007 0. 0. 0. 0.007 0. 0.007 0.001 0. 0.001 0.002 0. 0.001 0.002 0. 0.002 0.002 0. 0. 0.006 0. 0.006 0. 0. 0. 0.029 0. 0.029 0.002 0. 0.002 0.001 0. 0.001 0.002 0. 0. 0.004 0. 0.004 0.002 0. 0.008
72 0.04 0. 0.039 0. 0. 0. 0. 0. 0. 0. 0. 0. 0.008 0. 0.008 0. 0. 0. 0.008 0. 0.008 0.001 0. 0.001 0.002 0. 0.002 0.002 0. 0.002 0.002 0. 0.002 0.005 0. 0.005 0. 0. 0. 0.032 0. 0.032 0.002 0. 0.002 0.001 0. 0.001 0.002 0. 0.002 0.002 0. 0.002 0.003 0. 0.003
73 0.035 0. 0.035 0. 0. 0. 0. 0. 0. 0. 0. 0. 0.007 0. 0.007 0. 0. 0. 0.007 0. 0.007 0.001 0. 0.001 0.002 0. 0.002 0.002 0. 0.002 0.002 0. 0.002 0.006 0. 0.006 0. 0. 0. 0.027 0. 0.027 0.002 0. 0.002 0.001 0. 0.001 0.002 0. 0.002 0.002 0. 0.002 0.002 0. 0.002
74 0.037 0. 0.037 0. 0. 0. 0. 0. 0. 0. 0. 0. 0.007 0. 0.007 0. 0. 0. 0.007 0. 0.007 0.001 0. 0.001 0.002 0. 0.002 0.002 0. 0.002 0.002 0. 0.002 0.005 0. 0.005 0. 0. 0. 0.03 0. 0.03 0.002 0. 0.002 0.001 0. 0.001 0.002 0. 0.002 0.002 0. 0.002 0.002 0. 0.002
75 0.038 0. 0.038 0. 0. 0. 0. 0. 0. 0. 0. 0. 0.008 0. 0.008 0. 0. 0. 0.008 0. 0.008 0.001 0. 0.001 0.002 0. 0.002 0.001 0. 0.001 0.002 0. 0.002 0.006 0. 0.006 0. 0. 0. 0.031 0. 0.031 0.003 0. 0.003 0.001 0. 0.001 0.002 0. 0.002 0.001 0. 0.001 0.002 0. 0.002
76 0.038 0. 0.038 0. 0. 0. 0. 0. 0. 0. 0. 0. 0.008 0. 0.008 0. 0. 0. 0.008 0. 0.008 0.001 0. 0.001 0.002 0. 0.002 0.002 0. 0.002 0.002 0. 0.002 0.005 0. 0.005 0. 0. 0. 0.032 0. 0.032 0.002 0. 0.002 0.001 0. 0.001 0.002 0. 0.002 0.001 0. 0.001 0.005 0. 0.005
77 0.04 0. 0.041 0. 0. 0. 0. 0. 0. 0. 0. 0. 0.008 0. 0.01 0. 0. 0. 0.008 0. 0.01 0.001 0. 0.001 0.002 0. 0.002 0.002 0. 0.002 0.002 0. 0.002 0.005 0. 0.005 0. 0. 0. 0.033 0. 0.035 0.002 0. 0.002 0.001 0. 0.001 0.003 0. 0.003 0.002 0. 0.002 0.002 0. 0.002
78 0.039 0. 0.039 0. 0. 0. 0. 0. 0. 0. 0. 0. 0.008 0. 0.008 0. 0. 0. 0.008 0. 0.008 0.001 0. 0.001 0.002 0. 0.002 0.002 0. 0.002 0.002 0. 0.002 0.006 0. 0.006 0. 0. 0. 0.032 0. 0.032 0.002 0. 0.002 0.001 0. 0.001 0.002 0. 0.002 0.002 0. 0.002 0.002 0. 0.002
79 0.041 0. 0.041 0. 0. 0. 0. 0. 0. 0. 0. 0. 0.008 0. 0.008 0. 0. 0. 0.007 0. 0.007 0.001 0. 0.001 0.002 0. 0.002 0.004 0. 0.004 0.002 0. 0.002 0.005 0. 0.005 0. 0. 0. 0.035 0. 0.035 0.002 0. 0.002 0.001 0. 0.001 0.002 0. 0.002 0.002 0. 0.002 0.002 0. 0.002
80 0.04 0. 0.04 0. 0. 0. 0. 0. 0. 0. 0. 0. 0.008 0. 0.008 0. 0. 0. 0.008 0. 0.008 0.001 0. 0.001 0.002 0. 0.002 0.002 0. 0.002 0.002 0. 0.002 0.007 0. 0.007 0. 0. 0. 0.032 0. 0.032 0.003 0. 0.003 0.001 0. 0.001 0.002 0. 0.002 0.002 0. 0.002 0.002 0. 0.002
81 0.041 0. 0.041 0. 0. 0. 0. 0. 0. 0. 0. 0. 0.009 0. 0.009 0. 0. 0. 0.008 0. 0.008 0.001 0. 0.001 0.003 0. 0.003 0.003 0. 0.003 0.002 0. 0.002 0.006 0. 0.006 0. 0. 0. 0.034 0. 0.034 0.002 0. 0.002 0.001 0. 0.001 0.002 0. 0.002 0.002 0. 0.002 0.002 0. 0.002
82 0.045 0.007 0.038 0. 0. 0. 0. 0. 0. 0. 0. 0. 0.009 0. 0.009 0. 0. 0. 0.009 0. 0.009 0.001 0. 0.001 0.002 0. 0.002 0.002 0.001 0.001 0.002 0. 0.002 0.009 0.003 0.005 0. 0. 0. 0.035 0.003 0.031 0.002 0. 0.002 0.001 0.001 0. 0.002 0. 0.002 0.003 0. 0.003 0.002 0. 0.002
83 0.042 0. 0.041 0. 0. 0. 0. 0. 0. 0. 0. 0. 0.008 0. 0.008 0. 0. 0. 0.008 0. 0.008 0.001 0. 0.001 0.002 0. 0.002 0.002 0. 0.002 0.002 0. 0.002 0.006 0. 0.006 0. 0. 0. 0.034 0. 0.034 0.002 0. 0.002 0.001 0. 0.001 0.002 0. 0.002 0.002 0. 0.002 0.003 0. 0.003
84 0.045 0. 0.045 0. 0. 0. 0. 0. 0. 0. 0. 0. 0.008 0. 0.008 0. 0. 0. 0.008 0. 0.008 0.001 0. 0.001 0.004 0. 0.004 0.003 0. 0.003 0.002 0. 0.002 0.007 0. 0.007 0. 0. 0. 0.037 0. 0.037 0.002 0. 0.002 0.001 0. 0.001 0.002 0. 0.002 0.002 0. 0.002 0.002 0. 0.002
85 0.042 0. 0.042 0. 0. 0. 0. 0. 0. 0. 0. 0. 0.009 0. 0.009 0. 0. 0. 0.009 0. 0.009 0.001 0. 0.001 0.002 0. 0.002 0.002 0. 0.002 0.002 0. 0.002 0.006 0. 0.006 0. 0. 0. 0.034 0. 0.034 0.003 0. 0.003 0.001 0. 0.001 0.002 0. 0.002 0.002 0. 0.002 0.002 0. 0.002
86 0.044 0. 0.044 0. 0. 0. 0. 0. 0. 0. 0. 0. 0.01 0. 0.01 0. 0. 0. 0.01 0. 0.01 0.001 0. 0.001 0.002 0. 0.002 0.002 0. 0.002 0.002 0. 0.002 0.007 0. 0.007 0. 0. 0. 0.036 0. 0.036 0.002 0. 0.002 0.001 0. 0.001 0.002 0. 0.002 0.003 0. 0.003 0.002 0. 0.002
87 0.044 0. 0.044 0. 0. 0. 0. 0. 0. 0. 0. 0. 0.009 0. 0.009 0. 0. 0. 0.009 0. 0.009 0.001 0. 0.001 0.003 0. 0.003 0.002 0. 0.002 0.003 0. 0.003 0.007 0. 0.007 0. 0. 0. 0.035 0. 0.035 0.002 0. 0.002 0.001 0. 0.001 0.003 0. 0.003 0.002 0. 0.002 0.003 0. 0.003
88 0.046 0. 0.046 0. 0. 0. 0. 0. 0. 0. 0. 0. 0.009 0. 0.009 0. 0. 0. 0.009 0. 0.009 0.001 0. 0.001 0.003 0. 0.003 0.003 0. 0.003 0.003 0. 0.003 0.007 0. 0.007 0. 0. 0. 0.038 0. 0.038 0.002 0. 0.002 0.001 0. 0.001 0.003 0. 0.003 0.003 0. 0.003 0.003 0. 0.003
89 0.044 0. 0.044 0. 0. 0. 0. 0. 0. 0. 0. 0. 0.009 0. 0.009 0. 0. 0. 0.009 0. 0.009 0.001 0. 0.001 0.003 0. 0.003 0.003 0. 0.003 0.002 0. 0.002 0.007 0. 0.007 0. 0. 0. 0.036 0. 0.036 0.002 0. 0.002 0.001 0. 0.001 0.003 0. 0.003 0.002 0. 0.002 0.002 0. 0.002
90 0.046 0. 0.046 0. 0. 0. 0. 0. 0. 0. 0. 0. 0.009 0. 0.009 0. 0. 0. 0.009 0. 0.009 0.002 0. 0.002 0.003 0. 0.003 0.003 0. 0.003 0.002 0. 0.002 0.007 0. 0.007 0. 0. 0. 0.037 0. 0.037 0.002 0. 0.002 0.001 0. 0.001 0.003 0. 0.003 0.003 0. 0.003 0.003 0. 0.003
91 0.052 0. 0.052 0. 0. 0. 0. 0. 0. 0. 0. 0. 0.012 0. 0.012 0. 0. 0. 0.012 0. 0.012 0.001 0. 0.001 0.003 0. 0.003 0.003 0. 0.003 0.003 0. 0.005 0.008 0. 0.008 0. 0. 0. 0.043 0. 0.043 0.003 0. 0.003 0.001 0. 0.001 0.004 0. 0.002 0.003 0. 0.003 0.002 0. 0.002
92 0.049 0. 0.049 0. 0. 0. 0.001 0. 0.001 0. 0. 0. 0.01 0. 0.01 0. 0. 0. 0.009 0. 0.009 0.002 0. 0.002 0.002 0. 0.002 0.002 0. 0.002 0.003 0. 0.003 0.007 0. 0.007 0. 0. 0. 0.04 0. 0.04 0.003 0. 0.003 0.001 0. 0.001 0.003 0. 0.003 0.002 0. 0.002 0.002 0. 0.002
93 0.048 0. 0.048 0. 0. 0. 0. 0. 0. 0. 0. 0. 0.01 0. 0.01 0. 0. 0. 0.009 0. 0.009 0.002 0. 0.002 0.003 0. 0.005 0.002 0. 0.002 0.004 0. 0.004 0.007 0. 0.007 0. 0. 0. 0.04 0. 0.04 0.003 0. 0.003 0.001 0. 0.001 0.003 0. 0.003 0.003 0. 0.001 0.003 0. 0.003
94 0.051 0. 0.051 0. 0. 0. 0. 0. 0. 0. 0. 0. 0.011 0. 0.011 0. 0. 0. 0.011 0. 0.011 0.001 0. 0.001 0.003 0. 0.003 0.003 0. 0.003 0.002 0. 0.002 0.008 0. 0.008 0. 0. 0. 0.041 0. 0.041 0.004 0. 0.004 0.001 0. 0.001 0.002 0. 0.002 0.003 0. 0.003 0.003 0. 0.003
95 0.055 0. 0.055 0. 0. 0. 0.001 0. 0.001 0. 0. 0. 0.011 0. 0.011 0. 0. 0. 0.01 0. 0.01 0.001 0. 0.001 0.003 0. 0.003 0.004 0. 0.004 0.003 0. 0.002 0.008 0. 0.008 0. 0. 0. 0.045 0. 0.045 0.003 0. 0.008 0.002 0. 0.002 0.004 0. 0.004 0.003 0. 0.003 0.003 0. 0.
96 0.049 0. 0.049 0. 0. 0. 0. 0. 0. 0. 0. 0. 0.01 0. 0.01 0. 0. 0. 0.01 0. 0.01 0.001 0. 0.001 0.003 0. 0.003 0.003 0. 0.003 0.003 0. 0.003 0.007 0. 0.007 0. 0. 0. 0.04 0. 0.04 0.003 0. 0.003 0.001 0. 0.001 0.003 0. 0.003 0.003 0. 0.003 0.003 0. 0.003
97 0.05 0. 0.05 0. 0. 0. 0. 0. 0. 0. 0. 0. 0.011 0. 0.011 0. 0. 0. 0.01 0. 0.01 0.001 0. 0.001 0.003 0. 0.003 0.003 0. 0.003 0.003 0. 0.003 0.007 0. 0.007 0. 0. 0. 0.04 0. 0.04 0.002 0. 0.002 0.001 0. 0.001 0.003 0. 0.003 0.003 0. 0.003 0.003 0. 0.003
98 0.048 0. 0.048 0. 0. 0. 0. 0. 0. 0. 0. 0. 0.01 0. 0.01 0. 0. 0. 0.01 0. 0.01 0.001 0. 0.001 0.002 0. 0.002 0.003 0. 0.003 0.003 0. 0.003 0.008 0. 0.008 0. 0. 0. 0.039 0. 0.039 0.003 0. 0.003 0.001 0. 0.001 0.003 0. 0.003 0.002 0. 0.002 0.003 0. 0.003
99 0.049 0. 0.049 0. 0. 0. 0. 0. 0. 0. 0. 0. 0.009 0. 0.009 0. 0. 0. 0.009 0. 0.009 0.001 0. 0.001 0.002 0. 0.002 0.003 0. 0.003 0.003 0. 0.003 0.007 0. 0.007 0. 0. 0. 0.041 0. 0.041 0.004 0. 0.004 0.002 0. 0.002 0.003 0. 0.003 0.002 0. 0.002 0.003 0. 0.003
100 0.108 0.031 0.075 0.053 0.016 0.036 0. 0. 0. 0. 0. 0. 0.016 0.015 0.001 0. 0. 0. 0.016 0.015 0.001 0.001 0. 0.001 0.003 0. 0.003 0.002 0. 0.002 0.003 0. 0.003 0.007 0. 0.007 0. 0. 0. 0.1 0.031 0.068 0.003 0. 0.003 0.001 0. 0.001 0.003 0. 0.003 0.003 0. 0.003 0.003 0. 0.003
110 0.058 0. 0.058 0. 0. 0. 0. 0. 0. 0. 0. 0. 0.011 0. 0.011 0. 0. 0. 0.011 0. 0.011 0.001 0. 0.001 0.004 0. 0.004 0.004 0. 0.004 0.004 0. 0.004 0.009 0. 0.009 0. 0. 0. 0.047 0. 0.047 0.004 0. 0.004 0.001 0. 0.001 0.004 0. 0.004 0.004 0. 0.004 0.003 0. 0.003
120 0.068 0. 0.067 0. 0. 0. 0. 0. 0. 0. 0. 0. 0.016 0. 0.015 0. 0. 0. 0.015 0. 0.015 0.002 0. 0.002 0.004 0. 0.004 0.004 0. 0.004 0.004 0. 0.004 0.011 0. 0.011 0. 0. 0. 0.055 0. 0.055 0.004 0. 0.004 0.002 0. 0.002 0.004 0. 0.004 0.004 0. 0.004 0.004 0. 0.004
130 0.071 0. 0.071 0. 0. 0. 0.001 0. 0.001 0. 0. 0. 0.014 0. 0.014 0. 0. 0. 0.014 0. 0.014 0.002 0. 0.002 0.004 0. 0.004 0.004 0. 0.004 0.004 0. 0.004 0.012 0. 0.012 0. 0. 0. 0.058 0. 0.058 0.005 0. 0.005 0.002 0. 0.002 0.004 0. 0.004 0.004 0. 0.004 0.005 0. 0.005
140 0.079 0. 0.079 0. 0. 0. 0. 0. 0. 0.001 0. 0.001 0.013 0. 0.013 0. 0. 0. 0.013 0. 0.013 0.004 0. 0.004 0.005 0. 0.005 0.005 0. 0.005 0.005 0. 0.005 0.014 0. 0.014 0. 0. 0. 0.063 0. 0.063 0.005 0. 0.004 0.002 0. 0.002 0.007 0. 0.007 0.004 0. 0.004 0.005 0. 0.005
150 0.089 0.004 0.085 0. 0. 0. 0. 0. 0. 0. 0. 0. 0.015 0. 0.015 0. 0. 0. 0.015 0. 0.015 0.002 0. 0.002 0.006 0. 0.006 0.008 0.003 0.005 0.006 0. 0.006 0.015 0. 0.015 0. 0. 0. 0.074 0.004 0.07 0.007 0. 0.007 0.002 0. 0.002 0.006 0. 0.006 0.006 0. 0.006 0.005 0. 0.005
160 0.089 0. 0.091 0. 0. 0. 0. 0. 0. 0. 0. 0. 0.018 0. 0.021 0.001 0. 0.001 0.018 0. 0.021 0.002 0. 0.002 0.006 0. 0.006 0.006 0. 0.006 0.006 0. 0.006 0.015 0. 0.015 0. 0. 0. 0.072 0. 0.075 0.006 0. 0.006 0.003 0. 0.003 0.005 0. 0.005 0.006 0. 0.006 0.005 0. 0.005
170 0.101 0. 0.101 0.001 0. 0.001 0.001 0. 0.001 0.001 0. 0.001 0.019 0. 0.019 0. 0. 0. 0.019 0. 0.019 0.003 0. 0.003 0.006 0. 0.006 0.007 0. 0.007 0.007 0. 0.007 0.019 0. 0.019 0. 0. 0. 0.08 0. 0.08 0.006 0. 0.006 0.003 0. 0.003 0.007 0. 0.007 0.007 0. 0.007 0.006 0. 0.006
180 0.119 0. 0.119 0.001 0. 0.001 0.001 0. 0.001 0.001 0. 0.001 0.02 0. 0.02 0.001 0. 0.001 0.019 0. 0.019 0.004 0. 0.004 0.008 0. 0.008 0.007 0. 0.007 0.01 0. 0.01 0.022 0. 0.022 0. 0. 0. 0.096 0. 0.096 0.009 0. 0.009 0.003 0. 0.003 0.009 0. 0.009 0.008 0. 0.008 0.008 0. 0.008
190 0.128 0. 0.128 0.001 0. 0.001 0.001 0. 0.001 0.001 0. 0.001 0.021 0. 0.021 0.001 0. 0.001 0.02 0. 0.02 0.003 0. 0.003 0.009 0. 0.009 0.011 0. 0.011 0.01 0. 0.01 0.022 0. 0.03 0. 0. 0. 0.104 0. 0.097 0.009 0. 0.002 0.004 0. 0.004 0.01 0. 0.01 0.009 0. 0.009 0.009 0. 0.009
200 0.134 0.005 0.128 0.006 0.003 0.003 0.001 0. 0.001 0.001 0. 0. 0.022 0. 0.021 0.001 0. 0.001 0.021 0. 0.021 0.003 0. 0.003 0.01 0. 0.01 0.009 0.001 0.012 0.009 0. 0.009 0.024 0. 0.024 0. 0. 0. 0.11 0.005 0.104 0.01 0. 0.01 0.003 0. 0. 0.011 0. 0.011 0.009 0. 0.009 0.008 0. 0.008
210 0.147 0.003 0.143 0.001 0. 0.001 0.001 0. 0.001 0.001 0. 0.001 0.026 0. 0.026 0.001 0. 0.001 0.026 0. 0.026 0.005 0. 0.005 0.011 0. 0.011 0.01 0. 0.01 0.01 0. 0.01 0.025 0. 0.025 0. 0. 0. 0.12 0.003 0.116 0.014 0.003 0.01 0.004 0. 0.004 0.01 0. 0.01 0.009 0. 0.009 0.01 0. 0.01
220 0.158 0.004 0.154 0.001 0. 0.001 0.001 0. 0.001 0.001 0. 0.001 0.024 0.003 0.021 0.001 0. 0.001 0.024 0.003 0.02 0.004 0. 0.004 0.012 0. 0.012 0.014 0. 0.014 0.011 0. 0.011 0.028 0. 0.028 0. 0. 0. 0.128 0.004 0.124 0.012 0. 0.012 0.004 0. 0.004 0.011 0. 0.011 0.012 0. 0.012 0.012 0. 0.012
230 0.158 0. 0.158 0.001 0. 0.001 0.001 0. 0.001 0.001 0. 0.001 0.024 0. 0.024 0.004 0. 0.004 0.023 0. 0.023 0.004 0. 0.004 0.012 0. 0.012 0.012 0. 0.012 0.011 0. 0.011 0.029 0. 0.029 0. 0. 0. 0.128 0. 0.128 0.011 0. 0.012 0.004 0. 0.004 0.011 0. 0.011 0.011 0. 0.011 0.014 0. 0.013
240 0.157 0. 0.157 0.001 0. 0.001 0.001 0. 0.001 0.001 0. 0.001 0.025 0. 0.025 0.002 0. 0.002 0.025 0. 0.025 0.003 0. 0.003 0.014 0. 0.014 0.01 0. 0.01 0.012 0. 0.012 0.026 0. 0.026 0. 0. 0. 0.129 0. 0.129 0.014 0. 0.014 0.003 0. 0.003 0.013 0. 0.013 0.013 0. 0.013 0.011 0. 0.011
250 0.193 0. 0.193 0.001 0. 0.001 0.001 0. 0.001 0.002 0. 0.002 0.028 0. 0.028 0.001 0. 0.001 0.027 0. 0.027 0.005 0. 0.005 0.016 0. 0.016 0.014 0. 0.014 0.017 0. 0.017 0.035 0. 0.035 0. 0. 0. 0.157 0. 0.157 0.017 0. 0.017 0.004 0. 0.004 0.015 0. 0.015 0.014 0. 0.014 0.015 0. 0.015
260 0.201 0. 0.201 0.001 0. 0.001 0.001 0. 0.001 0.001 0. 0.001 0.024 0. 0.024 0.001 0. 0.001 0.024 0. 0.024 0.008 0. 0.008 0.017 0. 0.017 0.016 0. 0.016 0.016 0. 0.016 0.043 0. 0.043 0. 0. 0. 0.157 0. 0.157 0.015 0. 0.015 0.004 0. 0.004 0.016 0. 0.016 0.013 0. 0.013 0.015 0. 0.015
270 0.214 0. 0.214 0.001 0. 0.001 0.001 0. 0.001 0.001 0. 0.001 0.028 0. 0.028 0.001 0. 0.001 0.027 0. 0.027 0.005 0. 0.005 0.015 0. 0.015 0.016 0. 0.016 0.016 0. 0.016 0.047 0. 0.047 0. 0. 0. 0.165 0. 0.165 0.017 0. 0.017 0.009 0. 0.009 0.015 0. 0.015 0.017 0. 0.016 0.015 0. 0.015
280 0.213 0. 0.213 0.001 0. 0.001 0.001 0. 0.001 0.001 0. 0.001 0.029 0. 0.029 0.001 0. 0.001 0.029 0. 0.029 0.005 0. 0.005 0.015 0. 0.015 0.015 0. 0.015 0.016 0. 0.016 0.046 0. 0.046 0. 0. 0. 0.165 0. 0.165 0.018 0. 0.018 0.01 0. 0.01 0.014 0. 0.014 0.014 0. 0.014 0.017 0. 0.017
290 0.231 0. 0.231 0.006 0. 0.006 0.001 0. 0.001 0.002 0. 0.002 0.03 0. 0.03 0.001 0. 0.001 0.03 0. 0.03 0.005 0. 0.005 0.018 0. 0.018 0.016 0. 0.016 0.017 0. 0.017 0.045 0. 0.045 0. 0. 0. 0.184 0. 0.184 0.025 0. 0.025 0.004 0. 0.004 0.017 0. 0.017 0.018 0. 0.018 0.016 0. 0.016
300 0.254 0. 0.254 0.002 0. 0.002 0.006 0. 0.006 0.002 0. 0.002 0.033 0. 0.033 0.002 0. 0.002 0.032 0. 0.032 0.005 0. 0.005 0.019 0. 0.019 0.02 0. 0.02 0.021 0. 0.018 0.052 0. 0.052 0. 0. 0. 0.201 0. 0.201 0.019 0. 0.019 0.005 0. 0.005 0.021 0. 0.021 0.018 0. 0.018 0.021 0. 0.025
310 0.27 0. 0.27 0.001 0. 0.001 0.002 0. 0.002 0.002 0. 0.002 0.038 0. 0.038 0.009 0. 0.009 0.038 0. 0.038 0.005 0. 0.005 0.02 0. 0.019 0.019 0. 0.019 0.024 0. 0.024 0.05 0. 0.05 0. 0. 0. 0.219 0. 0.219 0.024 0. 0.024 0.005 0. 0.005 0.019 0. 0.019 0.018 0. 0.018 0.024 0. 0.024
320 0.292 0. 0.292 0.002 0. 0.002 0.002 0. 0.002 0.002 0. 0.002 0.038 0. 0.038 0.002 0. 0.002 0.038 0. 0.038 0.006 0. 0.006 0.025 0. 0.025 0.022 0. 0.022 0.019 0. 0.019 0.058 0. 0.058 0. 0. 0. 0.232 0. 0.232 0.026 0. 0.026 0.005 0. 0.005 0.025 0. 0.025 0.029 0. 0.029 0.023 0. 0.023
330 0.29 0. 0.29 0.001 0. 0. 0.002 0. 0.002 0.002 0. 0.002 0.037 0. 0.035 0.002 0. 0.002 0.037 0. 0.035 0.01 0. 0.014 0.025 0. 0.025 0.021 0. 0.021 0.023 0. 0.023 0.057 0. 0.057 0. 0. 0. 0.232 0. 0.232 0.024 0. 0.024 0.006 0. 0.006 0.024 0. 0.024 0.021 0. 0.021 0.026 0. 0.026
340 0.312 0. 0.312 0.001 0. 0.001 0.002 0. 0.002 0.002 0. 0.002 0.043 0. 0.043 0.002 0. 0.002 0.042 0. 0.042 0.006 0. 0.006 0.022 0. 0.022 0.022 0. 0.022 0.024 0. 0.024 0.066 0. 0.066 0. 0. 0. 0.244 0. 0.244 0.026 0. 0.026 0.007 0. 0.007 0.026 0. 0.026 0.029 0. 0.029 0.024 0. 0.024
350 0.324 0. 0.324 0.002 0. 0.002 0.002 0. 0.002 0.002 0. 0.002 0.039 0. 0.039 0.002 0. 0.002 0.038 0. 0.038 0.007 0. 0.007 0.029 0. 0.029 0.029 0. 0.029 0.023 0. 0.023 0.067 0. 0.067 0. 0. 0. 0.256 0. 0.256 0.025 0. 0.025 0.01 0. 0.01 0.023 0. 0.023 0.023 0. 0.023 0.035 0. 0.035
360 0.348 0. 0.348 0.002 0. 0.002 0.002 0. 0.002 0.002 0. 0.002 0.045 0. 0.045 0.002 0. 0.002 0.045 0. 0.045 0.006 0. 0.006 0.027 0. 0.027 0.031 0. 0.031 0.027 0. 0.027 0.069 0. 0.069 0. 0. 0. 0.277 0. 0.277 0.031 0. 0.031 0.006 0. 0.006 0.035 0. 0.035 0.026 0. 0.026 0.028 0. 0.028
370 0.38 0.003 0.376 0.002 0. 0.002 0.002 0. 0.002 0.003 0. 0.003 0.042 0. 0.042 0.002 0. 0.002 0.041 0. 0.041 0.013 0. 0.013 0.032 0. 0.032 0.033 0. 0.033 0.031 0.003 0.028 0.073 0. 0.072 0. 0. 0. 0.305 0.003 0.302 0.033 0. 0.033 0.01 0. 0.01 0.032 0. 0.032 0.031 0. 0.031 0.031 0. 0.031
380 0.374 0. 0.374 0.002 0. 0.002 0.002 0. 0.002 0.002 0. 0.002 0.045 0. 0.045 0.002 0. 0.002 0.045 0. 0.045 0.008 0. 0.008 0.032 0. 0.032 0.029 0. 0.029 0.029 0. 0.029 0.074 0. 0.074 0. 0. 0. 0.298 0. 0.298 0.032 0. 0.032 0.015 0. 0.015 0.033 0. 0.033 0.027 0. 0.027 0.034 0. 0.034
390 0.405 0.003 0.4 0.002 0. 0.002 0.002 0. 0.002 0.003 0. 0.003 0.048 0.003 0.044 0.002 0. 0.002 0.047 0.003 0.043 0.007 0. 0.007 0.037 0. 0.037 0.031 0. 0.031 0.038 0. 0.038 0.076 0. 0.076 0. 0. 0. 0.327 0.003 0.321 0.031 0. 0.03 0.008 0. 0.008 0.039 0. 0.039 0.036 0. 0.036 0.035 0. 0.035
400 0.417 0. 0.416 0.002 0. 0.002 0.002 0. 0.002 0.002 0. 0.002 0.05 0. 0.05 0.002 0. 0.002 0.049 0. 0.049 0.008 0. 0.008 0.033 0. 0.033 0.035 0. 0.035 0.032 0. 0.029 0.079 0. 0.079 0. 0. 0. 0.337 0. 0.336 0.057 0. 0.056 0.008 0. 0.008 0.037 0. 0.037 0.031 0. 0.031 0.029 0. 0.031
500 0.603 0. 0.603 0.004 0. 0.004 0.003 0. 0.003 0.003 0. 0.003 0.053 0. 0.053 0.002 0. 0.002 0.052 0. 0.052 0.015 0. 0.015 0.065 0. 0.065 0.054 0. 0.054 0.052 0. 0.052 0.12 0. 0.12 0. 0. 0. 0.481 0. 0.481 0.053 0. 0.053 0.009 0. 0.009 0.051 0. 0.051 0.052 0. 0.052 0.059 0. 0.059
600 0.859 0. 0.859 0.003 0. 0.003 0.004 0. 0.004 0.003 0. 0.003 0.068 0. 0.067 0.003 0. 0.003 0.067 0. 0.067 0.01 0. 0.01 0.085 0. 0.085 0.079 0. 0.079 0.08 0. 0.08 0.163 0. 0.163 0. 0. 0. 0.694 0. 0.694 0.074 0. 0.074 0.009 0. 0.009 0.081 0. 0.081 0.087 0. 0.087 0.101 0. 0.1
700 1.237 0.003 1.233 0.003 0. 0.003 0.004 0. 0.004 0.004 0. 0.004 0.079 0. 0.079 0.004 0. 0.004 0.078 0. 0.078 0.013 0. 0.013 0.131 0. 0.131 0.123 0. 0.123 0.132 0. 0.132 0.219 0.003 0.215 0. 0. 0. 1.016 0. 1.016 0.135 0. 0.135 0.013 0. 0.013 0.121 0. 0.121 0.116 0. 0.116 0.13 0. 0.13
800 1.593 0.003 1.588 0.005 0. 0.005 0.005 0. 0.005 0.009 0.003 0.005 0.088 0. 0.088 0.005 0. 0.005 0.087 0. 0.087 0.015 0. 0.015 0.169 0. 0.169 0.167 0. 0.166 0.171 0. 0.171 0.282 0. 0.282 0. 0. 0. 1.309 0.003 1.304 0.195 0. 0.195 0.014 0. 0.014 0.165 0. 0.165 0.14 0. 0.14 0.154 0. 0.154
900 1.953 0. 1.953 0.005 0. 0.005 0.009 0. 0.009 0.006 0. 0.006 0.099 0. 0.099 0.005 0. 0.005 0.098 0. 0.098 0.017 0. 0.017 0.224 0. 0.224 0.235 0. 0.235 0.207 0. 0.207 0.362 0. 0.362 0. 0. 0. 1.589 0. 1.589 0.13 0. 0.13 0.023 0. 0.023 0.22 0. 0.22 0.205 0. 0.205 0.197 0. 0.197
1000 2.467 0.003 2.463 0.006 0. 0.006 0.006 0. 0.006 0.007 0. 0.007 0.133 0.003 0.13 0.006 0. 0.006 0.132 0.003 0.128 0.022 0. 0.022 0.277 0. 0.277 0.231 0. 0.231 0.278 0. 0.278 0.426 0. 0.426 0.001 0. 0.001 2.038 0.003 2.034 0.253 0. 0.253 0.018 0. 0.018 0.265 0. 0.265 0.273 0. 0.273 0.256 0. 0.256
1100 3.003 0.003 2.999 0.006 0. 0.006 0.018 0. 0.018 0.011 0. 0.011 0.137 0. 0.137 0.011 0. 0.011 0.136 0. 0.136 0.022 0. 0.022 0.305 0. 0.305 0.332 0. 0.332 0.336 0. 0.336 0.521 0.003 0.518 0.001 0. 0.001 2.48 0. 2.479 0.315 0. 0.315 0.021 0. 0.021 0.329 0. 0.329 0.327 0. 0.327 0.301 0. 0.301
1200 3.5 0. 3.498 0.007 0. 0.007 0.007 0. 0.007 0.007 0. 0.007 0.146 0. 0.146 0.006 0. 0.006 0.145 0. 0.145 0.028 0. 0.028 0.378 0. 0.378 0.39 0. 0.39 0.374 0. 0.374 0.616 0. 0.615 0.001 0. 0.001 2.882 0. 2.881 0.377 0. 0.377 0.021 0. 0.021 0.346 0. 0.346 0.41 0. 0.409 0.376 0. 0.376
1300 3.91 0.015 3.894 0.01 0. 0.01 0.009 0. 0.009 0.008 0. 0.008 0.155 0.007 0.147 0.012 0. 0.012 0.154 0.007 0.146 0.039 0. 0.039 0.449 0. 0.448 0.441 0. 0.441 0.437 0. 0.437 0.676 0.007 0.668 0.001 0. 0.001 3.232 0.007 3.224 0.4 0. 0.4 0.025 0. 0.025 0.439 0. 0.439 0.485 0. 0.485 0.316 0. 0.317
1400 4.758 0.008 4.749 0.008 0. 0.008 0.011 0. 0.011 0.009 0. 0.009 0.164 0.004 0.16 0.01 0. 0.007 0.162 0.004 0.158 0.024 0. 0.024 0.51 0. 0.51 0.44 0. 0.44 0.499 0. 0.502 0.817 0. 0.816 0.001 0. 0.001 3.94 0.008 3.931 0.55 0. 0.55 0.023 0. 0.023 0.598 0.003 0.594 0.542 0. 0.542 0.545 0. 0.545
1500 5.414 0.003 5.409 0.009 0. 0.009 0.009 0. 0.009 0.009 0. 0.009 0.171 0. 0.171 0.012 0. 0.012 0.169 0. 0.169 0.028 0. 0.028 0.582 0. 0.582 0.626 0. 0.626 0.558 0. 0.558 0.918 0. 0.918 0.001 0. 0.001 4.493 0.003 4.488 0.652 0. 0.652 0.032 0. 0.032 0.647 0.003 0.643 0.566 0. 0.566 0.585 0. 0.585
1600 6.078 0.012 6.065 0.012 0. 0.012 0.01 0. 0.01 0.009 0. 0.009 0.203 0.008 0.195 0.009 0.003 0.005 0.201 0.008 0.193 0.029 0. 0.029 0.636 0. 0.636 0.734 0. 0.734 0.651 0. 0.65 1.043 0. 1.043 0.001 0. 0.001 5.033 0.012 5.02 0.703 0. 0.703 0.035 0. 0.035 0.635 0. 0.635 0.699 0. 0.699 0.659 0. 0.659
1700 6.758 0. 6.757 0.01 0. 0.01 0.011 0. 0.011 0.011 0. 0.011 0.196 0. 0.196 0.01 0. 0.01 0.195 0. 0.195 0.03 0. 0.03 0.767 0. 0.767 0.727 0. 0.727 0.782 0. 0.782 1.225 0. 1.225 0.001 0. 0.001 5.53 0. 5.53 0.787 0. 0.787 0.035 0. 0.035 0.853 0. 0.853 0.439 0. 0.439 0.865 0. 0.865
1800 7.905 0. 7.904 0.016 0. 0.016 0.017 0. 0.017 0.013 0. 0.013 0.217 0. 0.217 0.012 0. 0.012 0.215 0. 0.215 0.033 0. 0.033 0.754 0. 0.754 0.946 0. 0.945 0.942 0. 0.942 1.371 0. 1.37 0.001 0. 0.001 6.531 0. 6.53 0.86 0. 0.859 0.047 0. 0.047 0.889 0. 0.889 0.866 0. 0.866 0.913 0. 0.913
1900 8.537 0.011 8.523 0.011 0. 0.011 0.013 0. 0.013 0.011 0. 0.011 0.243 0.003 0.239 0.01 0. 0.01 0.241 0.003 0.237 0.038 0. 0.038 0.856 0. 0.856 0.921 0. 0.921 0.862 0.003 0.858 1.521 0.003 1.517 0.001 0. 0.001 7.013 0.007 7.003 0.939 0. 0.939 0.033 0. 0.033 1.001 0. 1. 1.01 0. 1.01 1.057 0. 1.056
2000 9.485 0.008 9.477 0.013 0. 0.013 0.011 0. 0.011 0.018 0.004 0.014 0.237 0. 0.241 0.013 0. 0.013 0.235 0. 0.24 0.039 0. 0.039 1.046 0. 1.046 1.017 0. 1.017 1.076 0. 1.076 1.685 0.003 1.681 0.001 0. 0.001 7.797 0.004 7.796 0.952 0. 0.952 0.037 0. 0.037 1.166 0. 1.166 1.141 0. 1.141 1.022 0. 1.022
2500 13.932 0. 13.929 0.015 0. 0.015 0.021 0. 0.021 0.022 0. 0.022 0.29 0. 0.29 0.017 0. 0.017 0.288 0. 0.288 0.05 0. 0.05 1.634 0. 1.634 1.19 0. 1.19 1.673 0. 1.672 2.576 0. 2.575 0.002 0. 0.002 11.353 0. 11.351 1.631 0. 1.631 0.051 0. 0.051 1.652 0. 1.651 1.465 0. 1.464 1.634 0. 1.634
3000 21.494 0. 21.49 0.021 0. 0.021 0.021 0. 0.021 0.02 0. 0.02 0.374 0. 0.374 0.029 0. 0.029 0.371 0. 0.371 0.063 0. 0.063 2.336 0. 2.336 2.316 0. 2.316 2.585 0. 2.584 3.666 0. 3.664 0.002 0. 0.002 17.824 0. 17.822 2.439 0. 2.439 0.067 0. 0.067 2.533 0. 2.533 2.558 0. 2.558 2.453 0. 2.452