param-n abstract-regression-cubic-real abstract-regression-cubic-sys abstract-regression-cubic-user close-abstract-regression-cubic-real close-abstract-regression-cubic-sys close-abstract-regression-cubic-user fast-rewrite-regression-cubic-real fast-rewrite-regression-cubic-sys fast-rewrite-regression-cubic-user pose-build-and-refine-regression-cubic-real pose-build-and-refine-regression-cubic-sys pose-build-and-refine-regression-cubic-user refine-regression-quadratic-regression-linear-real refine-regression-quadratic-regression-linear-sys refine-regression-quadratic-regression-linear-user
1 0.001 0.001 0. 0. 0. 0. 0.001 0.001 0. 0.001 0.001 0. 0. 0. 0.
2 0.001 0.001 0. 0. 0. 0. 0.001 0.001 0. 0. 0. 0. 0. 0. 0.
3 0.001 0. 0.001 0. 0. 0. 0.001 0. 0.001 0.001 0. 0.001 0. 0. 0.
4 0.001 0. 0.001 0. 0. 0. 0.001 0. 0. 0.001 0. 0. 0. 0. 0.
5 0.001 0. 0.001 0. 0. 0. 0.001 0. 0.001 0.001 0. 0.001 0. 0. 0.
6 0.002 0. 0.001 0. 0. 0. 0.001 0. 0.001 0.001 0. 0.001 0. 0. 0.
7 0.002 0.002 0. 0. 0. 0. 0.001 0.001 0. 0.001 0.001 0. 0. 0. 0.
8 0.002 0. 0.002 0. 0. 0. 0.001 0. 0.001 0.001 0. 0.001 0. 0. 0.
9 0.002 0.002 0. 0. 0. 0. 0.002 0.002 0. 0.002 0.002 0. 0. 0. 0.
10 0.003 0. 0.002 0. 0. 0. 0.002 0. 0.002 0.002 0. 0.002 0. 0. 0.
11 0.003 0. 0.003 0. 0. 0. 0.002 0. 0.002 0.002 0. 0.002 0. 0. 0.
12 0.003 0.003 0. 0.001 0.001 0. 0.002 0.002 0. 0.002 0.002 0. 0. 0. 0.
13 0.06 0.02 0.04 0. 0. 0. 0.001 0. 0.001 0.001 0. 0.001 0. 0. 0.
14 0.002 0. 0.002 0. 0. 0. 0.001 0. 0.001 0.001 0. 0.001 0. 0. 0.
15 0.003 0. 0.003 0. 0. 0. 0.002 0. 0.002 0.002 0. 0.002 0. 0. 0.
16 0.003 0. 0.003 0. 0. 0. 0.002 0. 0.002 0.002 0. 0.002 0. 0. 0.
17 0.003 0. 0.003 0. 0. 0. 0.002 0. 0.002 0.002 0. 0.002 0. 0. 0.
18 0.003 0. 0.003 0.001 0. 0.001 0.002 0. 0.002 0.002 0. 0.002 0. 0. 0.
19 0.003 0. 0.003 0. 0. 0. 0.002 0. 0.002 0.002 0. 0.002 0. 0. 0.
20 0.003 0. 0.003 0.001 0. 0.001 0.002 0. 0.002 0.002 0. 0.002 0. 0. 0.
21 0.004 0. 0.004 0.001 0. 0.001 0.002 0. 0.002 0.002 0. 0.002 0. 0. 0.
22 0.004 0. 0.004 0.001 0. 0.001 0.003 0. 0.003 0.003 0. 0.003 0. 0. 0.
23 0.004 0. 0.004 0.001 0. 0.001 0.003 0. 0.003 0.003 0. 0.003 0. 0. 0.
24 0.004 0. 0.004 0.001 0. 0.001 0.003 0. 0.003 0.003 0. 0.003 0. 0. 0.
25 0.004 0. 0.004 0.001 0. 0.001 0.003 0. 0.003 0.003 0. 0.003 0. 0. 0.
26 0.005 0. 0.005 0.001 0. 0.001 0.003 0. 0.003 0.003 0. 0.003 0. 0. 0.
27 0.008 0. 0.008 0.001 0. 0.001 0.006 0. 0.006 0.006 0. 0.006 0.003 0. 0.003
28 0.005 0. 0.005 0.001 0. 0.001 0.003 0. 0.003 0.003 0. 0.003 0. 0. 0.
29 0.006 0.001 0.004 0.001 0.001 0. 0.004 0. 0.004 0.004 0. 0.004 0. 0. 0.
30 0.006 0.001 0.004 0.001 0. 0.001 0.003 0. 0.003 0.003 0. 0.003 0. 0. 0.
31 0.006 0. 0.006 0.001 0. 0.001 0.004 0. 0.004 0.004 0. 0.004 0. 0. 0.
32 0.006 0. 0.006 0.002 0. 0.002 0.004 0. 0.004 0.004 0. 0.004 0. 0. 0.
33 0.007 0. 0.007 0.002 0. 0.002 0.004 0. 0.004 0.004 0. 0.004 0. 0. 0.
34 0.007 0. 0.007 0.002 0. 0.002 0.004 0. 0.004 0.004 0. 0.004 0. 0. 0.
35 0.007 0. 0.007 0.002 0. 0.002 0.004 0. 0.004 0.004 0. 0.004 0. 0. 0.
36 0.007 0. 0.007 0.002 0. 0.002 0.005 0. 0.005 0.005 0. 0.005 0. 0. 0.
37 0.012 0. 0.012 0.002 0. 0.002 0.005 0. 0.005 0.005 0. 0.005 0. 0. 0.
38 0.007 0. 0.007 0.002 0. 0.002 0.005 0. 0.005 0.005 0. 0.005 0. 0. 0.
39 0.008 0. 0.008 0.002 0. 0.002 0.005 0. 0.005 0.005 0. 0.005 0. 0. 0.
40 0.009 0. 0.009 0.002 0. 0.002 0.006 0. 0.006 0.006 0. 0.006 0.001 0. 0.001
41 0.009 0. 0.002 0.002 0. 0. 0.006 0. 0.002 0.006 0. 0.002 0. 0. 0.
42 0.009 0.001 0.016 0.003 0. 0.003 0.006 0.001 0.012 0.006 0.001 0.012 0. 0. 0.
43 0.009 0. 0.009 0.003 0. 0.003 0.006 0. 0.006 0.006 0. 0.005 0. 0. 0.
44 0.011 0. 0.011 0.003 0. 0.003 0.008 0. 0.008 0.008 0. 0.008 0. 0. 0.
45 0.01 0. 0.01 0.003 0. 0.003 0.006 0. 0.006 0.006 0. 0.006 0. 0. 0.
46 0.01 0. 0.01 0.003 0. 0.003 0.007 0. 0.007 0.007 0. 0.007 0. 0. 0.
47 0.01 0. 0.01 0.003 0. 0.003 0.006 0. 0.006 0.006 0. 0.006 0. 0. 0.
48 0.01 0. 0.01 0.003 0. 0.003 0.006 0. 0.006 0.006 0. 0.006 0. 0. 0.
49 0.01 0. 0.01 0.003 0. 0.003 0.006 0. 0.006 0.006 0. 0.006 0. 0. 0.
50 0.016 0.008 0.008 0.005 0. 0.005 0.01 0.007 0.002 0.01 0.007 0.002 0.001 0. 0.
51 0.017 0. 0.017 0.009 0. 0.009 0.007 0. 0.007 0.007 0. 0.007 0. 0. 0.
52 0.012 0. 0.012 0.004 0. 0.004 0.007 0. 0.007 0.007 0. 0.007 0. 0. 0.
53 0.012 0. 0.012 0.004 0. 0.004 0.007 0. 0.007 0.007 0. 0.007 0. 0. 0.
54 0.013 0. 0.013 0.004 0. 0.004 0.008 0. 0.008 0.008 0. 0.008 0. 0. 0.
55 0.013 0. 0.013 0.004 0. 0.004 0.007 0. 0.007 0.007 0. 0.007 0. 0. 0.
56 0.013 0. 0.013 0.005 0. 0.005 0.008 0. 0.008 0.008 0. 0.008 0. 0. 0.
57 0.016 0. 0.016 0.004 0. 0.004 0.011 0. 0.011 0.01 0. 0.01 0. 0. 0.
58 0.014 0. 0.014 0.005 0. 0.005 0.008 0. 0.008 0.008 0. 0.008 0. 0. 0.
59 0.014 0. 0.014 0.005 0. 0.005 0.008 0. 0.008 0.008 0. 0.008 0. 0. 0.
60 0.014 0. 0.014 0.005 0. 0.005 0.008 0. 0.008 0.008 0. 0.008 0. 0. 0.
61 0.015 0. 0.015 0.005 0. 0.005 0.009 0. 0.009 0.009 0. 0.009 0. 0. 0.
62 0.018 0. 0.018 0.005 0. 0.005 0.012 0. 0.012 0.012 0. 0.012 0. 0. 0.
63 0.016 0. 0.016 0.006 0. 0.006 0.009 0. 0.009 0.009 0. 0.009 0. 0. 0.
64 0.017 0. 0.017 0.006 0. 0.006 0.009 0. 0.01 0.009 0. 0.009 0. 0. 0.
65 0.017 0. 0.018 0.006 0. 0.006 0.01 0. 0.01 0.01 0. 0.01 0. 0. 0.
66 0.019 0. 0.019 0.006 0. 0.006 0.012 0. 0.012 0.012 0. 0.012 0. 0. 0.
67 0.019 0. 0.019 0.007 0. 0.007 0.011 0. 0.011 0.011 0. 0.011 0. 0. 0.
68 0.018 0. 0.018 0.007 0. 0.007 0.01 0. 0.01 0.01 0. 0.01 0. 0. 0.
69 0.02 0. 0.02 0.008 0. 0.008 0.01 0. 0.01 0.01 0. 0.01 0. 0. 0.
70 0.026 0. 0.026 0.012 0. 0.012 0.013 0. 0.013 0.013 0. 0.013 0. 0. 0.
71 0.019 0.002 0.016 0.007 0.002 0.005 0.011 0. 0.01 0.011 0. 0.01 0. 0. 0.
72 0.019 0. 0.019 0.008 0. 0.008 0.011 0. 0.01 0.011 0. 0.01 0. 0. 0.
73 0.025 0. 0.025 0.008 0. 0.008 0.016 0. 0.016 0.016 0. 0.016 0.001 0. 0.006
74 0.023 0. 0.023 0.011 0. 0.011 0.011 0. 0.011 0.011 0. 0.011 0. 0. 0.
75 0.021 0. 0.021 0.008 0. 0.008 0.011 0. 0.011 0.011 0. 0.011 0. 0. 0.
76 0.021 0. 0.021 0.009 0. 0.009 0.011 0. 0.011 0.011 0. 0.011 0. 0. 0.
77 0.022 0. 0.022 0.009 0. 0.009 0.012 0. 0.012 0.012 0. 0.012 0. 0. 0.
78 0.025 0. 0.025 0.009 0. 0.009 0.015 0. 0.015 0.015 0. 0.015 0. 0. 0.
79 0.023 0. 0.023 0.009 0. 0.009 0.012 0. 0.012 0.012 0. 0.012 0.001 0. 0.001
80 0.023 0. 0.023 0.01 0. 0.01 0.012 0. 0.012 0.012 0. 0.012 0. 0. 0.
81 0.026 0. 0.026 0.011 0. 0.011 0.013 0. 0.013 0.013 0. 0.013 0.001 0. 0.001
82 0.024 0. 0.024 0.01 0. 0.01 0.012 0. 0.012 0.012 0. 0.012 0. 0. 0.
83 0.024 0. 0.024 0.01 0. 0.01 0.012 0. 0.012 0.012 0. 0.012 0. 0. 0.
84 0.025 0. 0.025 0.01 0. 0.01 0.013 0. 0.013 0.013 0. 0.013 0. 0. 0.
85 0.027 0. 0.027 0.011 0. 0.011 0.015 0. 0.015 0.015 0. 0.015 0.001 0. 0.001
86 0.025 0. 0.025 0.011 0. 0.011 0.013 0. 0.013 0.013 0. 0.013 0. 0. 0.
87 0.026 0. 0.026 0.011 0. 0.011 0.013 0. 0.013 0.013 0. 0.013 0.001 0. 0.001
88 0.029 0. 0.029 0.011 0. 0.011 0.016 0. 0.016 0.016 0. 0.016 0. 0. 0.
89 0.027 0. 0.027 0.012 0. 0.012 0.014 0. 0.014 0.014 0. 0.014 0.001 0. 0.001
90 0.028 0. 0.028 0.013 0. 0.013 0.014 0. 0.014 0.014 0. 0.014 0.001 0. 0.001
91 0.033 0. 0.033 0.013 0. 0.013 0.019 0. 0.019 0.019 0. 0.019 0.001 0. 0.001
92 0.029 0. 0.029 0.013 0. 0.013 0.015 0. 0.015 0.015 0. 0.015 0.001 0. 0.001
93 0.029 0. 0.029 0.013 0. 0.013 0.015 0. 0.015 0.015 0. 0.015 0.001 0. 0.001
94 0.033 0. 0.033 0.014 0. 0.014 0.018 0. 0.018 0.018 0. 0.018 0.001 0. 0.001
95 0.031 0. 0.031 0.014 0. 0.014 0.016 0. 0.016 0.016 0. 0.016 0.001 0. 0.001
96 0.031 0. 0.031 0.014 0. 0.014 0.015 0. 0.015 0.015 0. 0.015 0.001 0. 0.001
97 0.036 0. 0.036 0.014 0. 0.014 0.02 0. 0.02 0.02 0. 0.02 0.001 0. 0.001
98 0.033 0. 0.033 0.015 0. 0.015 0.017 0. 0.017 0.017 0. 0.017 0.001 0. 0.001
99 0.032 0. 0.032 0.014 0. 0.014 0.016 0. 0.016 0.016 0. 0.016 0.001 0. 0.001
100 0.092 0.011 0.081 0.069 0.007 0.061 0.023 0.003 0.019 0.023 0.003 0.019 0.001 0. 0.001
110 0.038 0. 0.038 0.019 0. 0.019 0.018 0. 0.018 0.018 0. 0.018 0.001 0. 0.001
120 0.044 0. 0.044 0.023 0. 0.023 0.02 0. 0.02 0.019 0. 0.019 0.001 0. 0.001
130 0.055 0. 0.055 0.029 0. 0.029 0.025 0. 0.025 0.025 0. 0.025 0.001 0. 0.001
140 0.06 0. 0.06 0.035 0. 0.035 0.024 0. 0.024 0.024 0. 0.024 0.001 0. 0.001
150 0.067 0. 0.067 0.04 0. 0.04 0.027 0. 0.027 0.027 0. 0.027 0.001 0. 0.001
160 0.083 0. 0.083 0.049 0. 0.049 0.033 0. 0.033 0.033 0. 0.033 0.002 0. 0.002
170 0.093 0. 0.093 0.056 0. 0.056 0.036 0. 0.036 0.036 0. 0.036 0.002 0. 0.002
180 0.106 0. 0.106 0.069 0. 0.069 0.035 0. 0.035 0.035 0. 0.035 0.002 0. 0.002
190 0.112 0.001 0.11 0.073 0. 0.073 0.037 0. 0.037 0.037 0. 0.037 0.002 0. 0.002
200 0.133 0. 0.132 0.086 0. 0.086 0.046 0. 0.046 0.046 0. 0.046 0.002 0. 0.002
210 0.144 0. 0.144 0.098 0. 0.098 0.043 0. 0.043 0.043 0. 0.043 0.002 0. 0.002
220 0.159 0. 0.159 0.111 0. 0.11 0.047 0. 0.047 0.047 0. 0.047 0.002 0. 0.002
230 0.188 0. 0.188 0.125 0. 0.127 0.059 0. 0.057 0.059 0. 0.057 0.004 0. 0.003
240 0.196 0. 0.196 0.14 0. 0.14 0.055 0. 0.055 0.055 0. 0.055 0.003 0. 0.003
250 0.232 0. 0.232 0.162 0. 0.162 0.07 0. 0.07 0.07 0. 0.07 0.003 0. 0.003
260 0.248 0.003 0.244 0.173 0. 0.173 0.074 0.003 0.07 0.074 0.003 0.07 0.002 0. 0.002
270 0.288 0. 0.288 0.194 0. 0.194 0.093 0. 0.093 0.093 0. 0.093 0.003 0. 0.003
280 0.288 0. 0.288 0.215 0. 0.215 0.072 0. 0.072 0.072 0. 0.072 0.003 0. 0.003
290 0.318 0.003 0.314 0.236 0. 0.235 0.081 0.003 0.077 0.081 0.003 0.077 0.003 0. 0.003
300 0.343 0. 0.343 0.264 0. 0.264 0.078 0. 0.078 0.078 0. 0.078 0.003 0. 0.003
310 0.408 0. 0.407 0.284 0. 0.284 0.1 0. 0.1 0.1 0. 0.1 0.022 0. 0.022
320 0.454 0. 0.454 0.335 0. 0.335 0.118 0. 0.117 0.118 0. 0.117 0.003 0. 0.003
330 0.459 0. 0.459 0.37 0. 0.37 0.088 0. 0.088 0.088 0. 0.088 0.003 0. 0.003
340 0.512 0.011 0.5 0.404 0.011 0.392 0.107 0. 0.107 0.107 0. 0.106 0.004 0. 0.004
350 0.533 0.002 0.526 0.425 0. 0.42 0.108 0.002 0.105 0.108 0.002 0.105 0.004 0. 0.004
360 0.587 0.003 0.583 0.467 0.003 0.463 0.118 0. 0.118 0.118 0. 0.118 0.004 0. 0.004
370 0.625 0. 0.625 0.494 0. 0.494 0.129 0. 0.129 0.129 0. 0.129 0.004 0. 0.004
380 0.647 0. 0.647 0.516 0. 0.516 0.129 0. 0.129 0.129 0. 0.129 0.015 0. 0.015
390 0.706 0.015 0.69 0.583 0.015 0.567 0.122 0. 0.122 0.122 0. 0.122 0.004 0. 0.004
400 0.74 0. 0.739 0.606 0. 0.606 0.133 0. 0.133 0.133 0. 0.133 0.004 0. 0.004
500 1.442 0. 1.442 1.156 0. 1.156 0.284 0. 0.284 0.284 0. 0.284 0.005 0. 0.005
600 2.31 0.007 2.301 2.027 0. 2.027 0.281 0.007 0.273 0.281 0.007 0.273 0.007 0. 0.007
700 3.626 0. 3.625 3.16 0. 3.16 0.464 0. 0.464 0.464 0. 0.464 0.008 0. 0.008
800 5.196 0.016 5.178 4.687 0.004 4.682 0.507 0.012 0.494 0.507 0.012 0.494 0.009 0. 0.009
900 7.204 0.012 7.191 6.529 0. 6.528 0.673 0.012 0.661 0.673 0.012 0.661 0.01 0. 0.01
1000 9.583 0.027 9.554 8.81 0.023 8.784 0.772 0.003 0.768 0.772 0.003 0.768 0.013 0. 0.013