param-n,abstract-regression-cubic-real,abstract-regression-cubic-sys,abstract-regression-cubic-user,close-abstract-regression-cubic-real,close-abstract-regression-cubic-sys,close-abstract-regression-cubic-user,fast-rewrite-regression-cubic-real,fast-rewrite-regression-cubic-sys,fast-rewrite-regression-cubic-user,pose-build-and-refine-regression-cubic-real,pose-build-and-refine-regression-cubic-sys,pose-build-and-refine-regression-cubic-user,refine-regression-quadratic-regression-linear-real,refine-regression-quadratic-regression-linear-sys,refine-regression-quadratic-regression-linear-user
1,0.,0.,0.,0.,0.,0.,0.,0.,0.,0.,0.,0.,0.,0.,0.
2,0.,0.,0.,0.,0.,0.,0.,0.,0.,0.,0.,0.,0.,0.,0.
3,0.,0.,0.,0.,0.,0.,0.,0.,0.,0.,0.,0.,0.,0.,0.
4,0.,0.,0.,0.,0.,0.,0.,0.,0.,0.,0.,0.,0.,0.,0.
5,0.,0.,0.,0.,0.,0.,0.,0.,0.,0.,0.,0.,0.,0.,0.
6,0.,0.,0.,0.,0.,0.,0.,0.,0.,0.,0.,0.,0.,0.,0.
7,0.,0.,0.,0.,0.,0.,0.,0.,0.,0.,0.,0.,0.,0.,0.
8,0.001,0.,0.001,0.,0.,0.,0.,0.,0.,0.,0.,0.,0.,0.,0.
9,0.001,0.,0.001,0.,0.,0.,0.,0.,0.,0.,0.,0.,0.,0.,0.
10,0.001,0.,0.001,0.,0.,0.,0.,0.,0.,0.,0.,0.,0.,0.,0.
11,0.001,0.,0.001,0.,0.,0.,0.001,0.,0.001,0.001,0.,0.001,0.,0.,0.
12,0.001,0.,0.001,0.,0.,0.,0.001,0.,0.001,0.001,0.,0.001,0.,0.,0.
13,0.001,0.,0.001,0.,0.,0.,0.001,0.,0.001,0.001,0.,0.001,0.,0.,0.
14,0.001,0.,0.001,0.,0.,0.,0.001,0.,0.001,0.001,0.,0.001,0.,0.,0.
15,0.001,0.,0.001,0.,0.,0.,0.001,0.,0.001,0.001,0.,0.001,0.,0.,0.
16,0.001,0.,0.001,0.,0.,0.,0.001,0.,0.001,0.001,0.,0.001,0.,0.,0.
17,0.002,0.,0.002,0.,0.,0.,0.001,0.,0.001,0.001,0.,0.001,0.,0.,0.
18,0.002,0.,0.002,0.,0.,0.,0.001,0.,0.001,0.001,0.,0.001,0.,0.,0.
19,0.002,0.002,0.,0.,0.,0.,0.001,0.001,0.,0.001,0.001,0.,0.,0.,0.
20,0.002,0.001,0.001,0.,0.,0.,0.001,0.,0.,0.001,0.,0.,0.,0.,0.
21,0.036,0.011,0.025,0.,0.,0.,0.036,0.011,0.025,0.036,0.011,0.025,0.,0.,0.
22,0.002,0.,0.001,0.,0.,0.,0.001,0.,0.001,0.001,0.,0.001,0.,0.,0.
23,0.002,0.,0.002,0.,0.,0.,0.001,0.,0.001,0.001,0.,0.001,0.,0.,0.
24,0.002,0.,0.002,0.,0.,0.,0.001,0.,0.001,0.001,0.,0.001,0.,0.,0.
25,0.002,0.,0.002,0.,0.,0.,0.001,0.,0.001,0.001,0.,0.001,0.,0.,0.
26,0.002,0.,0.002,0.,0.,0.,0.001,0.,0.001,0.001,0.,0.001,0.,0.,0.
27,0.002,0.,0.002,0.,0.,0.,0.001,0.,0.001,0.001,0.,0.001,0.,0.,0.
28,0.002,0.,0.002,0.,0.,0.,0.001,0.,0.001,0.001,0.,0.001,0.,0.,0.
29,0.002,0.,0.002,0.,0.,0.,0.001,0.,0.001,0.001,0.,0.001,0.,0.,0.
30,0.002,0.,0.002,0.,0.,0.,0.002,0.,0.002,0.002,0.,0.002,0.,0.,0.
31,0.003,0.,0.003,0.,0.,0.,0.002,0.,0.002,0.002,0.,0.002,0.,0.,0.
32,0.003,0.,0.003,0.,0.,0.,0.002,0.,0.002,0.002,0.,0.002,0.,0.,0.
33,0.017,0.,0.017,0.,0.,0.,0.016,0.,0.016,0.016,0.,0.016,0.,0.,0.
34,0.003,0.,0.003,0.,0.,0.,0.002,0.,0.002,0.002,0.,0.002,0.,0.,0.
35,0.003,0.,0.003,0.,0.,0.,0.002,0.,0.002,0.002,0.,0.002,0.,0.,0.
36,0.003,0.,0.003,0.,0.,0.,0.002,0.,0.002,0.002,0.,0.002,0.,0.,0.
37,0.003,0.,0.003,0.,0.,0.,0.002,0.,0.002,0.002,0.,0.002,0.,0.,0.
38,0.003,0.,0.003,0.001,0.,0.001,0.002,0.,0.002,0.002,0.,0.002,0.,0.,0.
39,0.003,0.,0.003,0.001,0.,0.001,0.002,0.,0.002,0.002,0.,0.002,0.,0.,0.
40,0.004,0.,0.004,0.001,0.,0.001,0.002,0.,0.002,0.002,0.,0.002,0.,0.,0.
41,0.004,0.,0.004,0.001,0.,0.001,0.002,0.,0.002,0.002,0.,0.002,0.,0.,0.
42,0.005,0.,0.005,0.001,0.,0.001,0.003,0.,0.003,0.003,0.,0.003,0.,0.,0.
43,0.004,0.,0.004,0.001,0.,0.001,0.002,0.,0.002,0.002,0.,0.002,0.,0.,0.
44,0.004,0.,0.004,0.001,0.,0.001,0.003,0.,0.003,0.002,0.,0.002,0.,0.,0.
45,0.004,0.,0.004,0.001,0.,0.001,0.003,0.,0.003,0.003,0.,0.003,0.,0.,0.
46,0.004,0.,0.004,0.001,0.,0.001,0.003,0.,0.003,0.003,0.,0.003,0.,0.,0.
47,0.005,0.,0.005,0.001,0.,0.001,0.003,0.,0.003,0.003,0.,0.003,0.,0.,0.
48,0.005,0.,0.005,0.001,0.,0.001,0.003,0.,0.003,0.003,0.,0.003,0.,0.,0.
49,0.005,0.,0.005,0.001,0.,0.001,0.003,0.,0.003,0.003,0.,0.003,0.,0.,0.
50,0.006,0.,0.006,0.002,0.,0.001,0.004,0.,0.004,0.004,0.,0.004,0.,0.,0.
51,0.005,0.,0.005,0.001,0.,0.001,0.003,0.,0.003,0.003,0.,0.003,0.,0.,0.
52,0.005,0.,0.005,0.001,0.,0.001,0.003,0.,0.003,0.003,0.,0.003,0.,0.,0.
53,0.005,0.,0.005,0.001,0.,0.001,0.003,0.,0.003,0.003,0.,0.003,0.,0.,0.
54,0.006,0.,0.006,0.001,0.,0.001,0.003,0.,0.003,0.003,0.,0.003,0.,0.,0.
55,0.006,0.,0.006,0.002,0.,0.002,0.003,0.,0.003,0.003,0.,0.003,0.,0.,0.
56,0.007,0.,0.007,0.002,0.,0.002,0.004,0.,0.004,0.004,0.,0.004,0.,0.,0.
57,0.006,0.,0.006,0.002,0.,0.002,0.004,0.,0.004,0.004,0.,0.004,0.,0.,0.
58,0.006,0.,0.006,0.002,0.,0.002,0.004,0.,0.004,0.004,0.,0.004,0.,0.,0.
59,0.007,0.,0.007,0.002,0.,0.002,0.004,0.,0.004,0.004,0.,0.004,0.,0.,0.
60,0.007,0.,0.007,0.002,0.,0.002,0.004,0.,0.004,0.004,0.,0.004,0.,0.,0.
61,0.011,0.,0.011,0.002,0.,0.002,0.008,0.,0.008,0.008,0.,0.008,0.004,0.,0.004
62,0.007,0.,0.007,0.002,0.,0.002,0.004,0.,0.004,0.004,0.,0.004,0.,0.,0.
63,0.007,0.,0.007,0.002,0.,0.002,0.004,0.,0.004,0.004,0.,0.004,0.,0.,0.
64,0.007,0.,0.007,0.002,0.,0.002,0.004,0.,0.004,0.004,0.,0.004,0.,0.,0.
65,0.008,0.,0.008,0.002,0.,0.002,0.004,0.,0.004,0.004,0.,0.004,0.,0.,0.
66,0.009,0.,0.009,0.002,0.,0.002,0.006,0.,0.006,0.006,0.,0.006,0.,0.,0.
67,0.008,0.,0.008,0.003,0.,0.003,0.004,0.,0.004,0.004,0.,0.004,0.,0.,0.
68,0.008,0.,0.008,0.003,0.,0.003,0.005,0.,0.005,0.005,0.,0.005,0.,0.,0.
69,0.009,0.,0.009,0.003,0.,0.003,0.005,0.,0.005,0.005,0.,0.005,0.,0.,0.
70,0.009,0.,0.009,0.003,0.,0.003,0.005,0.,0.005,0.005,0.,0.005,0.,0.,0.
71,0.015,0.,0.015,0.003,0.,0.003,0.011,0.,0.011,0.011,0.,0.011,0.,0.,0.
72,0.009,0.,0.009,0.003,0.,0.003,0.005,0.,0.005,0.005,0.,0.005,0.,0.,0.
73,0.009,0.,0.009,0.003,0.,0.003,0.005,0.,0.005,0.005,0.,0.005,0.,0.,0.
74,0.01,0.,0.01,0.003,0.,0.003,0.005,0.,0.005,0.005,0.,0.005,0.,0.,0.
75,0.01,0.,0.01,0.004,0.,0.004,0.005,0.,0.005,0.005,0.,0.005,0.,0.,0.
76,0.01,0.,0.01,0.004,0.,0.004,0.005,0.,0.005,0.005,0.,0.005,0.,0.,0.
77,0.01,0.,0.01,0.004,0.,0.004,0.006,0.,0.006,0.006,0.,0.006,0.,0.,0.
78,0.01,0.,0.01,0.004,0.,0.004,0.006,0.,0.006,0.006,0.,0.006,0.,0.,0.
79,0.012,0.,0.012,0.004,0.,0.004,0.007,0.,0.007,0.007,0.,0.007,0.,0.,0.
80,0.011,0.,0.011,0.004,0.,0.004,0.006,0.,0.006,0.006,0.,0.006,0.,0.,0.
81,0.011,0.,0.011,0.004,0.,0.004,0.006,0.,0.006,0.006,0.,0.006,0.,0.,0.
82,0.012,0.,0.012,0.004,0.,0.004,0.006,0.,0.006,0.006,0.,0.006,0.,0.,0.
83,0.063,0.,0.063,0.005,0.,0.005,0.057,0.,0.057,0.057,0.,0.057,0.,0.,0.
84,0.012,0.,0.012,0.005,0.,0.005,0.006,0.,0.006,0.006,0.,0.006,0.,0.,0.
85,0.012,0.,0.012,0.005,0.,0.005,0.006,0.,0.006,0.006,0.,0.006,0.,0.,0.
86,0.013,0.,0.013,0.005,0.,0.005,0.006,0.,0.006,0.006,0.,0.006,0.,0.,0.
87,0.012,0.,0.012,0.005,0.,0.005,0.006,0.,0.006,0.006,0.,0.006,0.,0.,0.
88,0.013,0.,0.013,0.005,0.,0.005,0.007,0.,0.007,0.007,0.,0.007,0.,0.,0.
89,0.013,0.,0.013,0.005,0.,0.005,0.007,0.,0.007,0.007,0.,0.007,0.,0.,0.
90,0.04,0.,0.04,0.006,0.,0.006,0.034,0.,0.034,0.034,0.,0.034,0.,0.,0.
91,0.013,0.,0.013,0.006,0.,0.006,0.007,0.,0.007,0.007,0.,0.007,0.,0.,0.
92,0.014,0.,0.014,0.006,0.,0.006,0.007,0.,0.007,0.007,0.,0.007,0.,0.,0.
93,0.016,0.,0.016,0.006,0.,0.006,0.009,0.,0.009,0.009,0.,0.009,0.,0.,0.
94,0.014,0.,0.014,0.006,0.,0.006,0.007,0.,0.007,0.007,0.,0.007,0.,0.,0.
95,0.014,0.,0.014,0.006,0.,0.006,0.007,0.,0.007,0.007,0.,0.007,0.,0.,0.
96,0.029,0.,0.029,0.021,0.,0.021,0.007,0.,0.007,0.007,0.,0.007,0.,0.,0.
97,0.015,0.,0.015,0.007,0.,0.007,0.007,0.,0.007,0.007,0.,0.007,0.,0.,0.
98,0.016,0.,0.016,0.007,0.,0.007,0.008,0.,0.008,0.008,0.,0.008,0.,0.,0.
99,0.017,0.,0.017,0.008,0.,0.008,0.008,0.,0.008,0.008,0.,0.008,0.,0.,0.
100,0.019,0.004,0.015,0.008,0.,0.008,0.01,0.003,0.006,0.01,0.003,0.006,0.001,0.,0.
110,0.019,0.,0.019,0.009,0.,0.009,0.009,0.,0.009,0.009,0.,0.009,0.,0.,0.
120,0.023,0.,0.023,0.012,0.,0.012,0.01,0.,0.01,0.01,0.,0.01,0.,0.,0.
130,0.027,0.,0.027,0.014,0.,0.014,0.012,0.,0.012,0.012,0.,0.012,0.,0.,0.
140,0.03,0.,0.03,0.016,0.,0.016,0.013,0.,0.013,0.013,0.,0.013,0.001,0.,0.001
150,0.07,0.003,0.066,0.051,0.003,0.048,0.018,0.,0.018,0.018,0.,0.018,0.001,0.,0.001
160,0.041,0.,0.041,0.023,0.,0.023,0.017,0.,0.017,0.017,0.,0.017,0.001,0.,0.001
170,0.052,0.,0.052,0.034,0.,0.034,0.017,0.,0.017,0.017,0.,0.017,0.001,0.,0.001
180,0.053,0.,0.053,0.034,0.,0.034,0.018,0.,0.018,0.018,0.,0.018,0.001,0.,0.001
190,0.062,0.,0.062,0.039,0.,0.039,0.022,0.,0.022,0.022,0.,0.022,0.001,0.,0.001
200,0.067,0.,0.067,0.045,0.,0.045,0.022,0.,0.022,0.022,0.,0.022,0.001,0.,0.001
210,0.082,0.,0.082,0.047,0.,0.047,0.034,0.,0.034,0.034,0.,0.034,0.001,0.,0.001
220,0.085,0.,0.085,0.058,0.,0.058,0.026,0.,0.026,0.026,0.,0.026,0.001,0.,0.001
230,0.097,0.,0.097,0.068,0.,0.068,0.028,0.,0.028,0.028,0.,0.028,0.001,0.,0.001
240,0.163,0.003,0.159,0.132,0.003,0.129,0.029,0.,0.029,0.029,0.,0.029,0.001,0.,0.001
250,0.128,0.,0.128,0.083,0.,0.083,0.045,0.,0.045,0.045,0.,0.045,0.001,0.,0.001
260,0.131,0.,0.131,0.092,0.,0.092,0.038,0.,0.038,0.038,0.,0.038,0.006,0.,0.006
270,0.169,0.,0.168,0.103,0.,0.103,0.065,0.,0.065,0.065,0.,0.065,0.002,0.,0.002
280,0.156,0.,0.156,0.114,0.,0.114,0.041,0.,0.041,0.041,0.,0.041,0.002,0.,0.002
290,0.171,0.,0.171,0.13,0.,0.13,0.04,0.,0.04,0.04,0.,0.04,0.002,0.,0.002
300,0.181,0.,0.181,0.138,0.,0.138,0.043,0.,0.043,0.043,0.,0.043,0.002,0.,0.002
310,0.196,0.,0.196,0.151,0.,0.151,0.044,0.,0.044,0.044,0.,0.044,0.002,0.,0.002
320,0.22,0.003,0.216,0.171,0.,0.171,0.048,0.003,0.044,0.048,0.003,0.044,0.002,0.,0.002
330,0.235,0.,0.235,0.177,0.,0.177,0.056,0.,0.056,0.056,0.,0.056,0.002,0.,0.002
340,0.254,0.,0.254,0.196,0.,0.196,0.057,0.,0.057,0.057,0.,0.057,0.009,0.,0.009
350,0.259,0.,0.259,0.199,0.,0.199,0.059,0.,0.059,0.059,0.,0.059,0.002,0.,0.002
360,0.276,0.,0.276,0.215,0.,0.215,0.06,0.,0.06,0.06,0.,0.06,0.002,0.,0.002
370,0.317,0.,0.317,0.255,0.,0.255,0.061,0.,0.061,0.061,0.,0.061,0.002,0.,0.002
380,0.341,0.,0.341,0.274,0.,0.274,0.065,0.,0.065,0.065,0.,0.065,0.003,0.,0.003
390,0.362,0.,0.362,0.287,0.,0.287,0.074,0.,0.074,0.074,0.,0.074,0.003,0.,0.003
400,0.399,0.,0.399,0.324,0.,0.324,0.075,0.,0.075,0.075,0.,0.075,0.002,0.,0.002
500,0.722,0.003,0.718,0.599,0.003,0.595,0.122,0.,0.121,0.121,0.,0.121,0.004,0.,0.004
600,1.209,0.004,1.204,1.033,0.,1.032,0.174,0.004,0.17,0.174,0.004,0.17,0.004,0.,0.004
700,1.822,0.,1.822,1.574,0.,1.573,0.247,0.,0.247,0.247,0.,0.247,0.005,0.,0.005
800,2.427,0.011,2.415,2.171,0.011,2.159,0.255,0.,0.255,0.255,0.,0.255,0.006,0.,0.006
900,3.698,0.003,3.694,3.358,0.003,3.354,0.339,0.,0.339,0.339,0.,0.339,0.007,0.,0.007
1000,4.945,0.003,4.941,4.54,0.003,4.536,0.404,0.,0.403,0.403,0.,0.403,0.008,0.,0.008