param-n,abstract+autorewrite-regression-quadratic-real,abstract+autorewrite-regression-quadratic-sys,abstract+autorewrite-regression-quadratic-user,abstract+rewrite!-regression-quadratic-real,abstract+rewrite!-regression-quadratic-sys,abstract+rewrite!-regression-quadratic-user,autorewrite-noop-regression-linear-real,autorewrite-noop-regression-linear-sys,autorewrite-noop-regression-linear-user,autorewrite-regression-quadratic-real,autorewrite-regression-quadratic-sys,autorewrite-regression-quadratic-user,close-abstract+autorewrite-regression-quadratic-real,close-abstract+autorewrite-regression-quadratic-sys,close-abstract+autorewrite-regression-quadratic-user,close-abstract+rewrite!-regression-quadratic-real,close-abstract+rewrite!-regression-quadratic-sys,close-abstract+rewrite!-regression-quadratic-user,rewrite!-regression-quadratic-real,rewrite!-regression-quadratic-sys,rewrite!-regression-quadratic-user,rewrite?-noop-regression-linear-real,rewrite?-noop-regression-linear-sys,rewrite?-noop-regression-linear-user
1,0.,0.,0.,0.,0.,0.,0.,0.,0.,0.,0.,0.,0.,0.,0.,0.,0.,0.,0.,0.,0.,0.,0.,0.
2,0.,0.,0.,0.,0.,0.,0.,0.,0.,0.,0.,0.,0.,0.,0.,0.,0.,0.,0.,0.,0.,0.,0.,0.
3,0.001,0.,0.,0.,0.,0.,0.,0.,0.,0.,0.,0.,0.,0.,0.,0.,0.,0.,0.,0.,0.,0.,0.,0.
4,0.001,0.,0.,0.001,0.,0.001,0.,0.,0.,0.,0.,0.,0.,0.,0.,0.,0.,0.,0.,0.,0.,0.,0.,0.
5,0.001,0.,0.001,0.001,0.,0.001,0.,0.,0.,0.001,0.,0.,0.,0.,0.,0.,0.,0.,0.,0.,0.,0.,0.,0.
6,0.001,0.,0.001,0.001,0.,0.001,0.,0.,0.,0.001,0.,0.001,0.,0.,0.,0.,0.,0.,0.001,0.,0.001,0.,0.,0.
7,0.002,0.,0.002,0.001,0.,0.001,0.,0.,0.,0.001,0.,0.001,0.,0.,0.,0.,0.,0.,0.001,0.,0.001,0.,0.,0.
8,0.002,0.,0.002,0.002,0.,0.002,0.,0.,0.,0.001,0.,0.001,0.,0.,0.,0.,0.,0.,0.001,0.,0.001,0.,0.,0.
9,0.002,0.002,0.,0.002,0.,0.002,0.,0.,0.,0.001,0.001,0.,0.,0.,0.,0.,0.,0.,0.001,0.,0.001,0.,0.,0.
10,0.003,0.,0.002,0.002,0.,0.002,0.,0.,0.,0.002,0.,0.002,0.,0.,0.,0.,0.,0.,0.001,0.,0.001,0.,0.,0.
11,0.003,0.003,0.,0.003,0.003,0.,0.,0.,0.,0.002,0.002,0.,0.,0.,0.,0.,0.,0.,0.002,0.002,0.,0.,0.,0.
12,0.003,0.003,0.,0.003,0.,0.003,0.,0.,0.,0.002,0.002,0.,0.,0.,0.,0.,0.,0.,0.002,0.,0.002,0.,0.,0.
13,0.004,0.,0.004,0.003,0.,0.003,0.,0.,0.,0.003,0.,0.003,0.,0.,0.,0.,0.,0.,0.002,0.,0.002,0.,0.,0.
14,0.004,0.,0.004,0.004,0.003,0.,0.,0.,0.,0.003,0.,0.003,0.,0.,0.,0.,0.,0.,0.003,0.003,0.,0.,0.,0.
15,0.005,0.,0.005,0.004,0.,0.004,0.,0.,0.,0.003,0.,0.003,0.,0.,0.,0.,0.,0.,0.003,0.,0.003,0.,0.,0.
16,0.004,0.,0.004,0.04,0.007,0.032,0.,0.,0.,0.003,0.,0.003,0.,0.,0.,0.,0.,0.,0.039,0.007,0.031,0.,0.,0.
17,0.004,0.,0.004,0.004,0.,0.004,0.,0.,0.,0.003,0.,0.003,0.,0.,0.,0.,0.,0.,0.003,0.,0.003,0.,0.,0.
18,0.005,0.,0.005,0.005,0.,0.004,0.,0.,0.,0.003,0.,0.003,0.,0.,0.,0.,0.,0.,0.003,0.,0.003,0.,0.,0.
19,0.005,0.,0.005,0.005,0.,0.005,0.,0.,0.,0.004,0.,0.004,0.,0.,0.,0.,0.,0.,0.004,0.,0.004,0.,0.,0.
20,0.006,0.,0.006,0.005,0.,0.005,0.,0.,0.,0.004,0.,0.004,0.001,0.,0.001,0.001,0.,0.001,0.004,0.,0.004,0.,0.,0.
21,0.006,0.,0.006,0.006,0.,0.006,0.,0.,0.,0.004,0.,0.004,0.001,0.,0.001,0.001,0.,0.001,0.004,0.,0.004,0.,0.,0.
22,0.021,0.,0.021,0.021,0.,0.021,0.,0.,0.,0.02,0.,0.02,0.001,0.,0.001,0.001,0.,0.001,0.005,0.,0.005,0.014,0.,0.014
23,0.007,0.,0.007,0.007,0.,0.007,0.,0.,0.,0.005,0.,0.005,0.001,0.,0.001,0.001,0.,0.001,0.005,0.,0.005,0.,0.,0.
24,0.007,0.,0.008,0.007,0.,0.007,0.,0.,0.,0.006,0.,0.006,0.001,0.,0.001,0.001,0.,0.001,0.005,0.,0.005,0.,0.,0.
25,0.008,0.,0.008,0.008,0.,0.008,0.,0.,0.,0.006,0.,0.006,0.001,0.,0.001,0.001,0.,0.001,0.006,0.,0.006,0.,0.,0.
26,0.009,0.,0.009,0.008,0.,0.008,0.,0.,0.,0.007,0.,0.007,0.001,0.,0.001,0.001,0.,0.001,0.006,0.,0.006,0.,0.,0.
27,0.009,0.,0.009,0.009,0.,0.009,0.,0.,0.,0.007,0.,0.007,0.001,0.,0.001,0.001,0.,0.001,0.007,0.,0.007,0.,0.,0.
28,0.01,0.002,0.007,0.01,0.,0.01,0.,0.,0.,0.007,0.,0.007,0.001,0.001,0.,0.001,0.,0.001,0.007,0.,0.007,0.,0.,0.
29,0.01,0.001,0.009,0.01,0.002,0.008,0.,0.,0.,0.008,0.,0.007,0.002,0.,0.002,0.002,0.002,0.,0.007,0.,0.007,0.,0.,0.
30,0.011,0.,0.011,0.011,0.,0.01,0.,0.,0.,0.008,0.,0.008,0.002,0.,0.002,0.002,0.,0.002,0.008,0.,0.007,0.,0.,0.
31,0.012,0.,0.012,0.011,0.,0.011,0.,0.,0.,0.009,0.,0.009,0.002,0.,0.002,0.002,0.,0.002,0.008,0.,0.008,0.,0.,0.
32,0.013,0.,0.013,0.012,0.,0.012,0.,0.,0.,0.01,0.,0.01,0.002,0.,0.002,0.002,0.,0.002,0.009,0.,0.009,0.,0.,0.
33,0.013,0.,0.013,0.013,0.,0.013,0.,0.,0.,0.01,0.,0.01,0.002,0.,0.002,0.002,0.,0.002,0.01,0.,0.01,0.,0.,0.
34,0.014,0.,0.014,0.013,0.,0.013,0.,0.,0.,0.01,0.,0.01,0.002,0.,0.002,0.002,0.,0.002,0.01,0.,0.01,0.,0.,0.
35,0.018,0.,0.018,0.018,0.,0.018,0.,0.,0.,0.015,0.,0.014,0.002,0.,0.002,0.002,0.,0.002,0.015,0.,0.015,0.,0.,0.
36,0.015,0.,0.015,0.015,0.,0.015,0.,0.,0.,0.011,0.,0.011,0.003,0.,0.003,0.003,0.,0.003,0.011,0.,0.011,0.,0.,0.
37,0.016,0.,0.016,0.016,0.,0.016,0.,0.,0.,0.012,0.,0.012,0.003,0.,0.003,0.003,0.,0.003,0.011,0.,0.011,0.,0.,0.
38,0.017,0.,0.017,0.016,0.,0.016,0.,0.,0.,0.012,0.,0.012,0.003,0.,0.003,0.003,0.,0.003,0.012,0.,0.012,0.,0.,0.
39,0.023,0.,0.023,0.023,0.,0.023,0.,0.,0.,0.019,0.,0.019,0.003,0.,0.003,0.003,0.,0.003,0.013,0.,0.013,0.,0.,0.
40,0.018,0.,0.018,0.018,0.,0.018,0.,0.,0.,0.014,0.,0.014,0.003,0.,0.003,0.003,0.,0.003,0.013,0.,0.013,0.,0.,0.
41,0.019,0.,0.019,0.018,0.,0.018,0.,0.,0.,0.014,0.,0.014,0.003,0.,0.003,0.003,0.,0.003,0.014,0.,0.014,0.,0.,0.
42,0.02,0.,0.02,0.019,0.,0.019,0.,0.,0.,0.015,0.,0.015,0.004,0.,0.004,0.004,0.,0.004,0.015,0.,0.015,0.,0.,0.
43,0.02,0.,0.02,0.02,0.,0.02,0.,0.,0.,0.015,0.,0.015,0.004,0.,0.004,0.004,0.,0.004,0.016,0.,0.016,0.,0.,0.
44,0.077,0.,0.077,0.073,0.,0.073,0.,0.,0.,0.072,0.,0.072,0.004,0.,0.004,0.056,0.,0.056,0.016,0.,0.016,0.,0.,0.
45,0.023,0.,0.023,0.022,0.,0.022,0.,0.,0.,0.017,0.,0.017,0.005,0.,0.005,0.004,0.,0.004,0.016,0.,0.016,0.,0.,0.
46,0.023,0.,0.023,0.023,0.,0.023,0.,0.,0.,0.017,0.,0.017,0.004,0.,0.004,0.004,0.,0.004,0.017,0.,0.017,0.,0.,0.
47,0.053,0.,0.053,0.05,0.,0.05,0.,0.,0.,0.047,0.,0.047,0.004,0.,0.004,0.004,0.,0.004,0.045,0.,0.045,0.,0.,0.
48,0.026,0.,0.026,0.024,0.,0.024,0.,0.,0.,0.02,0.,0.02,0.004,0.,0.004,0.005,0.,0.005,0.018,0.,0.018,0.,0.,0.
49,0.04,0.,0.04,0.025,0.,0.025,0.,0.,0.,0.02,0.,0.02,0.019,0.,0.019,0.005,0.,0.005,0.019,0.,0.019,0.,0.,0.
50,0.035,0.007,0.027,0.035,0.003,0.031,0.,0.,0.,0.026,0.007,0.019,0.007,0.,0.007,0.007,0.,0.007,0.026,0.003,0.023,0.,0.,0.
51,0.028,0.,0.028,0.041,0.,0.041,0.,0.,0.,0.021,0.,0.021,0.005,0.,0.005,0.005,0.,0.005,0.035,0.,0.035,0.,0.,0.
52,0.029,0.,0.029,0.029,0.,0.029,0.,0.,0.,0.022,0.,0.022,0.005,0.,0.005,0.005,0.,0.005,0.022,0.,0.022,0.,0.,0.
53,0.03,0.,0.03,0.029,0.,0.029,0.,0.,0.,0.023,0.,0.023,0.006,0.,0.006,0.005,0.,0.005,0.022,0.,0.022,0.,0.,0.
54,0.031,0.,0.031,0.031,0.,0.031,0.,0.,0.,0.024,0.,0.024,0.006,0.,0.006,0.006,0.,0.006,0.024,0.,0.024,0.,0.,0.
55,0.036,0.,0.036,0.035,0.,0.035,0.,0.,0.,0.029,0.,0.029,0.006,0.,0.006,0.006,0.,0.006,0.028,0.,0.028,0.,0.,0.
56,0.033,0.,0.033,0.033,0.,0.033,0.,0.,0.,0.026,0.,0.026,0.006,0.,0.006,0.006,0.,0.006,0.025,0.,0.025,0.,0.,0.
57,0.039,0.,0.039,0.04,0.,0.04,0.,0.,0.,0.032,0.,0.032,0.006,0.,0.006,0.006,0.,0.006,0.032,0.,0.032,0.,0.,0.
58,0.035,0.,0.035,0.034,0.,0.034,0.,0.,0.,0.026,0.,0.026,0.007,0.,0.007,0.007,0.,0.007,0.026,0.,0.026,0.,0.,0.
59,0.036,0.,0.036,0.036,0.,0.036,0.,0.,0.,0.028,0.,0.028,0.007,0.,0.007,0.007,0.,0.007,0.028,0.,0.028,0.,0.,0.
60,0.09,0.,0.09,0.089,0.,0.089,0.,0.,0.,0.081,0.,0.081,0.007,0.,0.007,0.007,0.,0.007,0.08,0.,0.08,0.,0.,0.
61,0.067,0.,0.067,0.038,0.,0.038,0.,0.,0.,0.029,0.,0.029,0.037,0.,0.037,0.007,0.,0.007,0.029,0.,0.029,0.,0.,0.
62,0.04,0.,0.04,0.068,0.,0.068,0.,0.,0.,0.031,0.,0.031,0.007,0.,0.007,0.009,0.,0.009,0.057,0.,0.057,0.,0.,0.
63,0.055,0.,0.055,0.055,0.,0.055,0.,0.,0.,0.046,0.,0.046,0.008,0.,0.008,0.023,0.,0.023,0.031,0.,0.031,0.,0.,0.
64,0.042,0.,0.042,0.042,0.,0.042,0.,0.,0.,0.032,0.,0.032,0.008,0.,0.008,0.008,0.,0.008,0.033,0.,0.033,0.,0.,0.
65,0.043,0.,0.043,0.042,0.,0.042,0.,0.,0.,0.032,0.,0.032,0.009,0.,0.009,0.008,0.,0.008,0.032,0.,0.032,0.,0.,0.
66,0.044,0.,0.044,0.043,0.,0.043,0.,0.,0.,0.034,0.,0.034,0.009,0.,0.009,0.009,0.,0.009,0.033,0.,0.033,0.,0.,0.
67,0.046,0.,0.046,0.046,0.,0.046,0.,0.,0.,0.035,0.,0.035,0.009,0.,0.009,0.009,0.,0.009,0.036,0.,0.036,0.,0.,0.
68,0.048,0.,0.048,0.047,0.,0.047,0.,0.,0.,0.035,0.,0.035,0.011,0.,0.011,0.01,0.,0.01,0.036,0.,0.036,0.,0.,0.
69,0.048,0.,0.048,0.048,0.,0.048,0.,0.,0.,0.036,0.,0.036,0.01,0.,0.01,0.01,0.,0.01,0.036,0.,0.036,0.,0.,0.
70,0.048,0.,0.048,0.05,0.,0.05,0.,0.,0.,0.037,0.,0.037,0.01,0.,0.01,0.01,0.,0.01,0.038,0.,0.038,0.,0.,0.
71,0.051,0.,0.051,0.052,0.002,0.05,0.,0.,0.,0.039,0.,0.039,0.01,0.,0.01,0.01,0.,0.01,0.041,0.002,0.039,0.,0.,0.
72,0.054,0.,0.054,0.053,0.,0.053,0.,0.,0.,0.042,0.,0.042,0.01,0.,0.01,0.011,0.,0.011,0.04,0.,0.04,0.,0.,0.
73,0.054,0.002,0.051,0.053,0.,0.053,0.,0.,0.,0.04,0.002,0.038,0.012,0.,0.012,0.011,0.,0.011,0.04,0.,0.04,0.,0.,0.
74,0.053,0.,0.053,0.055,0.,0.055,0.,0.,0.,0.04,0.,0.04,0.011,0.,0.011,0.011,0.,0.011,0.042,0.,0.042,0.,0.,0.
75,0.055,0.,0.055,0.056,0.,0.056,0.,0.,0.,0.042,0.,0.042,0.011,0.,0.011,0.011,0.,0.011,0.043,0.,0.043,0.,0.,0.
76,0.058,0.003,0.054,0.058,0.,0.058,0.,0.,0.,0.045,0.003,0.041,0.012,0.,0.012,0.012,0.,0.012,0.045,0.,0.045,0.,0.,0.
77,0.059,0.,0.059,0.06,0.,0.06,0.,0.,0.,0.045,0.,0.045,0.012,0.,0.012,0.012,0.,0.012,0.047,0.,0.047,0.,0.,0.
78,0.061,0.,0.061,0.061,0.,0.061,0.,0.,0.,0.047,0.,0.047,0.012,0.,0.012,0.012,0.,0.012,0.048,0.,0.048,0.,0.,0.
79,0.063,0.,0.063,0.063,0.,0.063,0.,0.,0.,0.049,0.,0.049,0.012,0.,0.012,0.012,0.,0.012,0.049,0.,0.049,0.,0.,0.
80,0.064,0.,0.064,0.065,0.,0.065,0.,0.,0.,0.05,0.,0.05,0.013,0.,0.013,0.013,0.,0.013,0.05,0.,0.05,0.,0.,0.
81,0.065,0.003,0.061,0.072,0.,0.072,0.,0.,0.,0.051,0.003,0.047,0.013,0.,0.013,0.017,0.,0.017,0.053,0.,0.053,0.,0.,0.
82,0.066,0.,0.066,0.072,0.,0.072,0.,0.,0.,0.051,0.,0.051,0.013,0.,0.013,0.013,0.,0.013,0.057,0.,0.057,0.,0.,0.
83,0.068,0.,0.068,0.07,0.,0.07,0.,0.,0.,0.053,0.,0.053,0.013,0.,0.013,0.013,0.,0.013,0.055,0.,0.055,0.,0.,0.
84,0.071,0.,0.071,0.071,0.,0.071,0.,0.,0.,0.055,0.,0.055,0.014,0.,0.014,0.014,0.,0.014,0.055,0.,0.055,0.,0.,0.
85,0.072,0.,0.072,0.073,0.,0.073,0.,0.,0.,0.056,0.,0.056,0.015,0.,0.015,0.015,0.,0.015,0.057,0.,0.057,0.,0.,0.
86,0.073,0.,0.073,0.075,0.,0.075,0.,0.,0.,0.056,0.,0.056,0.015,0.,0.015,0.015,0.,0.015,0.058,0.,0.058,0.,0.,0.
87,0.074,0.,0.074,0.075,0.,0.075,0.,0.,0.,0.057,0.,0.057,0.015,0.,0.015,0.016,0.,0.016,0.058,0.,0.058,0.,0.,0.
88,0.075,0.,0.075,0.076,0.,0.076,0.,0.,0.,0.058,0.,0.058,0.015,0.,0.015,0.016,0.,0.016,0.058,0.,0.058,0.,0.,0.
89,0.077,0.,0.077,0.077,0.,0.077,0.,0.,0.,0.058,0.,0.058,0.017,0.,0.017,0.017,0.,0.017,0.058,0.,0.058,0.,0.,0.
90,0.08,0.,0.08,0.081,0.,0.081,0.,0.,0.,0.063,0.,0.063,0.016,0.,0.016,0.016,0.,0.016,0.063,0.,0.063,0.,0.,0.
91,0.082,0.,0.082,0.082,0.,0.082,0.,0.,0.,0.063,0.,0.063,0.017,0.,0.017,0.018,0.,0.018,0.061,0.,0.061,0.,0.,0.
92,0.082,0.,0.082,0.089,0.,0.089,0.,0.,0.,0.064,0.,0.064,0.016,0.,0.016,0.017,0.,0.017,0.07,0.,0.07,0.,0.,0.
93,0.097,0.,0.097,0.093,0.,0.093,0.,0.,0.,0.075,0.,0.075,0.021,0.,0.021,0.02,0.,0.02,0.071,0.,0.071,0.,0.,0.
94,0.087,0.,0.087,0.088,0.,0.088,0.,0.,0.,0.068,0.,0.068,0.017,0.,0.017,0.018,0.,0.018,0.068,0.,0.068,0.,0.,0.
95,0.087,0.,0.087,0.089,0.,0.089,0.,0.,0.,0.066,0.,0.066,0.019,0.,0.019,0.02,0.,0.02,0.066,0.,0.066,0.,0.,0.
96,0.094,0.,0.094,0.099,0.003,0.095,0.,0.,0.,0.071,0.,0.071,0.021,0.,0.021,0.021,0.,0.021,0.076,0.003,0.072,0.,0.,0.
97,0.094,0.,0.094,0.094,0.,0.094,0.,0.,0.,0.071,0.,0.071,0.02,0.,0.02,0.02,0.,0.02,0.072,0.,0.072,0.,0.,0.
98,0.096,0.,0.096,0.099,0.,0.099,0.,0.,0.,0.075,0.,0.075,0.019,0.,0.019,0.022,0.,0.022,0.075,0.,0.075,0.,0.,0.
99,0.103,0.,0.103,0.097,0.,0.097,0.,0.,0.,0.081,0.,0.081,0.02,0.,0.02,0.019,0.,0.019,0.075,0.,0.075,0.,0.,0.
100,0.144,0.,0.144,0.146,0.008,0.137,0.,0.,0.,0.123,0.,0.123,0.019,0.,0.019,0.02,0.,0.02,0.124,0.008,0.116,0.,0.,0.
110,0.12,0.,0.12,0.119,0.,0.119,0.,0.,0.,0.09,0.,0.09,0.028,0.,0.028,0.028,0.,0.028,0.089,0.,0.089,0.,0.,0.
120,0.142,0.,0.142,0.142,0.,0.142,0.,0.,0.,0.108,0.,0.108,0.033,0.,0.033,0.032,0.,0.032,0.107,0.,0.107,0.,0.,0.
130,0.166,0.003,0.162,0.165,0.003,0.161,0.,0.,0.,0.128,0.003,0.125,0.035,0.,0.035,0.034,0.,0.034,0.128,0.003,0.124,0.,0.,0.
140,0.195,0.004,0.191,0.193,0.,0.193,0.,0.,0.,0.15,0.003,0.146,0.043,0.,0.043,0.043,0.,0.043,0.147,0.,0.147,0.,0.,0.
150,0.217,0.,0.217,0.222,0.003,0.218,0.001,0.,0.001,0.17,0.,0.17,0.045,0.,0.045,0.046,0.,0.046,0.174,0.003,0.17,0.001,0.,0.001
160,0.254,0.,0.254,0.256,0.,0.256,0.001,0.,0.001,0.193,0.,0.193,0.059,0.,0.059,0.059,0.,0.059,0.195,0.,0.195,0.001,0.,0.001
170,0.286,0.,0.286,0.282,0.,0.281,0.001,0.,0.001,0.218,0.,0.218,0.065,0.,0.065,0.063,0.,0.063,0.216,0.,0.216,0.001,0.,0.001
180,0.3,0.,0.3,0.301,0.,0.301,0.001,0.,0.001,0.23,0.,0.23,0.067,0.,0.067,0.066,0.,0.066,0.232,0.,0.232,0.001,0.,0.001
190,0.333,0.,0.333,0.334,0.,0.334,0.001,0.,0.001,0.256,0.,0.255,0.075,0.,0.075,0.075,0.,0.075,0.256,0.,0.256,0.001,0.,0.001
200,0.467,0.,0.467,0.478,0.,0.478,0.001,0.,0.001,0.373,0.,0.373,0.092,0.,0.092,0.091,0.,0.091,0.385,0.,0.385,0.001,0.,0.001
210,0.403,0.004,0.399,0.407,0.,0.407,0.001,0.,0.001,0.311,0.003,0.307,0.09,0.,0.09,0.088,0.,0.088,0.316,0.,0.316,0.001,0.,0.001
220,0.442,0.,0.442,0.44,0.,0.44,0.001,0.,0.001,0.339,0.,0.339,0.101,0.,0.101,0.099,0.,0.099,0.338,0.,0.338,0.001,0.,0.001
230,0.498,0.003,0.494,0.508,0.,0.508,0.001,0.,0.001,0.379,0.,0.379,0.115,0.003,0.111,0.114,0.,0.114,0.391,0.,0.391,0.001,0.,0.001
240,0.55,0.,0.55,0.551,0.007,0.543,0.001,0.,0.001,0.423,0.,0.423,0.124,0.,0.124,0.124,0.,0.124,0.423,0.007,0.415,0.001,0.,0.001
250,0.662,0.003,0.658,0.677,0.,0.677,0.001,0.,0.001,0.532,0.003,0.528,0.128,0.,0.128,0.128,0.,0.128,0.547,0.,0.547,0.001,0.,0.001
260,0.644,0.003,0.64,0.644,0.,0.644,0.001,0.,0.001,0.493,0.,0.493,0.147,0.003,0.143,0.144,0.,0.144,0.497,0.,0.497,0.001,0.,0.001
270,0.662,0.003,0.658,0.674,0.,0.674,0.001,0.,0.001,0.51,0.003,0.506,0.149,0.,0.149,0.158,0.,0.158,0.512,0.,0.512,0.001,0.,0.001
280,0.717,0.,0.717,0.709,0.,0.709,0.003,0.,0.003,0.553,0.,0.553,0.159,0.,0.159,0.158,0.,0.158,0.547,0.,0.547,0.001,0.,0.001
290,0.788,0.,0.788,0.786,0.,0.786,0.001,0.,0.001,0.602,0.,0.602,0.182,0.,0.182,0.181,0.,0.181,0.601,0.,0.601,0.001,0.,0.001
300,0.82,0.011,0.808,0.836,0.003,0.833,0.001,0.,0.001,0.619,0.011,0.607,0.198,0.,0.198,0.194,0.003,0.191,0.639,0.,0.639,0.001,0.,0.001
310,0.901,0.,0.901,0.901,0.,0.901,0.005,0.,0.005,0.686,0.,0.686,0.207,0.,0.207,0.206,0.,0.206,0.692,0.,0.692,0.002,0.,0.002
320,0.933,0.,0.933,0.939,0.,0.939,0.002,0.,0.002,0.722,0.,0.722,0.207,0.,0.207,0.21,0.,0.21,0.724,0.,0.724,0.002,0.,0.002
330,0.97,0.,0.97,0.987,0.,0.987,0.002,0.,0.002,0.752,0.,0.752,0.214,0.,0.214,0.231,0.,0.231,0.752,0.,0.752,0.002,0.,0.002
340,1.083,0.,1.083,1.094,0.,1.094,0.002,0.,0.002,0.833,0.,0.833,0.246,0.,0.246,0.245,0.,0.245,0.844,0.,0.844,0.002,0.,0.002
350,1.135,0.,1.135,1.17,0.011,1.158,0.002,0.,0.002,0.868,0.,0.868,0.263,0.,0.263,0.263,0.003,0.259,0.904,0.007,0.896,0.002,0.,0.002
360,1.182,0.003,1.178,1.193,0.,1.193,0.002,0.,0.002,0.918,0.,0.918,0.26,0.003,0.256,0.272,0.,0.272,0.917,0.,0.917,0.002,0.,0.002
370,1.233,0.,1.233,1.25,0.,1.25,0.002,0.,0.002,0.95,0.,0.95,0.279,0.,0.279,0.289,0.,0.289,0.957,0.,0.957,0.002,0.,0.002
380,1.346,0.,1.346,1.358,0.,1.358,0.002,0.,0.002,1.031,0.,1.031,0.311,0.,0.311,0.307,0.,0.307,1.046,0.,1.046,0.002,0.,0.002
390,1.385,0.,1.385,1.373,0.,1.373,0.002,0.,0.002,1.068,0.,1.068,0.313,0.,0.313,0.307,0.,0.307,1.061,0.,1.061,0.002,0.,0.002
400,1.396,0.003,1.392,1.418,0.003,1.414,0.002,0.,0.002,1.075,0.003,1.071,0.317,0.,0.317,0.314,0.,0.314,1.099,0.003,1.095,0.002,0.,0.002