param-n,abstract+rewrite-strat-bottomup-real,abstract+rewrite-strat-bottomup-sys,abstract+rewrite-strat-bottomup-user,abstract+rewrite-strat-topdown-real,abstract+rewrite-strat-topdown-sys,abstract+rewrite-strat-topdown-user,close-abstract+rewrite-strat-bottomup-real,close-abstract+rewrite-strat-bottomup-sys,close-abstract+rewrite-strat-bottomup-user,close-abstract+rewrite-strat-topdown-real,close-abstract+rewrite-strat-topdown-sys,close-abstract+rewrite-strat-topdown-user,rewrite-strat-bottomup-real,rewrite-strat-bottomup-sys,rewrite-strat-bottomup-user,rewrite-strat-bottomup-noop-real,rewrite-strat-bottomup-noop-sys,rewrite-strat-bottomup-noop-user,rewrite-strat-topdown-real,rewrite-strat-topdown-sys,rewrite-strat-topdown-user,rewrite-strat-topdown-noop-real,rewrite-strat-topdown-noop-sys,rewrite-strat-topdown-noop-user
1,0.001,0.,0.001,0.001,0.,0.001,0.,0.,0.,0.,0.,0.,0.001,0.,0.,0.,0.,0.,0.001,0.,0.,0.,0.,0.
2,0.001,0.001,0.,0.,0.,0.,0.,0.,0.,0.,0.,0.,0.,0.,0.,0.,0.,0.,0.,0.,0.,0.,0.,0.
3,0.001,0.001,0.,0.,0.,0.,0.,0.,0.,0.,0.,0.,0.,0.,0.,0.,0.,0.,0.,0.,0.,0.,0.,0.
4,0.002,0.,0.002,0.002,0.,0.001,0.,0.,0.,0.,0.,0.,0.002,0.,0.002,0.,0.,0.,0.001,0.,0.001,0.,0.,0.
5,0.002,0.,0.002,0.001,0.,0.001,0.,0.,0.,0.,0.,0.,0.001,0.,0.001,0.,0.,0.,0.001,0.,0.,0.,0.,0.
6,0.002,0.,0.002,0.001,0.,0.001,0.,0.,0.,0.,0.,0.,0.002,0.,0.002,0.,0.,0.,0.001,0.,0.001,0.,0.,0.
7,0.003,0.,0.003,0.001,0.,0.001,0.,0.,0.,0.,0.,0.,0.002,0.,0.002,0.,0.,0.,0.001,0.,0.001,0.,0.,0.
8,0.003,0.,0.003,0.002,0.,0.002,0.,0.,0.,0.,0.,0.,0.002,0.,0.002,0.,0.,0.,0.001,0.,0.001,0.,0.,0.
9,0.003,0.,0.003,0.002,0.,0.002,0.,0.,0.,0.,0.,0.,0.003,0.,0.003,0.,0.,0.,0.001,0.,0.001,0.,0.,0.
10,0.004,0.,0.003,0.002,0.,0.002,0.,0.,0.,0.,0.,0.,0.003,0.,0.003,0.,0.,0.,0.001,0.,0.001,0.,0.,0.
11,0.005,0.002,0.002,0.003,0.,0.003,0.,0.,0.,0.,0.,0.,0.004,0.001,0.002,0.,0.,0.,0.002,0.,0.002,0.,0.,0.
12,0.005,0.,0.005,0.003,0.,0.003,0.,0.,0.,0.,0.,0.,0.004,0.,0.004,0.,0.,0.,0.002,0.,0.002,0.,0.,0.
13,0.038,0.,0.038,0.003,0.,0.003,0.,0.,0.,0.,0.,0.,0.037,0.,0.037,0.,0.,0.,0.002,0.,0.002,0.,0.,0.
14,0.005,0.,0.005,0.004,0.,0.004,0.,0.,0.,0.,0.,0.,0.004,0.,0.004,0.,0.,0.,0.002,0.,0.002,0.,0.,0.
15,0.006,0.,0.006,0.004,0.003,0.001,0.,0.,0.,0.,0.,0.,0.004,0.,0.004,0.,0.,0.,0.003,0.002,0.,0.,0.,0.
16,0.006,0.003,0.003,0.036,0.,0.036,0.,0.,0.,0.,0.,0.,0.005,0.003,0.002,0.,0.,0.,0.035,0.,0.035,0.,0.,0.
17,0.007,0.,0.007,0.004,0.,0.004,0.001,0.,0.001,0.,0.,0.,0.005,0.,0.005,0.,0.,0.,0.002,0.,0.002,0.,0.,0.
18,0.007,0.,0.007,0.004,0.,0.004,0.001,0.,0.001,0.,0.,0.,0.006,0.,0.006,0.,0.,0.,0.003,0.,0.003,0.,0.,0.
19,0.022,0.,0.022,0.004,0.,0.004,0.001,0.,0.001,0.001,0.,0.001,0.02,0.,0.02,0.,0.,0.,0.003,0.,0.003,0.,0.,0.
20,0.009,0.,0.009,0.005,0.,0.005,0.001,0.,0.001,0.,0.,0.,0.007,0.,0.007,0.,0.,0.,0.003,0.,0.003,0.,0.,0.
21,0.009,0.,0.009,0.005,0.,0.005,0.001,0.,0.001,0.001,0.,0.001,0.008,0.,0.008,0.,0.,0.,0.004,0.,0.004,0.,0.,0.
22,0.01,0.,0.01,0.021,0.,0.021,0.001,0.,0.001,0.001,0.,0.001,0.009,0.,0.009,0.,0.,0.,0.019,0.,0.019,0.,0.,0.
23,0.011,0.,0.011,0.006,0.,0.006,0.001,0.,0.001,0.001,0.,0.001,0.009,0.,0.009,0.,0.,0.,0.004,0.,0.004,0.,0.,0.
24,0.011,0.,0.011,0.006,0.,0.006,0.001,0.,0.001,0.001,0.,0.001,0.009,0.,0.009,0.,0.,0.,0.005,0.,0.005,0.,0.,0.
25,0.012,0.,0.012,0.007,0.,0.007,0.001,0.,0.001,0.001,0.,0.001,0.01,0.,0.01,0.,0.,0.,0.005,0.,0.005,0.,0.,0.
26,0.013,0.,0.013,0.007,0.,0.007,0.002,0.,0.002,0.001,0.,0.001,0.011,0.,0.011,0.,0.,0.,0.005,0.,0.005,0.,0.,0.
27,0.014,0.,0.014,0.008,0.,0.008,0.002,0.,0.002,0.001,0.,0.001,0.011,0.,0.011,0.,0.,0.,0.006,0.,0.006,0.,0.,0.
28,0.015,0.,0.015,0.008,0.,0.008,0.002,0.,0.002,0.001,0.,0.001,0.012,0.,0.012,0.,0.,0.,0.006,0.,0.006,0.,0.,0.
29,0.016,0.,0.016,0.008,0.,0.008,0.002,0.,0.002,0.001,0.,0.001,0.013,0.,0.013,0.,0.,0.,0.006,0.,0.006,0.,0.,0.
30,0.021,0.,0.021,0.009,0.,0.009,0.002,0.,0.002,0.001,0.,0.001,0.018,0.,0.018,0.,0.,0.,0.007,0.,0.007,0.,0.,0.
31,0.018,0.,0.018,0.009,0.,0.009,0.002,0.,0.002,0.001,0.,0.001,0.015,0.,0.015,0.,0.,0.,0.007,0.,0.007,0.,0.,0.
32,0.02,0.003,0.017,0.01,0.,0.01,0.002,0.,0.002,0.002,0.,0.002,0.017,0.003,0.013,0.,0.,0.,0.007,0.,0.007,0.,0.,0.
33,0.02,0.,0.02,0.011,0.,0.011,0.003,0.,0.003,0.002,0.,0.002,0.016,0.,0.016,0.,0.,0.,0.009,0.,0.009,0.,0.,0.
34,0.026,0.,0.026,0.011,0.,0.011,0.003,0.,0.003,0.002,0.,0.002,0.022,0.,0.022,0.,0.,0.,0.008,0.,0.008,0.,0.,0.
35,0.022,0.,0.022,0.012,0.,0.012,0.003,0.,0.003,0.002,0.,0.002,0.018,0.,0.018,0.,0.,0.,0.008,0.,0.008,0.,0.,0.
36,0.023,0.,0.023,0.016,0.,0.016,0.003,0.,0.003,0.002,0.,0.002,0.019,0.,0.019,0.,0.,0.,0.013,0.,0.013,0.,0.,0.
37,0.025,0.,0.025,0.012,0.,0.012,0.003,0.,0.003,0.002,0.,0.002,0.02,0.,0.02,0.,0.,0.,0.009,0.,0.009,0.,0.,0.
38,0.078,0.,0.078,0.014,0.,0.014,0.056,0.,0.056,0.002,0.,0.002,0.021,0.,0.021,0.,0.,0.,0.011,0.,0.011,0.,0.,0.
39,0.027,0.,0.027,0.014,0.,0.014,0.004,0.,0.004,0.002,0.,0.002,0.022,0.,0.022,0.,0.,0.,0.01,0.,0.01,0.,0.,0.
40,0.028,0.,0.028,0.021,0.,0.021,0.004,0.,0.004,0.003,0.,0.003,0.023,0.,0.023,0.,0.,0.,0.017,0.,0.017,0.,0.,0.
41,0.057,0.,0.057,0.015,0.,0.015,0.004,0.,0.004,0.003,0.,0.003,0.051,0.,0.051,0.,0.,0.,0.011,0.,0.011,0.,0.,0.
42,0.031,0.,0.031,0.016,0.,0.016,0.004,0.,0.004,0.003,0.,0.003,0.025,0.,0.025,0.,0.,0.,0.012,0.,0.012,0.,0.,0.
43,0.047,0.,0.047,0.017,0.,0.017,0.005,0.,0.005,0.003,0.,0.003,0.041,0.,0.041,0.,0.,0.,0.013,0.,0.013,0.,0.,0.
44,0.034,0.,0.034,0.019,0.003,0.015,0.006,0.,0.006,0.003,0.002,0.,0.027,0.,0.027,0.,0.,0.,0.014,0.,0.014,0.,0.,0.
45,0.034,0.,0.034,0.018,0.,0.018,0.005,0.,0.005,0.003,0.,0.003,0.028,0.,0.028,0.,0.,0.,0.014,0.,0.014,0.,0.,0.
46,0.036,0.,0.036,0.073,0.,0.073,0.006,0.,0.006,0.004,0.,0.004,0.029,0.,0.029,0.,0.,0.,0.068,0.,0.068,0.,0.,0.
47,0.042,0.,0.042,0.022,0.,0.022,0.01,0.,0.01,0.004,0.,0.004,0.031,0.,0.031,0.,0.,0.,0.017,0.,0.017,0.,0.,0.
48,0.039,0.,0.039,0.022,0.,0.022,0.006,0.,0.006,0.004,0.,0.004,0.032,0.,0.032,0.,0.,0.,0.016,0.,0.016,0.,0.,0.
49,0.047,0.,0.047,0.05,0.,0.05,0.006,0.,0.006,0.004,0.,0.004,0.04,0.,0.04,0.,0.,0.,0.044,0.,0.044,0.,0.,0.
50,0.087,0.008,0.079,0.031,0.009,0.022,0.006,0.,0.006,0.006,0.,0.005,0.08,0.008,0.072,0.,0.,0.,0.024,0.008,0.016,0.,0.,0.
51,0.043,0.,0.043,0.024,0.,0.024,0.006,0.,0.006,0.004,0.,0.004,0.036,0.,0.036,0.,0.,0.,0.018,0.,0.018,0.,0.,0.
52,0.047,0.,0.047,0.039,0.,0.039,0.007,0.,0.007,0.019,0.,0.019,0.039,0.,0.039,0.,0.,0.,0.018,0.,0.018,0.,0.,0.
53,0.098,0.,0.098,0.026,0.,0.026,0.007,0.,0.007,0.005,0.,0.005,0.09,0.,0.09,0.,0.,0.,0.02,0.,0.02,0.,0.,0.
54,0.077,0.,0.077,0.028,0.,0.028,0.036,0.,0.036,0.005,0.,0.005,0.04,0.,0.04,0.,0.,0.,0.021,0.,0.021,0.,0.,0.
55,0.052,0.,0.052,0.027,0.,0.027,0.007,0.,0.007,0.005,0.,0.005,0.043,0.,0.043,0.,0.,0.,0.02,0.,0.02,0.,0.,0.
56,0.068,0.,0.068,0.029,0.,0.029,0.008,0.,0.008,0.005,0.,0.005,0.058,0.,0.058,0.,0.,0.,0.023,0.,0.023,0.,0.,0.
57,0.054,0.,0.054,0.034,0.,0.034,0.008,0.,0.008,0.005,0.,0.005,0.045,0.,0.045,0.,0.,0.,0.027,0.,0.027,0.,0.,0.
58,0.058,0.,0.058,0.031,0.,0.031,0.009,0.,0.009,0.006,0.,0.006,0.048,0.,0.048,0.,0.,0.,0.024,0.,0.024,0.,0.,0.
59,0.06,0.003,0.056,0.039,0.,0.039,0.008,0.,0.008,0.006,0.,0.006,0.05,0.003,0.047,0.,0.,0.,0.031,0.,0.031,0.,0.,0.
60,0.061,0.,0.061,0.033,0.,0.033,0.01,0.,0.01,0.006,0.,0.006,0.049,0.,0.049,0.,0.,0.,0.025,0.,0.025,0.,0.,0.
61,0.063,0.,0.063,0.036,0.,0.036,0.01,0.,0.01,0.006,0.,0.006,0.052,0.,0.052,0.,0.,0.,0.028,0.,0.028,0.,0.,0.
62,0.062,0.,0.062,0.088,0.,0.088,0.009,0.,0.009,0.006,0.,0.006,0.052,0.,0.052,0.,0.,0.,0.081,0.,0.081,0.,0.,0.
63,0.066,0.,0.066,0.036,0.,0.036,0.01,0.,0.01,0.006,0.,0.006,0.054,0.,0.054,0.,0.,0.,0.028,0.,0.028,0.,0.,0.
64,0.068,0.,0.068,0.07,0.,0.07,0.01,0.,0.01,0.007,0.,0.007,0.057,0.,0.057,0.,0.,0.,0.062,0.,0.062,0.,0.,0.
65,0.072,0.,0.072,0.041,0.,0.04,0.01,0.,0.01,0.007,0.,0.007,0.061,0.,0.061,0.,0.,0.,0.032,0.,0.032,0.,0.,0.
66,0.075,0.,0.075,0.05,0.,0.05,0.01,0.,0.01,0.008,0.,0.008,0.063,0.,0.063,0.,0.,0.,0.041,0.,0.041,0.,0.,0.
67,0.078,0.,0.078,0.038,0.,0.038,0.011,0.,0.011,0.007,0.,0.007,0.066,0.,0.066,0.,0.,0.,0.029,0.,0.029,0.,0.,0.
68,0.08,0.,0.08,0.041,0.,0.041,0.011,0.,0.011,0.008,0.,0.008,0.067,0.,0.067,0.,0.,0.,0.031,0.,0.031,0.,0.,0.
69,0.082,0.,0.082,0.044,0.,0.044,0.011,0.,0.011,0.008,0.,0.008,0.069,0.,0.069,0.,0.,0.,0.034,0.,0.034,0.,0.,0.
70,0.084,0.,0.084,0.044,0.,0.044,0.011,0.,0.011,0.008,0.,0.008,0.071,0.,0.071,0.,0.,0.,0.034,0.,0.034,0.,0.,0.
71,0.085,0.,0.085,0.045,0.,0.045,0.012,0.,0.012,0.008,0.,0.008,0.072,0.,0.072,0.,0.,0.,0.035,0.,0.035,0.,0.,0.
72,0.087,0.,0.087,0.046,0.,0.046,0.012,0.,0.012,0.009,0.,0.009,0.074,0.,0.074,0.,0.,0.,0.036,0.,0.036,0.,0.,0.
73,0.094,0.,0.094,0.048,0.,0.048,0.014,0.,0.014,0.009,0.,0.009,0.078,0.,0.078,0.,0.,0.,0.038,0.,0.038,0.,0.,0.
74,0.092,0.,0.092,0.05,0.,0.05,0.013,0.,0.013,0.009,0.,0.009,0.077,0.,0.077,0.,0.,0.,0.039,0.,0.039,0.,0.,0.
75,0.103,0.,0.103,0.053,0.,0.053,0.013,0.,0.013,0.012,0.,0.012,0.088,0.,0.088,0.,0.,0.,0.039,0.,0.039,0.,0.,0.
76,0.109,0.,0.109,0.053,0.,0.053,0.022,0.,0.022,0.01,0.,0.01,0.086,0.,0.086,0.,0.,0.,0.041,0.,0.041,0.,0.,0.
77,0.097,0.,0.097,0.054,0.,0.054,0.014,0.,0.014,0.011,0.,0.011,0.081,0.,0.081,0.,0.,0.,0.041,0.,0.041,0.,0.,0.
78,0.102,0.,0.102,0.055,0.,0.055,0.016,0.,0.016,0.011,0.,0.011,0.084,0.,0.084,0.,0.,0.,0.043,0.,0.043,0.,0.,0.
79,0.109,0.,0.109,0.056,0.,0.056,0.018,0.,0.018,0.01,0.,0.01,0.089,0.,0.089,0.,0.,0.,0.043,0.,0.043,0.,0.,0.
80,0.112,0.,0.112,0.06,0.,0.06,0.015,0.,0.015,0.01,0.,0.01,0.095,0.,0.095,0.,0.,0.,0.047,0.,0.047,0.,0.,0.
81,0.108,0.,0.108,0.062,0.,0.062,0.016,0.,0.016,0.013,0.,0.013,0.089,0.,0.089,0.,0.,0.,0.047,0.,0.047,0.,0.,0.
82,0.116,0.,0.116,0.062,0.,0.062,0.019,0.,0.019,0.012,0.,0.012,0.095,0.,0.095,0.,0.,0.,0.048,0.,0.048,0.,0.,0.
83,0.117,0.,0.117,0.062,0.,0.062,0.017,0.,0.017,0.012,0.,0.012,0.098,0.,0.098,0.,0.,0.,0.048,0.,0.048,0.,0.,0.
84,0.126,0.,0.126,0.062,0.,0.062,0.021,0.,0.021,0.012,0.,0.012,0.103,0.,0.103,0.,0.,0.,0.048,0.,0.048,0.,0.,0.
85,0.125,0.,0.125,0.064,0.,0.064,0.019,0.,0.019,0.012,0.,0.012,0.104,0.,0.104,0.,0.,0.,0.05,0.,0.05,0.,0.,0.
86,0.131,0.,0.131,0.068,0.,0.068,0.022,0.,0.022,0.015,0.,0.015,0.108,0.,0.108,0.,0.,0.,0.051,0.,0.051,0.,0.,0.
87,0.127,0.,0.127,0.068,0.,0.068,0.02,0.,0.02,0.013,0.,0.013,0.104,0.,0.104,0.,0.,0.,0.053,0.,0.053,0.,0.,0.
88,0.135,0.,0.135,0.07,0.,0.07,0.021,0.,0.021,0.014,0.,0.014,0.112,0.,0.112,0.,0.,0.,0.053,0.,0.053,0.,0.,0.
89,0.139,0.,0.139,0.072,0.,0.072,0.019,0.,0.019,0.014,0.,0.014,0.118,0.,0.118,0.,0.,0.,0.055,0.,0.055,0.,0.,0.
90,0.145,0.,0.145,0.073,0.,0.073,0.02,0.,0.02,0.014,0.,0.014,0.123,0.,0.123,0.,0.,0.,0.056,0.,0.056,0.,0.,0.
91,0.141,0.,0.141,0.075,0.,0.075,0.023,0.,0.023,0.015,0.,0.015,0.116,0.,0.116,0.,0.,0.,0.058,0.,0.058,0.,0.,0.
92,0.147,0.003,0.144,0.077,0.,0.077,0.019,0.,0.019,0.016,0.,0.016,0.126,0.003,0.122,0.,0.,0.,0.06,0.,0.06,0.,0.,0.
93,0.142,0.,0.142,0.078,0.,0.078,0.021,0.,0.021,0.016,0.,0.016,0.119,0.,0.119,0.,0.,0.,0.06,0.,0.06,0.,0.,0.
94,0.149,0.,0.149,0.083,0.,0.083,0.023,0.,0.023,0.014,0.,0.014,0.124,0.,0.124,0.,0.,0.,0.066,0.,0.066,0.,0.,0.
95,0.159,0.,0.159,0.084,0.,0.084,0.023,0.,0.023,0.015,0.,0.015,0.134,0.,0.134,0.,0.,0.,0.066,0.,0.066,0.,0.,0.
96,0.148,0.,0.148,0.087,0.,0.087,0.022,0.,0.022,0.017,0.,0.017,0.124,0.,0.124,0.,0.,0.,0.068,0.,0.068,0.,0.,0.
97,0.161,0.003,0.157,0.087,0.003,0.083,0.022,0.002,0.019,0.016,0.,0.016,0.136,0.,0.136,0.,0.,0.,0.069,0.003,0.066,0.,0.,0.
98,0.17,0.,0.169,0.103,0.,0.103,0.023,0.,0.023,0.022,0.,0.022,0.144,0.,0.144,0.,0.,0.,0.079,0.,0.079,0.,0.,0.
99,0.167,0.,0.167,0.096,0.,0.096,0.024,0.,0.024,0.016,0.,0.016,0.141,0.,0.141,0.,0.,0.,0.077,0.,0.077,0.,0.,0.
100,0.185,0.,0.185,0.134,0.003,0.13,0.026,0.,0.026,0.017,0.,0.017,0.157,0.,0.157,0.,0.,0.,0.115,0.003,0.112,0.,0.,0.
110,0.206,0.,0.206,0.118,0.,0.118,0.033,0.,0.033,0.026,0.,0.026,0.171,0.,0.171,0.001,0.,0.001,0.089,0.,0.089,0.001,0.,0.001
120,0.246,0.003,0.242,0.134,0.,0.134,0.038,0.,0.038,0.026,0.,0.026,0.204,0.003,0.2,0.002,0.,0.002,0.105,0.,0.105,0.001,0.,0.001
130,0.318,0.,0.318,0.176,0.007,0.169,0.047,0.,0.047,0.035,0.,0.035,0.269,0.,0.269,0.001,0.,0.001,0.138,0.006,0.131,0.001,0.,0.001
140,0.387,0.,0.387,0.196,0.,0.196,0.065,0.,0.065,0.046,0.,0.046,0.319,0.,0.319,0.001,0.,0.001,0.148,0.,0.147,0.001,0.,0.001
150,0.508,0.011,0.496,0.222,0.,0.222,0.084,0.007,0.076,0.045,0.,0.045,0.421,0.003,0.417,0.001,0.,0.001,0.174,0.,0.174,0.001,0.,0.001
160,0.506,0.003,0.502,0.265,0.,0.265,0.067,0.003,0.063,0.046,0.,0.046,0.436,0.,0.436,0.001,0.,0.001,0.205,0.,0.205,0.012,0.,0.012
170,0.554,0.,0.554,0.293,0.,0.293,0.075,0.,0.075,0.052,0.,0.052,0.475,0.,0.475,0.002,0.,0.002,0.238,0.,0.238,0.002,0.,0.002
180,0.644,0.,0.641,0.322,0.,0.322,0.076,0.,0.076,0.055,0.,0.055,0.563,0.,0.561,0.002,0.,0.002,0.264,0.,0.264,0.002,0.,0.002
190,0.73,0.,0.73,0.384,0.,0.384,0.102,0.,0.102,0.065,0.,0.065,0.624,0.,0.624,0.002,0.,0.002,0.315,0.,0.315,0.002,0.,0.002
200,0.917,0.,0.917,0.499,0.003,0.495,0.108,0.,0.108,0.076,0.,0.076,0.806,0.,0.806,0.002,0.,0.002,0.419,0.003,0.416,0.002,0.,0.002
210,0.946,0.,0.946,0.47,0.,0.47,0.106,0.,0.106,0.088,0.,0.088,0.836,0.,0.836,0.002,0.,0.002,0.377,0.,0.377,0.002,0.,0.002
220,1.009,0.,1.009,0.548,0.,0.548,0.116,0.,0.116,0.093,0.,0.093,0.889,0.,0.889,0.003,0.,0.003,0.444,0.,0.444,0.009,0.,0.009
230,1.173,0.,1.173,0.598,0.003,0.594,0.14,0.,0.14,0.09,0.,0.09,1.028,0.,1.028,0.003,0.,0.003,0.503,0.003,0.499,0.003,0.,0.003
240,1.209,0.003,1.205,0.646,0.008,0.638,0.143,0.003,0.139,0.099,0.,0.099,1.061,0.,1.061,0.003,0.,0.003,0.542,0.008,0.534,0.003,0.,0.003
250,1.442,0.,1.442,0.774,0.,0.774,0.153,0.,0.153,0.118,0.,0.118,1.285,0.,1.284,0.003,0.,0.003,0.651,0.,0.651,0.003,0.,0.003
260,1.505,0.,1.505,0.773,0.,0.773,0.183,0.,0.183,0.13,0.,0.13,1.316,0.,1.316,0.004,0.,0.004,0.637,0.,0.637,0.004,0.,0.004
270,1.681,0.,1.68,0.837,0.,0.837,0.196,0.,0.196,0.14,0.,0.14,1.479,0.,1.478,0.004,0.,0.004,0.691,0.,0.691,0.004,0.,0.004
280,1.79,0.,1.79,0.875,0.,0.875,0.21,0.,0.21,0.135,0.,0.135,1.574,0.,1.574,0.004,0.,0.004,0.734,0.,0.734,0.004,0.,0.004
290,1.966,0.003,1.961,1.012,0.,1.011,0.203,0.,0.203,0.162,0.,0.162,1.756,0.003,1.751,0.004,0.,0.004,0.843,0.,0.843,0.004,0.,0.004
300,2.163,0.023,2.139,1.126,0.003,1.122,0.218,0.,0.218,0.154,0.,0.154,1.933,0.023,1.909,0.011,0.,0.011,0.966,0.003,0.962,0.005,0.,0.005
310,2.385,0.,2.385,1.092,0.,1.091,0.227,0.,0.226,0.165,0.,0.165,2.152,0.,2.152,0.005,0.,0.005,0.919,0.,0.919,0.005,0.,0.005
320,2.561,0.,2.561,1.233,0.,1.233,0.258,0.,0.258,0.191,0.,0.191,2.295,0.,2.295,0.005,0.,0.005,1.03,0.,1.03,0.01,0.,0.01
330,2.639,0.,2.639,1.335,0.004,1.331,0.274,0.,0.274,0.201,0.,0.201,2.356,0.,2.355,0.008,0.,0.008,1.126,0.003,1.122,0.005,0.,0.005
340,2.889,0.,2.889,1.408,0.003,1.404,0.302,0.,0.302,0.22,0.003,0.216,2.575,0.,2.575,0.01,0.,0.01,1.18,0.,1.18,0.006,0.,0.006
350,3.096,0.007,3.088,1.564,0.016,1.548,0.311,0.003,0.307,0.229,0.004,0.225,2.777,0.003,2.773,0.006,0.,0.006,1.327,0.011,1.315,0.006,0.,0.006
360,3.4,0.007,3.392,1.593,0.,1.593,0.339,0.,0.339,0.216,0.,0.216,3.047,0.007,3.038,0.012,0.,0.012,1.368,0.,1.368,0.006,0.,0.006
370,3.62,0.003,3.616,1.726,0.,1.726,0.354,0.,0.354,0.261,0.,0.261,3.251,0.003,3.247,0.012,0.,0.012,1.452,0.,1.452,0.011,0.,0.011
380,3.771,0.,3.77,1.827,0.,1.827,0.379,0.,0.379,0.255,0.,0.255,3.383,0.,3.382,0.007,0.,0.007,1.562,0.,1.562,0.007,0.,0.007
390,4.002,0.,4.001,2.029,0.003,2.025,0.392,0.,0.392,0.266,0.,0.266,3.6,0.,3.6,0.007,0.,0.007,1.753,0.003,1.749,0.008,0.,0.008
400,4.344,0.007,4.335,2.085,0.007,2.077,0.383,0.,0.382,0.293,0.,0.293,3.946,0.007,3.937,0.014,0.,0.014,1.783,0.007,1.775,0.008,0.,0.008