param-n,abstract+autorewrite-regression-quadratic-real,abstract+autorewrite-regression-quadratic-sys,abstract+autorewrite-regression-quadratic-user,abstract+rewrite!-regression-quadratic-real,abstract+rewrite!-regression-quadratic-sys,abstract+rewrite!-regression-quadratic-user,autorewrite-noop-regression-linear-real,autorewrite-noop-regression-linear-sys,autorewrite-noop-regression-linear-user,autorewrite-regression-quadratic-real,autorewrite-regression-quadratic-sys,autorewrite-regression-quadratic-user,close-abstract+autorewrite-regression-quadratic-real,close-abstract+autorewrite-regression-quadratic-sys,close-abstract+autorewrite-regression-quadratic-user,close-abstract+rewrite!-regression-quadratic-real,close-abstract+rewrite!-regression-quadratic-sys,close-abstract+rewrite!-regression-quadratic-user,rewrite!-regression-quadratic-real,rewrite!-regression-quadratic-sys,rewrite!-regression-quadratic-user,rewrite?-noop-regression-linear-real,rewrite?-noop-regression-linear-sys,rewrite?-noop-regression-linear-user
1,0.,0.,0.,0.,0.,0.,0.,0.,0.,0.,0.,0.,0.,0.,0.,0.,0.,0.,0.,0.,0.,0.,0.,0.
2,0.,0.,0.,0.,0.,0.,0.,0.,0.,0.,0.,0.,0.,0.,0.,0.,0.,0.,0.,0.,0.,0.,0.,0.
3,0.,0.,0.,0.,0.,0.,0.,0.,0.,0.,0.,0.,0.,0.,0.,0.,0.,0.,0.,0.,0.,0.,0.,0.
4,0.001,0.,0.,0.001,0.,0.,0.,0.,0.,0.,0.,0.,0.,0.,0.,0.,0.,0.,0.,0.,0.,0.,0.,0.
5,0.001,0.,0.001,0.001,0.,0.,0.,0.,0.,0.,0.,0.,0.,0.,0.,0.,0.,0.,0.,0.,0.,0.,0.,0.
6,0.001,0.,0.001,0.001,0.,0.001,0.,0.,0.,0.001,0.,0.001,0.,0.,0.,0.,0.,0.,0.,0.,0.,0.,0.,0.
7,0.001,0.,0.001,0.001,0.,0.001,0.,0.,0.,0.001,0.,0.001,0.,0.,0.,0.,0.,0.,0.001,0.,0.001,0.,0.,0.
8,0.001,0.,0.001,0.001,0.,0.001,0.,0.,0.,0.001,0.,0.001,0.,0.,0.,0.,0.,0.,0.001,0.,0.001,0.,0.,0.
9,0.002,0.,0.002,0.002,0.,0.002,0.,0.,0.,0.001,0.,0.001,0.,0.,0.,0.,0.,0.,0.001,0.,0.001,0.,0.,0.
10,0.002,0.,0.002,0.002,0.,0.002,0.,0.,0.,0.001,0.,0.001,0.,0.,0.,0.,0.,0.,0.001,0.,0.001,0.,0.,0.
11,0.002,0.,0.002,0.002,0.,0.002,0.,0.,0.,0.001,0.,0.001,0.,0.,0.,0.,0.,0.,0.002,0.,0.002,0.,0.,0.
12,0.003,0.,0.003,0.003,0.,0.003,0.,0.,0.,0.002,0.,0.002,0.,0.,0.,0.,0.,0.,0.002,0.,0.002,0.,0.,0.
13,0.003,0.,0.003,0.003,0.,0.003,0.,0.,0.,0.002,0.,0.002,0.,0.,0.,0.,0.,0.,0.002,0.,0.002,0.,0.,0.
14,0.004,0.,0.003,0.003,0.,0.003,0.,0.,0.,0.002,0.,0.002,0.,0.,0.,0.,0.,0.,0.002,0.,0.002,0.,0.,0.
15,0.004,0.002,0.002,0.004,0.,0.004,0.,0.,0.,0.003,0.001,0.001,0.,0.,0.,0.,0.,0.,0.003,0.,0.003,0.,0.,0.
16,0.043,0.004,0.038,0.004,0.,0.004,0.037,0.004,0.033,0.004,0.,0.004,0.,0.,0.,0.,0.,0.,0.003,0.,0.003,0.,0.,0.
17,0.004,0.,0.004,0.041,0.001,0.04,0.,0.,0.,0.003,0.,0.003,0.,0.,0.,0.,0.,0.,0.04,0.,0.04,0.,0.,0.
18,0.004,0.,0.004,0.004,0.001,0.002,0.,0.,0.,0.003,0.,0.003,0.,0.,0.,0.,0.,0.,0.003,0.001,0.001,0.,0.,0.
19,0.004,0.,0.004,0.004,0.,0.004,0.,0.,0.,0.003,0.,0.003,0.,0.,0.,0.,0.,0.,0.003,0.,0.003,0.,0.,0.
20,0.005,0.,0.005,0.005,0.,0.005,0.,0.,0.,0.003,0.,0.003,0.001,0.,0.001,0.001,0.,0.001,0.003,0.,0.003,0.,0.,0.
21,0.005,0.,0.005,0.005,0.,0.005,0.,0.,0.,0.004,0.,0.004,0.001,0.,0.001,0.001,0.,0.001,0.004,0.,0.004,0.,0.,0.
22,0.006,0.,0.006,0.005,0.,0.005,0.,0.,0.,0.004,0.,0.004,0.001,0.,0.001,0.001,0.,0.001,0.004,0.,0.004,0.,0.,0.
23,0.007,0.,0.007,0.006,0.,0.006,0.,0.,0.,0.005,0.,0.005,0.001,0.,0.001,0.001,0.,0.001,0.004,0.,0.004,0.,0.,0.
24,0.006,0.,0.006,0.007,0.,0.007,0.,0.,0.,0.005,0.,0.005,0.001,0.,0.001,0.001,0.,0.001,0.005,0.,0.005,0.,0.,0.
25,0.007,0.,0.007,0.007,0.,0.007,0.,0.,0.,0.005,0.,0.005,0.001,0.,0.001,0.001,0.,0.001,0.005,0.,0.005,0.,0.,0.
26,0.008,0.,0.008,0.007,0.,0.007,0.,0.,0.,0.005,0.,0.005,0.001,0.,0.001,0.001,0.,0.001,0.005,0.,0.005,0.,0.,0.
27,0.008,0.,0.008,0.008,0.,0.008,0.,0.,0.,0.006,0.,0.006,0.001,0.,0.001,0.001,0.,0.001,0.006,0.,0.006,0.,0.,0.
28,0.01,0.,0.01,0.01,0.,0.01,0.,0.,0.,0.008,0.,0.008,0.001,0.,0.001,0.003,0.,0.003,0.006,0.,0.006,0.,0.,0.
29,0.009,0.,0.009,0.009,0.,0.009,0.,0.,0.,0.007,0.,0.007,0.001,0.,0.001,0.002,0.,0.002,0.006,0.,0.006,0.,0.,0.
30,0.01,0.,0.01,0.009,0.,0.009,0.,0.,0.,0.007,0.,0.007,0.002,0.,0.002,0.002,0.,0.002,0.007,0.,0.007,0.,0.,0.
31,0.011,0.,0.011,0.01,0.,0.01,0.,0.,0.,0.007,0.,0.007,0.002,0.,0.002,0.002,0.,0.002,0.007,0.,0.007,0.,0.,0.
32,0.011,0.,0.011,0.011,0.,0.011,0.,0.,0.,0.008,0.,0.008,0.002,0.,0.002,0.002,0.,0.002,0.008,0.,0.008,0.,0.,0.
33,0.011,0.,0.011,0.011,0.,0.011,0.,0.,0.,0.008,0.,0.008,0.002,0.,0.002,0.002,0.,0.002,0.008,0.,0.008,0.,0.,0.
34,0.013,0.,0.013,0.012,0.,0.012,0.,0.,0.,0.009,0.,0.009,0.004,0.,0.004,0.002,0.,0.002,0.009,0.,0.009,0.,0.,0.
35,0.012,0.,0.012,0.014,0.,0.014,0.,0.,0.,0.009,0.,0.009,0.002,0.,0.002,0.002,0.,0.002,0.011,0.,0.011,0.,0.,0.
36,0.013,0.,0.013,0.013,0.,0.013,0.,0.,0.,0.01,0.,0.01,0.002,0.,0.002,0.002,0.,0.002,0.01,0.,0.01,0.,0.,0.
37,0.015,0.,0.015,0.014,0.,0.014,0.,0.,0.,0.011,0.,0.011,0.003,0.,0.003,0.003,0.,0.003,0.01,0.,0.01,0.,0.,0.
38,0.014,0.,0.014,0.015,0.003,0.012,0.,0.,0.,0.011,0.,0.011,0.003,0.,0.003,0.003,0.003,0.,0.011,0.,0.011,0.,0.,0.
39,0.017,0.,0.017,0.015,0.,0.015,0.,0.,0.,0.011,0.,0.011,0.005,0.,0.005,0.003,0.,0.003,0.011,0.,0.011,0.,0.,0.
40,0.016,0.,0.016,0.017,0.,0.017,0.,0.,0.,0.012,0.,0.012,0.003,0.,0.003,0.003,0.,0.003,0.013,0.,0.013,0.,0.,0.
41,0.017,0.,0.017,0.017,0.,0.017,0.,0.,0.,0.012,0.,0.012,0.004,0.,0.004,0.003,0.,0.003,0.012,0.,0.012,0.,0.,0.
42,0.017,0.,0.017,0.018,0.,0.018,0.,0.,0.,0.013,0.,0.013,0.003,0.,0.003,0.003,0.,0.003,0.014,0.,0.014,0.,0.,0.
43,0.02,0.,0.02,0.018,0.,0.018,0.,0.,0.,0.013,0.,0.013,0.005,0.,0.005,0.004,0.,0.004,0.013,0.,0.013,0.,0.,0.
44,0.019,0.,0.019,0.021,0.,0.021,0.,0.,0.,0.014,0.,0.014,0.004,0.,0.004,0.004,0.,0.004,0.016,0.,0.016,0.,0.,0.
45,0.02,0.,0.02,0.02,0.,0.02,0.,0.,0.,0.015,0.,0.015,0.004,0.,0.004,0.004,0.,0.004,0.014,0.,0.014,0.,0.,0.
46,0.02,0.,0.02,0.021,0.003,0.018,0.,0.,0.,0.015,0.,0.015,0.004,0.,0.004,0.004,0.,0.004,0.016,0.002,0.013,0.,0.,0.
47,0.023,0.,0.023,0.021,0.,0.021,0.,0.,0.,0.018,0.,0.018,0.004,0.,0.004,0.004,0.,0.004,0.016,0.,0.016,0.,0.,0.
48,0.022,0.,0.022,0.022,0.003,0.018,0.,0.,0.,0.016,0.,0.016,0.004,0.,0.004,0.004,0.003,0.001,0.016,0.,0.016,0.,0.,0.
49,0.023,0.,0.023,0.024,0.,0.024,0.,0.,0.,0.017,0.,0.017,0.005,0.,0.005,0.005,0.,0.005,0.018,0.,0.018,0.,0.,0.
50,0.03,0.003,0.026,0.03,0.004,0.025,0.,0.,0.,0.023,0.003,0.019,0.006,0.,0.006,0.006,0.,0.006,0.023,0.004,0.018,0.,0.,0.
51,0.025,0.,0.025,0.025,0.,0.025,0.,0.,0.,0.019,0.,0.019,0.005,0.,0.005,0.005,0.,0.005,0.018,0.,0.018,0.,0.,0.
52,0.026,0.,0.026,0.028,0.,0.028,0.,0.,0.,0.019,0.,0.019,0.006,0.,0.006,0.005,0.,0.005,0.021,0.,0.021,0.,0.,0.
53,0.026,0.,0.026,0.027,0.,0.027,0.,0.,0.,0.019,0.,0.019,0.005,0.,0.005,0.005,0.,0.005,0.021,0.,0.021,0.,0.,0.
54,0.028,0.,0.028,0.029,0.,0.029,0.,0.,0.,0.021,0.,0.021,0.006,0.,0.006,0.006,0.,0.006,0.022,0.,0.022,0.,0.,0.
55,0.029,0.,0.029,0.029,0.,0.029,0.,0.,0.,0.022,0.,0.022,0.006,0.,0.006,0.007,0.,0.007,0.021,0.,0.021,0.,0.,0.
56,0.031,0.,0.031,0.03,0.,0.03,0.,0.,0.,0.024,0.,0.024,0.006,0.,0.006,0.006,0.,0.006,0.022,0.,0.022,0.,0.,0.
57,0.03,0.,0.03,0.032,0.,0.032,0.,0.,0.,0.022,0.,0.022,0.007,0.,0.007,0.006,0.,0.006,0.024,0.,0.024,0.,0.,0.
58,0.032,0.,0.032,0.032,0.,0.032,0.,0.,0.,0.023,0.,0.023,0.008,0.,0.008,0.007,0.,0.007,0.024,0.,0.024,0.,0.,0.
59,0.032,0.,0.032,0.034,0.,0.034,0.,0.,0.,0.024,0.,0.024,0.007,0.,0.007,0.007,0.,0.007,0.026,0.,0.026,0.,0.,0.
60,0.033,0.,0.033,0.035,0.,0.035,0.,0.,0.,0.025,0.,0.025,0.007,0.,0.007,0.007,0.,0.007,0.026,0.,0.026,0.,0.,0.
61,0.034,0.,0.034,0.037,0.,0.037,0.,0.,0.,0.026,0.,0.026,0.007,0.,0.007,0.007,0.,0.007,0.028,0.,0.028,0.,0.,0.
62,0.035,0.,0.035,0.037,0.,0.037,0.,0.,0.,0.026,0.,0.026,0.007,0.,0.007,0.007,0.,0.007,0.028,0.,0.028,0.,0.,0.
63,0.037,0.,0.037,0.039,0.,0.039,0.,0.,0.,0.028,0.,0.028,0.008,0.,0.008,0.008,0.,0.008,0.03,0.,0.03,0.,0.,0.
64,0.037,0.,0.037,0.039,0.,0.039,0.,0.,0.,0.028,0.,0.028,0.008,0.,0.008,0.008,0.,0.008,0.03,0.,0.03,0.,0.,0.
65,0.04,0.,0.04,0.042,0.,0.042,0.,0.,0.,0.029,0.,0.029,0.009,0.,0.009,0.008,0.,0.008,0.032,0.,0.032,0.,0.,0.
66,0.041,0.,0.041,0.041,0.,0.041,0.,0.,0.,0.029,0.,0.029,0.01,0.,0.01,0.008,0.,0.008,0.031,0.,0.031,0.,0.,0.
67,0.042,0.,0.042,0.044,0.,0.044,0.,0.,0.,0.032,0.,0.032,0.008,0.,0.008,0.009,0.,0.009,0.034,0.,0.034,0.,0.,0.
68,0.045,0.,0.045,0.043,0.,0.043,0.,0.,0.,0.034,0.,0.034,0.009,0.,0.009,0.009,0.,0.009,0.032,0.,0.032,0.,0.,0.
69,0.043,0.,0.043,0.045,0.,0.045,0.,0.,0.,0.033,0.,0.033,0.009,0.,0.009,0.01,0.,0.01,0.034,0.,0.033,0.,0.,0.
70,0.048,0.,0.048,0.047,0.,0.047,0.,0.,0.,0.035,0.,0.035,0.011,0.,0.011,0.01,0.,0.01,0.035,0.,0.035,0.,0.,0.
71,0.047,0.,0.047,0.046,0.,0.046,0.002,0.,0.002,0.034,0.,0.034,0.01,0.,0.01,0.01,0.,0.01,0.035,0.,0.035,0.,0.,0.
72,0.048,0.,0.048,0.051,0.,0.051,0.,0.,0.,0.037,0.,0.037,0.01,0.,0.01,0.011,0.,0.011,0.038,0.,0.038,0.,0.,0.
73,0.05,0.,0.05,0.05,0.,0.05,0.,0.,0.,0.039,0.,0.039,0.01,0.,0.01,0.01,0.,0.01,0.038,0.,0.038,0.,0.,0.
74,0.049,0.,0.049,0.05,0.,0.05,0.,0.,0.,0.037,0.,0.037,0.01,0.,0.01,0.01,0.,0.01,0.038,0.,0.038,0.,0.,0.
75,0.051,0.,0.051,0.054,0.,0.054,0.,0.,0.,0.039,0.,0.039,0.011,0.,0.011,0.012,0.,0.012,0.041,0.,0.041,0.,0.,0.
76,0.054,0.003,0.051,0.055,0.,0.055,0.,0.,0.,0.041,0.,0.041,0.012,0.002,0.009,0.011,0.,0.011,0.042,0.,0.042,0.,0.,0.
77,0.055,0.,0.055,0.056,0.,0.056,0.,0.,0.,0.042,0.,0.042,0.012,0.,0.012,0.014,0.,0.013,0.041,0.,0.041,0.,0.,0.
78,0.056,0.,0.056,0.056,0.003,0.053,0.,0.,0.,0.041,0.,0.041,0.013,0.,0.013,0.011,0.,0.011,0.043,0.002,0.04,0.,0.,0.
79,0.056,0.,0.056,0.061,0.,0.06,0.,0.,0.,0.042,0.,0.042,0.012,0.,0.012,0.013,0.,0.013,0.046,0.,0.046,0.,0.,0.
80,0.061,0.,0.061,0.06,0.,0.06,0.,0.,0.,0.047,0.,0.047,0.012,0.,0.012,0.013,0.,0.013,0.046,0.,0.046,0.,0.,0.
81,0.063,0.,0.063,0.061,0.,0.061,0.,0.,0.,0.048,0.,0.048,0.014,0.,0.014,0.012,0.,0.012,0.046,0.,0.046,0.001,0.,0.001
82,0.062,0.,0.062,0.065,0.,0.065,0.,0.,0.,0.047,0.,0.047,0.013,0.,0.013,0.016,0.,0.016,0.047,0.,0.047,0.,0.,0.
83,0.062,0.,0.062,0.064,0.,0.064,0.,0.,0.,0.047,0.,0.047,0.013,0.,0.013,0.013,0.,0.013,0.049,0.,0.049,0.,0.,0.
84,0.066,0.,0.066,0.069,0.,0.069,0.,0.,0.,0.049,0.,0.049,0.016,0.,0.016,0.013,0.,0.013,0.054,0.,0.054,0.,0.,0.
85,0.069,0.,0.069,0.071,0.,0.071,0.,0.,0.,0.05,0.,0.05,0.017,0.,0.017,0.016,0.,0.016,0.054,0.,0.054,0.,0.,0.
86,0.067,0.,0.067,0.07,0.,0.07,0.,0.,0.,0.051,0.,0.051,0.014,0.,0.014,0.015,0.,0.015,0.053,0.,0.053,0.,0.,0.
87,0.072,0.,0.072,0.073,0.,0.073,0.,0.,0.,0.056,0.,0.056,0.014,0.,0.014,0.016,0.,0.016,0.054,0.,0.054,0.,0.,0.
88,0.073,0.,0.073,0.073,0.,0.073,0.,0.,0.,0.057,0.,0.057,0.015,0.,0.015,0.015,0.,0.015,0.056,0.,0.056,0.,0.,0.
89,0.078,0.,0.078,0.072,0.003,0.069,0.,0.,0.,0.061,0.,0.061,0.015,0.,0.015,0.015,0.,0.015,0.055,0.002,0.052,0.,0.,0.
90,0.08,0.,0.08,0.075,0.,0.075,0.,0.,0.,0.062,0.,0.062,0.015,0.,0.015,0.016,0.,0.016,0.057,0.,0.057,0.,0.,0.
91,0.08,0.,0.08,0.076,0.,0.076,0.,0.,0.,0.062,0.,0.062,0.016,0.,0.016,0.016,0.,0.016,0.057,0.,0.057,0.,0.,0.
92,0.081,0.,0.081,0.078,0.,0.078,0.,0.,0.,0.063,0.,0.063,0.016,0.,0.016,0.018,0.,0.018,0.058,0.,0.058,0.,0.,0.
93,0.082,0.,0.082,0.081,0.,0.081,0.,0.,0.,0.063,0.,0.063,0.016,0.,0.016,0.018,0.,0.018,0.061,0.,0.061,0.,0.,0.
94,0.081,0.,0.081,0.083,0.,0.083,0.,0.,0.,0.063,0.,0.063,0.017,0.,0.017,0.019,0.,0.019,0.063,0.,0.063,0.,0.,0.
95,0.08,0.,0.08,0.084,0.,0.084,0.,0.,0.,0.06,0.,0.06,0.018,0.,0.018,0.019,0.,0.019,0.063,0.,0.063,0.,0.,0.
96,0.081,0.,0.081,0.087,0.,0.087,0.,0.,0.,0.062,0.,0.062,0.017,0.,0.017,0.017,0.,0.017,0.068,0.,0.068,0.,0.,0.
97,0.083,0.,0.083,0.085,0.003,0.081,0.,0.,0.,0.063,0.,0.063,0.018,0.,0.018,0.017,0.,0.017,0.066,0.003,0.062,0.,0.,0.
98,0.085,0.,0.085,0.087,0.,0.087,0.,0.,0.,0.063,0.,0.063,0.02,0.,0.02,0.019,0.,0.019,0.066,0.,0.066,0.,0.,0.
99,0.088,0.,0.088,0.089,0.,0.089,0.,0.,0.,0.068,0.,0.068,0.019,0.,0.019,0.019,0.,0.019,0.068,0.,0.068,0.,0.,0.
100,0.131,0.015,0.115,0.13,0.011,0.118,0.,0.,0.,0.107,0.015,0.092,0.023,0.,0.023,0.022,0.,0.022,0.106,0.011,0.094,0.,0.,0.
110,0.108,0.,0.108,0.11,0.,0.11,0.,0.,0.,0.082,0.,0.082,0.024,0.,0.024,0.025,0.,0.025,0.083,0.,0.083,0.,0.,0.
120,0.13,0.,0.13,0.135,0.,0.135,0.001,0.,0.001,0.099,0.,0.099,0.028,0.,0.028,0.029,0.,0.029,0.104,0.,0.104,0.001,0.,0.001
130,0.15,0.,0.15,0.159,0.,0.159,0.001,0.,0.001,0.115,0.,0.115,0.033,0.,0.033,0.034,0.,0.034,0.123,0.,0.123,0.001,0.,0.001
140,0.174,0.,0.174,0.182,0.,0.181,0.001,0.,0.001,0.133,0.,0.133,0.038,0.,0.038,0.039,0.,0.039,0.14,0.,0.14,0.001,0.,0.001
150,0.217,0.,0.217,0.216,0.,0.216,0.001,0.,0.001,0.17,0.,0.17,0.044,0.,0.044,0.044,0.,0.044,0.17,0.,0.17,0.001,0.,0.001
160,0.228,0.,0.228,0.24,0.,0.24,0.001,0.,0.001,0.176,0.,0.176,0.049,0.,0.049,0.051,0.,0.051,0.186,0.,0.186,0.001,0.,0.001
170,0.27,0.003,0.266,0.275,0.,0.275,0.001,0.,0.001,0.202,0.,0.202,0.065,0.003,0.061,0.06,0.,0.06,0.212,0.,0.212,0.001,0.,0.001
180,0.304,0.008,0.296,0.325,0.,0.324,0.001,0.,0.001,0.238,0.003,0.234,0.063,0.003,0.059,0.067,0.,0.067,0.255,0.,0.254,0.001,0.,0.001
190,0.359,0.,0.359,0.36,0.,0.36,0.001,0.,0.001,0.276,0.,0.276,0.08,0.,0.08,0.075,0.,0.075,0.282,0.,0.282,0.001,0.,0.001
200,0.406,0.,0.406,0.394,0.003,0.39,0.002,0.,0.002,0.315,0.,0.315,0.088,0.,0.088,0.087,0.,0.087,0.305,0.003,0.301,0.001,0.,0.001
210,0.418,0.003,0.411,0.432,0.003,0.428,0.002,0.,0.002,0.329,0.003,0.322,0.085,0.,0.085,0.083,0.,0.083,0.343,0.003,0.339,0.004,0.,0.004
220,0.439,0.,0.439,0.463,0.003,0.459,0.002,0.,0.002,0.341,0.,0.341,0.095,0.,0.095,0.1,0.003,0.096,0.36,0.,0.36,0.002,0.,0.002
230,0.502,0.,0.502,0.504,0.,0.504,0.002,0.,0.002,0.394,0.,0.394,0.104,0.,0.104,0.103,0.,0.103,0.397,0.,0.397,0.002,0.,0.002
240,0.545,0.,0.545,0.563,0.,0.563,0.002,0.,0.002,0.428,0.,0.428,0.113,0.,0.113,0.126,0.,0.126,0.433,0.,0.433,0.002,0.,0.002
250,0.605,0.,0.605,0.613,0.,0.613,0.002,0.,0.002,0.48,0.,0.48,0.121,0.,0.121,0.122,0.,0.122,0.487,0.,0.487,0.002,0.,0.002
260,0.673,0.,0.673,0.688,0.,0.688,0.002,0.,0.002,0.521,0.,0.521,0.148,0.,0.148,0.146,0.,0.146,0.538,0.,0.538,0.002,0.,0.002
270,0.698,0.003,0.694,0.718,0.003,0.714,0.002,0.,0.002,0.555,0.003,0.551,0.139,0.,0.139,0.146,0.003,0.143,0.567,0.,0.567,0.003,0.,0.003
280,0.766,0.,0.766,0.769,0.004,0.765,0.003,0.,0.003,0.605,0.,0.605,0.157,0.,0.157,0.15,0.,0.15,0.614,0.003,0.61,0.003,0.,0.003
290,0.795,0.,0.795,0.835,0.,0.835,0.003,0.,0.003,0.627,0.,0.627,0.164,0.,0.164,0.179,0.,0.179,0.651,0.,0.651,0.003,0.,0.003
300,0.872,0.002,0.869,0.851,0.,0.851,0.003,0.,0.003,0.694,0.,0.694,0.174,0.002,0.171,0.172,0.,0.172,0.675,0.,0.675,0.003,0.,0.003
310,0.972,0.,0.972,0.989,0.,0.989,0.003,0.,0.003,0.76,0.,0.76,0.207,0.,0.207,0.194,0.,0.194,0.79,0.,0.79,0.003,0.,0.003
320,0.992,0.,0.992,0.997,0.,0.997,0.003,0.,0.003,0.785,0.,0.785,0.201,0.,0.201,0.201,0.,0.201,0.791,0.,0.79,0.003,0.,0.003
330,1.05,0.,1.05,1.084,0.,1.084,0.003,0.,0.003,0.831,0.,0.831,0.213,0.,0.213,0.204,0.,0.204,0.875,0.,0.874,0.004,0.,0.004
340,1.181,0.,1.181,1.219,0.,1.218,0.004,0.,0.004,0.93,0.,0.93,0.246,0.,0.246,0.241,0.,0.241,0.972,0.,0.971,0.004,0.,0.004
350,1.261,0.008,1.253,1.259,0.007,1.251,0.004,0.,0.004,1.007,0.003,1.003,0.249,0.004,0.245,0.246,0.004,0.242,1.007,0.003,1.003,0.004,0.,0.004
360,1.288,0.011,1.276,1.32,0.007,1.312,0.004,0.,0.004,1.028,0.007,1.02,0.254,0.003,0.25,0.254,0.003,0.25,1.06,0.003,1.056,0.004,0.,0.004
370,1.373,0.,1.373,1.387,0.,1.387,0.004,0.,0.004,1.077,0.,1.077,0.29,0.,0.29,0.295,0.,0.295,1.085,0.,1.085,0.004,0.,0.004
380,1.454,0.,1.454,1.52,0.,1.52,0.004,0.,0.004,1.162,0.,1.162,0.285,0.,0.285,0.286,0.,0.286,1.227,0.,1.227,0.005,0.,0.005
390,1.508,0.,1.508,1.572,0.,1.572,0.004,0.,0.004,1.206,0.,1.206,0.294,0.,0.294,0.288,0.,0.288,1.277,0.,1.277,0.005,0.,0.005
400,1.594,0.,1.594,1.598,0.,1.598,0.005,0.,0.005,1.279,0.,1.279,0.308,0.,0.308,0.305,0.,0.305,1.287,0.,1.287,0.005,0.,0.005