param-n,abstract-regression-quadratic-real,abstract-regression-quadratic-sys,abstract-regression-quadratic-user,build-I-regression-linear-real,build-I-regression-linear-sys,build-I-regression-linear-user,build-admit-cast-regression-linear-real,build-admit-cast-regression-linear-sys,build-admit-cast-regression-linear-user,build-admit-regression-linear-real,build-admit-regression-linear-sys,build-admit-regression-linear-user,build-eval-thunk-regression-linear-real,build-eval-thunk-regression-linear-sys,build-eval-thunk-regression-linear-user,build-pf-cast-regression-linear-real,build-pf-cast-regression-linear-sys,build-pf-cast-regression-linear-user,build-thunk-regression-linear-real,build-thunk-regression-linear-sys,build-thunk-regression-linear-user,check-I-regression-linear-real,check-I-regression-linear-sys,check-I-regression-linear-user,check-admit-cast-regression-quadratic-real,check-admit-cast-regression-quadratic-sys,check-admit-cast-regression-quadratic-user,check-admit-regression-quadratic-real,check-admit-regression-quadratic-sys,check-admit-regression-quadratic-user,check-pf-cast-regression-quadratic-real,check-pf-cast-regression-quadratic-sys,check-pf-cast-regression-quadratic-user,close-abstract-regression-quadratic-real,close-abstract-regression-quadratic-sys,close-abstract-regression-quadratic-user,eval-thunk-regression-linear-real,eval-thunk-regression-linear-sys,eval-thunk-regression-linear-user,fast-rewrite-regression-quadratic-real,fast-rewrite-regression-quadratic-sys,fast-rewrite-regression-quadratic-user,refine-regression-quadratic-regression-linear-real,refine-regression-quadratic-regression-linear-sys,refine-regression-quadratic-regression-linear-user,type-I-regression-linear-real,type-I-regression-linear-sys,type-I-regression-linear-user,type-admit-cast-regression-quadratic-real,type-admit-cast-regression-quadratic-sys,type-admit-cast-regression-quadratic-user,type-admit-regression-quadratic-real,type-admit-regression-quadratic-sys,type-admit-regression-quadratic-user,type-pf-cast-regression-quadratic-real,type-pf-cast-regression-quadratic-sys,type-pf-cast-regression-quadratic-user
1,0.001,0.001,0.,0.,0.,0.,0.,0.,0.,0.,0.,0.,0.,0.,0.,0.,0.,0.,0.,0.,0.,0.,0.,0.,0.,0.,0.,0.,0.,0.,0.,0.,0.,0.,0.,0.,0.,0.,0.,0.001,0.001,0.,0.,0.,0.,0.,0.,0.,0.,0.,0.,0.,0.,0.,0.,0.,0.
2,0.001,0.001,0.,0.,0.,0.,0.,0.,0.,0.,0.,0.,0.,0.,0.,0.,0.,0.,0.,0.,0.,0.,0.,0.,0.,0.,0.,0.,0.,0.,0.,0.,0.,0.,0.,0.,0.,0.,0.,0.001,0.001,0.,0.,0.,0.,0.,0.,0.,0.,0.,0.,0.,0.,0.,0.,0.,0.
3,0.002,0.,0.002,0.,0.,0.,0.,0.,0.,0.,0.,0.,0.,0.,0.,0.,0.,0.,0.,0.,0.,0.,0.,0.,0.,0.,0.,0.,0.,0.,0.,0.,0.,0.,0.,0.,0.,0.,0.,0.001,0.,0.001,0.,0.,0.,0.,0.,0.,0.,0.,0.,0.,0.,0.,0.,0.,0.
4,0.003,0.001,0.001,0.,0.,0.,0.,0.,0.,0.,0.,0.,0.,0.,0.,0.,0.,0.,0.,0.,0.,0.,0.,0.,0.,0.,0.,0.,0.,0.,0.,0.,0.,0.,0.,0.,0.,0.,0.,0.002,0.001,0.001,0.,0.,0.,0.,0.,0.,0.,0.,0.,0.,0.,0.,0.,0.,0.
5,0.003,0.,0.003,0.,0.,0.,0.,0.,0.,0.,0.,0.,0.,0.,0.,0.,0.,0.,0.,0.,0.,0.,0.,0.,0.,0.,0.,0.,0.,0.,0.,0.,0.,0.,0.,0.,0.,0.,0.,0.003,0.,0.003,0.,0.,0.,0.,0.,0.,0.,0.,0.,0.,0.,0.,0.,0.,0.
6,0.003,0.,0.003,0.,0.,0.,0.,0.,0.,0.,0.,0.,0.001,0.,0.001,0.,0.,0.,0.,0.,0.,0.,0.,0.,0.,0.,0.,0.,0.,0.,0.,0.,0.,0.,0.,0.,0.,0.,0.,0.003,0.,0.003,0.,0.,0.,0.,0.,0.,0.,0.,0.,0.,0.,0.,0.,0.,0.
7,0.004,0.,0.004,0.,0.,0.,0.,0.,0.,0.,0.,0.,0.001,0.,0.001,0.,0.,0.,0.001,0.,0.001,0.,0.,0.,0.,0.,0.,0.,0.,0.,0.,0.,0.,0.,0.,0.,0.,0.,0.,0.003,0.,0.003,0.,0.,0.,0.,0.,0.,0.,0.,0.,0.,0.,0.,0.,0.,0.
8,0.004,0.,0.004,0.,0.,0.,0.,0.,0.,0.,0.,0.,0.001,0.,0.001,0.,0.,0.,0.001,0.,0.001,0.,0.,0.,0.,0.,0.,0.,0.,0.,0.,0.,0.,0.,0.,0.,0.,0.,0.,0.004,0.,0.004,0.,0.,0.,0.,0.,0.,0.,0.,0.,0.,0.,0.,0.,0.,0.
9,0.005,0.001,0.003,0.,0.,0.,0.,0.,0.,0.,0.,0.,0.001,0.,0.001,0.,0.,0.,0.001,0.,0.001,0.,0.,0.,0.,0.,0.,0.,0.,0.,0.,0.,0.,0.,0.,0.,0.,0.,0.,0.004,0.001,0.003,0.,0.,0.,0.,0.,0.,0.,0.,0.,0.,0.,0.,0.,0.,0.
10,0.005,0.005,0.,0.,0.,0.,0.,0.,0.,0.,0.,0.,0.001,0.001,0.,0.,0.,0.,0.001,0.001,0.,0.,0.,0.,0.,0.,0.,0.,0.,0.,0.,0.,0.,0.,0.,0.,0.,0.,0.,0.004,0.004,0.,0.,0.,0.,0.,0.,0.,0.,0.,0.,0.,0.,0.,0.,0.,0.
11,0.06,0.007,0.053,0.,0.,0.,0.,0.,0.,0.,0.,0.,0.057,0.007,0.05,0.,0.,0.,0.057,0.007,0.05,0.,0.,0.,0.,0.,0.,0.,0.,0.,0.,0.,0.,0.,0.,0.,0.,0.,0.,0.06,0.007,0.052,0.,0.,0.,0.,0.,0.,0.,0.,0.,0.,0.,0.,0.,0.,0.
12,0.004,0.,0.004,0.,0.,0.,0.,0.,0.,0.,0.,0.,0.,0.,0.,0.,0.,0.,0.,0.,0.,0.,0.,0.,0.,0.,0.,0.,0.,0.,0.,0.,0.,0.,0.,0.,0.,0.,0.,0.003,0.,0.003,0.,0.,0.,0.,0.,0.,0.,0.,0.,0.,0.,0.,0.,0.,0.
13,0.004,0.,0.004,0.,0.,0.,0.,0.,0.,0.,0.,0.,0.,0.,0.,0.,0.,0.,0.,0.,0.,0.,0.,0.,0.,0.,0.,0.,0.,0.,0.,0.,0.,0.,0.,0.,0.,0.,0.,0.004,0.,0.004,0.,0.,0.,0.,0.,0.,0.,0.,0.,0.,0.,0.,0.,0.,0.
14,0.005,0.,0.005,0.,0.,0.,0.,0.,0.,0.,0.,0.,0.001,0.,0.001,0.,0.,0.,0.001,0.,0.001,0.,0.,0.,0.,0.,0.,0.,0.,0.,0.,0.,0.,0.,0.,0.,0.,0.,0.,0.004,0.,0.004,0.,0.,0.,0.,0.,0.,0.,0.,0.,0.,0.,0.,0.,0.,0.
15,0.005,0.,0.005,0.,0.,0.,0.,0.,0.,0.,0.,0.,0.001,0.,0.001,0.,0.,0.,0.001,0.,0.001,0.,0.,0.,0.,0.,0.,0.,0.,0.,0.,0.,0.,0.,0.,0.,0.,0.,0.,0.004,0.,0.004,0.,0.,0.,0.,0.,0.,0.,0.,0.,0.,0.,0.,0.,0.,0.
16,0.005,0.,0.005,0.,0.,0.,0.,0.,0.,0.,0.,0.,0.001,0.,0.001,0.,0.,0.,0.001,0.,0.001,0.,0.,0.,0.,0.,0.,0.,0.,0.,0.,0.,0.,0.,0.,0.,0.,0.,0.,0.004,0.,0.004,0.,0.,0.,0.,0.,0.,0.,0.,0.,0.,0.,0.,0.,0.,0.
17,0.005,0.,0.005,0.,0.,0.,0.,0.,0.,0.,0.,0.,0.001,0.,0.001,0.,0.,0.,0.001,0.,0.001,0.,0.,0.,0.,0.,0.,0.,0.,0.,0.,0.,0.,0.,0.,0.,0.,0.,0.,0.005,0.,0.005,0.,0.,0.,0.,0.,0.,0.,0.,0.,0.,0.,0.,0.,0.,0.
18,0.006,0.,0.006,0.,0.,0.,0.,0.,0.,0.,0.,0.,0.001,0.,0.001,0.,0.,0.,0.001,0.,0.001,0.,0.,0.,0.,0.,0.,0.,0.,0.,0.,0.,0.,0.,0.,0.,0.,0.,0.,0.005,0.,0.005,0.,0.,0.,0.,0.,0.,0.,0.,0.,0.,0.,0.,0.,0.,0.
19,0.006,0.,0.006,0.,0.,0.,0.,0.,0.,0.,0.,0.,0.001,0.,0.001,0.,0.,0.,0.001,0.,0.001,0.,0.,0.,0.,0.,0.,0.,0.,0.,0.,0.,0.,0.,0.,0.,0.,0.,0.,0.005,0.,0.005,0.,0.,0.,0.,0.,0.,0.,0.,0.,0.,0.,0.,0.,0.,0.
20,0.006,0.,0.006,0.,0.,0.,0.,0.,0.,0.,0.,0.,0.001,0.,0.001,0.,0.,0.,0.001,0.,0.001,0.,0.,0.,0.,0.,0.,0.,0.,0.,0.,0.,0.,0.,0.,0.,0.,0.,0.,0.006,0.,0.006,0.,0.,0.,0.,0.,0.,0.,0.,0.,0.,0.,0.,0.,0.,0.
21,0.007,0.,0.007,0.,0.,0.,0.,0.,0.,0.,0.,0.,0.001,0.,0.001,0.,0.,0.,0.001,0.,0.001,0.,0.,0.,0.,0.,0.,0.,0.,0.,0.,0.,0.,0.,0.,0.,0.,0.,0.,0.006,0.,0.006,0.,0.,0.,0.,0.,0.,0.,0.,0.,0.,0.,0.,0.,0.,0.
22,0.007,0.,0.007,0.,0.,0.,0.,0.,0.,0.,0.,0.,0.001,0.,0.001,0.,0.,0.,0.001,0.,0.001,0.,0.,0.,0.,0.,0.,0.,0.,0.,0.,0.,0.,0.,0.,0.,0.,0.,0.,0.006,0.,0.006,0.,0.,0.,0.,0.,0.,0.,0.,0.,0.,0.,0.,0.,0.,0.
23,0.007,0.,0.007,0.,0.,0.,0.,0.,0.,0.,0.,0.,0.001,0.,0.001,0.,0.,0.,0.001,0.,0.001,0.,0.,0.,0.,0.,0.,0.,0.,0.,0.,0.,0.,0.,0.,0.,0.,0.,0.,0.006,0.,0.006,0.,0.,0.,0.,0.,0.,0.,0.,0.,0.,0.,0.,0.,0.,0.
24,0.008,0.,0.008,0.,0.,0.,0.,0.,0.,0.,0.,0.,0.001,0.,0.001,0.,0.,0.,0.001,0.,0.001,0.,0.,0.,0.,0.,0.,0.,0.,0.,0.,0.,0.,0.,0.,0.,0.,0.,0.,0.007,0.,0.007,0.,0.,0.,0.,0.,0.,0.,0.,0.,0.,0.,0.,0.,0.,0.
25,0.008,0.,0.008,0.,0.,0.,0.,0.,0.,0.,0.,0.,0.001,0.,0.001,0.,0.,0.,0.001,0.,0.001,0.,0.,0.,0.,0.,0.,0.,0.,0.,0.,0.,0.,0.,0.,0.,0.,0.,0.,0.007,0.,0.007,0.,0.,0.,0.,0.,0.,0.,0.,0.,0.,0.,0.,0.,0.,0.
26,0.01,0.,0.01,0.,0.,0.,0.,0.,0.,0.,0.,0.,0.003,0.,0.003,0.,0.,0.,0.002,0.,0.002,0.,0.,0.,0.,0.,0.,0.,0.,0.,0.,0.,0.,0.,0.,0.,0.,0.,0.,0.008,0.,0.008,0.,0.,0.,0.,0.,0.,0.,0.,0.,0.,0.,0.,0.,0.,0.
27,0.009,0.,0.009,0.,0.,0.,0.,0.,0.,0.,0.,0.,0.001,0.,0.001,0.,0.,0.,0.001,0.,0.001,0.,0.,0.,0.,0.,0.,0.,0.,0.,0.,0.,0.,0.,0.,0.,0.,0.,0.,0.008,0.,0.008,0.,0.,0.,0.,0.,0.,0.,0.,0.,0.,0.,0.,0.,0.,0.
28,0.009,0.,0.009,0.,0.,0.,0.,0.,0.,0.,0.,0.,0.002,0.,0.002,0.,0.,0.,0.001,0.,0.001,0.,0.,0.,0.,0.,0.,0.,0.,0.,0.,0.,0.,0.,0.,0.,0.,0.,0.,0.008,0.,0.008,0.,0.,0.,0.,0.,0.,0.,0.,0.,0.,0.,0.,0.,0.,0.
29,0.01,0.,0.01,0.,0.,0.,0.,0.,0.,0.,0.,0.,0.002,0.,0.002,0.,0.,0.,0.002,0.,0.002,0.,0.,0.,0.,0.,0.,0.,0.,0.,0.,0.,0.,0.,0.,0.,0.,0.,0.,0.008,0.,0.008,0.,0.,0.,0.,0.,0.,0.,0.,0.,0.,0.,0.,0.,0.,0.
30,0.01,0.,0.01,0.,0.,0.,0.,0.,0.,0.,0.,0.,0.002,0.,0.002,0.,0.,0.,0.002,0.,0.002,0.,0.,0.,0.,0.,0.,0.,0.,0.,0.,0.,0.,0.001,0.,0.001,0.,0.,0.,0.009,0.,0.009,0.,0.,0.,0.,0.,0.,0.,0.,0.,0.,0.,0.,0.,0.,0.
31,0.011,0.,0.011,0.,0.,0.,0.,0.,0.,0.,0.,0.,0.002,0.,0.002,0.,0.,0.,0.002,0.,0.002,0.,0.,0.,0.,0.,0.,0.,0.,0.,0.,0.,0.,0.001,0.,0.001,0.,0.,0.,0.01,0.,0.01,0.,0.,0.,0.,0.,0.,0.,0.,0.,0.,0.,0.,0.,0.,0.
32,0.011,0.,0.011,0.,0.,0.,0.,0.,0.,0.,0.,0.,0.002,0.,0.002,0.,0.,0.,0.002,0.,0.002,0.,0.,0.,0.,0.,0.,0.,0.,0.,0.,0.,0.,0.001,0.,0.001,0.,0.,0.,0.009,0.,0.009,0.,0.,0.,0.,0.,0.,0.,0.,0.,0.,0.,0.,0.,0.,0.
33,0.011,0.,0.011,0.,0.,0.,0.,0.,0.,0.,0.,0.,0.002,0.,0.002,0.,0.,0.,0.002,0.,0.002,0.,0.,0.,0.,0.,0.,0.,0.,0.,0.,0.,0.,0.001,0.,0.001,0.,0.,0.,0.01,0.,0.01,0.,0.,0.,0.,0.,0.,0.,0.,0.,0.,0.,0.,0.,0.,0.
34,0.012,0.,0.012,0.,0.,0.,0.,0.,0.,0.,0.,0.,0.002,0.,0.002,0.,0.,0.,0.002,0.,0.002,0.,0.,0.,0.,0.,0.,0.,0.,0.,0.,0.,0.,0.001,0.,0.001,0.,0.,0.,0.01,0.,0.01,0.,0.,0.,0.,0.,0.,0.,0.,0.,0.,0.,0.,0.,0.,0.
35,0.014,0.,0.014,0.,0.,0.,0.,0.,0.,0.,0.,0.,0.002,0.,0.002,0.,0.,0.,0.002,0.,0.002,0.002,0.,0.002,0.,0.,0.,0.,0.,0.,0.,0.,0.,0.001,0.,0.001,0.,0.,0.,0.012,0.,0.012,0.,0.,0.,0.,0.,0.,0.,0.,0.,0.,0.,0.,0.,0.,0.
36,0.012,0.,0.012,0.,0.,0.,0.,0.,0.,0.,0.,0.,0.002,0.,0.002,0.,0.,0.,0.002,0.,0.002,0.,0.,0.,0.,0.,0.,0.,0.,0.,0.,0.,0.,0.001,0.,0.001,0.,0.,0.,0.011,0.,0.011,0.,0.,0.,0.,0.,0.,0.,0.,0.,0.,0.,0.,0.,0.,0.
37,0.013,0.,0.013,0.,0.,0.,0.,0.,0.,0.,0.,0.,0.002,0.,0.002,0.,0.,0.,0.002,0.,0.002,0.,0.,0.,0.,0.,0.,0.,0.,0.,0.001,0.,0.001,0.001,0.,0.001,0.,0.,0.,0.011,0.,0.011,0.001,0.,0.001,0.,0.,0.,0.,0.,0.,0.,0.,0.,0.,0.,0.
38,0.013,0.,0.013,0.,0.,0.,0.,0.,0.,0.,0.,0.,0.003,0.,0.003,0.,0.,0.,0.003,0.,0.003,0.,0.,0.,0.,0.,0.,0.,0.,0.,0.,0.,0.,0.001,0.,0.001,0.,0.,0.,0.012,0.,0.012,0.,0.,0.,0.,0.,0.,0.,0.,0.,0.,0.,0.,0.,0.,0.
39,0.014,0.,0.014,0.,0.,0.,0.,0.,0.,0.,0.,0.,0.003,0.,0.003,0.,0.,0.,0.003,0.,0.003,0.,0.,0.,0.,0.,0.,0.,0.,0.,0.,0.,0.,0.001,0.,0.001,0.,0.,0.,0.012,0.,0.012,0.001,0.,0.001,0.,0.,0.,0.001,0.,0.001,0.,0.,0.,0.,0.,0.
40,0.014,0.,0.014,0.,0.,0.,0.,0.,0.,0.,0.,0.,0.002,0.,0.002,0.,0.,0.,0.002,0.,0.002,0.,0.,0.,0.001,0.,0.001,0.,0.,0.,0.001,0.,0.001,0.001,0.,0.001,0.,0.,0.,0.012,0.,0.012,0.001,0.,0.001,0.,0.,0.,0.001,0.,0.001,0.,0.,0.,0.001,0.,0.001
41,0.014,0.,0.014,0.,0.,0.,0.,0.,0.,0.,0.,0.,0.002,0.,0.002,0.,0.,0.,0.002,0.,0.002,0.,0.,0.,0.001,0.,0.001,0.,0.,0.,0.001,0.,0.001,0.001,0.,0.001,0.,0.,0.,0.013,0.,0.013,0.001,0.,0.001,0.,0.,0.,0.001,0.,0.001,0.,0.,0.,0.001,0.,0.001
42,0.016,0.,0.016,0.,0.,0.,0.,0.,0.,0.,0.,0.,0.002,0.,0.002,0.002,0.,0.002,0.002,0.,0.002,0.,0.,0.,0.001,0.,0.001,0.001,0.,0.001,0.001,0.,0.001,0.001,0.,0.001,0.,0.,0.,0.015,0.,0.015,0.001,0.,0.001,0.,0.,0.,0.001,0.,0.001,0.001,0.,0.001,0.001,0.,0.001
43,0.015,0.,0.015,0.,0.,0.,0.,0.,0.,0.,0.,0.,0.003,0.,0.003,0.,0.,0.,0.002,0.,0.002,0.,0.,0.,0.001,0.,0.001,0.001,0.,0.001,0.001,0.,0.001,0.001,0.,0.001,0.,0.,0.,0.013,0.,0.013,0.001,0.,0.001,0.,0.,0.,0.001,0.,0.001,0.001,0.,0.001,0.001,0.,0.001
44,0.015,0.,0.015,0.,0.,0.,0.,0.,0.,0.,0.,0.,0.003,0.,0.003,0.,0.,0.,0.003,0.,0.003,0.,0.,0.,0.001,0.,0.001,0.001,0.,0.001,0.001,0.,0.001,0.001,0.,0.001,0.,0.,0.,0.013,0.,0.013,0.001,0.,0.001,0.,0.,0.,0.001,0.,0.001,0.001,0.,0.001,0.001,0.,0.001
45,0.016,0.,0.016,0.,0.,0.,0.,0.,0.,0.,0.,0.,0.003,0.,0.003,0.,0.,0.,0.003,0.,0.003,0.,0.,0.,0.001,0.,0.001,0.001,0.,0.001,0.001,0.,0.001,0.002,0.,0.002,0.,0.,0.,0.014,0.,0.014,0.001,0.,0.001,0.,0.,0.,0.001,0.,0.001,0.001,0.,0.001,0.001,0.,0.001
46,0.016,0.,0.016,0.,0.,0.,0.,0.,0.,0.,0.,0.,0.003,0.,0.003,0.,0.,0.,0.003,0.,0.003,0.,0.,0.,0.001,0.,0.001,0.001,0.,0.001,0.001,0.,0.001,0.001,0.,0.001,0.,0.,0.,0.014,0.,0.014,0.001,0.,0.001,0.,0.,0.,0.001,0.,0.001,0.001,0.,0.001,0.001,0.,0.001
47,0.016,0.,0.016,0.,0.,0.,0.,0.,0.,0.,0.,0.,0.003,0.,0.003,0.,0.,0.,0.003,0.,0.003,0.,0.,0.,0.001,0.,0.001,0.001,0.,0.001,0.001,0.,0.001,0.001,0.,0.001,0.,0.,0.,0.014,0.,0.014,0.001,0.,0.001,0.,0.,0.,0.001,0.,0.001,0.001,0.,0.001,0.001,0.,0.001
48,0.017,0.,0.017,0.,0.,0.,0.,0.,0.,0.,0.,0.,0.003,0.,0.003,0.,0.,0.,0.003,0.,0.003,0.,0.,0.,0.001,0.,0.001,0.001,0.,0.001,0.001,0.,0.001,0.001,0.,0.001,0.,0.,0.,0.015,0.,0.015,0.001,0.,0.001,0.,0.,0.,0.001,0.,0.001,0.001,0.,0.001,0.001,0.,0.001
49,0.019,0.,0.019,0.,0.,0.,0.,0.,0.,0.,0.,0.,0.003,0.,0.003,0.,0.,0.,0.003,0.,0.003,0.,0.,0.,0.001,0.,0.001,0.001,0.,0.001,0.001,0.,0.001,0.001,0.,0.001,0.,0.,0.,0.015,0.,0.015,0.001,0.,0.001,0.,0.,0.,0.001,0.,0.001,0.001,0.,0.001,0.001,0.,0.001
50,0.027,0.015,0.011,0.,0.,0.,0.,0.,0.,0.,0.,0.,0.006,0.004,0.001,0.,0.,0.,0.006,0.004,0.001,0.001,0.,0.001,0.002,0.002,0.,0.001,0.,0.001,0.002,0.002,0.,0.002,0.,0.001,0.,0.,0.,0.024,0.015,0.009,0.002,0.002,0.,0.001,0.,0.001,0.001,0.001,0.,0.002,0.,0.002,0.001,0.001,0.
51,0.018,0.,0.018,0.,0.,0.,0.,0.,0.,0.,0.,0.,0.003,0.,0.003,0.,0.,0.,0.003,0.,0.003,0.,0.,0.,0.001,0.,0.001,0.001,0.,0.001,0.001,0.,0.001,0.002,0.,0.002,0.,0.,0.,0.016,0.,0.016,0.001,0.,0.001,0.,0.,0.,0.001,0.,0.001,0.001,0.,0.001,0.001,0.,0.001
52,0.02,0.,0.02,0.,0.,0.,0.,0.,0.,0.,0.,0.,0.003,0.,0.003,0.,0.,0.,0.003,0.,0.003,0.,0.,0.,0.001,0.,0.001,0.001,0.,0.001,0.001,0.,0.001,0.002,0.,0.002,0.,0.,0.,0.017,0.,0.017,0.001,0.,0.001,0.,0.,0.,0.001,0.,0.001,0.001,0.,0.001,0.002,0.,0.002
53,0.019,0.,0.019,0.,0.,0.,0.,0.,0.,0.,0.,0.,0.003,0.,0.003,0.,0.,0.,0.003,0.,0.003,0.,0.,0.,0.001,0.,0.001,0.001,0.,0.001,0.001,0.,0.001,0.002,0.,0.002,0.,0.,0.,0.017,0.,0.017,0.001,0.,0.001,0.,0.,0.,0.001,0.,0.001,0.001,0.,0.001,0.001,0.,0.001
54,0.02,0.,0.02,0.,0.,0.,0.,0.,0.,0.,0.,0.,0.003,0.,0.003,0.,0.,0.,0.003,0.,0.003,0.,0.,0.,0.001,0.,0.001,0.001,0.,0.001,0.001,0.,0.001,0.002,0.,0.002,0.,0.,0.,0.017,0.,0.017,0.001,0.,0.001,0.,0.,0.,0.001,0.,0.001,0.001,0.,0.001,0.001,0.,0.001
55,0.023,0.,0.023,0.,0.,0.,0.,0.,0.,0.,0.,0.,0.003,0.,0.003,0.,0.,0.,0.003,0.,0.003,0.,0.,0.,0.001,0.,0.001,0.001,0.,0.001,0.001,0.,0.001,0.002,0.,0.002,0.,0.,0.,0.02,0.,0.02,0.001,0.,0.001,0.,0.,0.,0.001,0.,0.001,0.004,0.,0.004,0.001,0.,0.001
56,0.02,0.,0.02,0.,0.,0.,0.,0.,0.,0.,0.,0.,0.003,0.,0.003,0.,0.,0.,0.003,0.,0.003,0.,0.,0.,0.001,0.,0.001,0.001,0.,0.001,0.001,0.,0.001,0.002,0.,0.002,0.,0.,0.,0.018,0.,0.018,0.001,0.,0.001,0.,0.,0.,0.001,0.,0.001,0.001,0.,0.001,0.001,0.,0.001
57,0.021,0.,0.021,0.,0.,0.,0.,0.,0.,0.,0.,0.,0.004,0.,0.004,0.,0.,0.,0.003,0.,0.003,0.,0.,0.,0.001,0.,0.001,0.001,0.,0.001,0.001,0.,0.001,0.002,0.,0.002,0.,0.,0.,0.018,0.,0.018,0.001,0.,0.001,0.,0.,0.,0.001,0.,0.001,0.001,0.,0.001,0.001,0.,0.001
58,0.022,0.,0.022,0.,0.,0.,0.,0.,0.,0.,0.,0.,0.004,0.,0.004,0.,0.,0.,0.004,0.,0.004,0.,0.,0.,0.001,0.,0.001,0.001,0.,0.001,0.001,0.,0.001,0.002,0.,0.002,0.,0.,0.,0.019,0.,0.019,0.001,0.,0.001,0.,0.,0.,0.001,0.,0.001,0.001,0.,0.001,0.001,0.,0.001
59,0.022,0.,0.022,0.,0.,0.,0.,0.,0.,0.,0.,0.,0.004,0.,0.004,0.,0.,0.,0.004,0.,0.004,0.,0.,0.,0.001,0.,0.001,0.001,0.,0.001,0.001,0.,0.001,0.002,0.,0.002,0.,0.,0.,0.019,0.,0.019,0.001,0.,0.001,0.,0.,0.,0.001,0.,0.001,0.001,0.,0.001,0.001,0.,0.001
60,0.024,0.,0.024,0.,0.,0.,0.,0.,0.,0.,0.,0.,0.004,0.,0.004,0.,0.,0.,0.004,0.,0.004,0.,0.,0.,0.001,0.,0.001,0.001,0.,0.001,0.001,0.,0.001,0.002,0.,0.002,0.,0.,0.,0.021,0.,0.021,0.001,0.,0.001,0.,0.,0.,0.001,0.,0.001,0.003,0.,0.003,0.001,0.,0.001
61,0.023,0.,0.023,0.,0.,0.,0.,0.,0.,0.,0.,0.,0.004,0.,0.004,0.,0.,0.,0.004,0.,0.004,0.,0.,0.,0.001,0.,0.001,0.001,0.,0.001,0.001,0.,0.001,0.002,0.,0.002,0.,0.,0.,0.02,0.,0.02,0.001,0.,0.001,0.,0.,0.,0.001,0.,0.001,0.001,0.,0.001,0.001,0.,0.001
62,0.024,0.,0.024,0.,0.,0.,0.,0.,0.,0.,0.,0.,0.004,0.,0.004,0.,0.,0.,0.004,0.,0.004,0.,0.,0.,0.001,0.,0.001,0.001,0.,0.001,0.001,0.,0.001,0.002,0.,0.002,0.,0.,0.,0.021,0.,0.021,0.002,0.,0.002,0.,0.,0.,0.001,0.,0.001,0.001,0.,0.001,0.001,0.,0.001
63,0.024,0.,0.024,0.,0.,0.,0.,0.,0.,0.,0.,0.,0.004,0.,0.004,0.,0.,0.,0.004,0.,0.004,0.,0.,0.,0.001,0.,0.001,0.001,0.,0.001,0.001,0.,0.001,0.002,0.,0.002,0.,0.,0.,0.021,0.,0.021,0.001,0.,0.001,0.,0.,0.,0.001,0.,0.001,0.001,0.,0.001,0.001,0.,0.001
64,0.027,0.,0.027,0.,0.,0.,0.,0.,0.,0.,0.,0.,0.005,0.,0.005,0.,0.,0.,0.005,0.,0.005,0.001,0.,0.001,0.002,0.,0.002,0.001,0.,0.001,0.002,0.,0.002,0.002,0.,0.002,0.,0.,0.,0.024,0.,0.024,0.002,0.,0.002,0.001,0.,0.001,0.002,0.,0.002,0.001,0.,0.001,0.002,0.,0.002
65,0.029,0.,0.029,0.,0.,0.,0.,0.,0.,0.,0.,0.,0.008,0.,0.008,0.,0.,0.,0.008,0.,0.008,0.001,0.,0.001,0.001,0.,0.001,0.001,0.,0.001,0.001,0.,0.001,0.002,0.,0.002,0.,0.,0.,0.026,0.,0.026,0.002,0.,0.002,0.001,0.,0.001,0.001,0.,0.001,0.001,0.,0.001,0.001,0.,0.001
66,0.027,0.,0.027,0.,0.,0.,0.,0.,0.,0.,0.,0.,0.005,0.,0.005,0.,0.,0.,0.005,0.,0.005,0.001,0.,0.001,0.002,0.,0.002,0.002,0.,0.002,0.002,0.,0.002,0.002,0.,0.002,0.,0.,0.,0.024,0.,0.024,0.002,0.,0.002,0.001,0.,0.001,0.002,0.,0.002,0.002,0.,0.002,0.001,0.,0.001
67,0.026,0.,0.026,0.001,0.,0.001,0.,0.,0.,0.,0.,0.,0.004,0.,0.004,0.,0.,0.,0.004,0.,0.004,0.001,0.,0.001,0.002,0.,0.002,0.001,0.,0.001,0.002,0.,0.002,0.002,0.,0.002,0.,0.,0.,0.023,0.,0.023,0.002,0.,0.002,0.001,0.,0.001,0.002,0.,0.002,0.001,0.,0.001,0.002,0.,0.002
68,0.026,0.,0.026,0.,0.,0.,0.,0.,0.,0.,0.,0.,0.004,0.,0.004,0.,0.,0.,0.004,0.,0.004,0.001,0.,0.001,0.002,0.,0.002,0.001,0.,0.001,0.002,0.,0.002,0.003,0.,0.003,0.,0.,0.,0.022,0.,0.022,0.002,0.,0.002,0.,0.,0.,0.002,0.,0.002,0.001,0.,0.001,0.002,0.,0.002
69,0.029,0.,0.029,0.,0.,0.,0.,0.,0.,0.002,0.,0.002,0.004,0.,0.004,0.,0.,0.,0.004,0.,0.004,0.001,0.,0.001,0.002,0.,0.002,0.001,0.,0.001,0.002,0.,0.002,0.003,0.,0.003,0.,0.,0.,0.025,0.,0.025,0.002,0.,0.002,0.001,0.,0.001,0.002,0.,0.002,0.001,0.,0.001,0.002,0.,0.002
70,0.027,0.,0.027,0.,0.,0.,0.,0.,0.,0.,0.,0.,0.004,0.,0.004,0.,0.,0.,0.004,0.,0.004,0.001,0.,0.001,0.002,0.,0.002,0.002,0.,0.002,0.002,0.,0.002,0.003,0.,0.003,0.,0.,0.,0.023,0.,0.023,0.002,0.,0.002,0.001,0.,0.001,0.002,0.,0.002,0.002,0.,0.002,0.002,0.,0.002
71,0.029,0.,0.029,0.,0.,0.,0.,0.,0.,0.,0.,0.,0.005,0.,0.005,0.,0.,0.,0.005,0.,0.005,0.001,0.,0.001,0.002,0.,0.002,0.003,0.,0.003,0.002,0.,0.002,0.003,0.,0.003,0.,0.,0.,0.026,0.,0.026,0.002,0.,0.002,0.001,0.,0.001,0.002,0.,0.002,0.002,0.,0.002,0.002,0.,0.002
72,0.028,0.,0.028,0.,0.,0.,0.,0.,0.,0.,0.,0.,0.005,0.,0.005,0.,0.,0.,0.004,0.,0.004,0.001,0.,0.001,0.002,0.,0.002,0.002,0.,0.002,0.002,0.,0.002,0.003,0.,0.003,0.,0.,0.,0.024,0.,0.024,0.002,0.,0.002,0.001,0.,0.001,0.002,0.,0.002,0.002,0.,0.002,0.002,0.,0.002
73,0.03,0.,0.03,0.,0.,0.,0.,0.,0.,0.,0.,0.,0.005,0.,0.005,0.,0.,0.,0.004,0.,0.004,0.001,0.,0.001,0.002,0.,0.002,0.003,0.,0.003,0.002,0.,0.002,0.003,0.,0.003,0.,0.,0.,0.026,0.,0.026,0.002,0.,0.002,0.001,0.,0.001,0.002,0.,0.002,0.002,0.,0.002,0.002,0.,0.002
74,0.029,0.,0.029,0.,0.,0.,0.,0.,0.,0.,0.,0.,0.005,0.,0.005,0.,0.,0.,0.005,0.,0.005,0.001,0.,0.001,0.002,0.,0.002,0.002,0.,0.002,0.002,0.,0.002,0.003,0.,0.003,0.,0.,0.,0.025,0.,0.025,0.002,0.,0.002,0.001,0.,0.001,0.002,0.,0.002,0.002,0.,0.002,0.002,0.,0.002
75,0.03,0.,0.03,0.,0.,0.,0.,0.,0.,0.001,0.,0.001,0.005,0.,0.005,0.,0.,0.,0.005,0.,0.005,0.001,0.,0.001,0.002,0.,0.002,0.002,0.,0.002,0.002,0.,0.002,0.003,0.,0.003,0.,0.,0.,0.026,0.,0.026,0.002,0.,0.002,0.001,0.,0.001,0.002,0.,0.002,0.002,0.,0.002,0.002,0.,0.002
76,0.03,0.,0.03,0.,0.,0.,0.,0.,0.,0.,0.,0.,0.005,0.,0.005,0.,0.,0.,0.005,0.,0.005,0.001,0.,0.001,0.002,0.,0.002,0.002,0.,0.002,0.002,0.,0.002,0.003,0.,0.003,0.,0.,0.,0.026,0.,0.026,0.002,0.,0.002,0.001,0.,0.001,0.002,0.,0.002,0.002,0.,0.002,0.002,0.,0.002
77,0.033,0.,0.033,0.,0.,0.,0.,0.,0.,0.,0.,0.,0.005,0.,0.005,0.,0.,0.,0.005,0.,0.005,0.003,0.,0.003,0.002,0.,0.002,0.002,0.,0.002,0.002,0.,0.002,0.003,0.,0.003,0.,0.,0.,0.028,0.,0.028,0.002,0.,0.002,0.001,0.,0.001,0.002,0.,0.002,0.002,0.,0.002,0.002,0.,0.002
78,0.031,0.,0.031,0.,0.,0.,0.,0.,0.,0.,0.,0.,0.005,0.,0.005,0.,0.,0.,0.005,0.,0.005,0.001,0.,0.001,0.002,0.,0.002,0.002,0.,0.002,0.002,0.,0.002,0.003,0.,0.003,0.,0.,0.,0.027,0.,0.027,0.002,0.,0.002,0.001,0.,0.001,0.002,0.,0.002,0.002,0.,0.002,0.002,0.,0.002
79,0.033,0.,0.032,0.,0.,0.,0.,0.,0.,0.,0.,0.,0.006,0.,0.006,0.,0.,0.,0.006,0.,0.006,0.001,0.,0.001,0.002,0.,0.002,0.002,0.,0.002,0.002,0.,0.002,0.003,0.,0.003,0.,0.,0.,0.028,0.,0.028,0.002,0.,0.002,0.001,0.,0.001,0.002,0.,0.002,0.002,0.,0.002,0.002,0.,0.002
80,0.033,0.,0.033,0.,0.,0.,0.,0.,0.,0.,0.,0.,0.005,0.,0.005,0.,0.,0.,0.005,0.,0.005,0.001,0.,0.001,0.002,0.,0.002,0.002,0.,0.002,0.002,0.,0.002,0.003,0.,0.003,0.,0.,0.,0.028,0.,0.028,0.002,0.,0.002,0.001,0.,0.001,0.002,0.,0.002,0.002,0.,0.002,0.002,0.,0.002
81,0.032,0.,0.032,0.,0.,0.,0.,0.,0.,0.,0.,0.,0.005,0.,0.005,0.,0.,0.,0.005,0.,0.005,0.001,0.,0.001,0.002,0.,0.002,0.002,0.,0.002,0.002,0.,0.002,0.003,0.,0.003,0.,0.,0.,0.028,0.,0.028,0.002,0.,0.002,0.001,0.,0.001,0.002,0.,0.002,0.002,0.,0.002,0.002,0.,0.002
82,0.035,0.,0.035,0.,0.,0.,0.,0.,0.,0.,0.,0.,0.005,0.,0.005,0.,0.,0.,0.005,0.,0.005,0.001,0.,0.001,0.002,0.,0.002,0.002,0.,0.002,0.004,0.,0.004,0.003,0.,0.003,0.,0.,0.,0.03,0.,0.03,0.002,0.,0.002,0.001,0.,0.001,0.002,0.,0.002,0.002,0.,0.002,0.002,0.,0.002
83,0.034,0.,0.034,0.,0.,0.,0.,0.,0.,0.,0.,0.,0.005,0.,0.005,0.,0.,0.,0.005,0.,0.005,0.001,0.,0.001,0.002,0.,0.002,0.002,0.,0.002,0.002,0.,0.002,0.004,0.,0.004,0.,0.,0.,0.029,0.,0.029,0.002,0.,0.002,0.001,0.,0.001,0.002,0.,0.002,0.002,0.,0.002,0.002,0.,0.002
84,0.036,0.,0.036,0.,0.,0.,0.,0.,0.,0.,0.,0.,0.005,0.,0.005,0.,0.,0.,0.005,0.,0.005,0.001,0.,0.001,0.002,0.,0.002,0.004,0.,0.004,0.002,0.,0.002,0.004,0.,0.004,0.,0.,0.,0.031,0.,0.031,0.002,0.,0.002,0.001,0.,0.001,0.002,0.,0.002,0.002,0.,0.002,0.002,0.,0.002
85,0.035,0.,0.035,0.,0.,0.,0.,0.,0.,0.,0.,0.,0.005,0.,0.005,0.,0.,0.,0.005,0.,0.005,0.001,0.,0.001,0.002,0.,0.002,0.002,0.,0.002,0.002,0.,0.002,0.004,0.,0.004,0.,0.,0.,0.03,0.,0.03,0.002,0.,0.002,0.001,0.,0.001,0.002,0.,0.002,0.002,0.,0.002,0.002,0.,0.002
86,0.037,0.003,0.033,0.,0.,0.,0.,0.,0.,0.,0.,0.,0.007,0.003,0.004,0.,0.,0.,0.007,0.003,0.004,0.001,0.,0.001,0.002,0.,0.002,0.002,0.,0.002,0.002,0.,0.002,0.004,0.,0.004,0.,0.,0.,0.032,0.003,0.028,0.002,0.,0.002,0.001,0.,0.001,0.002,0.,0.002,0.002,0.,0.002,0.002,0.,0.002
87,0.037,0.,0.037,0.,0.,0.,0.,0.,0.,0.,0.,0.,0.006,0.,0.006,0.,0.,0.,0.005,0.,0.005,0.001,0.,0.001,0.002,0.,0.002,0.002,0.,0.002,0.002,0.,0.002,0.004,0.,0.004,0.,0.,0.,0.032,0.,0.032,0.004,0.,0.004,0.001,0.,0.001,0.002,0.,0.002,0.002,0.,0.002,0.002,0.,0.002
88,0.036,0.,0.036,0.,0.,0.,0.,0.,0.,0.,0.,0.,0.006,0.,0.006,0.,0.,0.,0.005,0.,0.005,0.001,0.,0.001,0.002,0.,0.002,0.002,0.,0.002,0.003,0.,0.003,0.004,0.,0.004,0.,0.,0.,0.031,0.,0.031,0.003,0.,0.003,0.001,0.,0.001,0.003,0.,0.003,0.002,0.,0.002,0.003,0.,0.003
89,0.038,0.,0.038,0.,0.,0.,0.,0.,0.,0.,0.,0.,0.006,0.,0.006,0.,0.,0.,0.006,0.,0.006,0.001,0.,0.001,0.003,0.,0.003,0.004,0.,0.004,0.003,0.,0.003,0.004,0.,0.004,0.,0.,0.,0.033,0.,0.033,0.003,0.,0.003,0.001,0.,0.001,0.003,0.,0.003,0.002,0.,0.002,0.003,0.,0.003
90,0.037,0.,0.037,0.,0.,0.,0.,0.,0.,0.,0.,0.,0.006,0.,0.006,0.,0.,0.,0.006,0.,0.006,0.001,0.,0.001,0.003,0.,0.003,0.002,0.,0.002,0.003,0.,0.003,0.004,0.,0.004,0.,0.,0.,0.032,0.,0.032,0.003,0.,0.003,0.001,0.,0.001,0.003,0.,0.003,0.002,0.,0.002,0.003,0.,0.003
91,0.04,0.,0.04,0.,0.,0.,0.,0.,0.,0.,0.,0.,0.008,0.,0.008,0.,0.,0.,0.008,0.,0.008,0.001,0.,0.001,0.003,0.,0.003,0.002,0.,0.002,0.003,0.,0.003,0.004,0.,0.004,0.,0.,0.,0.035,0.,0.035,0.003,0.,0.003,0.001,0.,0.001,0.003,0.,0.003,0.003,0.,0.003,0.003,0.,0.003
92,0.04,0.,0.04,0.,0.,0.,0.,0.,0.,0.,0.,0.,0.006,0.,0.006,0.,0.,0.,0.006,0.,0.006,0.001,0.,0.001,0.003,0.,0.003,0.003,0.,0.003,0.003,0.,0.003,0.004,0.,0.004,0.,0.,0.,0.034,0.,0.034,0.003,0.,0.003,0.001,0.,0.001,0.004,0.,0.004,0.003,0.,0.003,0.003,0.,0.003
93,0.04,0.,0.04,0.,0.,0.,0.,0.,0.,0.,0.,0.,0.006,0.,0.006,0.,0.,0.,0.006,0.,0.006,0.001,0.,0.001,0.003,0.,0.003,0.003,0.,0.003,0.003,0.,0.003,0.004,0.,0.004,0.,0.,0.,0.034,0.,0.034,0.003,0.,0.003,0.001,0.,0.001,0.003,0.,0.003,0.003,0.,0.003,0.003,0.,0.003
94,0.042,0.,0.042,0.,0.,0.,0.,0.,0.,0.,0.,0.,0.008,0.,0.008,0.,0.,0.,0.008,0.,0.008,0.001,0.,0.001,0.003,0.,0.003,0.003,0.,0.003,0.003,0.,0.003,0.004,0.,0.004,0.,0.,0.,0.036,0.,0.036,0.003,0.,0.003,0.001,0.,0.001,0.003,0.,0.003,0.003,0.,0.003,0.003,0.,0.003
95,0.042,0.,0.042,0.,0.,0.,0.,0.,0.,0.,0.,0.,0.006,0.,0.006,0.,0.,0.,0.006,0.,0.006,0.001,0.,0.001,0.003,0.,0.003,0.003,0.,0.003,0.004,0.,0.004,0.005,0.,0.005,0.,0.,0.,0.037,0.,0.037,0.003,0.,0.003,0.001,0.,0.001,0.003,0.,0.003,0.003,0.,0.003,0.003,0.,0.003
96,0.041,0.,0.041,0.,0.,0.,0.,0.,0.,0.,0.,0.,0.006,0.,0.006,0.,0.,0.,0.006,0.,0.006,0.001,0.,0.001,0.003,0.,0.003,0.003,0.,0.003,0.003,0.,0.003,0.005,0.,0.005,0.,0.,0.,0.035,0.,0.035,0.003,0.,0.003,0.001,0.,0.001,0.003,0.,0.003,0.003,0.,0.003,0.003,0.,0.003
97,0.043,0.,0.043,0.,0.,0.,0.,0.,0.,0.,0.,0.,0.008,0.,0.008,0.,0.,0.,0.008,0.,0.008,0.001,0.,0.001,0.003,0.,0.003,0.003,0.,0.003,0.003,0.,0.003,0.005,0.,0.005,0.,0.,0.,0.038,0.,0.038,0.003,0.,0.003,0.001,0.,0.001,0.003,0.,0.003,0.003,0.,0.003,0.003,0.,0.003
98,0.043,0.,0.043,0.,0.,0.,0.,0.,0.,0.,0.,0.,0.006,0.,0.006,0.,0.,0.,0.006,0.,0.006,0.001,0.,0.001,0.003,0.,0.003,0.003,0.,0.003,0.003,0.,0.003,0.005,0.,0.005,0.,0.,0.,0.037,0.,0.037,0.003,0.,0.003,0.001,0.,0.001,0.004,0.,0.004,0.003,0.,0.003,0.003,0.,0.003
99,0.043,0.,0.043,0.,0.,0.,0.,0.,0.,0.,0.,0.,0.006,0.,0.006,0.,0.,0.,0.006,0.,0.006,0.001,0.,0.001,0.003,0.,0.003,0.003,0.,0.003,0.003,0.,0.003,0.005,0.,0.005,0.,0.,0.,0.037,0.,0.037,0.003,0.,0.003,0.001,0.,0.001,0.003,0.,0.003,0.003,0.,0.003,0.003,0.,0.003
100,0.105,0.032,0.073,0.,0.,0.,0.,0.,0.,0.,0.,0.,0.013,0.,0.012,0.,0.,0.,0.013,0.,0.012,0.002,0.002,0.,0.004,0.,0.004,0.004,0.004,0.,0.052,0.016,0.036,0.005,0.,0.005,0.,0.,0.,0.1,0.032,0.068,0.003,0.,0.003,0.002,0.,0.002,0.004,0.003,0.001,0.004,0.004,0.,0.003,0.,0.003
110,0.052,0.,0.052,0.,0.,0.,0.,0.,0.,0.,0.,0.,0.01,0.,0.01,0.,0.,0.,0.01,0.,0.01,0.001,0.,0.001,0.004,0.,0.004,0.003,0.,0.003,0.004,0.,0.004,0.006,0.,0.006,0.,0.,0.,0.045,0.,0.045,0.004,0.,0.004,0.001,0.,0.001,0.004,0.,0.004,0.004,0.,0.004,0.004,0.,0.004
120,0.061,0.,0.061,0.,0.,0.,0.,0.,0.,0.,0.,0.,0.01,0.,0.01,0.,0.,0.,0.01,0.,0.01,0.002,0.,0.002,0.004,0.,0.004,0.004,0.,0.004,0.004,0.,0.004,0.007,0.,0.007,0.,0.,0.,0.053,0.,0.053,0.004,0.,0.004,0.003,0.,0.003,0.004,0.,0.004,0.004,0.,0.004,0.004,0.,0.004
130,0.065,0.,0.065,0.,0.,0.,0.,0.,0.,0.,0.,0.,0.009,0.,0.009,0.,0.,0.,0.008,0.,0.008,0.002,0.,0.002,0.005,0.,0.005,0.005,0.,0.005,0.005,0.,0.005,0.008,0.,0.008,0.,0.,0.,0.056,0.,0.056,0.005,0.,0.005,0.001,0.,0.001,0.005,0.,0.005,0.008,0.,0.008,0.005,0.,0.005
140,0.071,0.,0.071,0.,0.,0.,0.,0.,0.,0.,0.,0.,0.009,0.,0.009,0.,0.,0.,0.009,0.,0.009,0.002,0.,0.002,0.008,0.,0.008,0.005,0.,0.005,0.006,0.,0.006,0.009,0.,0.009,0.,0.,0.,0.061,0.,0.061,0.006,0.,0.006,0.002,0.,0.002,0.006,0.,0.006,0.005,0.,0.005,0.006,0.,0.006
150,0.079,0.,0.079,0.,0.,0.,0.,0.,0.,0.,0.,0.,0.01,0.,0.01,0.,0.,0.,0.01,0.,0.01,0.002,0.,0.002,0.006,0.,0.006,0.006,0.,0.006,0.007,0.,0.007,0.01,0.,0.01,0.,0.,0.,0.069,0.,0.069,0.006,0.,0.006,0.002,0.,0.002,0.007,0.,0.007,0.006,0.,0.006,0.008,0.,0.008
160,0.087,0.,0.087,0.,0.,0.,0.,0.,0.,0.,0.,0.,0.011,0.,0.011,0.,0.,0.,0.01,0.,0.01,0.002,0.,0.002,0.007,0.,0.007,0.007,0.,0.007,0.007,0.,0.007,0.011,0.,0.011,0.,0.,0.,0.075,0.,0.075,0.007,0.,0.007,0.002,0.,0.002,0.007,0.,0.007,0.009,0.,0.009,0.007,0.,0.007
170,0.093,0.,0.093,0.,0.,0.,0.,0.,0.,0.,0.,0.,0.011,0.,0.011,0.,0.,0.,0.011,0.,0.011,0.002,0.,0.002,0.008,0.,0.008,0.007,0.,0.007,0.008,0.,0.008,0.013,0.,0.013,0.,0.,0.,0.079,0.,0.079,0.008,0.,0.008,0.004,0.,0.004,0.008,0.,0.008,0.007,0.,0.007,0.008,0.,0.008
180,0.104,0.,0.104,0.,0.,0.,0.,0.,0.,0.,0.,0.,0.016,0.,0.016,0.,0.,0.,0.016,0.,0.016,0.002,0.,0.002,0.009,0.,0.009,0.008,0.,0.008,0.009,0.,0.009,0.014,0.,0.014,0.,0.,0.,0.089,0.,0.089,0.009,0.,0.009,0.002,0.,0.002,0.009,0.,0.009,0.008,0.,0.008,0.009,0.,0.009
190,0.111,0.,0.111,0.,0.,0.,0.,0.,0.,0.001,0.,0.,0.013,0.,0.013,0.,0.,0.,0.012,0.,0.012,0.002,0.,0.002,0.01,0.,0.01,0.009,0.,0.009,0.01,0.,0.01,0.016,0.,0.016,0.,0.,0.,0.094,0.,0.094,0.01,0.,0.01,0.002,0.,0.002,0.01,0.,0.01,0.009,0.,0.009,0.01,0.,0.01
200,0.126,0.,0.126,0.001,0.,0.001,0.001,0.,0.001,0.001,0.,0.001,0.013,0.,0.013,0.001,0.,0.001,0.013,0.,0.013,0.003,0.,0.003,0.016,0.,0.016,0.01,0.,0.01,0.011,0.,0.011,0.017,0.,0.017,0.,0.,0.,0.108,0.,0.108,0.011,0.,0.011,0.003,0.,0.003,0.011,0.,0.011,0.01,0.,0.01,0.011,0.,0.011
210,0.129,0.,0.129,0.001,0.,0.001,0.001,0.,0.001,0.001,0.,0.001,0.014,0.,0.014,0.001,0.,0.001,0.014,0.,0.014,0.003,0.,0.003,0.011,0.,0.011,0.013,0.,0.013,0.011,0.,0.011,0.019,0.,0.019,0.,0.,0.,0.109,0.,0.109,0.011,0.,0.011,0.003,0.,0.003,0.011,0.,0.011,0.011,0.,0.011,0.011,0.,0.011
220,0.144,0.003,0.141,0.001,0.,0.001,0.001,0.,0.001,0.001,0.,0.001,0.019,0.,0.019,0.001,0.,0.001,0.018,0.,0.018,0.003,0.,0.003,0.012,0.,0.012,0.012,0.,0.012,0.015,0.003,0.012,0.02,0.,0.02,0.,0.,0.,0.123,0.003,0.119,0.012,0.,0.012,0.003,0.,0.003,0.012,0.,0.012,0.012,0.,0.012,0.012,0.,0.012
230,0.152,0.,0.152,0.001,0.,0.001,0.001,0.,0.001,0.001,0.,0.001,0.015,0.,0.015,0.001,0.,0.001,0.015,0.,0.015,0.003,0.,0.003,0.013,0.,0.013,0.013,0.,0.013,0.013,0.,0.013,0.023,0.,0.023,0.,0.,0.,0.128,0.,0.128,0.013,0.,0.013,0.008,0.,0.008,0.013,0.,0.013,0.013,0.,0.013,0.013,0.,0.013
240,0.158,0.,0.158,0.001,0.,0.001,0.001,0.,0.001,0.001,0.,0.001,0.016,0.,0.016,0.001,0.,0.001,0.016,0.,0.016,0.003,0.,0.003,0.016,0.,0.016,0.014,0.,0.014,0.014,0.,0.014,0.024,0.,0.024,0.,0.,0.,0.133,0.,0.133,0.014,0.,0.014,0.003,0.,0.003,0.014,0.,0.014,0.014,0.,0.014,0.014,0.,0.014
250,0.174,0.,0.174,0.001,0.,0.001,0.001,0.,0.001,0.001,0.,0.001,0.018,0.,0.018,0.001,0.,0.001,0.018,0.,0.018,0.003,0.,0.003,0.015,0.,0.015,0.015,0.,0.015,0.015,0.,0.015,0.025,0.,0.025,0.,0.,0.,0.148,0.,0.148,0.016,0.,0.016,0.003,0.,0.003,0.015,0.,0.015,0.016,0.,0.016,0.02,0.,0.02
260,0.182,0.003,0.178,0.001,0.,0.001,0.001,0.001,0.,0.001,0.,0.001,0.018,0.,0.018,0.001,0.,0.001,0.018,0.,0.018,0.003,0.,0.003,0.016,0.002,0.014,0.016,0.,0.016,0.017,0.,0.017,0.027,0.,0.027,0.,0.,0.,0.153,0.003,0.149,0.017,0.,0.017,0.003,0.,0.003,0.019,0.,0.019,0.016,0.,0.016,0.017,0.,0.017
270,0.198,0.,0.198,0.001,0.,0.001,0.001,0.,0.001,0.001,0.,0.001,0.022,0.,0.022,0.001,0.,0.001,0.021,0.,0.021,0.004,0.,0.004,0.018,0.,0.018,0.017,0.,0.017,0.023,0.,0.023,0.029,0.,0.029,0.,0.,0.,0.167,0.,0.167,0.018,0.,0.018,0.003,0.,0.003,0.018,0.,0.018,0.017,0.,0.017,0.018,0.,0.018
280,0.21,0.,0.21,0.001,0.,0.001,0.001,0.,0.001,0.001,0.,0.001,0.022,0.,0.022,0.001,0.,0.001,0.022,0.,0.022,0.004,0.,0.004,0.019,0.,0.019,0.018,0.,0.018,0.025,0.,0.025,0.031,0.,0.031,0.,0.,0.,0.177,0.,0.177,0.019,0.,0.019,0.004,0.,0.004,0.019,0.,0.019,0.018,0.,0.018,0.019,0.,0.019
290,0.221,0.,0.221,0.001,0.,0.001,0.001,0.,0.001,0.001,0.,0.001,0.023,0.,0.023,0.001,0.,0.001,0.022,0.,0.022,0.004,0.,0.004,0.02,0.,0.02,0.019,0.,0.019,0.02,0.,0.02,0.033,0.,0.033,0.,0.,0.,0.187,0.,0.187,0.02,0.,0.02,0.004,0.,0.004,0.026,0.,0.026,0.019,0.,0.019,0.02,0.,0.02
300,0.233,0.003,0.229,0.001,0.,0.001,0.001,0.,0.001,0.001,0.,0.001,0.023,0.,0.023,0.001,0.,0.001,0.023,0.,0.023,0.004,0.,0.004,0.021,0.003,0.018,0.021,0.,0.021,0.027,0.,0.027,0.036,0.,0.036,0.,0.,0.,0.196,0.003,0.193,0.021,0.,0.021,0.004,0.,0.004,0.021,0.,0.021,0.021,0.,0.021,0.022,0.,0.022
310,0.249,0.,0.249,0.001,0.,0.001,0.001,0.,0.001,0.001,0.,0.001,0.023,0.,0.023,0.001,0.,0.001,0.023,0.,0.023,0.004,0.,0.004,0.028,0.,0.028,0.022,0.,0.022,0.023,0.,0.023,0.041,0.,0.041,0.,0.,0.,0.207,0.,0.207,0.023,0.,0.023,0.004,0.,0.004,0.023,0.,0.023,0.022,0.,0.022,0.023,0.,0.023
320,0.26,0.003,0.256,0.001,0.,0.001,0.001,0.,0.001,0.001,0.,0.001,0.022,0.,0.022,0.001,0.,0.001,0.021,0.,0.021,0.004,0.,0.004,0.024,0.,0.024,0.027,0.,0.027,0.024,0.,0.024,0.04,0.,0.04,0.,0.,0.,0.219,0.003,0.215,0.03,0.003,0.026,0.004,0.,0.004,0.024,0.,0.024,0.023,0.,0.023,0.024,0.,0.024
330,0.276,0.,0.276,0.001,0.,0.001,0.001,0.,0.001,0.001,0.,0.001,0.031,0.,0.031,0.006,0.,0.006,0.031,0.,0.031,0.005,0.,0.005,0.025,0.,0.025,0.024,0.,0.024,0.025,0.,0.025,0.042,0.,0.042,0.,0.,0.,0.232,0.,0.232,0.025,0.,0.025,0.004,0.,0.004,0.025,0.,0.025,0.025,0.,0.025,0.025,0.,0.025
340,0.296,0.,0.296,0.001,0.,0.001,0.001,0.,0.001,0.001,0.,0.001,0.031,0.,0.031,0.001,0.,0.001,0.031,0.,0.031,0.005,0.,0.005,0.026,0.,0.026,0.026,0.,0.026,0.026,0.,0.026,0.053,0.,0.053,0.,0.,0.,0.242,0.,0.241,0.027,0.,0.027,0.005,0.,0.005,0.027,0.,0.027,0.03,0.,0.03,0.027,0.,0.027
350,0.308,0.,0.308,0.001,0.,0.001,0.001,0.,0.001,0.001,0.,0.001,0.027,0.,0.027,0.001,0.,0.001,0.027,0.,0.027,0.005,0.,0.005,0.034,0.,0.034,0.029,0.,0.029,0.029,0.,0.029,0.05,0.,0.05,0.,0.,0.,0.257,0.,0.257,0.03,0.,0.03,0.005,0.,0.005,0.028,0.,0.028,0.028,0.,0.028,0.028,0.,0.028
360,0.315,0.,0.315,0.001,0.,0.001,0.001,0.,0.001,0.001,0.,0.001,0.028,0.,0.028,0.001,0.,0.001,0.028,0.,0.028,0.005,0.,0.005,0.029,0.,0.029,0.028,0.,0.028,0.029,0.,0.029,0.05,0.,0.05,0.,0.,0.,0.263,0.,0.263,0.03,0.,0.03,0.005,0.,0.005,0.038,0.,0.038,0.029,0.,0.029,0.03,0.,0.03
370,0.328,0.,0.328,0.001,0.,0.001,0.002,0.,0.002,0.002,0.,0.002,0.025,0.,0.025,0.002,0.,0.002,0.025,0.,0.025,0.005,0.,0.005,0.031,0.,0.031,0.03,0.,0.03,0.031,0.,0.031,0.052,0.,0.052,0.,0.,0.,0.275,0.,0.274,0.031,0.,0.031,0.01,0.,0.01,0.031,0.,0.031,0.03,0.,0.03,0.036,0.,0.036
380,0.346,0.,0.346,0.002,0.,0.002,0.001,0.,0.001,0.002,0.,0.002,0.032,0.,0.032,0.001,0.,0.001,0.032,0.,0.032,0.005,0.,0.005,0.033,0.,0.033,0.037,0.,0.037,0.033,0.,0.033,0.055,0.,0.055,0.,0.,0.,0.289,0.,0.289,0.034,0.,0.034,0.005,0.,0.005,0.033,0.,0.033,0.032,0.,0.032,0.033,0.,0.033
390,0.355,0.,0.355,0.001,0.,0.001,0.002,0.,0.002,0.001,0.,0.001,0.03,0.,0.03,0.002,0.,0.002,0.03,0.,0.03,0.005,0.,0.005,0.034,0.,0.034,0.033,0.,0.033,0.034,0.,0.034,0.058,0.,0.058,0.,0.,0.,0.296,0.,0.296,0.038,0.,0.038,0.005,0.,0.005,0.034,0.,0.034,0.033,0.,0.033,0.034,0.,0.034
400,0.386,0.,0.386,0.002,0.,0.002,0.002,0.,0.002,0.002,0.,0.002,0.032,0.,0.032,0.002,0.,0.002,0.031,0.,0.031,0.006,0.,0.006,0.038,0.,0.038,0.035,0.,0.035,0.036,0.,0.036,0.068,0.,0.068,0.,0.,0.,0.317,0.,0.317,0.038,0.,0.038,0.006,0.,0.006,0.04,0.,0.04,0.037,0.,0.037,0.036,0.,0.036
500,0.546,0.003,0.542,0.002,0.,0.002,0.002,0.,0.002,0.002,0.,0.002,0.036,0.003,0.032,0.003,0.,0.003,0.035,0.003,0.031,0.007,0.,0.007,0.054,0.,0.054,0.053,0.,0.053,0.054,0.,0.054,0.096,0.,0.096,0.,0.,0.,0.448,0.003,0.444,0.054,0.,0.054,0.013,0.,0.013,0.054,0.,0.054,0.053,0.,0.053,0.054,0.,0.054
600,0.749,0.007,0.741,0.003,0.003,0.,0.003,0.,0.003,0.002,0.,0.002,0.043,0.,0.043,0.003,0.,0.003,0.042,0.,0.042,0.009,0.,0.008,0.078,0.,0.078,0.074,0.,0.074,0.076,0.,0.076,0.133,0.,0.133,0.,0.,0.,0.615,0.007,0.606,0.08,0.004,0.076,0.013,0.,0.013,0.075,0.,0.075,0.074,0.,0.074,0.076,0.,0.076
700,0.988,0.,0.988,0.003,0.,0.003,0.006,0.,0.006,0.003,0.,0.003,0.052,0.,0.052,0.003,0.,0.003,0.051,0.,0.051,0.012,0.,0.012,0.101,0.,0.101,0.099,0.,0.099,0.103,0.,0.103,0.183,0.,0.183,0.,0.,0.,0.804,0.,0.804,0.101,0.,0.101,0.01,0.,0.01,0.101,0.,0.101,0.1,0.,0.1,0.101,0.,0.101
800,1.256,0.003,1.252,0.004,0.,0.004,0.004,0.,0.004,0.004,0.,0.004,0.058,0.003,0.054,0.004,0.,0.004,0.058,0.003,0.054,0.014,0.,0.014,0.13,0.,0.13,0.128,0.,0.128,0.132,0.,0.132,0.231,0.,0.231,0.,0.,0.,1.023,0.003,1.019,0.135,0.,0.135,0.011,0.,0.011,0.13,0.,0.13,0.133,0.,0.133,0.13,0.,0.13
900,1.561,0.011,1.548,0.005,0.,0.005,0.004,0.,0.004,0.004,0.,0.004,0.067,0.003,0.063,0.004,0.,0.004,0.066,0.003,0.062,0.02,0.003,0.016,0.162,0.,0.162,0.16,0.,0.16,0.162,0.,0.162,0.294,0.,0.294,0.,0.,0.,1.265,0.011,1.253,0.163,0.,0.163,0.013,0.,0.013,0.166,0.003,0.162,0.163,0.,0.163,0.164,0.,0.164
1000,1.901,0.003,1.896,0.005,0.,0.005,0.005,0.,0.005,0.005,0.,0.005,0.073,0.,0.073,0.005,0.,0.005,0.072,0.,0.072,0.019,0.,0.019,0.202,0.,0.202,0.198,0.,0.198,0.204,0.,0.204,0.372,0.003,0.368,0.,0.,0.,1.527,0.,1.527,0.198,0.,0.198,0.014,0.,0.014,0.198,0.,0.198,0.196,0.,0.196,0.198,0.,0.198
1100,2.285,0.008,2.277,0.005,0.,0.005,0.009,0.003,0.005,0.011,0.,0.011,0.09,0.003,0.086,0.005,0.,0.005,0.09,0.003,0.086,0.016,0.,0.016,0.239,0.,0.239,0.236,0.,0.235,0.239,0.,0.239,0.445,0.,0.445,0.,0.,0.,1.839,0.008,1.83,0.239,0.,0.239,0.016,0.,0.016,0.247,0.,0.246,0.236,0.,0.236,0.245,0.,0.245
1200,2.691,0.003,2.687,0.006,0.,0.006,0.006,0.,0.006,0.006,0.,0.006,0.09,0.,0.09,0.006,0.,0.006,0.089,0.,0.089,0.018,0.,0.017,0.293,0.,0.293,0.287,0.003,0.283,0.287,0.,0.287,0.519,0.,0.519,0.,0.,0.,2.17,0.003,2.166,0.291,0.,0.291,0.031,0.,0.031,0.282,0.,0.282,0.279,0.,0.279,0.282,0.,0.282
1300,3.108,0.,3.108,0.006,0.,0.006,0.006,0.,0.006,0.006,0.,0.006,0.108,0.,0.108,0.006,0.,0.006,0.107,0.,0.107,0.019,0.,0.019,0.336,0.,0.336,0.327,0.,0.327,0.336,0.,0.336,0.593,0.,0.593,0.,0.,0.,2.513,0.,2.513,0.339,0.,0.339,0.025,0.,0.025,0.331,0.,0.331,0.331,0.,0.331,0.331,0.,0.331
1400,3.602,0.003,3.597,0.011,0.,0.011,0.007,0.,0.007,0.007,0.,0.007,0.102,0.,0.102,0.007,0.,0.007,0.101,0.,0.101,0.021,0.,0.021,0.396,0.003,0.392,0.384,0.,0.384,0.389,0.,0.389,0.688,0.,0.688,0.,0.,0.,2.911,0.003,2.906,0.387,0.,0.387,0.027,0.,0.027,0.385,0.,0.385,0.386,0.,0.386,0.396,0.,0.396
1500,4.139,0.007,4.13,0.008,0.,0.008,0.007,0.,0.007,0.007,0.,0.007,0.113,0.003,0.109,0.007,0.,0.007,0.112,0.003,0.108,0.022,0.,0.022,0.453,0.,0.453,0.454,0.,0.454,0.432,0.,0.432,0.789,0.,0.789,0.001,0.,0.,3.347,0.007,3.339,0.455,0.,0.455,0.027,0.003,0.023,0.457,0.,0.457,0.447,0.,0.447,0.45,0.,0.45
1600,4.875,0.003,4.871,0.008,0.002,0.005,0.008,0.,0.008,0.008,0.,0.008,0.121,0.001,0.119,0.008,0.,0.008,0.119,0.,0.119,0.025,0.,0.025,0.543,0.,0.543,0.536,0.,0.536,0.54,0.,0.54,0.89,0.,0.89,0.001,0.001,0.,3.983,0.003,3.978,0.543,0.,0.543,0.031,0.,0.031,0.536,0.,0.536,0.532,0.,0.532,0.538,0.,0.538
1700,5.671,0.003,5.664,0.008,0.,0.008,0.008,0.,0.008,0.008,0.,0.008,0.128,0.,0.128,0.008,0.,0.008,0.127,0.,0.127,0.029,0.,0.029,0.632,0.,0.632,0.626,0.,0.624,0.634,0.,0.634,1.017,0.,1.017,0.001,0.,0.001,4.651,0.003,4.645,0.627,0.,0.627,0.031,0.,0.031,0.63,0.,0.63,0.628,0.,0.628,0.645,0.003,0.641
1800,6.382,0.,6.381,0.009,0.,0.009,0.009,0.,0.009,0.009,0.,0.009,0.148,0.,0.148,0.009,0.,0.009,0.147,0.,0.147,0.035,0.,0.035,0.728,0.,0.728,0.732,0.,0.732,0.702,0.,0.702,1.139,0.,1.139,0.001,0.,0.001,5.24,0.,5.239,0.73,0.,0.73,0.026,0.,0.026,0.654,0.,0.654,0.72,0.,0.719,0.722,0.,0.722
1900,7.282,0.003,7.277,0.01,0.,0.01,0.009,0.,0.009,0.01,0.,0.01,0.149,0.,0.149,0.009,0.,0.009,0.148,0.,0.148,0.036,0.,0.036,0.817,0.,0.817,0.827,0.,0.827,0.833,0.,0.832,1.25,0.,1.25,0.001,0.,0.001,6.03,0.003,6.025,0.822,0.,0.822,0.027,0.,0.027,0.822,0.,0.822,0.815,0.,0.815,0.836,0.003,0.832
2000,8.157,0.,8.157,0.012,0.,0.012,0.01,0.,0.01,0.01,0.,0.01,0.15,0.,0.15,0.01,0.,0.01,0.149,0.,0.149,0.029,0.,0.029,0.921,0.,0.921,0.935,0.,0.935,0.942,0.,0.942,1.384,0.,1.383,0.001,0.,0.001,6.771,0.,6.771,0.924,0.,0.924,0.033,0.,0.033,0.926,0.,0.925,0.918,0.,0.918,0.943,0.,0.943
2500,13.372,0.,13.371,0.014,0.,0.014,0.012,0.,0.012,0.018,0.,0.018,0.188,0.,0.188,0.013,0.,0.013,0.186,0.,0.186,0.049,0.,0.049,1.674,0.,1.673,1.667,0.,1.667,1.675,0.,1.675,2.192,0.,2.191,0.001,0.,0.001,11.178,0.,11.177,1.362,0.,1.362,0.036,0.,0.036,1.657,0.,1.657,1.647,0.,1.647,1.158,0.,1.158
3000,21.895,0.003,21.887,0.022,0.,0.022,0.015,0.,0.015,0.015,0.,0.015,0.247,0.,0.247,0.026,0.,0.026,0.245,0.,0.245,0.054,0.,0.054,2.619,0.,2.619,2.604,0.,2.603,2.626,0.,2.626,3.119,0.,3.117,0.001,0.,0.001,18.773,0.003,18.767,2.618,0.,2.618,0.063,0.,0.063,2.622,0.,2.622,2.61,0.,2.61,2.625,0.003,2.62