param-n,autorewrite-noop-regression-quadratic-real,autorewrite-noop-regression-quadratic-sys,autorewrite-noop-regression-quadratic-user,try-rewrite!-evar-noop-regression-quadratic-real,try-rewrite!-evar-noop-regression-quadratic-sys,try-rewrite!-evar-noop-regression-quadratic-user,try-rewrite!-noop-regression-quadratic-real,try-rewrite!-noop-regression-quadratic-sys,try-rewrite!-noop-regression-quadratic-user,try-rewrite-evar-noop-regression-quadratic-real,try-rewrite-evar-noop-regression-quadratic-sys,try-rewrite-evar-noop-regression-quadratic-user,try-rewrite-noop-regression-quadratic-real,try-rewrite-noop-regression-quadratic-sys,try-rewrite-noop-regression-quadratic-user,try-rewrite?-evar-noop-regression-quadratic-real,try-rewrite?-evar-noop-regression-quadratic-sys,try-rewrite?-evar-noop-regression-quadratic-user,try-rewrite?-noop-regression-quadratic-real,try-rewrite?-noop-regression-quadratic-sys,try-rewrite?-noop-regression-quadratic-user,try-ssr-rewrite!-evar-noop-regression-linear-real,try-ssr-rewrite!-evar-noop-regression-linear-sys,try-ssr-rewrite!-evar-noop-regression-linear-user,try-ssr-rewrite!-noop-regression-linear-real,try-ssr-rewrite!-noop-regression-linear-sys,try-ssr-rewrite!-noop-regression-linear-user,try-ssr-rewrite-evar-noop-regression-linear-real,try-ssr-rewrite-evar-noop-regression-linear-sys,try-ssr-rewrite-evar-noop-regression-linear-user,try-ssr-rewrite-noop-regression-linear-real,try-ssr-rewrite-noop-regression-linear-sys,try-ssr-rewrite-noop-regression-linear-user,try-ssr-rewrite?-evar-noop-regression-linear-real,try-ssr-rewrite?-evar-noop-regression-linear-sys,try-ssr-rewrite?-evar-noop-regression-linear-user,try-ssr-rewrite?-noop-regression-linear-real,try-ssr-rewrite?-noop-regression-linear-sys,try-ssr-rewrite?-noop-regression-linear-user
1,0.,0.,0.,0.,0.,0.,0.,0.,0.,0.,0.,0.,0.,0.,0.,0.,0.,0.,0.,0.,0.,0.,0.,0.,0.,0.,0.,0.,0.,0.,0.,0.,0.,0.,0.,0.,0.,0.,0.
2,0.,0.,0.,0.,0.,0.,0.,0.,0.,0.,0.,0.,0.,0.,0.,0.,0.,0.,0.,0.,0.,0.,0.,0.,0.,0.,0.,0.,0.,0.,0.,0.,0.,0.,0.,0.,0.,0.,0.
3,0.,0.,0.,0.,0.,0.,0.,0.,0.,0.,0.,0.,0.,0.,0.,0.,0.,0.,0.,0.,0.,0.,0.,0.,0.,0.,0.,0.,0.,0.,0.,0.,0.,0.,0.,0.,0.,0.,0.
4,0.,0.,0.,0.,0.,0.,0.,0.,0.,0.,0.,0.,0.,0.,0.,0.,0.,0.,0.,0.,0.,0.,0.,0.,0.,0.,0.,0.,0.,0.,0.,0.,0.,0.,0.,0.,0.,0.,0.
8,0.,0.,0.,0.,0.,0.,0.,0.,0.,0.,0.,0.,0.,0.,0.,0.,0.,0.,0.,0.,0.,0.,0.,0.,0.,0.,0.,0.,0.,0.,0.,0.,0.,0.,0.,0.,0.,0.,0.
12,0.,0.,0.,0.,0.,0.,0.,0.,0.,0.,0.,0.,0.,0.,0.,0.,0.,0.,0.,0.,0.,0.,0.,0.,0.,0.,0.,0.,0.,0.,0.,0.,0.,0.,0.,0.,0.,0.,0.
16,0.,0.,0.,0.,0.,0.,0.,0.,0.,0.072,0.011,0.06,0.,0.,0.,0.,0.,0.,0.,0.,0.,0.,0.,0.,0.,0.,0.,0.,0.,0.,0.,0.,0.,0.,0.,0.,0.,0.,0.
20,0.,0.,0.,0.,0.,0.,0.,0.,0.,0.,0.,0.,0.,0.,0.,0.,0.,0.,0.,0.,0.,0.,0.,0.,0.,0.,0.,0.,0.,0.,0.,0.,0.,0.,0.,0.,0.,0.,0.
24,0.,0.,0.,0.,0.,0.,0.,0.,0.,0.,0.,0.,0.,0.,0.,0.,0.,0.,0.,0.,0.,0.,0.,0.,0.,0.,0.,0.,0.,0.,0.,0.,0.,0.,0.,0.,0.,0.,0.
28,0.,0.,0.,0.,0.,0.,0.,0.,0.,0.,0.,0.,0.,0.,0.,0.,0.,0.,0.,0.,0.,0.,0.,0.,0.,0.,0.,0.,0.,0.,0.,0.,0.,0.,0.,0.,0.,0.,0.
32,0.,0.,0.,0.,0.,0.,0.,0.,0.,0.,0.,0.,0.,0.,0.,0.,0.,0.,0.,0.,0.,0.,0.,0.,0.,0.,0.,0.,0.,0.,0.,0.,0.,0.,0.,0.,0.,0.,0.
36,0.,0.,0.,0.,0.,0.,0.,0.,0.,0.,0.,0.,0.,0.,0.,0.,0.,0.,0.,0.,0.,0.,0.,0.,0.,0.,0.,0.,0.,0.,0.,0.,0.,0.,0.,0.,0.,0.,0.
40,0.,0.,0.,0.,0.,0.,0.,0.,0.,0.,0.,0.,0.,0.,0.,0.,0.,0.,0.,0.,0.,0.,0.,0.,0.,0.,0.,0.,0.,0.,0.,0.,0.,0.,0.,0.,0.,0.,0.
44,0.,0.,0.,0.,0.,0.,0.,0.,0.,0.,0.,0.,0.,0.,0.,0.,0.,0.,0.,0.,0.,0.,0.,0.,0.,0.,0.,0.,0.,0.,0.,0.,0.,0.,0.,0.,0.,0.,0.
48,0.,0.,0.,0.,0.,0.,0.,0.,0.,0.,0.,0.,0.,0.,0.,0.,0.,0.,0.,0.,0.,0.,0.,0.,0.,0.,0.,0.,0.,0.,0.,0.,0.,0.,0.,0.,0.,0.,0.
50,0.001,0.,0.,0.001,0.001,0.,0.,0.,0.,0.,0.,0.,0.,0.,0.,0.001,0.,0.001,0.001,0.001,0.,0.,0.,0.,0.,0.,0.,0.,0.,0.,0.,0.,0.,0.,0.,0.,0.,0.,0.
52,0.,0.,0.,0.,0.,0.,0.,0.,0.,0.,0.,0.,0.,0.,0.,0.,0.,0.,0.,0.,0.,0.,0.,0.,0.,0.,0.,0.,0.,0.,0.,0.,0.,0.,0.,0.,0.,0.,0.
56,0.,0.,0.,0.,0.,0.,0.,0.,0.,0.,0.,0.,0.,0.,0.,0.001,0.,0.001,0.,0.,0.,0.,0.,0.,0.,0.,0.,0.,0.,0.,0.,0.,0.,0.,0.,0.,0.,0.,0.
60,0.,0.,0.,0.001,0.,0.001,0.,0.,0.,0.001,0.,0.001,0.,0.,0.,0.001,0.,0.001,0.,0.,0.,0.,0.,0.,0.,0.,0.,0.,0.,0.,0.,0.,0.,0.,0.,0.,0.,0.,0.
64,0.,0.,0.,0.001,0.,0.001,0.,0.,0.,0.001,0.,0.001,0.,0.,0.,0.001,0.,0.001,0.,0.,0.,0.,0.,0.,0.,0.,0.,0.,0.,0.,0.,0.,0.,0.,0.,0.,0.,0.,0.
68,0.,0.,0.,0.061,0.,0.061,0.,0.,0.,0.001,0.,0.001,0.,0.,0.,0.001,0.,0.001,0.,0.,0.,0.,0.,0.,0.,0.,0.,0.,0.,0.,0.,0.,0.,0.,0.,0.,0.,0.,0.
72,0.,0.,0.,0.001,0.,0.001,0.,0.,0.,0.001,0.,0.001,0.,0.,0.,0.001,0.,0.001,0.,0.,0.,0.,0.,0.,0.,0.,0.,0.,0.,0.,0.,0.,0.,0.,0.,0.,0.,0.,0.
76,0.,0.,0.,0.001,0.,0.001,0.,0.,0.,0.001,0.,0.001,0.,0.,0.,0.001,0.,0.001,0.,0.,0.,0.,0.,0.,0.,0.,0.,0.,0.,0.,0.,0.,0.,0.,0.,0.,0.,0.,0.
80,0.,0.,0.,0.001,0.,0.001,0.,0.,0.,0.001,0.,0.001,0.,0.,0.,0.001,0.,0.001,0.,0.,0.,0.,0.,0.,0.,0.,0.,0.,0.,0.,0.,0.,0.,0.,0.,0.,0.,0.,0.
84,0.,0.,0.,0.001,0.,0.001,0.,0.,0.,0.001,0.,0.001,0.,0.,0.,0.001,0.,0.001,0.,0.,0.,0.,0.,0.,0.,0.,0.,0.,0.,0.,0.,0.,0.,0.,0.,0.,0.,0.,0.
88,0.001,0.,0.001,0.001,0.,0.001,0.001,0.,0.001,0.001,0.,0.001,0.,0.,0.,0.001,0.,0.001,0.001,0.,0.001,0.,0.,0.,0.,0.,0.,0.,0.,0.,0.,0.,0.,0.,0.,0.,0.,0.,0.
92,0.001,0.,0.001,0.001,0.,0.001,0.001,0.,0.001,0.001,0.,0.001,0.001,0.,0.001,0.001,0.,0.001,0.001,0.,0.001,0.,0.,0.,0.,0.,0.,0.,0.,0.,0.,0.,0.,0.,0.,0.,0.,0.,0.
96,0.001,0.,0.001,0.001,0.,0.001,0.001,0.,0.001,0.001,0.,0.001,0.001,0.,0.001,0.001,0.,0.001,0.001,0.,0.001,0.001,0.,0.001,0.,0.,0.,0.,0.,0.,0.,0.,0.,0.,0.,0.,0.,0.,0.
100,0.001,0.,0.001,0.002,0.,0.002,0.001,0.,0.001,0.002,0.,0.002,0.001,0.,0.001,0.002,0.002,0.,0.001,0.,0.001,0.,0.,0.,0.,0.,0.,0.,0.,0.,0.,0.,0.,0.,0.,0.,0.,0.,0.
104,0.001,0.,0.001,0.001,0.,0.001,0.001,0.,0.001,0.001,0.,0.001,0.001,0.,0.001,0.001,0.,0.001,0.001,0.,0.001,0.,0.,0.,0.,0.,0.,0.,0.,0.,0.,0.,0.,0.,0.,0.,0.,0.,0.
108,0.001,0.,0.001,0.002,0.,0.002,0.001,0.,0.001,0.002,0.,0.002,0.001,0.,0.001,0.002,0.,0.002,0.001,0.,0.001,0.,0.,0.,0.,0.,0.,0.,0.,0.,0.,0.,0.,0.,0.,0.,0.,0.,0.
112,0.001,0.,0.001,0.002,0.,0.002,0.001,0.,0.001,0.002,0.,0.002,0.001,0.,0.001,0.002,0.,0.002,0.001,0.,0.001,0.,0.,0.,0.,0.,0.,0.,0.,0.,0.,0.,0.,0.,0.,0.,0.,0.,0.
116,0.001,0.,0.001,0.002,0.,0.002,0.001,0.,0.001,0.002,0.,0.002,0.001,0.,0.001,0.002,0.,0.002,0.001,0.,0.001,0.,0.,0.,0.,0.,0.,0.,0.,0.,0.,0.,0.,0.,0.,0.,0.,0.,0.
120,0.001,0.,0.001,0.002,0.,0.002,0.001,0.,0.001,0.002,0.,0.002,0.001,0.,0.001,0.002,0.,0.002,0.001,0.,0.001,0.,0.,0.,0.,0.,0.,0.,0.,0.,0.,0.,0.,0.,0.,0.,0.,0.,0.
124,0.001,0.001,0.,0.004,0.,0.004,0.001,0.,0.,0.002,0.,0.002,0.001,0.,0.001,0.002,0.,0.002,0.001,0.,0.001,0.,0.,0.,0.,0.,0.,0.,0.,0.,0.,0.,0.,0.,0.,0.,0.,0.,0.
128,0.001,0.,0.001,0.002,0.,0.002,0.001,0.,0.001,0.002,0.,0.002,0.001,0.,0.001,0.002,0.,0.002,0.001,0.,0.001,0.,0.,0.,0.,0.,0.,0.,0.,0.,0.,0.,0.,0.,0.,0.,0.,0.,0.
132,0.001,0.,0.001,0.002,0.,0.002,0.001,0.,0.001,0.002,0.,0.002,0.001,0.,0.001,0.002,0.,0.002,0.001,0.,0.001,0.,0.,0.,0.,0.,0.,0.,0.,0.,0.,0.,0.,0.,0.,0.,0.,0.,0.
136,0.001,0.,0.001,0.002,0.,0.002,0.001,0.,0.001,0.002,0.,0.002,0.001,0.,0.001,0.002,0.,0.002,0.001,0.,0.001,0.,0.,0.,0.,0.,0.,0.,0.,0.,0.,0.,0.,0.,0.,0.,0.,0.,0.
140,0.001,0.,0.001,0.002,0.,0.002,0.001,0.,0.001,0.002,0.,0.002,0.001,0.,0.001,0.002,0.,0.002,0.001,0.,0.001,0.,0.,0.,0.,0.,0.,0.,0.,0.,0.,0.,0.,0.,0.,0.,0.,0.,0.
144,0.001,0.,0.001,0.002,0.,0.002,0.001,0.,0.001,0.003,0.,0.003,0.002,0.,0.002,0.003,0.,0.003,0.001,0.,0.001,0.,0.,0.,0.,0.,0.,0.,0.,0.,0.,0.,0.,0.,0.,0.,0.,0.,0.
148,0.001,0.,0.001,0.003,0.,0.003,0.001,0.,0.001,0.003,0.,0.003,0.001,0.,0.001,0.003,0.,0.003,0.001,0.,0.001,0.,0.,0.,0.,0.,0.,0.,0.,0.,0.,0.,0.,0.,0.,0.,0.,0.,0.
150,0.002,0.,0.002,0.003,0.,0.003,0.002,0.002,0.,0.004,0.,0.004,0.002,0.001,0.001,0.003,0.,0.003,0.002,0.,0.002,0.,0.,0.,0.,0.,0.,0.,0.,0.,0.,0.,0.,0.,0.,0.,0.,0.,0.
152,0.001,0.,0.001,0.003,0.,0.003,0.001,0.,0.001,0.003,0.,0.003,0.001,0.,0.001,0.003,0.,0.003,0.001,0.,0.001,0.,0.,0.,0.,0.,0.,0.,0.,0.,0.,0.,0.,0.,0.,0.,0.,0.,0.
156,0.001,0.,0.001,0.003,0.,0.003,0.001,0.,0.001,0.003,0.,0.003,0.002,0.,0.002,0.003,0.,0.003,0.001,0.,0.001,0.,0.,0.,0.,0.,0.,0.,0.,0.,0.,0.,0.,0.,0.,0.,0.,0.,0.
160,0.002,0.,0.002,0.004,0.,0.004,0.002,0.,0.002,0.003,0.,0.003,0.002,0.,0.002,0.003,0.,0.003,0.002,0.,0.002,0.,0.,0.,0.,0.,0.,0.,0.,0.,0.,0.,0.,0.,0.,0.,0.,0.,0.
164,0.002,0.,0.002,0.003,0.,0.003,0.002,0.,0.002,0.003,0.,0.003,0.002,0.,0.002,0.003,0.,0.003,0.002,0.,0.002,0.,0.,0.,0.,0.,0.,0.,0.,0.,0.,0.,0.,0.,0.,0.,0.,0.,0.
168,0.002,0.,0.002,0.003,0.,0.003,0.002,0.,0.002,0.003,0.,0.003,0.002,0.,0.002,0.003,0.,0.003,0.002,0.,0.002,0.,0.,0.,0.,0.,0.,0.,0.,0.,0.,0.,0.,0.,0.,0.,0.,0.,0.
172,0.002,0.,0.002,0.003,0.,0.003,0.002,0.,0.002,0.003,0.,0.003,0.002,0.,0.002,0.003,0.,0.003,0.002,0.,0.002,0.,0.,0.,0.,0.,0.,0.,0.,0.,0.,0.,0.,0.,0.,0.,0.,0.,0.
176,0.002,0.,0.002,0.003,0.,0.003,0.002,0.,0.002,0.003,0.,0.003,0.002,0.,0.002,0.003,0.,0.003,0.002,0.,0.002,0.,0.,0.,0.,0.,0.,0.,0.,0.,0.,0.,0.,0.,0.,0.,0.,0.,0.
180,0.002,0.,0.002,0.004,0.,0.004,0.002,0.,0.002,0.004,0.,0.004,0.002,0.,0.002,0.004,0.,0.004,0.002,0.,0.002,0.,0.,0.,0.,0.,0.,0.,0.,0.,0.,0.,0.,0.,0.,0.,0.,0.,0.
184,0.002,0.,0.002,0.004,0.,0.004,0.002,0.,0.002,0.004,0.,0.004,0.002,0.,0.002,0.004,0.,0.004,0.002,0.,0.002,0.,0.,0.,0.,0.,0.,0.,0.,0.,0.,0.,0.,0.,0.,0.,0.,0.,0.
188,0.002,0.,0.002,0.004,0.,0.004,0.002,0.,0.002,0.004,0.,0.004,0.002,0.,0.002,0.004,0.,0.004,0.002,0.,0.002,0.,0.,0.,0.,0.,0.,0.,0.,0.,0.,0.,0.,0.,0.,0.,0.,0.,0.
192,0.002,0.,0.002,0.004,0.,0.004,0.002,0.,0.002,0.004,0.,0.004,0.002,0.,0.002,0.004,0.,0.004,0.002,0.,0.002,0.,0.,0.,0.,0.,0.,0.,0.,0.,0.,0.,0.,0.,0.,0.,0.,0.,0.
196,0.002,0.,0.002,0.004,0.,0.004,0.002,0.,0.002,0.004,0.,0.004,0.002,0.,0.002,0.004,0.,0.004,0.002,0.,0.002,0.,0.,0.,0.,0.,0.,0.,0.,0.,0.,0.,0.,0.,0.,0.,0.,0.,0.
200,0.003,0.,0.002,0.005,0.,0.005,0.003,0.,0.003,0.005,0.,0.005,0.003,0.003,0.,0.005,0.,0.005,0.003,0.,0.003,0.,0.,0.,0.,0.,0.,0.,0.,0.,0.,0.,0.,0.,0.,0.,0.,0.,0.
204,0.002,0.,0.002,0.004,0.,0.004,0.002,0.,0.002,0.004,0.,0.004,0.002,0.,0.002,0.004,0.,0.004,0.002,0.,0.002,0.,0.,0.,0.,0.,0.,0.,0.,0.,0.,0.,0.,0.,0.,0.,0.,0.,0.
208,0.002,0.,0.002,0.004,0.,0.004,0.002,0.,0.002,0.004,0.,0.004,0.003,0.,0.003,0.004,0.,0.004,0.002,0.,0.002,0.,0.,0.,0.,0.,0.,0.,0.,0.,0.,0.,0.,0.,0.,0.,0.,0.,0.
212,0.002,0.,0.002,0.005,0.,0.005,0.002,0.,0.002,0.005,0.,0.005,0.002,0.,0.002,0.005,0.,0.005,0.002,0.,0.002,0.,0.,0.,0.,0.,0.,0.,0.,0.,0.,0.,0.,0.,0.,0.,0.,0.,0.
216,0.002,0.,0.002,0.005,0.,0.005,0.002,0.,0.002,0.005,0.,0.005,0.002,0.,0.002,0.005,0.,0.005,0.002,0.,0.002,0.,0.,0.,0.,0.,0.,0.,0.,0.,0.,0.,0.,0.,0.,0.,0.,0.,0.
220,0.003,0.,0.003,0.005,0.,0.005,0.003,0.,0.003,0.005,0.,0.005,0.003,0.,0.003,0.005,0.,0.005,0.004,0.,0.004,0.,0.,0.,0.,0.,0.,0.,0.,0.,0.,0.,0.,0.,0.,0.,0.,0.,0.
224,0.003,0.,0.003,0.005,0.,0.005,0.003,0.,0.003,0.005,0.,0.005,0.003,0.,0.003,0.005,0.,0.005,0.003,0.,0.003,0.,0.,0.,0.,0.,0.,0.,0.,0.,0.,0.,0.,0.,0.,0.,0.,0.,0.
228,0.003,0.,0.003,0.005,0.,0.005,0.003,0.,0.003,0.005,0.,0.005,0.003,0.,0.003,0.005,0.,0.005,0.003,0.,0.003,0.,0.,0.,0.,0.,0.,0.,0.,0.,0.,0.,0.,0.,0.,0.,0.,0.,0.
232,0.003,0.,0.003,0.005,0.,0.005,0.003,0.,0.003,0.005,0.,0.005,0.003,0.,0.003,0.005,0.,0.005,0.003,0.,0.003,0.,0.,0.,0.,0.,0.,0.,0.,0.,0.,0.,0.,0.,0.,0.,0.,0.,0.
236,0.003,0.,0.003,0.005,0.,0.005,0.003,0.,0.003,0.005,0.,0.005,0.003,0.,0.003,0.005,0.,0.005,0.003,0.,0.003,0.,0.,0.,0.,0.,0.,0.,0.,0.,0.,0.,0.,0.,0.,0.,0.,0.,0.
240,0.003,0.,0.003,0.006,0.,0.006,0.003,0.,0.003,0.006,0.,0.006,0.003,0.,0.003,0.006,0.,0.006,0.003,0.,0.003,0.,0.,0.,0.,0.,0.,0.,0.,0.,0.,0.,0.,0.,0.,0.,0.,0.,0.
244,0.004,0.,0.004,0.006,0.,0.006,0.003,0.,0.003,0.006,0.,0.006,0.003,0.,0.003,0.006,0.,0.006,0.003,0.,0.003,0.,0.,0.,0.,0.,0.,0.,0.,0.,0.,0.,0.,0.,0.,0.,0.,0.,0.
248,0.003,0.,0.003,0.006,0.,0.006,0.003,0.,0.003,0.006,0.,0.006,0.003,0.,0.003,0.006,0.,0.006,0.003,0.,0.003,0.,0.,0.,0.,0.,0.,0.,0.,0.,0.,0.,0.,0.,0.,0.,0.,0.,0.
250,0.004,0.,0.004,0.006,0.,0.006,0.059,0.007,0.051,0.006,0.,0.006,0.003,0.,0.003,0.006,0.,0.006,0.003,0.,0.003,0.,0.,0.,0.,0.,0.,0.,0.,0.,0.,0.,0.,0.,0.,0.,0.,0.,0.
252,0.003,0.,0.003,0.006,0.,0.006,0.003,0.,0.003,0.006,0.,0.006,0.003,0.,0.003,0.007,0.,0.007,0.003,0.,0.003,0.,0.,0.,0.,0.,0.,0.,0.,0.,0.,0.,0.,0.,0.,0.,0.,0.,0.
256,0.003,0.,0.003,0.006,0.,0.006,0.003,0.,0.003,0.006,0.,0.006,0.003,0.,0.003,0.006,0.,0.006,0.003,0.,0.003,0.,0.,0.,0.,0.,0.,0.,0.,0.,0.,0.,0.,0.,0.,0.,0.,0.,0.
260,0.003,0.,0.003,0.006,0.,0.006,0.003,0.,0.003,0.006,0.,0.006,0.003,0.,0.003,0.006,0.,0.006,0.003,0.,0.003,0.,0.,0.,0.,0.,0.,0.,0.,0.,0.,0.,0.,0.,0.,0.,0.,0.,0.
264,0.003,0.,0.003,0.007,0.,0.007,0.003,0.,0.003,0.006,0.,0.006,0.004,0.,0.004,0.006,0.,0.006,0.003,0.,0.003,0.,0.,0.,0.,0.,0.,0.,0.,0.,0.,0.,0.,0.,0.,0.,0.,0.,0.
268,0.004,0.,0.004,0.007,0.,0.007,0.004,0.,0.004,0.007,0.,0.007,0.004,0.,0.004,0.007,0.,0.007,0.004,0.,0.004,0.,0.,0.,0.,0.,0.,0.,0.,0.,0.,0.,0.,0.,0.,0.,0.,0.,0.
272,0.004,0.,0.004,0.007,0.,0.007,0.004,0.,0.004,0.007,0.,0.007,0.004,0.,0.004,0.007,0.,0.007,0.004,0.,0.004,0.,0.,0.,0.,0.,0.,0.,0.,0.,0.,0.,0.,0.,0.,0.,0.,0.,0.
276,0.004,0.,0.004,0.007,0.,0.007,0.004,0.,0.004,0.007,0.,0.007,0.004,0.,0.004,0.007,0.,0.007,0.004,0.,0.004,0.,0.,0.,0.,0.,0.,0.,0.,0.,0.,0.,0.,0.,0.,0.,0.,0.,0.
280,0.004,0.,0.004,0.007,0.,0.007,0.004,0.,0.004,0.007,0.,0.007,0.004,0.,0.004,0.007,0.,0.007,0.004,0.,0.004,0.,0.,0.,0.,0.,0.,0.,0.,0.,0.,0.,0.,0.,0.,0.,0.,0.,0.
284,0.004,0.,0.004,0.007,0.,0.007,0.005,0.,0.005,0.007,0.,0.007,0.004,0.,0.004,0.007,0.,0.007,0.004,0.,0.004,0.,0.,0.,0.,0.,0.,0.,0.,0.,0.,0.,0.,0.,0.,0.,0.,0.,0.
288,0.004,0.,0.004,0.007,0.,0.007,0.004,0.,0.004,0.007,0.,0.007,0.004,0.,0.004,0.007,0.,0.007,0.004,0.,0.004,0.,0.,0.,0.,0.,0.,0.,0.,0.,0.,0.,0.,0.,0.,0.,0.,0.,0.
292,0.004,0.,0.004,0.008,0.,0.008,0.004,0.,0.004,0.008,0.,0.008,0.004,0.,0.004,0.008,0.,0.008,0.004,0.,0.004,0.,0.,0.,0.,0.,0.,0.,0.,0.,0.,0.,0.,0.,0.,0.,0.,0.,0.
296,0.004,0.,0.004,0.008,0.,0.008,0.004,0.,0.004,0.008,0.,0.008,0.004,0.,0.004,0.008,0.,0.008,0.004,0.,0.004,0.,0.,0.,0.,0.,0.,0.,0.,0.,0.,0.,0.,0.,0.,0.,0.,0.,0.
300,0.004,0.,0.004,0.008,0.,0.008,0.004,0.,0.004,0.008,0.,0.008,0.004,0.,0.004,0.008,0.,0.008,0.004,0.,0.004,0.,0.,0.,0.,0.,0.,0.,0.,0.,0.,0.,0.,0.,0.,0.,0.,0.,0.
304,0.004,0.,0.004,0.008,0.,0.008,0.004,0.,0.004,0.008,0.,0.008,0.004,0.,0.004,0.009,0.,0.009,0.004,0.,0.004,0.,0.,0.,0.,0.,0.,0.,0.,0.,0.,0.,0.,0.,0.,0.,0.,0.,0.
308,0.004,0.,0.004,0.008,0.,0.008,0.004,0.,0.004,0.008,0.,0.008,0.004,0.,0.004,0.008,0.,0.008,0.004,0.,0.004,0.,0.,0.,0.,0.,0.,0.,0.,0.,0.,0.,0.,0.,0.,0.,0.,0.,0.
312,0.004,0.,0.004,0.009,0.,0.009,0.005,0.,0.005,0.009,0.,0.009,0.004,0.,0.004,0.009,0.,0.009,0.005,0.,0.005,0.,0.,0.,0.,0.,0.,0.,0.,0.,0.,0.,0.,0.,0.,0.,0.,0.,0.
316,0.005,0.,0.005,0.009,0.,0.009,0.005,0.,0.005,0.009,0.,0.009,0.005,0.,0.005,0.009,0.,0.009,0.005,0.,0.005,0.,0.,0.,0.,0.,0.,0.,0.,0.,0.,0.,0.,0.,0.,0.,0.,0.,0.
320,0.005,0.,0.005,0.009,0.,0.009,0.005,0.,0.005,0.009,0.,0.009,0.005,0.,0.005,0.009,0.,0.009,0.005,0.,0.005,0.,0.,0.,0.,0.,0.,0.,0.,0.,0.,0.,0.,0.,0.,0.,0.,0.,0.
324,0.006,0.,0.006,0.009,0.,0.009,0.005,0.,0.005,0.009,0.,0.009,0.005,0.,0.005,0.009,0.,0.009,0.005,0.,0.005,0.,0.,0.,0.,0.,0.,0.,0.,0.,0.,0.,0.,0.,0.,0.,0.,0.,0.
328,0.005,0.,0.005,0.009,0.,0.009,0.005,0.,0.005,0.009,0.,0.009,0.005,0.,0.005,0.009,0.,0.009,0.005,0.,0.005,0.,0.,0.,0.,0.,0.,0.,0.,0.,0.,0.,0.,0.,0.,0.,0.,0.,0.
332,0.006,0.,0.006,0.009,0.,0.009,0.005,0.,0.005,0.009,0.,0.009,0.005,0.,0.005,0.009,0.,0.009,0.005,0.,0.005,0.,0.,0.,0.,0.,0.,0.,0.,0.,0.,0.,0.,0.,0.,0.,0.,0.,0.
336,0.005,0.,0.005,0.01,0.,0.01,0.005,0.,0.005,0.01,0.,0.01,0.005,0.,0.005,0.01,0.,0.01,0.005,0.,0.005,0.,0.,0.,0.,0.,0.,0.,0.,0.,0.,0.,0.,0.,0.,0.,0.,0.,0.
340,0.006,0.,0.006,0.01,0.,0.01,0.005,0.,0.005,0.01,0.,0.01,0.005,0.,0.005,0.01,0.,0.01,0.005,0.,0.005,0.,0.,0.,0.,0.,0.,0.,0.,0.,0.,0.,0.,0.,0.,0.,0.,0.,0.
344,0.005,0.,0.005,0.01,0.,0.01,0.005,0.,0.005,0.01,0.,0.01,0.005,0.,0.005,0.01,0.,0.01,0.005,0.,0.005,0.,0.,0.,0.,0.,0.,0.,0.,0.,0.,0.,0.,0.,0.,0.,0.,0.,0.
348,0.006,0.,0.006,0.01,0.,0.01,0.005,0.,0.005,0.01,0.,0.01,0.005,0.,0.005,0.01,0.,0.01,0.005,0.,0.005,0.,0.,0.,0.,0.,0.,0.,0.,0.,0.,0.,0.,0.,0.,0.,0.,0.,0.
350,0.006,0.,0.006,0.012,0.,0.012,0.006,0.,0.006,0.011,0.,0.011,0.006,0.,0.006,0.011,0.,0.011,0.006,0.,0.006,0.,0.,0.,0.,0.,0.,0.,0.,0.,0.,0.,0.,0.,0.,0.,0.,0.,0.
352,0.005,0.,0.005,0.01,0.,0.01,0.006,0.,0.006,0.01,0.,0.01,0.006,0.,0.005,0.011,0.,0.01,0.006,0.,0.006,0.,0.,0.,0.,0.,0.,0.,0.,0.,0.,0.,0.,0.,0.,0.,0.,0.,0.
356,0.006,0.,0.006,0.011,0.,0.011,0.006,0.,0.006,0.011,0.,0.011,0.006,0.,0.006,0.011,0.,0.011,0.006,0.,0.006,0.,0.,0.,0.,0.,0.,0.,0.,0.,0.,0.,0.,0.,0.,0.,0.,0.,0.
360,0.006,0.,0.006,0.011,0.,0.011,0.006,0.,0.006,0.011,0.,0.011,0.006,0.,0.006,0.012,0.003,0.008,0.006,0.,0.006,0.,0.,0.,0.,0.,0.,0.,0.,0.,0.,0.,0.,0.,0.,0.,0.,0.,0.
364,0.006,0.,0.006,0.011,0.,0.011,0.006,0.,0.006,0.011,0.,0.011,0.006,0.,0.006,0.011,0.,0.011,0.006,0.,0.006,0.,0.,0.,0.,0.,0.,0.,0.,0.,0.,0.,0.,0.,0.,0.,0.,0.,0.
368,0.006,0.,0.006,0.011,0.,0.011,0.006,0.,0.006,0.012,0.,0.012,0.006,0.,0.006,0.011,0.,0.011,0.006,0.,0.006,0.,0.,0.,0.,0.,0.,0.,0.,0.,0.,0.,0.,0.,0.,0.,0.,0.,0.
372,0.006,0.,0.006,0.011,0.,0.011,0.006,0.,0.006,0.011,0.,0.011,0.006,0.,0.006,0.011,0.,0.011,0.006,0.,0.006,0.,0.,0.,0.,0.,0.,0.,0.,0.,0.,0.,0.,0.,0.,0.,0.,0.,0.
376,0.006,0.,0.006,0.012,0.,0.012,0.006,0.,0.006,0.011,0.,0.011,0.006,0.,0.006,0.012,0.,0.012,0.006,0.,0.006,0.,0.,0.,0.,0.,0.,0.,0.,0.,0.,0.,0.,0.,0.,0.,0.,0.,0.
380,0.006,0.,0.006,0.012,0.,0.012,0.006,0.,0.006,0.012,0.,0.012,0.006,0.,0.006,0.012,0.,0.012,0.006,0.,0.006,0.,0.,0.,0.,0.,0.,0.,0.,0.,0.,0.,0.,0.,0.,0.,0.,0.,0.
384,0.006,0.,0.006,0.012,0.,0.012,0.006,0.,0.006,0.012,0.,0.012,0.007,0.,0.007,0.012,0.,0.012,0.006,0.,0.006,0.,0.,0.,0.,0.,0.,0.,0.,0.,0.,0.,0.,0.,0.,0.,0.,0.,0.
388,0.006,0.,0.006,0.012,0.,0.012,0.006,0.,0.006,0.012,0.,0.012,0.006,0.,0.006,0.012,0.,0.012,0.006,0.,0.006,0.,0.,0.,0.,0.,0.,0.,0.,0.,0.,0.,0.,0.,0.,0.,0.,0.,0.
392,0.007,0.,0.007,0.012,0.,0.012,0.007,0.,0.007,0.012,0.,0.012,0.007,0.,0.007,0.012,0.,0.012,0.007,0.,0.007,0.,0.,0.,0.,0.,0.,0.,0.,0.,0.,0.,0.,0.,0.,0.,0.,0.,0.
396,0.007,0.,0.007,0.013,0.,0.013,0.007,0.,0.007,0.014,0.,0.014,0.007,0.,0.007,0.013,0.,0.013,0.007,0.,0.007,0.,0.,0.,0.,0.,0.,0.,0.,0.,0.,0.,0.,0.,0.,0.,0.,0.,0.
400,0.007,0.,0.007,0.013,0.,0.013,0.007,0.,0.007,0.013,0.,0.013,0.007,0.,0.007,0.013,0.,0.013,0.007,0.,0.007,0.,0.,0.,0.,0.,0.,0.,0.,0.,0.,0.,0.,0.,0.,0.,0.,0.,0.
404,0.007,0.,0.007,0.013,0.,0.013,0.007,0.,0.007,0.013,0.,0.013,0.007,0.,0.007,0.013,0.,0.013,0.007,0.,0.007,0.,0.,0.,0.,0.,0.,0.,0.,0.,0.,0.,0.,0.,0.,0.,0.,0.,0.
408,0.007,0.,0.007,0.013,0.,0.013,0.007,0.,0.007,0.013,0.003,0.01,0.007,0.,0.007,0.013,0.,0.013,0.008,0.,0.008,0.,0.,0.,0.,0.,0.,0.,0.,0.,0.,0.,0.,0.,0.,0.,0.,0.,0.
412,0.007,0.,0.007,0.013,0.,0.013,0.007,0.,0.007,0.013,0.,0.013,0.007,0.,0.007,0.013,0.,0.013,0.007,0.,0.007,0.,0.,0.,0.,0.,0.,0.,0.,0.,0.,0.,0.,0.,0.,0.,0.,0.,0.
416,0.008,0.,0.008,0.014,0.,0.014,0.007,0.,0.007,0.014,0.,0.014,0.007,0.,0.007,0.014,0.,0.014,0.007,0.,0.007,0.,0.,0.,0.,0.,0.,0.,0.,0.,0.,0.,0.,0.,0.,0.,0.,0.,0.
420,0.007,0.,0.007,0.014,0.,0.014,0.007,0.,0.007,0.015,0.,0.015,0.007,0.,0.007,0.014,0.,0.014,0.007,0.,0.007,0.,0.,0.,0.,0.,0.,0.,0.,0.,0.,0.,0.,0.,0.,0.,0.,0.,0.
424,0.007,0.,0.007,0.014,0.,0.014,0.007,0.,0.007,0.014,0.,0.014,0.007,0.,0.007,0.014,0.,0.014,0.007,0.,0.007,0.,0.,0.,0.,0.,0.,0.,0.,0.,0.,0.,0.,0.,0.,0.,0.,0.,0.
428,0.008,0.,0.008,0.014,0.,0.014,0.008,0.,0.008,0.014,0.,0.014,0.009,0.,0.009,0.014,0.,0.014,0.008,0.,0.008,0.,0.,0.,0.,0.,0.,0.,0.,0.,0.,0.,0.,0.,0.,0.,0.,0.,0.
432,0.008,0.,0.008,0.015,0.,0.015,0.008,0.,0.008,0.015,0.,0.015,0.008,0.,0.008,0.015,0.,0.015,0.008,0.,0.008,0.,0.,0.,0.,0.,0.,0.,0.,0.,0.,0.,0.,0.,0.,0.,0.,0.,0.
436,0.008,0.,0.008,0.015,0.,0.015,0.008,0.,0.008,0.015,0.,0.015,0.008,0.,0.008,0.015,0.,0.015,0.008,0.,0.008,0.,0.,0.,0.,0.,0.,0.,0.,0.,0.,0.,0.,0.,0.,0.,0.,0.,0.
440,0.008,0.,0.008,0.015,0.,0.015,0.008,0.,0.008,0.015,0.,0.015,0.008,0.,0.008,0.015,0.,0.015,0.009,0.,0.009,0.,0.,0.,0.,0.,0.,0.,0.,0.,0.,0.,0.,0.,0.,0.,0.,0.,0.
444,0.008,0.,0.008,0.015,0.,0.015,0.008,0.,0.008,0.015,0.,0.015,0.008,0.,0.008,0.016,0.,0.016,0.008,0.,0.008,0.,0.,0.,0.,0.,0.,0.,0.,0.,0.,0.,0.,0.,0.,0.,0.,0.,0.
448,0.008,0.,0.008,0.016,0.,0.016,0.008,0.,0.008,0.015,0.,0.015,0.008,0.,0.008,0.015,0.,0.015,0.008,0.,0.008,0.,0.,0.,0.,0.,0.,0.,0.,0.,0.,0.,0.,0.,0.,0.,0.,0.,0.
452,0.008,0.,0.008,0.016,0.,0.016,0.008,0.,0.008,0.016,0.,0.016,0.008,0.,0.008,0.016,0.,0.016,0.009,0.,0.009,0.,0.,0.,0.,0.,0.,0.,0.,0.,0.,0.,0.,0.,0.,0.,0.,0.,0.
456,0.008,0.,0.008,0.016,0.,0.016,0.008,0.,0.008,0.016,0.,0.016,0.008,0.,0.008,0.017,0.,0.017,0.008,0.,0.008,0.,0.,0.,0.,0.,0.,0.,0.,0.,0.,0.,0.,0.,0.,0.,0.,0.,0.
460,0.009,0.,0.008,0.016,0.,0.016,0.009,0.,0.008,0.016,0.,0.016,0.008,0.,0.008,0.016,0.,0.016,0.009,0.,0.009,0.,0.,0.,0.,0.,0.,0.,0.,0.,0.,0.,0.,0.,0.,0.,0.,0.,0.
464,0.009,0.,0.009,0.017,0.,0.017,0.009,0.,0.009,0.017,0.,0.017,0.009,0.,0.009,0.017,0.,0.017,0.01,0.,0.01,0.,0.,0.,0.,0.,0.,0.,0.,0.,0.,0.,0.,0.,0.,0.,0.,0.,0.
468,0.009,0.,0.009,0.017,0.,0.017,0.009,0.,0.009,0.017,0.,0.017,0.009,0.,0.009,0.018,0.,0.018,0.009,0.,0.009,0.,0.,0.,0.,0.,0.,0.,0.,0.,0.,0.,0.,0.,0.,0.,0.,0.,0.
472,0.009,0.,0.009,0.017,0.,0.017,0.009,0.,0.009,0.017,0.,0.017,0.009,0.,0.009,0.017,0.,0.017,0.009,0.,0.009,0.,0.,0.,0.,0.,0.,0.,0.,0.,0.,0.,0.,0.,0.,0.,0.,0.,0.
476,0.009,0.,0.009,0.017,0.,0.017,0.009,0.,0.009,0.017,0.,0.017,0.01,0.,0.01,0.017,0.,0.017,0.009,0.,0.009,0.,0.,0.,0.,0.,0.,0.,0.,0.,0.,0.,0.,0.,0.,0.,0.,0.,0.
480,0.009,0.,0.009,0.017,0.,0.017,0.009,0.,0.009,0.018,0.,0.018,0.009,0.,0.009,0.017,0.,0.017,0.009,0.,0.009,0.,0.,0.,0.,0.,0.,0.,0.,0.,0.,0.,0.,0.,0.,0.,0.,0.,0.
484,0.009,0.,0.009,0.018,0.,0.018,0.009,0.,0.009,0.018,0.,0.018,0.009,0.,0.009,0.018,0.,0.018,0.009,0.,0.009,0.,0.,0.,0.,0.,0.,0.,0.,0.,0.,0.,0.,0.,0.,0.,0.,0.,0.
488,0.01,0.,0.01,0.018,0.,0.018,0.009,0.,0.009,0.018,0.,0.018,0.009,0.,0.009,0.018,0.,0.018,0.009,0.,0.009,0.,0.,0.,0.,0.,0.,0.,0.,0.,0.,0.,0.,0.,0.,0.,0.,0.,0.
492,0.009,0.,0.009,0.019,0.,0.019,0.009,0.,0.009,0.018,0.,0.018,0.009,0.,0.009,0.018,0.,0.018,0.01,0.,0.01,0.,0.,0.,0.,0.,0.,0.,0.,0.,0.,0.,0.,0.,0.,0.,0.,0.,0.
496,0.01,0.,0.01,0.018,0.,0.018,0.01,0.,0.01,0.018,0.,0.018,0.01,0.,0.01,0.02,0.,0.02,0.01,0.,0.01,0.,0.,0.,0.,0.,0.,0.,0.,0.,0.,0.,0.,0.,0.,0.,0.,0.,0.
500,0.01,0.,0.01,0.019,0.,0.019,0.01,0.,0.01,0.019,0.,0.019,0.01,0.,0.01,0.019,0.,0.019,0.01,0.,0.01,0.,0.,0.,0.,0.,0.,0.,0.,0.,0.,0.,0.,0.,0.,0.,0.,0.,0.
504,0.01,0.,0.01,0.019,0.,0.019,0.011,0.,0.011,0.019,0.,0.019,0.01,0.,0.01,0.019,0.,0.019,0.01,0.,0.01,0.,0.,0.,0.,0.,0.,0.,0.,0.,0.,0.,0.,0.,0.,0.,0.,0.,0.
508,0.01,0.,0.01,0.02,0.,0.02,0.01,0.,0.01,0.019,0.,0.019,0.01,0.,0.01,0.019,0.,0.019,0.01,0.,0.01,0.,0.,0.,0.,0.,0.,0.,0.,0.,0.,0.,0.,0.,0.,0.,0.,0.,0.
512,0.01,0.,0.01,0.019,0.,0.019,0.01,0.,0.01,0.02,0.,0.02,0.01,0.,0.01,0.02,0.,0.02,0.01,0.,0.01,0.,0.,0.,0.,0.,0.,0.,0.,0.,0.,0.,0.,0.,0.,0.,0.,0.,0.
516,0.01,0.,0.01,0.02,0.,0.02,0.01,0.,0.01,0.02,0.,0.02,0.01,0.,0.01,0.02,0.,0.02,0.01,0.,0.01,0.,0.,0.,0.,0.,0.,0.,0.,0.,0.,0.,0.,0.,0.,0.,0.,0.,0.
520,0.01,0.,0.01,0.02,0.,0.02,0.012,0.,0.012,0.02,0.,0.02,0.01,0.,0.01,0.02,0.,0.02,0.01,0.,0.01,0.,0.,0.,0.,0.,0.,0.,0.,0.,0.,0.,0.,0.,0.,0.,0.,0.,0.
524,0.011,0.,0.011,0.021,0.,0.021,0.011,0.,0.011,0.02,0.,0.02,0.011,0.,0.011,0.02,0.,0.02,0.011,0.,0.011,0.,0.,0.,0.,0.,0.,0.,0.,0.,0.,0.,0.,0.,0.,0.,0.,0.,0.
528,0.011,0.,0.011,0.021,0.,0.021,0.011,0.,0.011,0.021,0.,0.021,0.011,0.,0.011,0.022,0.,0.022,0.011,0.,0.011,0.,0.,0.,0.,0.,0.,0.,0.,0.,0.,0.,0.,0.,0.,0.,0.,0.,0.
532,0.011,0.,0.011,0.021,0.002,0.018,0.011,0.,0.011,0.021,0.,0.021,0.011,0.,0.011,0.021,0.,0.021,0.011,0.,0.011,0.,0.,0.,0.,0.,0.,0.,0.,0.,0.,0.,0.,0.,0.,0.,0.,0.,0.
536,0.012,0.,0.012,0.021,0.,0.021,0.011,0.,0.011,0.021,0.,0.021,0.011,0.,0.011,0.021,0.,0.021,0.011,0.,0.011,0.,0.,0.,0.,0.,0.,0.,0.,0.,0.,0.,0.,0.,0.,0.,0.,0.,0.
540,0.011,0.,0.011,0.021,0.,0.021,0.011,0.,0.011,0.021,0.,0.021,0.012,0.,0.012,0.021,0.,0.021,0.011,0.,0.011,0.,0.,0.,0.,0.,0.,0.,0.,0.,0.,0.,0.,0.,0.,0.,0.,0.,0.
544,0.011,0.,0.011,0.022,0.,0.022,0.011,0.,0.011,0.022,0.,0.022,0.011,0.,0.011,0.022,0.,0.022,0.011,0.,0.011,0.,0.,0.,0.,0.,0.,0.,0.,0.,0.,0.,0.,0.,0.,0.,0.,0.,0.
548,0.011,0.,0.011,0.022,0.,0.022,0.011,0.,0.011,0.022,0.,0.022,0.011,0.,0.011,0.022,0.,0.022,0.011,0.,0.011,0.,0.,0.,0.,0.,0.,0.,0.,0.,0.,0.,0.,0.,0.,0.,0.,0.,0.
552,0.011,0.,0.011,0.022,0.,0.022,0.012,0.,0.012,0.022,0.,0.022,0.012,0.,0.012,0.022,0.,0.022,0.012,0.,0.012,0.,0.,0.,0.,0.,0.,0.,0.,0.,0.,0.,0.,0.,0.,0.,0.,0.,0.
556,0.013,0.,0.013,0.022,0.,0.022,0.012,0.,0.012,0.022,0.,0.022,0.012,0.,0.012,0.022,0.,0.022,0.012,0.,0.012,0.,0.,0.,0.,0.,0.,0.,0.,0.,0.,0.,0.,0.,0.,0.,0.,0.,0.
560,0.012,0.,0.012,0.023,0.,0.023,0.012,0.,0.012,0.023,0.,0.023,0.012,0.,0.012,0.023,0.,0.023,0.012,0.,0.012,0.,0.,0.,0.,0.,0.,0.,0.,0.,0.,0.,0.,0.,0.,0.,0.,0.,0.
564,0.012,0.,0.012,0.024,0.,0.024,0.012,0.,0.012,0.023,0.,0.023,0.012,0.,0.012,0.023,0.,0.023,0.012,0.,0.012,0.,0.,0.,0.,0.,0.,0.,0.,0.,0.,0.,0.,0.,0.,0.,0.,0.,0.
568,0.012,0.,0.012,0.023,0.,0.023,0.012,0.,0.012,0.024,0.,0.024,0.012,0.,0.012,0.023,0.,0.023,0.012,0.,0.012,0.,0.,0.,0.,0.,0.,0.,0.,0.,0.,0.,0.,0.,0.,0.,0.,0.,0.
572,0.012,0.,0.012,0.023,0.,0.023,0.012,0.,0.012,0.024,0.,0.024,0.012,0.,0.012,0.024,0.,0.024,0.012,0.,0.012,0.,0.,0.,0.,0.,0.,0.,0.,0.,0.,0.,0.,0.,0.,0.,0.,0.,0.
576,0.012,0.,0.012,0.024,0.,0.024,0.012,0.,0.012,0.024,0.,0.024,0.012,0.,0.012,0.024,0.,0.024,0.012,0.,0.012,0.,0.,0.,0.,0.,0.,0.,0.,0.,0.,0.,0.,0.,0.,0.,0.,0.,0.
580,0.013,0.,0.013,0.024,0.,0.024,0.013,0.,0.013,0.024,0.,0.024,0.013,0.,0.013,0.024,0.,0.024,0.012,0.,0.012,0.,0.,0.,0.,0.,0.,0.,0.,0.,0.,0.,0.,0.,0.,0.,0.,0.,0.
584,0.013,0.,0.013,0.024,0.,0.024,0.013,0.,0.013,0.024,0.,0.024,0.013,0.,0.013,0.024,0.,0.024,0.013,0.,0.013,0.,0.,0.,0.,0.,0.,0.,0.,0.,0.,0.,0.,0.,0.,0.,0.,0.,0.
588,0.013,0.,0.013,0.025,0.,0.025,0.013,0.,0.013,0.025,0.,0.025,0.013,0.,0.013,0.025,0.,0.025,0.014,0.,0.014,0.,0.,0.,0.,0.,0.,0.,0.,0.,0.,0.,0.,0.,0.,0.,0.,0.,0.
592,0.013,0.,0.013,0.026,0.,0.026,0.013,0.,0.013,0.025,0.,0.025,0.013,0.,0.013,0.025,0.,0.025,0.013,0.,0.013,0.,0.,0.,0.,0.,0.,0.,0.,0.,0.,0.,0.,0.,0.,0.,0.,0.,0.
596,0.013,0.,0.013,0.025,0.,0.025,0.013,0.,0.013,0.026,0.,0.026,0.013,0.,0.013,0.025,0.,0.025,0.013,0.,0.013,0.,0.,0.,0.,0.,0.,0.,0.,0.,0.,0.,0.,0.,0.,0.,0.,0.,0.
600,0.013,0.,0.013,0.025,0.,0.025,0.013,0.,0.013,0.026,0.,0.026,0.013,0.,0.013,0.026,0.,0.026,0.013,0.,0.013,0.,0.,0.,0.,0.,0.,0.,0.,0.,0.,0.,0.,0.,0.,0.,0.,0.,0.
604,0.013,0.,0.013,0.026,0.,0.026,0.013,0.,0.013,0.026,0.,0.026,0.013,0.,0.013,0.026,0.,0.026,0.013,0.,0.013,0.,0.,0.,0.,0.,0.,0.,0.,0.,0.,0.,0.,0.,0.,0.,0.,0.,0.
608,0.013,0.,0.013,0.026,0.,0.026,0.014,0.,0.014,0.026,0.,0.026,0.014,0.,0.014,0.026,0.,0.026,0.014,0.,0.014,0.,0.,0.,0.,0.,0.,0.,0.,0.,0.,0.,0.,0.,0.,0.,0.,0.,0.
612,0.014,0.,0.014,0.026,0.,0.026,0.014,0.,0.014,0.026,0.,0.026,0.014,0.,0.014,0.026,0.,0.026,0.014,0.,0.014,0.,0.,0.,0.,0.,0.,0.,0.,0.,0.,0.,0.,0.,0.,0.,0.,0.,0.
616,0.014,0.,0.014,0.027,0.,0.027,0.015,0.,0.015,0.027,0.,0.027,0.014,0.,0.014,0.027,0.,0.027,0.014,0.,0.014,0.,0.,0.,0.,0.,0.,0.,0.,0.,0.,0.,0.,0.,0.,0.,0.,0.,0.
620,0.014,0.,0.014,0.027,0.,0.027,0.014,0.,0.014,0.027,0.,0.027,0.015,0.,0.015,0.027,0.,0.027,0.014,0.,0.014,0.,0.,0.,0.,0.,0.,0.,0.,0.,0.,0.,0.,0.,0.,0.,0.,0.,0.
624,0.014,0.,0.014,0.027,0.,0.027,0.014,0.,0.014,0.027,0.,0.027,0.014,0.,0.014,0.028,0.,0.028,0.015,0.,0.015,0.,0.,0.,0.,0.,0.,0.,0.,0.,0.,0.,0.,0.,0.,0.,0.,0.,0.
628,0.014,0.,0.014,0.029,0.,0.029,0.014,0.,0.014,0.028,0.,0.028,0.014,0.,0.014,0.028,0.,0.028,0.014,0.,0.014,0.,0.,0.,0.,0.,0.,0.,0.,0.,0.,0.,0.,0.,0.,0.,0.,0.,0.
632,0.014,0.,0.014,0.029,0.,0.029,0.015,0.,0.015,0.028,0.,0.028,0.015,0.,0.015,0.028,0.,0.028,0.015,0.,0.015,0.,0.,0.,0.,0.,0.,0.,0.,0.,0.,0.,0.,0.,0.,0.,0.,0.,0.
636,0.015,0.,0.015,0.028,0.,0.028,0.015,0.,0.015,0.029,0.,0.029,0.015,0.,0.015,0.028,0.,0.028,0.015,0.,0.015,0.,0.,0.,0.,0.,0.,0.,0.,0.,0.,0.,0.,0.,0.,0.,0.,0.,0.
640,0.015,0.,0.015,0.029,0.,0.029,0.015,0.,0.015,0.029,0.,0.029,0.015,0.,0.015,0.029,0.,0.029,0.015,0.,0.015,0.,0.,0.,0.,0.,0.,0.,0.,0.,0.,0.,0.,0.,0.,0.,0.,0.,0.
644,0.015,0.,0.015,0.029,0.,0.029,0.015,0.,0.015,0.03,0.,0.03,0.015,0.,0.015,0.029,0.,0.029,0.015,0.,0.015,0.,0.,0.,0.,0.,0.,0.,0.,0.,0.,0.,0.,0.,0.,0.,0.,0.,0.
648,0.015,0.,0.015,0.029,0.,0.029,0.015,0.,0.015,0.029,0.,0.029,0.015,0.,0.015,0.03,0.,0.03,0.015,0.,0.015,0.,0.,0.,0.,0.,0.,0.,0.,0.,0.,0.,0.,0.,0.,0.,0.,0.,0.
652,0.015,0.,0.015,0.029,0.,0.029,0.015,0.,0.015,0.03,0.,0.03,0.015,0.,0.015,0.03,0.,0.03,0.015,0.,0.015,0.,0.,0.,0.,0.,0.,0.,0.,0.,0.,0.,0.,0.,0.,0.,0.,0.,0.
656,0.015,0.,0.015,0.03,0.,0.03,0.015,0.,0.015,0.03,0.,0.03,0.015,0.,0.015,0.031,0.,0.031,0.015,0.,0.015,0.,0.,0.,0.,0.,0.,0.,0.,0.,0.,0.,0.,0.,0.,0.,0.,0.,0.
660,0.016,0.,0.016,0.03,0.,0.03,0.016,0.,0.016,0.03,0.,0.03,0.016,0.,0.016,0.03,0.,0.03,0.016,0.,0.016,0.,0.,0.,0.,0.,0.,0.,0.,0.,0.,0.,0.,0.,0.,0.,0.,0.,0.
664,0.016,0.,0.016,0.03,0.,0.03,0.016,0.,0.016,0.031,0.,0.031,0.016,0.,0.016,0.03,0.,0.03,0.016,0.,0.016,0.,0.,0.,0.,0.,0.,0.,0.,0.,0.,0.,0.,0.,0.,0.,0.,0.,0.
668,0.016,0.,0.016,0.031,0.,0.031,0.016,0.,0.016,0.031,0.,0.031,0.016,0.,0.016,0.031,0.,0.031,0.016,0.,0.016,0.,0.,0.,0.,0.,0.,0.,0.,0.,0.,0.,0.,0.,0.,0.,0.,0.,0.
672,0.016,0.,0.016,0.031,0.,0.031,0.016,0.,0.016,0.031,0.,0.031,0.016,0.,0.016,0.031,0.,0.031,0.016,0.,0.016,0.,0.,0.,0.,0.,0.,0.,0.,0.,0.,0.,0.,0.,0.,0.,0.,0.,0.
676,0.016,0.,0.016,0.031,0.,0.031,0.016,0.,0.016,0.031,0.,0.031,0.016,0.,0.016,0.032,0.,0.032,0.016,0.,0.016,0.,0.,0.,0.,0.,0.,0.,0.,0.,0.,0.,0.,0.,0.,0.,0.,0.,0.
680,0.016,0.,0.016,0.032,0.,0.032,0.016,0.,0.016,0.032,0.,0.032,0.016,0.,0.016,0.032,0.,0.032,0.016,0.,0.016,0.,0.,0.,0.,0.,0.,0.,0.,0.,0.,0.,0.,0.,0.,0.,0.,0.,0.
684,0.017,0.,0.017,0.032,0.,0.032,0.017,0.,0.017,0.032,0.,0.032,0.017,0.,0.017,0.032,0.,0.032,0.017,0.,0.017,0.,0.,0.,0.,0.,0.,0.,0.,0.,0.,0.,0.,0.,0.,0.,0.,0.,0.
688,0.017,0.,0.017,0.033,0.,0.033,0.017,0.,0.017,0.033,0.,0.033,0.017,0.,0.017,0.033,0.,0.033,0.017,0.,0.017,0.,0.,0.,0.,0.,0.,0.,0.,0.,0.,0.,0.,0.,0.,0.,0.,0.,0.
692,0.017,0.,0.017,0.033,0.,0.033,0.017,0.,0.017,0.033,0.,0.033,0.017,0.,0.017,0.033,0.,0.033,0.017,0.,0.017,0.,0.,0.,0.,0.,0.,0.,0.,0.,0.,0.,0.,0.,0.,0.,0.,0.,0.
696,0.017,0.,0.017,0.033,0.,0.033,0.017,0.,0.017,0.033,0.,0.033,0.017,0.,0.017,0.033,0.,0.033,0.017,0.,0.017,0.,0.,0.,0.,0.,0.,0.,0.,0.,0.,0.,0.,0.,0.,0.,0.,0.,0.
700,0.017,0.,0.017,0.033,0.,0.033,0.017,0.,0.017,0.033,0.,0.033,0.017,0.,0.017,0.033,0.,0.033,0.017,0.,0.017,0.,0.,0.,0.,0.,0.,0.,0.,0.,0.,0.,0.,0.,0.,0.,0.,0.,0.
704,0.017,0.,0.017,0.034,0.,0.034,0.017,0.,0.017,0.034,0.,0.034,0.017,0.,0.017,0.035,0.,0.035,0.017,0.,0.017,0.,0.,0.,0.,0.,0.,0.,0.,0.,0.,0.,0.,0.,0.,0.,0.,0.,0.
708,0.018,0.,0.018,0.034,0.,0.034,0.018,0.,0.018,0.034,0.,0.034,0.018,0.,0.018,0.035,0.,0.035,0.018,0.,0.018,0.,0.,0.,0.,0.,0.,0.,0.,0.,0.,0.,0.,0.,0.,0.,0.,0.,0.
712,0.018,0.,0.018,0.034,0.,0.034,0.018,0.,0.018,0.034,0.,0.034,0.018,0.,0.018,0.035,0.,0.035,0.018,0.,0.018,0.,0.,0.,0.,0.,0.,0.,0.,0.,0.,0.,0.,0.,0.,0.,0.,0.,0.
716,0.018,0.,0.018,0.035,0.,0.035,0.018,0.,0.018,0.035,0.,0.035,0.018,0.,0.018,0.036,0.,0.036,0.018,0.,0.018,0.,0.,0.,0.,0.,0.,0.,0.,0.,0.,0.,0.,0.,0.,0.,0.,0.,0.
720,0.018,0.,0.018,0.035,0.,0.035,0.018,0.,0.018,0.035,0.,0.035,0.018,0.,0.018,0.035,0.,0.035,0.018,0.,0.018,0.,0.,0.,0.,0.,0.,0.,0.,0.,0.,0.,0.,0.,0.,0.,0.,0.,0.
724,0.018,0.,0.018,0.036,0.,0.036,0.018,0.,0.018,0.036,0.,0.036,0.018,0.,0.018,0.036,0.,0.036,0.018,0.,0.018,0.,0.,0.,0.,0.,0.,0.,0.,0.,0.,0.,0.,0.,0.,0.,0.,0.,0.
728,0.018,0.,0.018,0.036,0.,0.036,0.018,0.,0.018,0.036,0.,0.036,0.018,0.,0.018,0.036,0.,0.036,0.019,0.,0.019,0.,0.,0.,0.,0.,0.,0.,0.,0.,0.,0.,0.,0.,0.,0.,0.,0.,0.
732,0.019,0.,0.019,0.038,0.,0.038,0.019,0.,0.019,0.036,0.,0.036,0.019,0.,0.019,0.036,0.,0.036,0.019,0.,0.019,0.,0.,0.,0.,0.,0.,0.,0.,0.,0.,0.,0.,0.,0.,0.,0.,0.,0.
736,0.019,0.,0.019,0.037,0.,0.037,0.019,0.,0.019,0.036,0.,0.036,0.019,0.,0.019,0.037,0.,0.037,0.019,0.,0.019,0.,0.,0.,0.,0.,0.,0.,0.,0.,0.,0.,0.,0.,0.,0.,0.,0.,0.
740,0.019,0.,0.019,0.037,0.,0.037,0.019,0.,0.019,0.037,0.,0.037,0.019,0.,0.019,0.037,0.,0.037,0.02,0.,0.02,0.,0.,0.,0.,0.,0.,0.,0.,0.,0.,0.,0.,0.,0.,0.,0.,0.,0.
744,0.019,0.,0.019,0.037,0.,0.037,0.019,0.,0.019,0.037,0.,0.037,0.019,0.,0.019,0.037,0.,0.037,0.02,0.,0.02,0.,0.,0.,0.,0.,0.,0.,0.,0.,0.,0.,0.,0.,0.,0.,0.,0.,0.
748,0.019,0.,0.019,0.038,0.,0.038,0.019,0.,0.019,0.038,0.,0.038,0.02,0.,0.02,0.038,0.,0.038,0.019,0.,0.019,0.,0.,0.,0.,0.,0.,0.,0.,0.,0.,0.,0.,0.,0.,0.,0.,0.,0.
752,0.019,0.,0.019,0.038,0.,0.038,0.02,0.,0.02,0.038,0.,0.038,0.02,0.,0.02,0.038,0.,0.038,0.02,0.,0.02,0.,0.,0.,0.,0.,0.,0.,0.,0.,0.,0.,0.,0.,0.,0.,0.,0.,0.
756,0.02,0.,0.02,0.038,0.,0.038,0.02,0.,0.02,0.038,0.,0.038,0.02,0.,0.02,0.038,0.,0.038,0.02,0.,0.02,0.,0.,0.,0.,0.,0.,0.,0.,0.,0.,0.,0.,0.,0.,0.,0.,0.,0.
760,0.02,0.,0.02,0.039,0.,0.039,0.02,0.,0.02,0.039,0.,0.039,0.02,0.,0.02,0.039,0.,0.039,0.02,0.,0.02,0.,0.,0.,0.,0.,0.,0.,0.,0.,0.,0.,0.,0.,0.,0.,0.,0.,0.
764,0.02,0.,0.02,0.039,0.,0.039,0.02,0.,0.02,0.039,0.,0.039,0.02,0.,0.02,0.039,0.,0.039,0.02,0.,0.02,0.,0.,0.,0.,0.,0.,0.,0.,0.,0.,0.,0.,0.,0.,0.,0.,0.,0.
768,0.02,0.,0.02,0.039,0.,0.039,0.02,0.,0.02,0.04,0.,0.04,0.02,0.,0.02,0.04,0.,0.04,0.02,0.,0.02,0.,0.,0.,0.,0.,0.,0.,0.,0.,0.,0.,0.,0.,0.,0.,0.,0.,0.
772,0.02,0.,0.02,0.04,0.,0.04,0.02,0.,0.02,0.04,0.,0.04,0.02,0.,0.02,0.04,0.,0.04,0.02,0.,0.02,0.,0.,0.,0.,0.,0.,0.,0.,0.,0.,0.,0.,0.,0.,0.,0.,0.,0.
776,0.021,0.,0.021,0.04,0.,0.04,0.021,0.,0.021,0.04,0.,0.04,0.021,0.,0.021,0.04,0.,0.04,0.021,0.,0.021,0.,0.,0.,0.,0.,0.,0.,0.,0.,0.,0.,0.,0.,0.,0.,0.,0.,0.
780,0.021,0.,0.021,0.041,0.,0.041,0.021,0.,0.021,0.041,0.,0.041,0.021,0.,0.021,0.041,0.,0.041,0.021,0.,0.021,0.,0.,0.,0.,0.,0.,0.,0.,0.,0.,0.,0.,0.,0.,0.,0.,0.,0.
784,0.021,0.,0.021,0.041,0.,0.041,0.022,0.,0.022,0.041,0.,0.041,0.021,0.,0.021,0.041,0.,0.041,0.021,0.,0.021,0.,0.,0.,0.,0.,0.,0.,0.,0.,0.,0.,0.,0.,0.,0.,0.,0.,0.
788,0.022,0.,0.022,0.041,0.,0.041,0.021,0.,0.021,0.041,0.,0.041,0.021,0.,0.021,0.041,0.,0.041,0.021,0.,0.021,0.,0.,0.,0.,0.,0.,0.,0.,0.,0.,0.,0.,0.,0.,0.,0.,0.,0.
792,0.021,0.,0.021,0.042,0.,0.042,0.021,0.,0.021,0.042,0.,0.042,0.021,0.,0.021,0.042,0.,0.042,0.021,0.,0.021,0.,0.,0.,0.,0.,0.,0.,0.,0.,0.,0.,0.,0.,0.,0.,0.,0.,0.
796,0.022,0.,0.022,0.042,0.,0.042,0.022,0.,0.022,0.043,0.,0.043,0.022,0.,0.022,0.042,0.,0.042,0.022,0.,0.022,0.,0.,0.,0.,0.,0.,0.,0.,0.,0.,0.,0.,0.,0.,0.,0.,0.,0.
800,0.022,0.,0.022,0.043,0.,0.043,0.022,0.,0.022,0.042,0.,0.042,0.022,0.,0.022,0.042,0.,0.042,0.022,0.,0.022,0.,0.,0.,0.,0.,0.,0.,0.,0.,0.,0.,0.,0.,0.,0.,0.,0.,0.
804,0.022,0.,0.022,0.043,0.,0.043,0.022,0.,0.022,0.043,0.,0.043,0.022,0.,0.022,0.043,0.,0.043,0.023,0.,0.023,0.,0.,0.,0.,0.,0.,0.,0.,0.,0.,0.,0.,0.,0.,0.,0.,0.,0.
808,0.022,0.,0.022,0.043,0.,0.043,0.023,0.,0.023,0.043,0.,0.043,0.022,0.,0.022,0.043,0.,0.043,0.022,0.,0.022,0.,0.,0.,0.,0.,0.,0.,0.,0.,0.,0.,0.,0.,0.,0.,0.,0.,0.
812,0.023,0.,0.023,0.043,0.,0.043,0.022,0.,0.022,0.043,0.,0.043,0.022,0.,0.022,0.044,0.,0.044,0.022,0.,0.022,0.,0.,0.,0.,0.,0.,0.,0.,0.,0.,0.,0.,0.,0.,0.,0.,0.,0.
816,0.022,0.,0.022,0.044,0.,0.044,0.023,0.,0.023,0.045,0.,0.045,0.023,0.,0.023,0.044,0.,0.044,0.023,0.,0.023,0.,0.,0.,0.,0.,0.,0.,0.,0.,0.,0.,0.,0.,0.,0.,0.,0.,0.
820,0.023,0.,0.023,0.045,0.,0.045,0.023,0.,0.023,0.044,0.,0.044,0.023,0.,0.023,0.044,0.,0.044,0.023,0.,0.023,0.,0.,0.,0.,0.,0.,0.,0.,0.,0.,0.,0.,0.,0.,0.,0.,0.,0.
824,0.023,0.,0.023,0.045,0.,0.045,0.023,0.,0.023,0.045,0.,0.045,0.023,0.,0.023,0.045,0.,0.045,0.024,0.,0.024,0.,0.,0.,0.,0.,0.,0.,0.,0.,0.,0.,0.,0.,0.,0.,0.,0.,0.
828,0.023,0.,0.023,0.045,0.,0.045,0.023,0.,0.023,0.045,0.,0.045,0.023,0.,0.023,0.045,0.,0.045,0.023,0.,0.023,0.,0.,0.,0.,0.,0.,0.,0.,0.,0.,0.,0.,0.,0.,0.,0.,0.,0.
832,0.024,0.,0.024,0.045,0.,0.045,0.023,0.,0.023,0.045,0.,0.045,0.023,0.,0.023,0.046,0.,0.046,0.023,0.,0.023,0.,0.,0.,0.,0.,0.,0.,0.,0.,0.,0.,0.,0.,0.,0.,0.,0.,0.
836,0.023,0.,0.023,0.046,0.,0.046,0.023,0.,0.023,0.047,0.,0.047,0.023,0.,0.023,0.046,0.,0.046,0.023,0.,0.023,0.,0.,0.,0.,0.,0.,0.,0.,0.,0.,0.,0.,0.,0.,0.,0.,0.,0.
840,0.023,0.,0.023,0.047,0.,0.047,0.024,0.,0.024,0.046,0.,0.046,0.024,0.,0.024,0.046,0.,0.046,0.024,0.,0.024,0.,0.,0.,0.,0.,0.,0.,0.,0.,0.,0.,0.,0.,0.,0.,0.,0.,0.
844,0.024,0.,0.024,0.046,0.,0.046,0.024,0.,0.024,0.047,0.,0.047,0.024,0.,0.024,0.047,0.,0.047,0.025,0.,0.025,0.,0.,0.,0.,0.,0.,0.,0.,0.,0.,0.,0.,0.,0.,0.,0.,0.,0.
848,0.024,0.,0.024,0.047,0.,0.047,0.024,0.,0.024,0.047,0.,0.047,0.024,0.,0.024,0.047,0.,0.047,0.024,0.,0.024,0.,0.,0.,0.,0.,0.,0.,0.,0.,0.,0.,0.,0.,0.,0.,0.,0.,0.
852,0.024,0.,0.024,0.048,0.,0.048,0.024,0.,0.024,0.048,0.,0.048,0.024,0.,0.024,0.047,0.,0.047,0.024,0.,0.024,0.,0.,0.,0.,0.,0.,0.,0.,0.,0.,0.,0.,0.,0.,0.,0.,0.,0.
856,0.024,0.,0.024,0.049,0.,0.049,0.024,0.,0.024,0.048,0.,0.048,0.025,0.,0.025,0.048,0.,0.048,0.024,0.,0.024,0.,0.,0.,0.,0.,0.,0.,0.,0.,0.,0.,0.,0.,0.,0.,0.,0.,0.
860,0.025,0.,0.025,0.048,0.,0.048,0.025,0.,0.025,0.048,0.,0.048,0.025,0.,0.025,0.048,0.,0.048,0.025,0.,0.025,0.,0.,0.,0.,0.,0.,0.,0.,0.,0.,0.,0.,0.,0.,0.,0.,0.,0.
864,0.025,0.,0.025,0.049,0.,0.049,0.026,0.,0.026,0.049,0.,0.049,0.025,0.,0.025,0.049,0.,0.049,0.025,0.,0.025,0.,0.,0.,0.,0.,0.,0.,0.,0.,0.,0.,0.,0.,0.,0.,0.,0.,0.
868,0.025,0.,0.025,0.049,0.,0.049,0.025,0.,0.025,0.05,0.,0.05,0.025,0.,0.025,0.049,0.,0.049,0.025,0.,0.025,0.,0.,0.,0.,0.,0.,0.,0.,0.,0.,0.,0.,0.,0.,0.,0.,0.,0.
872,0.025,0.,0.025,0.05,0.,0.05,0.025,0.,0.025,0.049,0.,0.049,0.025,0.,0.025,0.049,0.,0.049,0.025,0.,0.025,0.,0.,0.,0.,0.,0.,0.,0.,0.,0.,0.,0.,0.,0.,0.,0.,0.,0.
876,0.025,0.,0.025,0.05,0.,0.05,0.025,0.,0.025,0.05,0.,0.05,0.026,0.,0.026,0.05,0.,0.05,0.025,0.,0.025,0.,0.,0.,0.,0.,0.,0.,0.,0.,0.,0.,0.,0.,0.,0.,0.,0.,0.
880,0.026,0.,0.026,0.05,0.,0.05,0.026,0.,0.026,0.05,0.,0.05,0.026,0.,0.026,0.051,0.,0.051,0.026,0.,0.026,0.,0.,0.,0.,0.,0.,0.,0.,0.,0.,0.,0.,0.,0.,0.,0.,0.,0.
884,0.026,0.,0.026,0.051,0.,0.051,0.026,0.,0.026,0.051,0.,0.051,0.026,0.,0.026,0.051,0.,0.051,0.026,0.,0.026,0.,0.,0.,0.,0.,0.,0.,0.,0.,0.,0.,0.,0.,0.,0.,0.,0.,0.
888,0.026,0.,0.026,0.051,0.,0.051,0.026,0.,0.026,0.051,0.,0.051,0.026,0.,0.026,0.051,0.,0.051,0.027,0.,0.027,0.,0.,0.,0.,0.,0.,0.,0.,0.,0.,0.,0.,0.,0.,0.,0.,0.,0.
892,0.026,0.,0.026,0.051,0.,0.051,0.027,0.,0.027,0.051,0.,0.051,0.026,0.,0.026,0.051,0.,0.051,0.026,0.,0.026,0.,0.,0.,0.,0.,0.,0.,0.,0.,0.,0.,0.,0.,0.,0.,0.,0.,0.
896,0.026,0.,0.026,0.052,0.,0.052,0.026,0.,0.026,0.052,0.,0.052,0.026,0.,0.026,0.052,0.,0.052,0.026,0.,0.026,0.,0.,0.,0.,0.,0.,0.,0.,0.,0.,0.,0.,0.,0.,0.,0.,0.,0.
900,0.027,0.,0.027,0.053,0.,0.053,0.027,0.,0.027,0.052,0.,0.052,0.027,0.,0.027,0.052,0.,0.052,0.027,0.,0.027,0.,0.,0.,0.,0.,0.,0.,0.,0.,0.,0.,0.,0.,0.,0.,0.,0.,0.
904,0.027,0.,0.027,0.053,0.,0.053,0.027,0.,0.027,0.053,0.,0.053,0.027,0.,0.027,0.053,0.,0.053,0.027,0.,0.027,0.,0.,0.,0.,0.,0.,0.,0.,0.,0.,0.,0.,0.,0.,0.,0.,0.,0.
908,0.027,0.,0.027,0.053,0.,0.053,0.027,0.,0.027,0.053,0.,0.053,0.027,0.,0.027,0.053,0.,0.053,0.027,0.,0.027,0.,0.,0.,0.,0.,0.,0.,0.,0.,0.,0.,0.,0.,0.,0.,0.,0.,0.
912,0.027,0.,0.027,0.054,0.,0.054,0.027,0.,0.027,0.053,0.,0.053,0.027,0.,0.027,0.053,0.,0.053,0.027,0.,0.027,0.,0.,0.,0.,0.,0.,0.,0.,0.,0.,0.,0.,0.,0.,0.,0.,0.,0.
916,0.027,0.,0.027,0.054,0.,0.054,0.028,0.,0.028,0.054,0.,0.054,0.028,0.,0.028,0.054,0.,0.054,0.027,0.,0.027,0.,0.,0.,0.,0.,0.,0.,0.,0.,0.,0.,0.,0.,0.,0.,0.,0.,0.
920,0.027,0.,0.027,0.055,0.,0.055,0.028,0.,0.028,0.055,0.,0.055,0.028,0.,0.028,0.055,0.,0.055,0.028,0.,0.028,0.,0.,0.,0.,0.,0.,0.,0.,0.,0.,0.,0.,0.,0.,0.,0.,0.,0.
924,0.028,0.,0.028,0.056,0.,0.056,0.028,0.,0.028,0.055,0.,0.055,0.028,0.,0.028,0.055,0.,0.055,0.028,0.,0.028,0.,0.,0.,0.,0.,0.,0.,0.,0.,0.,0.,0.,0.,0.,0.,0.,0.,0.
928,0.028,0.,0.028,0.055,0.,0.055,0.028,0.,0.028,0.055,0.,0.055,0.029,0.,0.029,0.055,0.,0.055,0.028,0.,0.028,0.,0.,0.,0.,0.,0.,0.,0.,0.,0.,0.,0.,0.,0.,0.,0.,0.,0.
932,0.028,0.,0.028,0.056,0.,0.056,0.028,0.,0.028,0.056,0.,0.056,0.028,0.,0.028,0.056,0.,0.056,0.028,0.,0.028,0.,0.,0.,0.,0.,0.,0.,0.,0.,0.,0.,0.,0.,0.,0.,0.,0.,0.
936,0.028,0.,0.028,0.056,0.,0.056,0.028,0.,0.028,0.056,0.,0.056,0.029,0.,0.029,0.056,0.,0.056,0.029,0.,0.029,0.,0.,0.,0.002,0.,0.002,0.,0.,0.,0.,0.,0.,0.,0.,0.,0.,0.,0.
940,0.029,0.,0.029,0.056,0.,0.056,0.029,0.,0.029,0.057,0.,0.057,0.029,0.,0.029,0.058,0.,0.058,0.029,0.,0.029,0.001,0.,0.001,0.,0.,0.,0.,0.,0.,0.,0.,0.,0.,0.,0.,0.,0.,0.
944,0.029,0.,0.029,0.057,0.,0.057,0.029,0.,0.029,0.058,0.,0.058,0.029,0.,0.029,0.057,0.,0.057,0.029,0.,0.029,0.001,0.,0.001,0.,0.,0.,0.,0.,0.,0.,0.,0.,0.,0.,0.,0.,0.,0.
948,0.029,0.,0.029,0.057,0.,0.057,0.029,0.,0.029,0.057,0.,0.057,0.029,0.,0.029,0.057,0.,0.057,0.03,0.,0.03,0.,0.,0.,0.,0.,0.,0.,0.,0.,0.,0.,0.,0.,0.,0.,0.,0.,0.
952,0.03,0.,0.03,0.058,0.,0.058,0.029,0.,0.029,0.058,0.,0.058,0.029,0.,0.029,0.059,0.,0.059,0.03,0.,0.03,0.,0.,0.,0.,0.,0.,0.,0.,0.,0.,0.,0.,0.,0.,0.,0.,0.,0.
956,0.029,0.,0.029,0.059,0.,0.059,0.03,0.,0.03,0.058,0.,0.058,0.03,0.,0.03,0.058,0.,0.058,0.03,0.,0.03,0.,0.,0.,0.,0.,0.,0.,0.,0.,0.,0.,0.,0.,0.,0.,0.,0.,0.
960,0.03,0.,0.03,0.058,0.,0.058,0.031,0.,0.031,0.059,0.,0.059,0.03,0.,0.03,0.059,0.,0.059,0.03,0.,0.03,0.,0.,0.,0.,0.,0.,0.,0.,0.,0.,0.,0.,0.,0.,0.,0.,0.,0.
964,0.03,0.,0.03,0.059,0.,0.059,0.03,0.,0.03,0.06,0.,0.06,0.03,0.,0.03,0.059,0.,0.059,0.03,0.,0.03,0.,0.,0.,0.,0.,0.,0.,0.,0.,0.,0.,0.,0.,0.,0.,0.,0.,0.
968,0.03,0.,0.03,0.06,0.,0.06,0.03,0.,0.03,0.06,0.,0.06,0.03,0.,0.03,0.059,0.,0.059,0.031,0.,0.031,0.,0.,0.,0.,0.,0.,0.,0.,0.,0.,0.,0.,0.,0.,0.,0.,0.,0.
972,0.031,0.,0.031,0.06,0.,0.06,0.03,0.,0.03,0.06,0.,0.06,0.03,0.,0.03,0.061,0.,0.061,0.031,0.,0.031,0.001,0.,0.001,0.,0.,0.,0.,0.,0.,0.,0.,0.,0.,0.,0.,0.,0.,0.
976,0.031,0.,0.031,0.061,0.,0.061,0.031,0.,0.031,0.06,0.,0.06,0.031,0.,0.031,0.061,0.,0.061,0.031,0.,0.031,0.001,0.,0.001,0.,0.,0.,0.,0.,0.,0.,0.,0.,0.,0.,0.,0.,0.,0.
980,0.031,0.,0.031,0.061,0.,0.061,0.031,0.,0.031,0.061,0.,0.061,0.031,0.,0.031,0.062,0.,0.062,0.031,0.,0.031,0.001,0.,0.001,0.,0.,0.,0.,0.,0.,0.,0.,0.,0.,0.,0.,0.,0.,0.
984,0.031,0.,0.031,0.062,0.,0.062,0.031,0.,0.031,0.062,0.,0.062,0.031,0.,0.031,0.062,0.,0.062,0.031,0.,0.031,0.001,0.,0.001,0.,0.,0.,0.,0.,0.,0.,0.,0.,0.,0.,0.,0.,0.,0.
988,0.031,0.,0.031,0.062,0.,0.062,0.032,0.,0.032,0.062,0.,0.062,0.033,0.,0.033,0.062,0.,0.062,0.031,0.,0.031,0.001,0.,0.001,0.,0.,0.,0.,0.,0.,0.,0.,0.,0.,0.,0.,0.,0.,0.
992,0.031,0.,0.031,0.062,0.,0.062,0.032,0.,0.032,0.063,0.003,0.059,0.032,0.,0.032,0.062,0.,0.062,0.032,0.,0.032,0.001,0.,0.001,0.,0.,0.,0.,0.,0.,0.,0.,0.,0.,0.,0.,0.,0.,0.
996,0.032,0.,0.032,0.063,0.,0.063,0.032,0.,0.032,0.063,0.,0.063,0.032,0.,0.032,0.063,0.,0.063,0.032,0.,0.032,0.001,0.,0.001,0.,0.,0.,0.,0.,0.,0.,0.,0.,0.,0.,0.,0.,0.,0.
1000,0.033,0.,0.033,0.063,0.,0.063,0.032,0.,0.032,0.064,0.,0.064,0.032,0.,0.032,0.063,0.,0.063,0.032,0.,0.032,0.001,0.,0.001,0.,0.,0.,0.,0.,0.,0.,0.,0.,0.,0.,0.,0.,0.,0.
1100,0.038,0.,0.038,0.076,0.,0.076,0.038,0.,0.038,0.075,0.,0.075,0.038,0.,0.038,0.075,0.,0.075,0.039,0.,0.039,0.001,0.,0.001,0.001,0.,0.001,0.,0.,0.,0.,0.,0.,0.,0.,0.,0.,0.,0.
1200,0.044,0.,0.044,0.089,0.,0.089,0.044,0.,0.044,0.088,0.,0.088,0.044,0.,0.044,0.088,0.,0.088,0.045,0.,0.044,0.001,0.,0.001,0.001,0.,0.001,0.,0.,0.,0.,0.,0.,0.,0.,0.,0.,0.,0.
1300,0.052,0.,0.052,0.102,0.,0.102,0.051,0.,0.051,0.104,0.,0.104,0.052,0.,0.052,0.102,0.,0.102,0.051,0.,0.051,0.001,0.,0.001,0.001,0.,0.001,0.001,0.,0.001,0.,0.,0.,0.,0.,0.,0.,0.,0.
1400,0.059,0.,0.059,0.117,0.,0.117,0.06,0.,0.06,0.119,0.,0.119,0.059,0.,0.059,0.117,0.,0.117,0.059,0.,0.059,0.001,0.,0.001,0.001,0.,0.001,0.001,0.,0.001,0.,0.,0.,0.,0.,0.,0.,0.,0.
1500,0.067,0.,0.067,0.134,0.,0.134,0.067,0.,0.067,0.133,0.,0.133,0.067,0.,0.067,0.133,0.,0.133,0.067,0.003,0.063,0.001,0.,0.001,0.001,0.,0.001,0.001,0.,0.001,0.,0.,0.,0.001,0.,0.001,0.,0.,0.
1600,0.075,0.,0.075,0.151,0.,0.151,0.075,0.,0.075,0.15,0.,0.15,0.075,0.,0.075,0.15,0.,0.15,0.075,0.,0.075,0.001,0.,0.001,0.001,0.,0.001,0.001,0.,0.001,0.001,0.,0.001,0.001,0.,0.001,0.,0.,0.
1700,0.084,0.,0.084,0.168,0.,0.168,0.084,0.,0.084,0.168,0.,0.168,0.085,0.,0.085,0.168,0.,0.168,0.084,0.,0.084,0.001,0.,0.001,0.001,0.,0.001,0.001,0.,0.001,0.001,0.,0.001,0.001,0.,0.001,0.001,0.,0.001
1800,0.094,0.,0.094,0.188,0.,0.188,0.093,0.,0.093,0.187,0.,0.187,0.093,0.,0.093,0.188,0.,0.188,0.093,0.,0.093,0.001,0.,0.001,0.001,0.,0.001,0.001,0.,0.001,0.001,0.,0.001,0.001,0.,0.001,0.001,0.,0.001
1900,0.103,0.,0.103,0.207,0.,0.207,0.103,0.,0.103,0.208,0.,0.208,0.103,0.,0.103,0.207,0.,0.207,0.103,0.,0.103,0.001,0.,0.001,0.001,0.,0.001,0.001,0.,0.001,0.001,0.,0.001,0.001,0.,0.001,0.001,0.,0.001
2000,0.113,0.,0.113,0.228,0.,0.228,0.114,0.,0.114,0.229,0.,0.229,0.115,0.,0.115,0.228,0.,0.228,0.113,0.,0.113,0.001,0.,0.001,0.001,0.,0.001,0.001,0.,0.001,0.001,0.,0.001,0.001,0.,0.001,0.001,0.,0.001
2100,0.123,0.,0.123,0.25,0.,0.25,0.124,0.,0.124,0.251,0.,0.251,0.124,0.,0.124,0.25,0.,0.25,0.125,0.,0.125,0.001,0.,0.001,0.001,0.,0.001,0.001,0.,0.001,0.001,0.,0.001,0.001,0.,0.001,0.001,0.,0.001
2200,0.135,0.,0.135,0.273,0.,0.273,0.135,0.,0.135,0.274,0.,0.274,0.137,0.,0.137,0.273,0.,0.273,0.136,0.,0.136,0.001,0.,0.001,0.001,0.,0.001,0.001,0.,0.001,0.001,0.,0.001,0.001,0.,0.001,0.001,0.,0.001
2300,0.147,0.,0.147,0.299,0.,0.299,0.147,0.,0.147,0.297,0.,0.297,0.148,0.,0.147,0.298,0.,0.298,0.147,0.,0.147,0.001,0.,0.001,0.001,0.,0.001,0.001,0.,0.001,0.001,0.,0.001,0.001,0.,0.001,0.001,0.,0.001
2400,0.159,0.,0.159,0.323,0.,0.323,0.161,0.,0.161,0.323,0.,0.323,0.159,0.003,0.155,0.323,0.,0.323,0.16,0.,0.16,0.001,0.,0.001,0.001,0.,0.001,0.001,0.,0.001,0.001,0.,0.001,0.001,0.,0.001,0.001,0.,0.001
2500,0.171,0.,0.171,0.349,0.,0.349,0.172,0.,0.172,0.347,0.,0.347,0.174,0.,0.174,0.349,0.,0.349,0.172,0.,0.172,0.001,0.,0.001,0.001,0.,0.001,0.001,0.,0.001,0.001,0.,0.001,0.001,0.,0.001,0.001,0.,0.001
2600,0.185,0.,0.185,0.376,0.,0.376,0.186,0.,0.186,0.376,0.,0.375,0.186,0.,0.186,0.376,0.,0.376,0.187,0.,0.187,0.001,0.,0.001,0.001,0.,0.001,0.001,0.,0.001,0.001,0.,0.001,0.001,0.,0.001,0.001,0.,0.001
2700,0.198,0.,0.198,0.404,0.,0.404,0.199,0.,0.199,0.404,0.,0.404,0.199,0.,0.199,0.404,0.,0.404,0.201,0.,0.201,0.001,0.,0.001,0.001,0.,0.001,0.001,0.,0.001,0.001,0.,0.001,0.001,0.,0.001,0.001,0.,0.001
2800,0.213,0.,0.213,0.433,0.,0.433,0.213,0.,0.213,0.434,0.,0.434,0.213,0.,0.213,0.432,0.,0.432,0.216,0.,0.216,0.001,0.,0.001,0.001,0.,0.001,0.001,0.,0.001,0.001,0.,0.001,0.001,0.,0.001,0.001,0.,0.001
2900,0.228,0.,0.228,0.463,0.,0.463,0.228,0.,0.228,0.464,0.,0.464,0.228,0.,0.228,0.464,0.,0.464,0.23,0.,0.23,0.001,0.,0.001,0.001,0.,0.001,0.001,0.,0.001,0.001,0.,0.001,0.001,0.,0.001,0.001,0.,0.001
3000,0.243,0.,0.243,0.495,0.,0.495,0.243,0.,0.243,0.493,0.,0.493,0.246,0.,0.246,0.495,0.,0.495,0.243,0.,0.243,0.001,0.,0.001,0.001,0.,0.001,0.001,0.,0.001,0.001,0.,0.001,0.001,0.,0.001,0.001,0.,0.001
3100,0.258,0.,0.258,0.526,0.,0.526,0.259,0.,0.259,0.525,0.,0.525,0.26,0.,0.26,0.525,0.,0.525,0.258,0.,0.258,0.001,0.,0.001,0.001,0.,0.001,0.001,0.,0.001,0.001,0.,0.001,0.001,0.,0.001,0.001,0.,0.001
3200,0.273,0.,0.273,0.56,0.,0.56,0.276,0.,0.276,0.56,0.,0.56,0.275,0.,0.275,0.56,0.,0.56,0.275,0.,0.275,0.001,0.,0.001,0.001,0.,0.001,0.001,0.,0.001,0.001,0.,0.001,0.001,0.,0.001,0.001,0.,0.001
3300,0.291,0.,0.291,0.594,0.,0.594,0.293,0.,0.293,0.595,0.,0.595,0.291,0.,0.291,0.595,0.,0.595,0.292,0.,0.292,0.001,0.,0.001,0.001,0.,0.001,0.001,0.,0.001,0.001,0.,0.001,0.001,0.,0.001,0.001,0.,0.001
3400,0.308,0.,0.308,0.631,0.,0.631,0.307,0.,0.307,0.629,0.,0.629,0.311,0.,0.311,0.629,0.,0.629,0.309,0.,0.309,0.002,0.,0.002,0.001,0.,0.001,0.001,0.,0.001,0.001,0.,0.001,0.001,0.,0.001,0.001,0.,0.001
3500,0.328,0.,0.328,0.666,0.,0.666,0.326,0.,0.326,0.666,0.,0.666,0.327,0.,0.327,0.666,0.,0.666,0.326,0.,0.326,0.002,0.,0.002,0.002,0.,0.002,0.001,0.,0.001,0.001,0.,0.001,0.001,0.,0.001,0.001,0.,0.001
3600,0.343,0.,0.343,0.704,0.,0.703,0.344,0.,0.344,0.703,0.,0.703,0.347,0.,0.347,0.703,0.,0.703,0.345,0.,0.345,0.002,0.,0.002,0.002,0.,0.002,0.001,0.,0.001,0.001,0.,0.001,0.001,0.,0.001,0.001,0.,0.001
3700,0.362,0.,0.362,0.74,0.,0.74,0.364,0.,0.364,0.742,0.,0.742,0.363,0.,0.363,0.742,0.,0.742,0.365,0.,0.365,0.002,0.,0.002,0.002,0.,0.002,0.001,0.,0.001,0.001,0.,0.001,0.001,0.,0.001,0.001,0.,0.001
3800,0.382,0.,0.382,0.781,0.,0.78,0.383,0.,0.383,0.78,0.,0.78,0.381,0.,0.381,0.78,0.,0.78,0.381,0.,0.381,0.002,0.,0.002,0.002,0.,0.002,0.001,0.,0.001,0.001,0.,0.001,0.001,0.,0.001,0.001,0.,0.001
3900,0.404,0.,0.404,0.821,0.,0.821,0.406,0.,0.406,0.822,0.,0.822,0.401,0.,0.401,0.821,0.,0.821,0.402,0.,0.402,0.002,0.,0.002,0.002,0.,0.002,0.001,0.,0.001,0.001,0.,0.001,0.001,0.,0.001,0.001,0.,0.001
4000,0.422,0.,0.422,0.861,0.,0.861,0.422,0.,0.422,0.862,0.,0.862,0.426,0.,0.426,0.861,0.,0.861,0.421,0.,0.421,0.002,0.,0.002,0.002,0.,0.002,0.001,0.,0.001,0.001,0.,0.001,0.001,0.,0.001,0.001,0.,0.001
4100,0.443,0.,0.443,0.906,0.,0.906,0.444,0.,0.444,0.905,0.,0.905,0.447,0.,0.447,0.905,0.,0.905,0.443,0.,0.443,0.002,0.,0.002,0.002,0.,0.002,0.001,0.,0.001,0.001,0.,0.001,0.001,0.,0.001,0.001,0.,0.001
4200,0.463,0.,0.463,0.949,0.,0.949,0.465,0.,0.465,0.946,0.,0.946,0.467,0.,0.467,0.949,0.,0.949,0.463,0.,0.463,0.002,0.,0.002,0.002,0.,0.002,0.002,0.,0.002,0.002,0.,0.002,0.001,0.,0.001,0.001,0.,0.001
4300,0.483,0.,0.483,0.993,0.,0.993,0.486,0.,0.486,0.995,0.,0.995,0.489,0.,0.489,0.994,0.,0.994,0.484,0.,0.484,0.002,0.,0.002,0.002,0.,0.002,0.002,0.,0.002,0.001,0.,0.001,0.002,0.,0.002,0.001,0.,0.001
4400,0.508,0.,0.508,1.037,0.,1.037,0.508,0.,0.508,1.037,0.,1.037,0.51,0.,0.51,1.04,0.,1.04,0.506,0.,0.506,0.002,0.,0.002,0.002,0.,0.002,0.002,0.,0.002,0.002,0.,0.002,0.002,0.,0.002,0.001,0.,0.001
4500,0.531,0.,0.531,1.085,0.,1.085,0.534,0.,0.534,1.083,0.,1.083,0.528,0.,0.528,1.084,0.,1.084,0.53,0.,0.53,0.002,0.,0.002,0.002,0.,0.002,0.002,0.,0.002,0.002,0.,0.002,0.001,0.,0.001,0.001,0.,0.001
4600,0.556,0.,0.556,1.134,0.,1.133,0.552,0.,0.552,1.132,0.,1.132,0.553,0.,0.553,1.135,0.,1.134,0.557,0.,0.557,0.002,0.,0.002,0.002,0.,0.002,0.002,0.,0.002,0.002,0.,0.002,0.002,0.,0.002,0.001,0.,0.001
4700,0.574,0.,0.574,1.182,0.,1.181,0.576,0.003,0.572,1.182,0.,1.182,0.581,0.,0.581,1.183,0.003,1.179,0.575,0.,0.575,0.002,0.,0.002,0.002,0.,0.002,0.002,0.,0.002,0.002,0.,0.002,0.002,0.,0.002,0.002,0.,0.002
4800,0.603,0.,0.603,1.232,0.,1.232,0.604,0.,0.604,1.232,0.,1.231,0.598,0.,0.598,1.231,0.,1.231,0.599,0.,0.599,0.003,0.,0.003,0.002,0.,0.002,0.002,0.,0.002,0.002,0.,0.002,0.002,0.,0.002,0.002,0.,0.002
4900,0.622,0.,0.622,1.282,0.,1.282,0.628,0.,0.628,1.282,0.,1.282,0.625,0.,0.625,1.284,0.,1.284,0.629,0.,0.629,0.002,0.,0.002,0.002,0.,0.002,0.002,0.,0.002,0.002,0.,0.002,0.002,0.,0.002,0.002,0.,0.002
5000,0.65,0.,0.65,1.334,0.,1.334,0.655,0.,0.655,1.34,0.,1.34,0.649,0.,0.649,1.336,0.,1.336,0.649,0.,0.649,0.002,0.,0.002,0.002,0.,0.002,0.002,0.,0.002,0.002,0.,0.002,0.002,0.,0.002,0.002,0.,0.002
5500,0.778,0.,0.778,1.609,0.,1.609,0.782,0.003,0.778,1.607,0.,1.607,0.786,0.,0.786,1.608,0.,1.608,0.782,0.,0.782,0.002,0.,0.002,0.002,0.,0.002,0.002,0.,0.002,0.002,0.,0.002,0.002,0.,0.002,0.002,0.,0.002
6000,0.924,0.,0.924,1.91,0.,1.91,0.929,0.,0.929,1.908,0.,1.908,0.932,0.,0.932,1.905,0.,1.905,0.925,0.,0.925,0.003,0.,0.003,0.003,0.,0.003,0.002,0.,0.002,0.002,0.,0.002,0.002,0.,0.002,0.002,0.,0.002
6500,1.082,0.,1.082,2.236,0.,2.236,1.088,0.,1.088,2.236,0.,2.236,1.099,0.,1.099,2.231,0.,2.231,1.08,0.,1.08,0.003,0.,0.003,0.003,0.,0.003,0.002,0.,0.002,0.002,0.,0.002,0.002,0.,0.002,0.002,0.,0.002
7000,1.252,0.003,1.248,2.59,0.,2.59,1.255,0.,1.255,2.591,0.,2.591,1.249,0.,1.249,2.593,0.,2.593,1.25,0.,1.25,0.003,0.,0.003,0.003,0.,0.003,0.003,0.,0.003,0.003,0.,0.003,0.002,0.,0.002,0.002,0.,0.002
7500,1.433,0.003,1.429,2.973,0.,2.973,1.44,0.,1.44,2.976,0.,2.973,1.432,0.,1.432,2.972,0.,2.972,1.43,0.,1.43,0.003,0.,0.003,0.003,0.,0.003,0.003,0.,0.003,0.003,0.,0.003,0.003,0.,0.003,0.003,0.,0.003
8000,1.631,0.,1.631,3.374,0.,3.373,1.628,0.,1.628,3.38,0.,3.379,1.633,0.,1.633,3.378,0.,3.378,1.624,0.,1.624,0.003,0.,0.003,0.003,0.,0.003,0.003,0.,0.003,0.003,0.,0.003,0.003,0.,0.003,0.003,0.,0.003
8500,1.832,0.,1.832,3.812,0.,3.812,1.837,0.,1.837,3.812,0.,3.812,1.831,0.,1.831,3.815,0.,3.815,1.83,0.,1.83,0.004,0.,0.004,0.003,0.,0.003,0.003,0.,0.003,0.003,0.,0.003,0.003,0.,0.003,0.003,0.,0.003
9000,2.056,0.,2.056,4.282,0.,4.282,2.053,0.003,2.049,4.281,0.,4.281,2.054,0.,2.053,4.306,0.,4.306,2.057,0.,2.057,0.004,0.,0.004,0.004,0.,0.004,0.003,0.,0.003,0.003,0.,0.003,0.003,0.,0.003,0.003,0.,0.003
9500,2.284,0.,2.284,4.762,0.,4.762,2.29,0.,2.29,4.758,0.,4.757,2.282,0.,2.282,4.771,0.,4.77,2.278,0.,2.278,0.004,0.,0.004,0.004,0.,0.004,0.004,0.,0.004,0.003,0.,0.003,0.003,0.,0.003,0.003,0.,0.003
10000,2.529,0.,2.529,5.272,0.003,5.268,2.533,0.,2.533,5.277,0.,5.276,2.518,0.,2.517,5.276,0.,5.275,2.518,0.,2.518,0.004,0.,0.004,0.004,0.,0.004,0.004,0.,0.004,0.004,0.,0.004,0.004,0.,0.004,0.004,0.,0.004