param-n,abstract+rewrite-strat-bottomup-real,abstract+rewrite-strat-bottomup-sys,abstract+rewrite-strat-bottomup-user,abstract+rewrite-strat-topdown-real,abstract+rewrite-strat-topdown-sys,abstract+rewrite-strat-topdown-user,close-abstract+rewrite-strat-bottomup-real,close-abstract+rewrite-strat-bottomup-sys,close-abstract+rewrite-strat-bottomup-user,close-abstract+rewrite-strat-topdown-real,close-abstract+rewrite-strat-topdown-sys,close-abstract+rewrite-strat-topdown-user,rewrite-strat-bottomup-real,rewrite-strat-bottomup-sys,rewrite-strat-bottomup-user,rewrite-strat-bottomup-noop-real,rewrite-strat-bottomup-noop-sys,rewrite-strat-bottomup-noop-user,rewrite-strat-topdown-real,rewrite-strat-topdown-sys,rewrite-strat-topdown-user,rewrite-strat-topdown-noop-real,rewrite-strat-topdown-noop-sys,rewrite-strat-topdown-noop-user
1,0.002,0.,0.001,0.002,0.002,0.,0.,0.,0.,0.,0.,0.,0.001,0.,0.001,0.,0.,0.,0.001,0.001,0.,0.,0.,0.
2,0.001,0.,0.001,0.,0.,0.,0.,0.,0.,0.,0.,0.,0.001,0.,0.001,0.,0.,0.,0.,0.,0.,0.,0.,0.
3,0.002,0.,0.001,0.001,0.,0.001,0.,0.,0.,0.,0.,0.,0.001,0.,0.001,0.,0.,0.,0.,0.,0.,0.,0.,0.
4,0.004,0.003,0.,0.003,0.,0.003,0.,0.,0.,0.,0.,0.,0.003,0.003,0.,0.,0.,0.,0.002,0.,0.002,0.,0.,0.
5,0.002,0.002,0.,0.001,0.,0.001,0.,0.,0.,0.,0.,0.,0.002,0.002,0.,0.,0.,0.,0.001,0.,0.001,0.,0.,0.
6,0.003,0.003,0.,0.002,0.002,0.,0.,0.,0.,0.,0.,0.,0.002,0.002,0.,0.,0.,0.,0.001,0.001,0.,0.,0.,0.
7,0.004,0.004,0.,0.002,0.002,0.,0.,0.,0.,0.,0.,0.,0.003,0.003,0.,0.,0.,0.,0.001,0.001,0.,0.,0.,0.
8,0.004,0.004,0.,0.003,0.001,0.002,0.,0.,0.,0.,0.,0.,0.003,0.003,0.,0.,0.,0.,0.002,0.,0.001,0.,0.,0.
9,0.005,0.,0.005,0.003,0.,0.003,0.,0.,0.,0.,0.,0.,0.004,0.,0.004,0.,0.,0.,0.002,0.,0.002,0.,0.,0.
10,0.006,0.,0.006,0.003,0.003,0.,0.001,0.,0.001,0.,0.,0.,0.004,0.,0.004,0.,0.,0.,0.002,0.002,0.,0.,0.,0.
11,0.007,0.003,0.003,0.003,0.003,0.,0.001,0.,0.,0.,0.,0.,0.005,0.003,0.002,0.,0.,0.,0.003,0.003,0.,0.,0.,0.
12,0.008,0.,0.007,0.004,0.,0.004,0.001,0.,0.001,0.001,0.,0.,0.006,0.,0.006,0.,0.,0.,0.003,0.,0.003,0.,0.,0.
13,0.008,0.007,0.001,0.005,0.,0.005,0.001,0.,0.001,0.001,0.,0.001,0.007,0.007,0.,0.,0.,0.,0.003,0.,0.003,0.,0.,0.
14,0.046,0.004,0.042,0.005,0.003,0.001,0.001,0.,0.001,0.001,0.,0.,0.045,0.004,0.041,0.,0.,0.,0.004,0.003,0.,0.,0.,0.
15,0.007,0.,0.007,0.006,0.003,0.002,0.001,0.,0.001,0.001,0.,0.,0.006,0.,0.006,0.,0.,0.,0.004,0.003,0.001,0.,0.,0.
16,0.008,0.,0.008,0.006,0.001,0.005,0.001,0.,0.001,0.001,0.001,0.,0.006,0.,0.006,0.,0.,0.,0.005,0.,0.004,0.,0.,0.
17,0.009,0.,0.009,0.045,0.001,0.044,0.001,0.,0.001,0.001,0.,0.,0.007,0.,0.007,0.,0.,0.,0.044,0.001,0.042,0.,0.,0.
18,0.009,0.,0.009,0.005,0.,0.005,0.001,0.,0.001,0.001,0.,0.001,0.007,0.,0.007,0.,0.,0.,0.004,0.,0.004,0.,0.,0.
19,0.01,0.,0.01,0.006,0.,0.006,0.001,0.,0.001,0.001,0.,0.001,0.008,0.,0.008,0.,0.,0.,0.004,0.,0.004,0.,0.,0.
20,0.012,0.,0.012,0.006,0.,0.006,0.001,0.,0.001,0.001,0.,0.001,0.01,0.,0.01,0.,0.,0.,0.004,0.,0.004,0.,0.,0.
21,0.012,0.,0.012,0.007,0.,0.007,0.001,0.,0.001,0.001,0.,0.001,0.009,0.,0.009,0.,0.,0.,0.005,0.,0.005,0.,0.,0.
22,0.013,0.,0.013,0.007,0.,0.007,0.002,0.,0.002,0.001,0.,0.001,0.01,0.,0.01,0.,0.,0.,0.005,0.,0.005,0.,0.,0.
23,0.014,0.,0.014,0.008,0.,0.008,0.002,0.,0.002,0.001,0.,0.001,0.011,0.,0.011,0.,0.,0.,0.005,0.,0.005,0.,0.,0.
24,0.016,0.,0.016,0.009,0.,0.009,0.002,0.,0.002,0.001,0.,0.001,0.013,0.,0.013,0.,0.,0.,0.007,0.,0.007,0.,0.,0.
25,0.016,0.,0.016,0.009,0.,0.009,0.002,0.,0.002,0.001,0.,0.001,0.012,0.,0.012,0.,0.,0.,0.006,0.,0.006,0.,0.,0.
26,0.017,0.,0.017,0.009,0.,0.009,0.002,0.,0.002,0.002,0.,0.002,0.013,0.,0.013,0.,0.,0.,0.007,0.,0.007,0.,0.,0.
27,0.019,0.,0.019,0.01,0.,0.01,0.002,0.,0.002,0.002,0.,0.002,0.015,0.,0.015,0.,0.,0.,0.007,0.,0.007,0.,0.,0.
28,0.019,0.,0.019,0.01,0.,0.01,0.003,0.,0.003,0.002,0.,0.002,0.015,0.,0.015,0.,0.,0.,0.007,0.,0.007,0.,0.,0.
29,0.02,0.,0.02,0.013,0.,0.013,0.003,0.,0.003,0.002,0.,0.002,0.016,0.,0.016,0.,0.,0.,0.01,0.,0.01,0.,0.,0.
30,0.023,0.,0.023,0.012,0.,0.012,0.003,0.,0.003,0.002,0.,0.002,0.019,0.,0.019,0.,0.,0.,0.008,0.,0.008,0.,0.,0.
31,0.022,0.,0.022,0.012,0.,0.012,0.003,0.,0.003,0.002,0.,0.002,0.018,0.,0.018,0.,0.,0.,0.009,0.,0.009,0.,0.,0.
32,0.024,0.,0.024,0.013,0.,0.013,0.003,0.,0.003,0.002,0.,0.002,0.02,0.,0.02,0.,0.,0.,0.009,0.,0.009,0.,0.,0.
33,0.024,0.,0.024,0.014,0.,0.014,0.004,0.,0.004,0.002,0.,0.002,0.019,0.,0.019,0.,0.,0.,0.01,0.,0.01,0.,0.,0.
34,0.029,0.,0.029,0.014,0.,0.014,0.004,0.,0.004,0.003,0.,0.003,0.024,0.,0.024,0.,0.,0.,0.01,0.,0.01,0.,0.,0.
35,0.027,0.,0.027,0.015,0.,0.015,0.004,0.,0.004,0.003,0.,0.003,0.022,0.,0.022,0.,0.,0.,0.011,0.,0.011,0.,0.,0.
36,0.029,0.,0.029,0.017,0.,0.017,0.004,0.,0.004,0.003,0.,0.003,0.024,0.,0.024,0.,0.,0.,0.013,0.,0.013,0.,0.,0.
37,0.03,0.,0.03,0.016,0.,0.016,0.005,0.,0.005,0.003,0.,0.003,0.024,0.,0.024,0.,0.,0.,0.012,0.,0.012,0.,0.,0.
38,0.035,0.,0.035,0.017,0.,0.017,0.005,0.,0.005,0.003,0.,0.003,0.029,0.,0.029,0.,0.,0.,0.013,0.,0.013,0.,0.,0.
39,0.032,0.,0.032,0.018,0.,0.018,0.005,0.,0.005,0.004,0.,0.004,0.026,0.,0.026,0.,0.,0.,0.013,0.,0.013,0.,0.,0.
40,0.035,0.,0.035,0.019,0.,0.019,0.005,0.,0.005,0.004,0.,0.004,0.028,0.,0.028,0.,0.,0.,0.014,0.,0.014,0.,0.,0.
41,0.037,0.,0.037,0.021,0.,0.021,0.005,0.,0.005,0.004,0.,0.004,0.03,0.,0.03,0.,0.,0.,0.015,0.,0.015,0.,0.,0.
42,0.037,0.,0.037,0.021,0.,0.021,0.006,0.,0.006,0.004,0.,0.004,0.03,0.,0.03,0.,0.,0.,0.015,0.,0.015,0.,0.,0.
43,0.039,0.,0.039,0.022,0.,0.022,0.006,0.,0.006,0.004,0.,0.004,0.031,0.,0.031,0.,0.,0.,0.017,0.,0.017,0.,0.,0.
44,0.042,0.,0.042,0.022,0.,0.022,0.006,0.,0.006,0.004,0.,0.004,0.034,0.,0.034,0.,0.,0.,0.016,0.,0.016,0.,0.,0.
45,0.043,0.,0.043,0.027,0.,0.027,0.006,0.,0.006,0.009,0.,0.009,0.035,0.,0.035,0.,0.,0.,0.017,0.,0.017,0.,0.,0.
46,0.046,0.,0.046,0.024,0.,0.024,0.01,0.,0.01,0.005,0.,0.005,0.035,0.,0.035,0.,0.,0.,0.018,0.,0.018,0.,0.,0.
47,0.045,0.,0.045,0.026,0.,0.026,0.007,0.,0.007,0.005,0.,0.005,0.036,0.,0.036,0.,0.,0.,0.019,0.,0.019,0.,0.,0.
48,0.047,0.003,0.044,0.026,0.,0.026,0.008,0.002,0.005,0.005,0.,0.005,0.038,0.,0.038,0.,0.,0.,0.019,0.,0.019,0.,0.,0.
49,0.05,0.,0.05,0.031,0.,0.031,0.008,0.,0.008,0.005,0.,0.005,0.041,0.,0.041,0.,0.,0.,0.024,0.,0.024,0.,0.,0.
50,0.106,0.024,0.081,0.041,0.008,0.032,0.047,0.007,0.039,0.008,0.004,0.004,0.057,0.016,0.04,0.,0.,0.,0.03,0.003,0.027,0.,0.,0.
51,0.053,0.,0.053,0.029,0.,0.029,0.008,0.,0.008,0.006,0.,0.006,0.043,0.,0.043,0.,0.,0.,0.022,0.,0.022,0.,0.,0.
52,0.056,0.,0.056,0.031,0.,0.031,0.009,0.,0.009,0.006,0.,0.006,0.046,0.,0.046,0.,0.,0.,0.023,0.,0.023,0.,0.,0.
53,0.056,0.,0.056,0.032,0.,0.032,0.009,0.,0.009,0.006,0.,0.006,0.045,0.,0.045,0.,0.,0.,0.024,0.,0.024,0.,0.,0.
54,0.06,0.,0.06,0.032,0.,0.032,0.009,0.,0.009,0.007,0.,0.007,0.049,0.,0.049,0.,0.,0.,0.024,0.,0.024,0.,0.,0.
55,0.06,0.,0.06,0.033,0.,0.033,0.01,0.,0.01,0.007,0.,0.007,0.049,0.,0.049,0.,0.,0.,0.025,0.,0.025,0.,0.,0.
56,0.064,0.,0.064,0.035,0.,0.035,0.011,0.,0.011,0.007,0.,0.007,0.051,0.,0.051,0.,0.,0.,0.026,0.,0.026,0.,0.,0.
57,0.066,0.,0.066,0.036,0.,0.036,0.01,0.,0.01,0.008,0.,0.008,0.054,0.,0.054,0.,0.,0.,0.026,0.,0.026,0.,0.,0.
58,0.067,0.,0.067,0.037,0.,0.037,0.01,0.,0.01,0.007,0.,0.007,0.055,0.,0.055,0.,0.,0.,0.028,0.,0.028,0.,0.,0.
59,0.071,0.,0.071,0.04,0.,0.04,0.011,0.,0.011,0.008,0.,0.008,0.059,0.,0.059,0.,0.,0.,0.031,0.,0.031,0.,0.,0.
60,0.073,0.,0.073,0.041,0.,0.041,0.014,0.,0.014,0.008,0.,0.008,0.058,0.,0.058,0.,0.,0.,0.031,0.,0.031,0.,0.,0.
61,0.075,0.,0.075,0.047,0.,0.047,0.011,0.,0.011,0.008,0.,0.008,0.062,0.,0.062,0.,0.,0.,0.037,0.,0.037,0.,0.,0.
62,0.079,0.,0.079,0.043,0.,0.043,0.012,0.,0.012,0.008,0.,0.008,0.065,0.,0.065,0.,0.,0.,0.033,0.,0.033,0.,0.,0.
63,0.079,0.,0.079,0.047,0.,0.047,0.014,0.,0.014,0.013,0.,0.013,0.063,0.,0.063,0.,0.,0.,0.032,0.,0.032,0.,0.,0.
64,0.08,0.,0.08,0.045,0.,0.045,0.012,0.,0.012,0.01,0.,0.01,0.066,0.,0.066,0.,0.,0.,0.033,0.,0.033,0.,0.,0.
65,0.088,0.,0.088,0.048,0.,0.048,0.016,0.,0.016,0.012,0.,0.012,0.07,0.,0.07,0.,0.,0.,0.034,0.,0.034,0.,0.,0.
66,0.089,0.,0.089,0.046,0.,0.046,0.014,0.,0.014,0.01,0.,0.01,0.074,0.,0.074,0.,0.,0.,0.035,0.,0.035,0.,0.,0.
67,0.087,0.,0.087,0.048,0.,0.048,0.014,0.,0.014,0.011,0.,0.011,0.071,0.,0.071,0.,0.,0.,0.036,0.,0.036,0.,0.,0.
68,0.089,0.,0.089,0.05,0.,0.05,0.014,0.,0.014,0.011,0.,0.011,0.073,0.,0.073,0.,0.,0.,0.037,0.,0.037,0.,0.,0.
69,0.097,0.,0.097,0.054,0.,0.054,0.014,0.,0.014,0.014,0.,0.014,0.075,0.,0.075,0.,0.,0.,0.038,0.,0.038,0.,0.,0.
70,0.102,0.,0.102,0.053,0.,0.053,0.015,0.,0.015,0.012,0.,0.012,0.086,0.,0.086,0.,0.,0.,0.039,0.,0.039,0.,0.,0.
71,0.106,0.,0.106,0.057,0.,0.057,0.018,0.,0.017,0.011,0.,0.011,0.086,0.,0.086,0.,0.,0.,0.044,0.,0.044,0.,0.,0.
72,0.102,0.,0.102,0.057,0.001,0.056,0.016,0.,0.016,0.011,0.,0.011,0.084,0.,0.084,0.,0.,0.,0.044,0.001,0.042,0.,0.,0.
73,0.102,0.,0.102,0.062,0.,0.062,0.017,0.,0.017,0.012,0.,0.012,0.083,0.,0.083,0.,0.,0.,0.048,0.,0.048,0.,0.,0.
74,0.104,0.,0.104,0.058,0.,0.058,0.017,0.,0.017,0.012,0.,0.012,0.085,0.,0.085,0.,0.,0.,0.044,0.,0.044,0.,0.,0.
75,0.109,0.,0.109,0.063,0.,0.063,0.017,0.,0.017,0.014,0.,0.014,0.09,0.,0.09,0.,0.,0.,0.047,0.,0.047,0.,0.,0.
76,0.11,0.,0.11,0.064,0.,0.064,0.018,0.,0.018,0.013,0.,0.013,0.09,0.,0.09,0.,0.,0.,0.049,0.,0.049,0.,0.,0.
77,0.112,0.,0.112,0.063,0.,0.063,0.018,0.,0.018,0.013,0.,0.013,0.092,0.,0.092,0.,0.,0.,0.048,0.,0.048,0.,0.,0.
78,0.114,0.,0.114,0.071,0.,0.071,0.019,0.,0.019,0.016,0.,0.016,0.094,0.,0.094,0.,0.,0.,0.052,0.,0.052,0.,0.,0.
79,0.12,0.,0.12,0.071,0.002,0.068,0.021,0.,0.021,0.014,0.,0.014,0.097,0.,0.097,0.,0.,0.,0.055,0.002,0.053,0.,0.,0.
80,0.126,0.,0.126,0.068,0.,0.068,0.021,0.,0.021,0.014,0.,0.014,0.103,0.,0.103,0.,0.,0.,0.052,0.,0.052,0.,0.,0.
81,0.133,0.003,0.129,0.076,0.003,0.072,0.02,0.,0.02,0.017,0.003,0.013,0.111,0.003,0.107,0.,0.,0.,0.056,0.,0.056,0.,0.,0.
82,0.137,0.,0.137,0.076,0.,0.076,0.02,0.,0.02,0.015,0.,0.015,0.115,0.,0.115,0.,0.,0.,0.059,0.,0.059,0.,0.,0.
83,0.15,0.003,0.146,0.073,0.,0.073,0.029,0.,0.029,0.016,0.,0.016,0.119,0.003,0.115,0.,0.,0.,0.054,0.,0.054,0.,0.,0.
84,0.137,0.,0.136,0.075,0.,0.075,0.021,0.,0.021,0.015,0.,0.015,0.113,0.,0.112,0.,0.,0.,0.057,0.,0.057,0.,0.,0.
85,0.136,0.,0.136,0.084,0.,0.084,0.024,0.,0.024,0.019,0.,0.019,0.11,0.,0.11,0.,0.,0.,0.063,0.,0.063,0.,0.,0.
86,0.143,0.003,0.139,0.086,0.,0.085,0.022,0.,0.022,0.016,0.,0.016,0.119,0.003,0.115,0.,0.,0.,0.067,0.,0.067,0.,0.,0.
87,0.148,0.004,0.144,0.082,0.,0.082,0.025,0.,0.025,0.017,0.,0.017,0.12,0.003,0.116,0.,0.,0.,0.063,0.,0.063,0.,0.,0.
88,0.148,0.,0.148,0.082,0.,0.082,0.024,0.,0.024,0.018,0.,0.018,0.122,0.,0.122,0.,0.,0.,0.062,0.,0.062,0.,0.,0.
89,0.152,0.,0.152,0.084,0.,0.084,0.023,0.,0.023,0.017,0.,0.017,0.126,0.,0.126,0.,0.,0.,0.065,0.,0.065,0.,0.,0.
90,0.158,0.,0.158,0.093,0.,0.093,0.026,0.,0.026,0.017,0.,0.017,0.129,0.,0.129,0.,0.,0.,0.074,0.,0.074,0.,0.,0.
91,0.158,0.,0.158,0.1,0.,0.1,0.027,0.,0.027,0.018,0.,0.018,0.129,0.,0.129,0.,0.,0.,0.08,0.,0.08,0.001,0.,0.001
92,0.164,0.003,0.16,0.099,0.,0.099,0.028,0.,0.028,0.021,0.,0.021,0.134,0.003,0.13,0.,0.,0.,0.076,0.,0.076,0.001,0.,0.001
93,0.162,0.,0.162,0.091,0.,0.091,0.026,0.,0.026,0.02,0.,0.02,0.133,0.,0.133,0.001,0.,0.001,0.068,0.,0.068,0.001,0.,0.001
94,0.165,0.,0.165,0.093,0.,0.093,0.026,0.,0.026,0.021,0.,0.021,0.137,0.,0.137,0.001,0.,0.001,0.069,0.,0.069,0.001,0.,0.001
95,0.172,0.003,0.168,0.097,0.,0.097,0.03,0.003,0.026,0.022,0.,0.022,0.14,0.,0.14,0.001,0.,0.001,0.073,0.,0.073,0.001,0.,0.001
96,0.178,0.,0.178,0.097,0.,0.097,0.03,0.,0.03,0.022,0.,0.022,0.145,0.,0.145,0.001,0.,0.001,0.073,0.,0.073,0.001,0.,0.001
97,0.179,0.,0.179,0.101,0.,0.101,0.032,0.,0.032,0.023,0.,0.023,0.145,0.,0.145,0.001,0.,0.001,0.076,0.,0.076,0.001,0.,0.001
98,0.179,0.,0.179,0.103,0.,0.103,0.028,0.,0.028,0.023,0.,0.023,0.145,0.,0.145,0.004,0.,0.004,0.078,0.,0.078,0.001,0.,0.001
99,0.2,0.,0.2,0.106,0.,0.106,0.03,0.,0.03,0.024,0.,0.024,0.167,0.,0.167,0.001,0.,0.001,0.079,0.,0.079,0.001,0.,0.001
100,0.187,0.,0.187,0.147,0.019,0.127,0.033,0.,0.033,0.021,0.,0.021,0.152,0.,0.152,0.001,0.,0.001,0.124,0.019,0.104,0.001,0.,0.
110,0.232,0.,0.232,0.13,0.,0.13,0.035,0.,0.035,0.025,0.,0.025,0.195,0.,0.195,0.001,0.,0.001,0.102,0.,0.102,0.001,0.,0.001
120,0.289,0.003,0.285,0.167,0.,0.167,0.047,0.003,0.043,0.03,0.,0.03,0.235,0.,0.235,0.001,0.,0.001,0.134,0.,0.134,0.001,0.,0.001
130,0.343,0.,0.343,0.181,0.,0.181,0.055,0.,0.055,0.04,0.,0.04,0.285,0.,0.285,0.001,0.,0.001,0.138,0.,0.138,0.001,0.,0.001
140,0.402,0.011,0.39,0.213,0.007,0.205,0.065,0.007,0.057,0.046,0.,0.046,0.334,0.003,0.33,0.001,0.,0.001,0.163,0.007,0.156,0.001,0.,0.001
150,0.496,0.007,0.488,0.268,0.,0.267,0.103,0.,0.103,0.065,0.,0.065,0.39,0.007,0.382,0.001,0.,0.001,0.2,0.,0.2,0.001,0.,0.001
160,0.503,0.003,0.499,0.293,0.,0.293,0.091,0.003,0.087,0.074,0.,0.074,0.408,0.,0.408,0.002,0.,0.002,0.215,0.,0.215,0.002,0.,0.002
170,0.574,0.,0.574,0.347,0.,0.347,0.097,0.,0.097,0.082,0.,0.082,0.473,0.,0.473,0.002,0.,0.002,0.261,0.,0.261,0.002,0.,0.002
180,0.629,0.,0.629,0.378,0.,0.378,0.097,0.,0.097,0.075,0.,0.075,0.528,0.,0.528,0.002,0.,0.002,0.299,0.,0.299,0.002,0.,0.002
190,0.754,0.,0.754,0.422,0.011,0.41,0.142,0.,0.142,0.082,0.003,0.078,0.608,0.,0.608,0.002,0.,0.002,0.335,0.007,0.327,0.002,0.,0.002
200,0.809,0.007,0.801,0.47,0.003,0.466,0.126,0.003,0.123,0.096,0.,0.096,0.679,0.003,0.675,0.002,0.,0.002,0.369,0.003,0.366,0.003,0.,0.002
210,0.881,0.003,0.877,0.515,0.012,0.503,0.142,0.003,0.138,0.113,0.,0.113,0.734,0.,0.734,0.003,0.,0.003,0.397,0.011,0.385,0.003,0.,0.003
220,0.983,0.,0.983,0.597,0.003,0.593,0.158,0.,0.158,0.129,0.,0.129,0.82,0.,0.82,0.003,0.,0.003,0.458,0.003,0.454,0.008,0.,0.008
230,1.078,0.,1.077,0.622,0.,0.622,0.196,0.,0.196,0.122,0.,0.122,0.876,0.,0.876,0.003,0.,0.003,0.495,0.,0.495,0.003,0.,0.003
240,1.243,0.007,1.234,0.667,0.,0.667,0.189,0.003,0.185,0.125,0.,0.125,1.041,0.003,1.037,0.01,0.,0.01,0.536,0.,0.536,0.004,0.,0.003
250,1.264,0.003,1.26,0.738,0.004,0.734,0.192,0.,0.192,0.149,0.,0.149,1.067,0.003,1.063,0.004,0.,0.004,0.584,0.003,0.58,0.004,0.,0.004
260,1.381,0.008,1.373,0.792,0.,0.79,0.216,0.,0.216,0.159,0.,0.159,1.158,0.007,1.15,0.004,0.,0.004,0.626,0.,0.624,0.004,0.,0.004
270,1.589,0.,1.589,0.888,0.,0.888,0.231,0.,0.231,0.188,0.,0.188,1.345,0.,1.345,0.011,0.,0.011,0.684,0.,0.683,0.015,0.,0.015
280,1.888,0.019,1.868,0.943,0.003,0.939,0.431,0.003,0.427,0.183,0.,0.183,1.45,0.015,1.433,0.004,0.,0.004,0.753,0.003,0.749,0.005,0.,0.005
290,1.825,0.004,1.821,0.99,0.003,0.986,0.26,0.,0.26,0.194,0.,0.194,1.559,0.003,1.555,0.005,0.,0.005,0.789,0.003,0.785,0.005,0.,0.005
300,1.936,0.003,1.932,1.182,0.011,1.17,0.283,0.,0.283,0.211,0.,0.211,1.647,0.003,1.643,0.005,0.,0.005,0.964,0.011,0.952,0.005,0.,0.005
310,2.045,0.,2.045,1.119,0.,1.119,0.297,0.,0.297,0.209,0.,0.209,1.74,0.,1.74,0.005,0.,0.005,0.902,0.,0.902,0.006,0.,0.005
320,2.286,0.,2.286,1.317,0.,1.317,0.333,0.,0.333,0.238,0.,0.238,1.945,0.,1.945,0.006,0.,0.006,1.072,0.,1.071,0.006,0.,0.006
330,2.408,0.,2.408,1.294,0.,1.294,0.382,0.,0.382,0.245,0.,0.245,2.018,0.,2.018,0.006,0.,0.006,1.04,0.,1.04,0.006,0.,0.006
340,2.534,0.013,2.52,1.501,0.003,1.497,0.374,0.,0.374,0.251,0.,0.251,2.147,0.012,2.134,0.01,0.,0.01,1.241,0.003,1.237,0.006,0.,0.006
350,2.743,0.024,2.719,1.494,0.02,1.474,0.424,0.,0.423,0.272,0.,0.272,2.311,0.023,2.287,0.007,0.,0.006,1.214,0.02,1.194,0.007,0.,0.007
360,2.972,0.004,2.968,1.592,0.003,1.588,0.452,0.,0.452,0.304,0.,0.304,2.511,0.003,2.506,0.007,0.,0.007,1.279,0.003,1.275,0.007,0.,0.007
370,3.069,0.,3.069,1.923,0.,1.923,0.431,0.,0.431,0.345,0.,0.345,2.624,0.,2.624,0.011,0.,0.011,1.568,0.,1.568,0.007,0.,0.007
380,3.235,0.,3.235,1.771,0.,1.771,0.488,0.,0.488,0.323,0.,0.323,2.737,0.,2.737,0.008,0.,0.008,1.438,0.,1.438,0.008,0.,0.008
390,3.693,0.,3.693,1.994,0.,1.994,0.704,0.,0.704,0.379,0.,0.379,2.978,0.,2.978,0.008,0.,0.008,1.604,0.,1.604,0.008,0.,0.008
400,3.644,0.019,3.624,2.097,0.012,2.077,0.488,0.004,0.484,0.369,0.,0.369,3.146,0.015,3.129,0.008,0.,0.008,1.716,0.012,1.697,0.009,0.,0.009