param-n,abstract-regression-quadratic-real,abstract-regression-quadratic-sys,abstract-regression-quadratic-user,close-abstract-regression-quadratic-real,close-abstract-regression-quadratic-sys,close-abstract-regression-quadratic-user,ssr-rewrite!-regression-quadratic-real,ssr-rewrite!-regression-quadratic-sys,ssr-rewrite!-regression-quadratic-user,ssr-rewrite?-noop-regression-linear-real,ssr-rewrite?-noop-regression-linear-sys,ssr-rewrite?-noop-regression-linear-user
1,0.,0.,0.,0.,0.,0.,0.,0.,0.,0.,0.,0.
2,0.001,0.,0.001,0.,0.,0.,0.,0.,0.,0.,0.,0.
3,0.001,0.,0.001,0.,0.,0.,0.,0.,0.,0.,0.,0.
4,0.001,0.,0.001,0.,0.,0.,0.001,0.,0.,0.,0.,0.
5,0.001,0.001,0.,0.,0.,0.,0.,0.,0.,0.,0.,0.
6,0.001,0.001,0.,0.,0.,0.,0.001,0.,0.,0.,0.,0.
7,0.002,0.,0.002,0.,0.,0.,0.001,0.,0.001,0.,0.,0.
8,0.002,0.002,0.,0.001,0.,0.,0.001,0.001,0.,0.,0.,0.
9,0.003,0.,0.003,0.001,0.,0.001,0.002,0.,0.002,0.,0.,0.
10,0.004,0.,0.004,0.001,0.,0.001,0.002,0.,0.002,0.,0.,0.
11,0.005,0.002,0.003,0.001,0.001,0.,0.002,0.,0.002,0.,0.,0.
12,0.005,0.001,0.004,0.001,0.,0.,0.003,0.,0.002,0.,0.,0.
13,0.006,0.,0.006,0.002,0.,0.002,0.003,0.,0.003,0.,0.,0.
14,0.006,0.003,0.002,0.002,0.,0.002,0.004,0.003,0.,0.,0.,0.
15,0.007,0.004,0.003,0.002,0.,0.002,0.005,0.003,0.001,0.,0.,0.
16,0.008,0.,0.008,0.002,0.,0.002,0.005,0.,0.005,0.,0.,0.
17,0.064,0.014,0.049,0.002,0.,0.002,0.061,0.014,0.047,0.,0.,0.
18,0.007,0.,0.007,0.002,0.,0.002,0.004,0.,0.004,0.,0.,0.
19,0.008,0.,0.008,0.002,0.,0.002,0.005,0.,0.005,0.,0.,0.
20,0.009,0.,0.009,0.002,0.,0.002,0.005,0.,0.005,0.,0.,0.
21,0.009,0.,0.009,0.003,0.,0.003,0.006,0.,0.006,0.,0.,0.
22,0.01,0.,0.01,0.003,0.,0.003,0.006,0.,0.006,0.,0.,0.
23,0.011,0.,0.011,0.003,0.,0.003,0.007,0.,0.007,0.,0.,0.
24,0.012,0.,0.012,0.004,0.,0.004,0.008,0.,0.008,0.,0.,0.
25,0.013,0.,0.013,0.004,0.,0.004,0.008,0.,0.008,0.,0.,0.
26,0.014,0.,0.014,0.004,0.,0.004,0.009,0.,0.009,0.,0.,0.
27,0.015,0.003,0.012,0.004,0.002,0.002,0.009,0.,0.009,0.,0.,0.
28,0.017,0.,0.016,0.005,0.,0.004,0.011,0.,0.011,0.,0.,0.
29,0.017,0.,0.017,0.005,0.,0.005,0.011,0.,0.011,0.,0.,0.
30,0.018,0.,0.018,0.005,0.,0.005,0.011,0.,0.011,0.,0.,0.
31,0.02,0.,0.02,0.007,0.,0.007,0.012,0.,0.012,0.,0.,0.
32,0.02,0.,0.02,0.006,0.,0.006,0.013,0.,0.013,0.,0.,0.
33,0.021,0.,0.021,0.007,0.,0.007,0.014,0.,0.014,0.,0.,0.
34,0.026,0.,0.026,0.007,0.,0.007,0.018,0.,0.018,0.,0.,0.
35,0.024,0.,0.024,0.007,0.,0.007,0.015,0.,0.015,0.,0.,0.
36,0.025,0.,0.025,0.008,0.,0.008,0.016,0.,0.016,0.,0.,0.
37,0.028,0.,0.028,0.008,0.,0.008,0.018,0.,0.018,0.,0.,0.
38,0.027,0.003,0.024,0.009,0.002,0.006,0.018,0.,0.018,0.,0.,0.
39,0.031,0.,0.031,0.009,0.,0.009,0.021,0.,0.021,0.,0.,0.
40,0.03,0.,0.03,0.01,0.,0.01,0.02,0.,0.02,0.,0.,0.
41,0.033,0.,0.033,0.01,0.,0.01,0.022,0.,0.022,0.,0.,0.
42,0.033,0.,0.033,0.011,0.,0.011,0.022,0.,0.022,0.,0.,0.
43,0.038,0.,0.038,0.011,0.,0.011,0.025,0.,0.025,0.,0.,0.
44,0.038,0.,0.038,0.013,0.,0.013,0.024,0.,0.024,0.,0.,0.
45,0.038,0.,0.038,0.012,0.,0.012,0.025,0.,0.025,0.,0.,0.
46,0.044,0.,0.044,0.013,0.,0.013,0.03,0.,0.03,0.,0.,0.
47,0.043,0.003,0.04,0.015,0.003,0.011,0.027,0.,0.027,0.,0.,0.
48,0.043,0.,0.043,0.014,0.,0.014,0.028,0.,0.028,0.,0.,0.
49,0.049,0.,0.049,0.014,0.,0.014,0.033,0.,0.033,0.,0.,0.
50,0.062,0.031,0.031,0.021,0.003,0.018,0.04,0.028,0.012,0.,0.,0.
51,0.05,0.,0.05,0.015,0.,0.015,0.034,0.,0.034,0.,0.,0.
52,0.055,0.,0.055,0.021,0.,0.021,0.032,0.,0.032,0.,0.,0.
53,0.054,0.003,0.051,0.019,0.003,0.015,0.034,0.,0.034,0.,0.,0.
54,0.054,0.,0.054,0.018,0.,0.018,0.035,0.,0.035,0.,0.,0.
55,0.058,0.,0.058,0.018,0.,0.018,0.039,0.,0.039,0.,0.,0.
56,0.058,0.,0.058,0.019,0.,0.019,0.038,0.,0.038,0.,0.,0.
57,0.062,0.,0.062,0.021,0.,0.021,0.04,0.,0.04,0.,0.,0.
58,0.063,0.,0.063,0.02,0.,0.02,0.042,0.,0.042,0.,0.,0.
59,0.067,0.,0.067,0.023,0.,0.022,0.043,0.,0.043,0.,0.,0.
60,0.068,0.002,0.066,0.023,0.,0.023,0.044,0.002,0.042,0.,0.,0.
61,0.071,0.003,0.067,0.025,0.003,0.021,0.045,0.,0.045,0.,0.,0.
62,0.075,0.,0.075,0.029,0.,0.029,0.046,0.,0.046,0.,0.,0.
63,0.076,0.,0.076,0.023,0.,0.023,0.053,0.,0.053,0.,0.,0.
64,0.082,0.,0.082,0.025,0.,0.025,0.055,0.,0.055,0.,0.,0.
65,0.078,0.,0.078,0.025,0.,0.025,0.051,0.,0.051,0.,0.,0.
66,0.083,0.,0.083,0.029,0.,0.029,0.054,0.,0.054,0.,0.,0.
67,0.086,0.,0.086,0.027,0.,0.027,0.057,0.,0.057,0.,0.,0.
68,0.085,0.,0.085,0.027,0.,0.027,0.057,0.,0.057,0.,0.,0.
69,0.087,0.,0.087,0.03,0.,0.03,0.056,0.,0.056,0.,0.,0.
70,0.093,0.,0.093,0.03,0.,0.03,0.062,0.,0.062,0.,0.,0.
71,0.094,0.,0.094,0.033,0.,0.033,0.059,0.,0.059,0.,0.,0.
72,0.095,0.003,0.091,0.03,0.,0.03,0.064,0.003,0.06,0.,0.,0.
73,0.102,0.,0.102,0.033,0.,0.033,0.067,0.,0.067,0.,0.,0.
74,0.108,0.,0.108,0.038,0.,0.038,0.069,0.,0.069,0.,0.,0.
75,0.113,0.,0.113,0.038,0.,0.038,0.074,0.,0.074,0.,0.,0.
76,0.112,0.,0.112,0.04,0.,0.04,0.07,0.,0.07,0.,0.,0.
77,0.116,0.,0.116,0.042,0.,0.042,0.073,0.,0.073,0.,0.,0.
78,0.12,0.,0.12,0.044,0.,0.044,0.075,0.,0.075,0.,0.,0.
79,0.117,0.,0.117,0.037,0.,0.037,0.079,0.,0.078,0.,0.,0.
80,0.13,0.003,0.126,0.037,0.003,0.033,0.091,0.,0.091,0.,0.,0.
81,0.135,0.,0.135,0.038,0.,0.038,0.096,0.,0.096,0.,0.,0.
82,0.14,0.,0.14,0.039,0.,0.039,0.099,0.,0.099,0.,0.,0.
83,0.141,0.,0.141,0.04,0.,0.04,0.1,0.,0.1,0.,0.,0.
84,0.134,0.,0.134,0.04,0.,0.04,0.092,0.,0.092,0.,0.,0.
85,0.135,0.003,0.131,0.042,0.,0.042,0.091,0.003,0.087,0.,0.,0.
86,0.143,0.,0.143,0.047,0.,0.047,0.095,0.,0.095,0.,0.,0.
87,0.142,0.,0.142,0.048,0.,0.048,0.093,0.,0.093,0.,0.,0.
88,0.144,0.,0.144,0.049,0.,0.049,0.093,0.,0.093,0.,0.,0.
89,0.144,0.,0.144,0.049,0.,0.049,0.094,0.,0.094,0.,0.,0.
90,0.147,0.,0.147,0.052,0.,0.052,0.093,0.,0.093,0.,0.,0.
91,0.15,0.,0.15,0.052,0.,0.052,0.096,0.,0.096,0.,0.,0.
92,0.159,0.,0.159,0.051,0.,0.051,0.106,0.,0.106,0.,0.,0.
93,0.156,0.,0.156,0.053,0.,0.053,0.102,0.,0.102,0.,0.,0.
94,0.161,0.,0.161,0.057,0.,0.057,0.103,0.,0.103,0.,0.,0.
95,0.165,0.003,0.161,0.05,0.,0.05,0.114,0.003,0.11,0.,0.,0.
96,0.171,0.,0.171,0.056,0.,0.056,0.114,0.,0.114,0.,0.,0.
97,0.172,0.,0.172,0.062,0.,0.062,0.109,0.,0.109,0.,0.,0.
98,0.181,0.003,0.177,0.058,0.,0.058,0.121,0.003,0.117,0.,0.,0.
99,0.199,0.,0.199,0.07,0.,0.07,0.127,0.,0.127,0.,0.,0.
100,0.246,0.,0.245,0.068,0.,0.068,0.177,0.,0.176,0.,0.,0.
110,0.226,0.,0.226,0.076,0.,0.076,0.148,0.,0.148,0.,0.,0.
120,0.284,0.,0.284,0.089,0.,0.089,0.193,0.,0.193,0.,0.,0.
130,0.342,0.,0.342,0.12,0.,0.12,0.22,0.,0.22,0.,0.,0.
140,0.391,0.,0.391,0.136,0.,0.136,0.253,0.,0.253,0.,0.,0.
150,0.448,0.003,0.443,0.165,0.,0.165,0.281,0.003,0.277,0.,0.,0.
160,0.46,0.,0.46,0.163,0.,0.163,0.295,0.,0.295,0.,0.,0.
170,0.532,0.003,0.528,0.188,0.003,0.184,0.342,0.,0.342,0.,0.,0.
180,0.596,0.003,0.592,0.202,0.003,0.198,0.392,0.,0.392,0.,0.,0.
190,0.675,0.007,0.666,0.239,0.,0.239,0.434,0.007,0.425,0.,0.,0.
200,0.804,0.003,0.8,0.29,0.003,0.287,0.512,0.,0.512,0.,0.,0.
210,0.864,0.,0.864,0.315,0.,0.315,0.547,0.,0.547,0.,0.,0.
220,0.867,0.,0.867,0.301,0.,0.301,0.564,0.,0.564,0.,0.,0.
230,0.944,0.,0.943,0.32,0.,0.32,0.622,0.,0.622,0.,0.,0.
240,1.054,0.,1.054,0.389,0.,0.389,0.663,0.,0.663,0.,0.,0.
250,1.144,0.012,1.132,0.391,0.003,0.387,0.751,0.008,0.743,0.,0.,0.
260,1.244,0.,1.244,0.408,0.,0.408,0.833,0.,0.833,0.,0.,0.
270,1.302,0.027,1.274,0.448,0.008,0.44,0.852,0.019,0.832,0.,0.,0.
280,1.445,0.,1.445,0.533,0.,0.533,0.91,0.,0.91,0.,0.,0.
290,1.52,0.,1.52,0.514,0.,0.514,1.004,0.,1.004,0.,0.,0.
300,1.766,0.011,1.754,0.624,0.003,0.62,1.14,0.007,1.132,0.,0.,0.
310,1.711,0.,1.711,0.591,0.,0.591,1.118,0.,1.118,0.,0.,0.
320,1.886,0.,1.886,0.611,0.,0.611,1.273,0.,1.273,0.,0.,0.
330,1.949,0.,1.948,0.663,0.,0.662,1.284,0.,1.284,0.,0.,0.
340,2.113,0.,2.112,0.688,0.,0.688,1.422,0.,1.422,0.,0.,0.
350,2.233,0.012,2.22,0.763,0.,0.763,1.468,0.012,1.456,0.,0.,0.
360,2.327,0.011,2.315,0.794,0.,0.794,1.531,0.011,1.519,0.,0.,0.
370,2.555,0.,2.555,0.83,0.,0.83,1.723,0.,1.722,0.,0.,0.
380,2.555,0.,2.555,0.86,0.,0.86,1.692,0.,1.692,0.,0.,0.
390,2.818,0.011,2.806,0.948,0.011,0.935,1.868,0.,1.868,0.,0.,0.
400,3.041,0.047,2.992,1.004,0.02,0.984,2.035,0.027,2.007,0.,0.,0.