param-0-n,param-1-lgn,try-ssr-rewrite!-cold-noop-regression-linear-real,try-ssr-rewrite!-cold-noop-regression-linear-sys,try-ssr-rewrite!-cold-noop-regression-linear-user,try-ssr-rewrite!-evar-noop-regression-linear-real,try-ssr-rewrite!-evar-noop-regression-linear-sys,try-ssr-rewrite!-evar-noop-regression-linear-user,try-ssr-rewrite!-noop-regression-linear-real,try-ssr-rewrite!-noop-regression-linear-sys,try-ssr-rewrite!-noop-regression-linear-user,try-ssr-rewrite-evar-noop-regression-linear-real,try-ssr-rewrite-evar-noop-regression-linear-sys,try-ssr-rewrite-evar-noop-regression-linear-user,try-ssr-rewrite-noop-regression-linear-real,try-ssr-rewrite-noop-regression-linear-sys,try-ssr-rewrite-noop-regression-linear-user,try-ssr-rewrite?-evar-noop-regression-linear-real,try-ssr-rewrite?-evar-noop-regression-linear-sys,try-ssr-rewrite?-evar-noop-regression-linear-user,try-ssr-rewrite?-noop-regression-linear-real,try-ssr-rewrite?-noop-regression-linear-sys,try-ssr-rewrite?-noop-regression-linear-user
3,1,0.,0.,0.,0.,0.,0.,0.,0.,0.,0.,0.,0.,0.,0.,0.,0.,0.,0.,0.,0.,0.
7,2,0.,0.,0.,0.,0.,0.,0.,0.,0.,0.,0.,0.,0.,0.,0.,0.,0.,0.,0.,0.,0.
15,3,0.,0.,0.,0.,0.,0.,0.,0.,0.,0.,0.,0.,0.,0.,0.,0.,0.,0.,0.,0.,0.
31,4,0.,0.,0.,0.,0.,0.,0.,0.,0.,0.,0.,0.,0.,0.,0.,0.,0.,0.,0.,0.,0.
63,5,0.,0.,0.,0.,0.,0.,0.,0.,0.,0.,0.,0.,0.,0.,0.,0.,0.,0.,0.,0.,0.
127,6,0.,0.,0.,0.,0.,0.,0.,0.,0.,0.,0.,0.,0.,0.,0.,0.,0.,0.,0.,0.,0.
255,7,0.,0.,0.,0.,0.,0.,0.,0.,0.,0.,0.,0.,0.,0.,0.,0.,0.,0.,0.,0.,0.
511,8,0.,0.,0.,0.,0.,0.,0.,0.,0.,0.,0.,0.,0.,0.,0.,0.,0.,0.,0.,0.,0.
1023,9,0.,0.,0.,0.,0.,0.,0.,0.,0.,0.,0.,0.,0.,0.,0.,0.,0.,0.,0.,0.,0.
2047,10,0.,0.,0.,0.,0.,0.,0.,0.,0.,0.,0.,0.,0.,0.,0.,0.,0.,0.,0.,0.,0.
4095,11,0.001,0.,0.001,0.001,0.,0.001,0.001,0.,0.001,0.001,0.,0.001,0.001,0.,0.001,0.001,0.,0.001,0.001,0.,0.001
8191,12,0.002,0.,0.002,0.002,0.,0.002,0.002,0.,0.002,0.002,0.,0.002,0.002,0.,0.002,0.002,0.,0.002,0.002,0.,0.002
16383,13,0.004,0.,0.004,0.004,0.,0.004,0.004,0.,0.004,0.004,0.,0.004,0.004,0.,0.004,0.006,0.,0.006,0.004,0.,0.004
32767,14,0.009,0.,0.009,0.009,0.,0.009,0.012,0.,0.012,0.009,0.,0.009,0.009,0.,0.009,0.009,0.,0.009,0.014,0.,0.014
65535,15,0.05,0.,0.05,0.018,0.,0.018,0.027,0.,0.027,0.018,0.,0.018,0.018,0.,0.018,0.018,0.,0.018,0.034,0.,0.034
131071,16,0.056,0.,0.056,0.075,0.,0.075,0.064,0.,0.064,0.04,0.,0.04,0.039,0.,0.039,0.049,0.,0.049,0.108,0.,0.108
262143,17,0.127,0.,0.127,0.078,0.,0.078,0.176,0.,0.176,0.079,0.,0.079,0.08,0.,0.08,0.079,0.,0.079,0.078,0.,0.078
524287,18,0.278,0.004,0.273,0.16,0.,0.16,0.159,0.,0.159,0.16,0.,0.16,0.159,0.,0.159,0.164,0.,0.164,0.16,0.,0.16
1048575,19,0.446,0.003,0.442,0.323,0.003,0.319,0.32,0.,0.32,0.327,0.,0.327,0.324,0.,0.324,0.326,0.,0.326,0.321,0.,0.321
2097151,20,0.769,0.,0.769,0.644,0.,0.644,0.639,0.,0.639,0.65,0.,0.65,0.643,0.,0.643,0.661,0.,0.661,0.645,0.,0.644
4194303,21,1.413,0.,1.413,1.294,0.,1.294,1.298,0.,1.298,1.29,0.,1.29,1.29,0.,1.29,1.301,0.,1.301,1.289,0.,1.289
8388607,22,2.742,0.,2.742,2.578,0.,2.577,2.639,0.,2.639,2.581,0.,2.581,2.598,0.,2.598,2.594,0.,2.593,2.631,0.,2.63