param-n,abstract+rewrite-strat-bottomup-real,abstract+rewrite-strat-bottomup-sys,abstract+rewrite-strat-bottomup-user,abstract+rewrite-strat-topdown-real,abstract+rewrite-strat-topdown-sys,abstract+rewrite-strat-topdown-user,close-abstract+rewrite-strat-bottomup-real,close-abstract+rewrite-strat-bottomup-sys,close-abstract+rewrite-strat-bottomup-user,close-abstract+rewrite-strat-topdown-real,close-abstract+rewrite-strat-topdown-sys,close-abstract+rewrite-strat-topdown-user,rewrite-strat-bottomup-real,rewrite-strat-bottomup-sys,rewrite-strat-bottomup-user,rewrite-strat-bottomup-noop-real,rewrite-strat-bottomup-noop-sys,rewrite-strat-bottomup-noop-user,rewrite-strat-topdown-real,rewrite-strat-topdown-sys,rewrite-strat-topdown-user,rewrite-strat-topdown-noop-real,rewrite-strat-topdown-noop-sys,rewrite-strat-topdown-noop-user
1,0.001,0.,0.001,0.001,0.,0.001,0.,0.,0.,0.,0.,0.,0.001,0.,0.001,0.,0.,0.,0.001,0.,0.001,0.,0.,0.
2,0.001,0.,0.001,0.,0.,0.,0.,0.,0.,0.,0.,0.,0.,0.,0.,0.,0.,0.,0.,0.,0.,0.,0.,0.
3,0.001,0.,0.001,0.,0.,0.,0.,0.,0.,0.,0.,0.,0.001,0.,0.001,0.,0.,0.,0.,0.,0.,0.,0.,0.
4,0.003,0.002,0.001,0.002,0.,0.002,0.,0.,0.,0.,0.,0.,0.002,0.001,0.,0.,0.,0.,0.002,0.,0.002,0.,0.,0.
5,0.002,0.,0.002,0.001,0.,0.,0.,0.,0.,0.,0.,0.,0.001,0.,0.001,0.,0.,0.,0.001,0.,0.,0.,0.,0.
6,0.002,0.,0.002,0.001,0.,0.001,0.,0.,0.,0.,0.,0.,0.002,0.,0.002,0.,0.,0.,0.001,0.,0.001,0.,0.,0.
7,0.003,0.,0.003,0.002,0.,0.001,0.,0.,0.,0.,0.,0.,0.002,0.,0.002,0.,0.,0.,0.001,0.,0.,0.,0.,0.
8,0.003,0.001,0.002,0.002,0.001,0.001,0.,0.,0.,0.,0.,0.,0.002,0.001,0.001,0.,0.,0.,0.001,0.,0.,0.,0.,0.
9,0.004,0.001,0.003,0.002,0.001,0.001,0.,0.,0.,0.,0.,0.,0.003,0.001,0.002,0.,0.,0.,0.001,0.001,0.,0.,0.,0.
10,0.045,0.002,0.042,0.002,0.001,0.001,0.041,0.001,0.039,0.,0.,0.,0.003,0.,0.002,0.,0.,0.,0.001,0.001,0.,0.,0.,0.
11,0.004,0.,0.004,0.003,0.001,0.002,0.,0.,0.,0.,0.,0.,0.003,0.,0.003,0.,0.,0.,0.002,0.,0.001,0.,0.,0.
12,0.004,0.,0.004,0.045,0.001,0.043,0.,0.,0.,0.,0.,0.,0.003,0.,0.003,0.,0.,0.,0.044,0.001,0.042,0.,0.,0.
13,0.005,0.,0.005,0.002,0.,0.002,0.,0.,0.,0.,0.,0.,0.003,0.,0.004,0.,0.,0.,0.002,0.,0.002,0.,0.,0.
14,0.005,0.,0.005,0.003,0.,0.003,0.,0.,0.,0.,0.,0.,0.004,0.,0.004,0.,0.,0.,0.002,0.,0.002,0.,0.,0.
15,0.006,0.,0.006,0.003,0.,0.003,0.001,0.,0.001,0.,0.,0.,0.004,0.,0.004,0.,0.,0.,0.002,0.,0.002,0.,0.,0.
16,0.021,0.,0.021,0.003,0.,0.003,0.015,0.,0.015,0.,0.,0.,0.005,0.,0.005,0.,0.,0.,0.002,0.,0.002,0.,0.,0.
17,0.007,0.,0.007,0.003,0.,0.003,0.001,0.,0.001,0.,0.,0.,0.005,0.,0.005,0.,0.,0.,0.002,0.,0.002,0.,0.,0.
18,0.007,0.,0.007,0.004,0.,0.004,0.001,0.,0.001,0.,0.,0.,0.006,0.,0.006,0.,0.,0.,0.003,0.,0.003,0.,0.,0.
19,0.008,0.,0.008,0.004,0.,0.004,0.001,0.,0.001,0.001,0.,0.001,0.006,0.,0.006,0.,0.,0.,0.003,0.,0.003,0.,0.,0.
20,0.009,0.,0.009,0.019,0.,0.019,0.001,0.,0.001,0.001,0.,0.001,0.008,0.,0.008,0.,0.,0.,0.018,0.,0.018,0.,0.,0.
21,0.009,0.,0.009,0.005,0.,0.005,0.001,0.,0.001,0.001,0.,0.001,0.007,0.,0.007,0.,0.,0.,0.003,0.,0.003,0.,0.,0.
22,0.01,0.,0.01,0.005,0.,0.005,0.001,0.,0.001,0.001,0.,0.001,0.008,0.,0.008,0.,0.,0.,0.003,0.,0.003,0.,0.,0.
23,0.011,0.,0.011,0.006,0.,0.006,0.001,0.,0.001,0.001,0.,0.001,0.009,0.,0.009,0.,0.,0.,0.004,0.,0.004,0.,0.,0.
24,0.012,0.,0.012,0.007,0.,0.007,0.002,0.,0.002,0.002,0.,0.002,0.009,0.,0.009,0.,0.,0.,0.004,0.,0.004,0.,0.,0.
25,0.012,0.,0.012,0.006,0.,0.006,0.002,0.,0.002,0.001,0.,0.001,0.01,0.,0.01,0.,0.,0.,0.004,0.,0.004,0.,0.,0.
26,0.014,0.,0.013,0.007,0.,0.007,0.002,0.,0.002,0.001,0.,0.001,0.011,0.,0.01,0.,0.,0.,0.005,0.,0.005,0.,0.,0.
27,0.014,0.,0.014,0.007,0.,0.007,0.002,0.,0.002,0.001,0.,0.001,0.011,0.,0.011,0.,0.,0.,0.005,0.,0.005,0.,0.,0.
28,0.02,0.,0.02,0.008,0.,0.008,0.002,0.,0.002,0.001,0.,0.001,0.016,0.,0.016,0.,0.,0.,0.005,0.,0.005,0.,0.,0.
29,0.016,0.,0.016,0.008,0.,0.008,0.002,0.,0.002,0.002,0.,0.002,0.013,0.,0.013,0.,0.,0.,0.005,0.,0.005,0.,0.,0.
30,0.017,0.,0.017,0.009,0.,0.009,0.002,0.,0.002,0.002,0.,0.002,0.014,0.,0.014,0.,0.,0.,0.007,0.,0.007,0.,0.,0.
31,0.018,0.,0.018,0.01,0.,0.01,0.003,0.,0.003,0.002,0.,0.002,0.014,0.,0.014,0.,0.,0.,0.007,0.,0.007,0.,0.,0.
32,0.025,0.,0.025,0.009,0.,0.009,0.003,0.,0.003,0.002,0.,0.002,0.021,0.,0.021,0.,0.,0.,0.007,0.,0.006,0.,0.,0.
33,0.02,0.,0.02,0.01,0.,0.01,0.003,0.,0.003,0.002,0.,0.002,0.016,0.,0.016,0.,0.,0.,0.007,0.,0.007,0.,0.,0.
34,0.021,0.,0.021,0.015,0.,0.015,0.003,0.,0.003,0.002,0.,0.002,0.016,0.,0.016,0.,0.,0.,0.012,0.,0.012,0.,0.,0.
35,0.022,0.,0.022,0.011,0.,0.011,0.003,0.,0.003,0.002,0.,0.002,0.017,0.,0.017,0.,0.,0.,0.008,0.,0.008,0.,0.,0.
36,0.081,0.,0.081,0.012,0.,0.012,0.004,0.,0.004,0.002,0.,0.002,0.077,0.,0.077,0.,0.,0.,0.009,0.,0.009,0.,0.,0.
37,0.025,0.,0.025,0.012,0.,0.012,0.004,0.,0.004,0.003,0.,0.003,0.019,0.,0.019,0.,0.,0.,0.008,0.,0.008,0.,0.,0.
38,0.025,0.,0.025,0.02,0.,0.02,0.004,0.,0.004,0.003,0.,0.003,0.02,0.,0.02,0.,0.,0.,0.016,0.,0.016,0.,0.,0.
39,0.056,0.,0.056,0.013,0.,0.013,0.004,0.,0.004,0.003,0.,0.003,0.05,0.,0.05,0.,0.,0.,0.009,0.,0.009,0.,0.,0.
40,0.028,0.,0.028,0.014,0.,0.014,0.004,0.,0.004,0.003,0.,0.003,0.022,0.,0.022,0.,0.,0.,0.01,0.,0.01,0.,0.,0.
41,0.043,0.,0.043,0.014,0.,0.014,0.005,0.,0.005,0.003,0.,0.003,0.037,0.,0.037,0.,0.,0.,0.01,0.,0.01,0.,0.,0.
42,0.031,0.,0.031,0.016,0.,0.016,0.005,0.,0.005,0.003,0.,0.003,0.025,0.,0.025,0.,0.,0.,0.011,0.,0.011,0.,0.,0.
43,0.032,0.,0.032,0.016,0.,0.016,0.005,0.,0.005,0.004,0.,0.004,0.025,0.,0.025,0.,0.,0.,0.011,0.,0.011,0.,0.,0.
44,0.034,0.,0.034,0.077,0.,0.077,0.005,0.,0.005,0.004,0.,0.004,0.027,0.,0.027,0.,0.,0.,0.072,0.,0.072,0.,0.,0.
45,0.039,0.,0.039,0.018,0.,0.018,0.006,0.,0.006,0.004,0.,0.004,0.032,0.,0.032,0.,0.,0.,0.013,0.,0.013,0.,0.,0.
46,0.035,0.,0.035,0.017,0.,0.017,0.006,0.,0.006,0.004,0.,0.004,0.028,0.,0.028,0.,0.,0.,0.012,0.,0.012,0.,0.,0.
47,0.041,0.,0.041,0.048,0.,0.048,0.006,0.,0.006,0.004,0.,0.004,0.034,0.,0.034,0.,0.,0.,0.043,0.,0.043,0.,0.,0.
48,0.038,0.,0.038,0.02,0.,0.02,0.007,0.,0.007,0.004,0.,0.004,0.03,0.,0.03,0.,0.,0.,0.014,0.,0.014,0.,0.,0.
49,0.099,0.,0.099,0.035,0.,0.035,0.007,0.,0.007,0.02,0.,0.02,0.091,0.,0.091,0.,0.,0.,0.014,0.,0.014,0.,0.,0.
50,0.091,0.013,0.078,0.07,0.01,0.059,0.007,0.,0.007,0.048,0.003,0.044,0.083,0.012,0.07,0.,0.,0.,0.021,0.006,0.014,0.,0.,0.
51,0.044,0.,0.044,0.021,0.,0.021,0.007,0.,0.007,0.005,0.,0.005,0.036,0.,0.036,0.,0.,0.,0.015,0.,0.015,0.,0.,0.
52,0.074,0.,0.073,0.022,0.,0.022,0.008,0.,0.008,0.005,0.,0.005,0.064,0.,0.063,0.,0.,0.,0.016,0.,0.016,0.,0.,0.
53,0.06,0.,0.06,0.023,0.,0.023,0.008,0.,0.008,0.005,0.,0.005,0.051,0.,0.051,0.,0.,0.,0.016,0.,0.016,0.,0.,0.
54,0.046,0.,0.046,0.024,0.,0.023,0.008,0.,0.008,0.005,0.,0.005,0.037,0.,0.037,0.,0.,0.,0.017,0.,0.016,0.,0.,0.
55,0.048,0.,0.047,0.029,0.,0.029,0.008,0.,0.008,0.006,0.,0.006,0.039,0.,0.038,0.,0.,0.,0.022,0.,0.022,0.,0.,0.
56,0.052,0.,0.052,0.027,0.,0.027,0.011,0.,0.011,0.006,0.,0.006,0.04,0.,0.04,0.,0.,0.,0.019,0.,0.019,0.,0.,0.
57,0.051,0.,0.051,0.033,0.,0.033,0.009,0.,0.009,0.006,0.,0.006,0.041,0.,0.041,0.,0.,0.,0.026,0.,0.026,0.,0.,0.
58,0.053,0.,0.052,0.027,0.,0.027,0.009,0.,0.009,0.006,0.,0.006,0.042,0.,0.041,0.,0.,0.,0.019,0.,0.019,0.,0.,0.
59,0.055,0.,0.055,0.029,0.001,0.027,0.01,0.,0.01,0.007,0.,0.006,0.044,0.,0.044,0.,0.,0.,0.021,0.,0.02,0.,0.,0.
60,0.059,0.,0.058,0.09,0.,0.09,0.011,0.,0.011,0.007,0.,0.007,0.047,0.,0.046,0.,0.,0.,0.081,0.,0.081,0.,0.,0.
61,0.059,0.,0.059,0.03,0.,0.03,0.01,0.,0.01,0.007,0.,0.007,0.048,0.,0.048,0.,0.,0.,0.022,0.,0.022,0.,0.,0.
62,0.062,0.,0.062,0.06,0.,0.06,0.01,0.,0.01,0.007,0.,0.007,0.05,0.,0.05,0.,0.,0.,0.051,0.,0.051,0.,0.,0.
63,0.064,0.,0.064,0.032,0.,0.031,0.011,0.,0.011,0.008,0.,0.008,0.052,0.,0.052,0.,0.,0.,0.023,0.,0.022,0.,0.,0.
64,0.065,0.,0.064,0.048,0.,0.048,0.011,0.,0.01,0.009,0.,0.009,0.053,0.,0.053,0.,0.,0.,0.038,0.,0.038,0.,0.,0.
65,0.067,0.,0.067,0.032,0.,0.032,0.011,0.,0.011,0.008,0.,0.008,0.054,0.,0.054,0.,0.,0.,0.023,0.,0.023,0.,0.,0.
66,0.069,0.,0.068,0.034,0.,0.034,0.012,0.,0.012,0.008,0.,0.008,0.056,0.,0.055,0.,0.,0.,0.025,0.,0.025,0.,0.,0.
67,0.073,0.,0.073,0.035,0.,0.034,0.013,0.,0.013,0.009,0.,0.008,0.058,0.,0.058,0.,0.,0.,0.025,0.,0.025,0.,0.,0.
68,0.074,0.,0.073,0.036,0.,0.036,0.014,0.,0.014,0.009,0.,0.009,0.059,0.,0.058,0.,0.,0.,0.025,0.,0.025,0.,0.,0.
69,0.072,0.,0.072,0.038,0.002,0.036,0.013,0.,0.013,0.009,0.,0.008,0.057,0.,0.057,0.,0.,0.,0.028,0.001,0.027,0.,0.,0.
70,0.075,0.,0.075,0.038,0.,0.038,0.015,0.,0.015,0.009,0.,0.009,0.058,0.,0.058,0.,0.,0.,0.027,0.,0.027,0.,0.,0.
71,0.077,0.001,0.075,0.039,0.,0.039,0.015,0.,0.014,0.01,0.,0.01,0.061,0.001,0.06,0.,0.,0.,0.028,0.,0.028,0.,0.,0.
72,0.08,0.,0.08,0.04,0.,0.04,0.014,0.,0.014,0.01,0.,0.01,0.065,0.,0.065,0.,0.,0.,0.028,0.,0.028,0.,0.,0.
73,0.086,0.,0.086,0.043,0.,0.043,0.017,0.,0.017,0.013,0.,0.013,0.068,0.,0.068,0.,0.,0.,0.029,0.,0.029,0.,0.,0.
74,0.092,0.,0.092,0.042,0.,0.042,0.024,0.,0.024,0.01,0.,0.01,0.067,0.,0.067,0.,0.,0.,0.03,0.,0.03,0.,0.,0.
75,0.091,0.,0.091,0.042,0.,0.042,0.015,0.,0.015,0.011,0.,0.011,0.075,0.,0.075,0.,0.,0.,0.03,0.,0.03,0.,0.,0.
76,0.087,0.,0.087,0.044,0.,0.044,0.017,0.,0.017,0.011,0.,0.011,0.069,0.,0.069,0.,0.,0.,0.032,0.,0.032,0.,0.,0.
77,0.097,0.,0.097,0.046,0.,0.046,0.019,0.,0.019,0.011,0.,0.011,0.077,0.,0.077,0.,0.,0.,0.033,0.,0.033,0.,0.,0.
78,0.095,0.,0.094,0.049,0.,0.049,0.019,0.,0.019,0.011,0.,0.011,0.074,0.,0.073,0.,0.,0.,0.036,0.,0.036,0.,0.,0.
79,0.102,0.001,0.101,0.05,0.,0.05,0.02,0.,0.02,0.014,0.,0.014,0.08,0.,0.079,0.,0.,0.,0.034,0.,0.034,0.,0.,0.
80,0.1,0.,0.1,0.05,0.,0.05,0.019,0.,0.019,0.014,0.,0.014,0.08,0.,0.08,0.,0.,0.,0.035,0.,0.035,0.,0.,0.
81,0.107,0.,0.107,0.05,0.,0.05,0.022,0.,0.022,0.013,0.,0.013,0.084,0.,0.084,0.,0.,0.,0.036,0.,0.036,0.,0.,0.
82,0.103,0.,0.102,0.05,0.,0.05,0.02,0.,0.019,0.013,0.,0.013,0.081,0.,0.081,0.,0.,0.,0.036,0.,0.036,0.,0.,0.
83,0.109,0.,0.108,0.052,0.,0.051,0.022,0.,0.022,0.013,0.,0.013,0.086,0.,0.085,0.,0.,0.,0.037,0.,0.037,0.,0.,0.
84,0.109,0.,0.109,0.053,0.,0.053,0.019,0.,0.019,0.013,0.,0.013,0.089,0.,0.089,0.,0.,0.,0.038,0.,0.038,0.,0.,0.
85,0.119,0.001,0.118,0.054,0.,0.054,0.022,0.,0.022,0.014,0.,0.014,0.095,0.,0.094,0.,0.,0.,0.039,0.,0.039,0.,0.,0.
86,0.117,0.,0.116,0.055,0.,0.055,0.023,0.,0.023,0.014,0.,0.014,0.092,0.,0.091,0.,0.,0.,0.04,0.,0.04,0.,0.,0.
87,0.122,0.,0.121,0.056,0.,0.056,0.025,0.,0.025,0.014,0.,0.014,0.096,0.,0.096,0.,0.,0.,0.04,0.,0.04,0.,0.,0.
88,0.114,0.,0.114,0.058,0.,0.058,0.023,0.,0.023,0.015,0.,0.015,0.09,0.,0.09,0.,0.,0.,0.041,0.,0.041,0.,0.,0.
89,0.127,0.,0.126,0.061,0.,0.061,0.023,0.001,0.022,0.017,0.,0.017,0.102,0.,0.102,0.,0.,0.,0.042,0.,0.042,0.,0.,0.
90,0.136,0.,0.136,0.062,0.,0.062,0.024,0.,0.024,0.017,0.,0.017,0.11,0.,0.11,0.,0.,0.,0.043,0.,0.043,0.,0.,0.
91,0.121,0.,0.121,0.064,0.,0.063,0.021,0.,0.021,0.018,0.,0.017,0.098,0.,0.098,0.,0.,0.,0.044,0.,0.044,0.,0.,0.
92,0.127,0.001,0.125,0.066,0.,0.066,0.023,0.,0.023,0.016,0.,0.016,0.102,0.001,0.1,0.,0.,0.,0.049,0.,0.049,0.,0.,0.
93,0.129,0.,0.129,0.067,0.,0.067,0.024,0.,0.024,0.017,0.,0.017,0.104,0.,0.104,0.,0.,0.,0.049,0.,0.049,0.,0.,0.
94,0.132,0.001,0.131,0.068,0.,0.068,0.024,0.,0.024,0.017,0.,0.017,0.106,0.,0.105,0.,0.,0.,0.049,0.,0.049,0.,0.,0.
95,0.135,0.,0.135,0.073,0.,0.073,0.024,0.,0.024,0.017,0.,0.017,0.109,0.,0.109,0.001,0.,0.001,0.054,0.,0.054,0.,0.,0.
96,0.138,0.,0.137,0.079,0.,0.078,0.025,0.,0.025,0.027,0.,0.028,0.111,0.,0.11,0.,0.,0.,0.05,0.,0.049,0.,0.,0.
97,0.153,0.,0.153,0.076,0.,0.076,0.029,0.,0.029,0.02,0.,0.02,0.122,0.,0.122,0.,0.,0.,0.055,0.,0.055,0.,0.,0.
98,0.144,0.,0.144,0.078,0.,0.078,0.03,0.,0.03,0.02,0.,0.02,0.113,0.,0.113,0.,0.,0.,0.056,0.,0.056,0.,0.,0.
99,0.144,0.,0.144,0.083,0.,0.082,0.027,0.,0.027,0.023,0.,0.023,0.116,0.,0.116,0.,0.,0.,0.058,0.,0.057,0.,0.,0.
100,0.167,0.,0.167,0.089,0.001,0.088,0.031,0.,0.031,0.018,0.,0.018,0.135,0.,0.135,0.,0.,0.,0.067,0.,0.067,0.002,0.001,0.001
110,0.176,0.,0.176,0.093,0.,0.093,0.037,0.,0.037,0.025,0.,0.025,0.136,0.,0.136,0.,0.,0.,0.066,0.,0.066,0.,0.,0.
120,0.226,0.,0.226,0.121,0.,0.12,0.057,0.,0.057,0.033,0.,0.032,0.167,0.,0.167,0.,0.,0.,0.086,0.,0.086,0.,0.,0.
130,0.262,0.,0.261,0.139,0.002,0.136,0.059,0.,0.058,0.038,0.001,0.037,0.201,0.,0.201,0.,0.,0.,0.1,0.001,0.098,0.,0.,0.
140,0.296,0.001,0.294,0.166,0.,0.166,0.057,0.,0.057,0.046,0.,0.046,0.237,0.001,0.235,0.,0.,0.,0.118,0.,0.118,0.,0.,0.
150,0.434,0.002,0.432,0.178,0.,0.177,0.067,0.,0.067,0.051,0.,0.051,0.366,0.002,0.364,0.,0.,0.,0.125,0.,0.124,0.,0.,0.
160,0.401,0.003,0.398,0.203,0.001,0.202,0.081,0.001,0.08,0.055,0.,0.055,0.318,0.001,0.316,0.,0.,0.,0.145,0.,0.144,0.,0.,0.
170,0.421,0.001,0.419,0.24,0.,0.24,0.081,0.,0.081,0.067,0.,0.067,0.338,0.001,0.336,0.,0.,0.,0.17,0.,0.17,0.,0.,0.
180,0.476,0.004,0.472,0.25,0.003,0.247,0.093,0.,0.093,0.066,0.,0.066,0.381,0.004,0.377,0.,0.,0.,0.182,0.002,0.179,0.,0.,0.
190,0.531,0.,0.531,0.272,0.001,0.27,0.114,0.,0.114,0.071,0.001,0.07,0.414,0.,0.414,0.,0.,0.,0.198,0.,0.197,0.001,0.,0.001
200,0.701,0.005,0.695,0.407,0.003,0.403,0.129,0.,0.129,0.084,0.,0.083,0.571,0.005,0.565,0.001,0.,0.001,0.321,0.002,0.318,0.001,0.,0.001
210,0.715,0.,0.715,0.348,0.,0.348,0.132,0.,0.132,0.085,0.,0.085,0.58,0.,0.58,0.001,0.,0.001,0.26,0.,0.26,0.001,0.,0.001
220,0.697,0.003,0.693,0.364,0.,0.364,0.149,0.,0.148,0.103,0.,0.103,0.546,0.002,0.543,0.001,0.,0.001,0.258,0.,0.258,0.001,0.,0.001
230,0.756,0.,0.756,0.42,0.001,0.419,0.143,0.,0.143,0.117,0.,0.117,0.61,0.,0.61,0.001,0.,0.001,0.3,0.,0.299,0.001,0.,0.001
240,0.927,0.,0.927,0.48,0.004,0.476,0.169,0.,0.169,0.112,0.,0.112,0.755,0.,0.755,0.001,0.,0.001,0.365,0.003,0.361,0.001,0.,0.001
250,0.994,0.001,0.992,0.567,0.001,0.564,0.177,0.,0.177,0.123,0.,0.123,0.815,0.001,0.813,0.001,0.,0.001,0.441,0.001,0.439,0.001,0.,0.001
260,1.,0.002,0.997,0.518,0.003,0.515,0.185,0.,0.185,0.134,0.,0.134,0.812,0.002,0.809,0.001,0.,0.001,0.38,0.002,0.377,0.001,0.,0.001
270,1.155,0.,1.155,0.57,0.,0.57,0.203,0.,0.203,0.153,0.,0.153,0.95,0.,0.95,0.001,0.,0.001,0.409,0.,0.409,0.005,0.,0.005
280,1.162,0.,1.162,0.616,0.,0.616,0.23,0.,0.23,0.167,0.,0.167,0.929,0.,0.929,0.001,0.,0.001,0.445,0.,0.445,0.001,0.,0.001
290,1.269,0.002,1.266,0.649,0.,0.649,0.231,0.002,0.229,0.176,0.,0.176,1.036,0.,1.035,0.001,0.,0.001,0.471,0.,0.471,0.001,0.,0.001
300,1.38,0.011,1.369,0.736,0.002,0.734,0.266,0.,0.266,0.186,0.002,0.184,1.111,0.011,1.1,0.001,0.,0.001,0.547,0.,0.547,0.001,0.,0.001
310,1.388,0.002,1.385,0.763,0.,0.762,0.279,0.,0.279,0.2,0.,0.2,1.107,0.002,1.104,0.001,0.,0.001,0.559,0.,0.559,0.001,0.,0.001
320,1.531,0.002,1.529,0.817,0.001,0.815,0.271,0.,0.271,0.21,0.,0.21,1.252,0.001,1.25,0.007,0.,0.007,0.604,0.001,0.602,0.001,0.,0.001
330,1.639,0.,1.639,0.819,0.005,0.813,0.304,0.,0.304,0.215,0.,0.214,1.332,0.,1.332,0.001,0.,0.001,0.601,0.004,0.596,0.001,0.,0.001
340,1.635,0.002,1.633,0.868,0.,0.868,0.304,0.,0.304,0.221,0.,0.221,1.325,0.001,1.323,0.004,0.,0.004,0.644,0.,0.644,0.001,0.,0.001
350,1.895,0.01,1.884,0.929,0.011,0.917,0.353,0.,0.353,0.232,0.,0.231,1.539,0.01,1.528,0.001,0.,0.001,0.694,0.01,0.683,0.001,0.,0.001
360,1.966,0.,1.966,1.029,0.,1.029,0.353,0.,0.353,0.263,0.,0.263,1.61,0.,1.61,0.001,0.,0.001,0.762,0.,0.762,0.001,0.,0.001
370,2.055,0.,2.054,1.046,0.01,1.035,0.372,0.,0.371,0.283,0.001,0.281,1.679,0.,1.679,0.001,0.,0.001,0.76,0.008,0.751,0.001,0.,0.001
380,2.182,0.002,2.18,1.137,0.001,1.136,0.414,0.,0.414,0.299,0.,0.299,1.765,0.001,1.763,0.001,0.,0.001,0.832,0.,0.832,0.004,0.,0.003
390,2.256,0.,2.256,1.199,0.001,1.198,0.434,0.,0.434,0.294,0.,0.294,1.814,0.,1.814,0.005,0.,0.005,0.901,0.,0.9,0.001,0.,0.001
400,2.433,0.,2.433,1.31,0.013,1.296,0.431,0.,0.431,0.319,0.001,0.317,1.996,0.,1.996,0.004,0.,0.004,0.988,0.012,0.976,0.002,0.,0.002