param-n,abstract-regression-cubic-real,abstract-regression-cubic-sys,abstract-regression-cubic-user,close-abstract-regression-cubic-real,close-abstract-regression-cubic-sys,close-abstract-regression-cubic-user,fast-rewrite-regression-cubic-real,fast-rewrite-regression-cubic-sys,fast-rewrite-regression-cubic-user,pose-build-and-refine-regression-cubic-real,pose-build-and-refine-regression-cubic-sys,pose-build-and-refine-regression-cubic-user,refine-regression-quadratic-regression-linear-real,refine-regression-quadratic-regression-linear-sys,refine-regression-quadratic-regression-linear-user
1,0.,0.,0.,0.,0.,0.,0.,0.,0.,0.,0.,0.,0.,0.,0.
2,0.,0.,0.,0.,0.,0.,0.,0.,0.,0.,0.,0.,0.,0.,0.
3,0.,0.,0.,0.,0.,0.,0.,0.,0.,0.,0.,0.,0.,0.,0.
4,0.,0.,0.,0.,0.,0.,0.,0.,0.,0.,0.,0.,0.,0.,0.
5,0.,0.,0.,0.,0.,0.,0.,0.,0.,0.,0.,0.,0.,0.,0.
6,0.,0.,0.,0.,0.,0.,0.,0.,0.,0.,0.,0.,0.,0.,0.
7,0.001,0.,0.,0.,0.,0.,0.,0.,0.,0.,0.,0.,0.,0.,0.
8,0.001,0.,0.001,0.,0.,0.,0.,0.,0.,0.,0.,0.,0.,0.,0.
9,0.001,0.,0.,0.,0.,0.,0.,0.,0.,0.,0.,0.,0.,0.,0.
10,0.001,0.,0.001,0.,0.,0.,0.001,0.,0.001,0.001,0.,0.001,0.,0.,0.
11,0.001,0.,0.001,0.,0.,0.,0.001,0.,0.,0.001,0.,0.,0.,0.,0.
12,0.001,0.,0.,0.,0.,0.,0.001,0.,0.,0.001,0.,0.,0.,0.,0.
13,0.001,0.,0.001,0.,0.,0.,0.001,0.,0.001,0.001,0.,0.001,0.,0.,0.
14,0.001,0.,0.001,0.,0.,0.,0.001,0.,0.001,0.001,0.,0.001,0.,0.,0.
15,0.048,0.004,0.043,0.,0.,0.,0.047,0.004,0.043,0.047,0.004,0.043,0.,0.,0.
16,0.001,0.,0.001,0.,0.,0.,0.001,0.,0.001,0.001,0.,0.001,0.,0.,0.
17,0.001,0.,0.001,0.,0.,0.,0.001,0.,0.001,0.001,0.,0.001,0.,0.,0.
18,0.001,0.,0.001,0.,0.,0.,0.001,0.,0.001,0.001,0.,0.001,0.,0.,0.
19,0.001,0.,0.001,0.,0.,0.,0.001,0.,0.,0.001,0.,0.,0.,0.,0.
20,0.002,0.,0.002,0.,0.,0.,0.001,0.,0.001,0.001,0.,0.001,0.,0.,0.
21,0.002,0.,0.002,0.,0.,0.,0.001,0.,0.001,0.001,0.,0.001,0.,0.,0.
22,0.002,0.,0.002,0.,0.,0.,0.001,0.,0.001,0.001,0.,0.001,0.,0.,0.
23,0.002,0.,0.002,0.,0.,0.,0.001,0.,0.001,0.001,0.,0.001,0.,0.,0.
24,0.002,0.,0.002,0.,0.,0.,0.001,0.,0.001,0.001,0.,0.001,0.,0.,0.
25,0.002,0.,0.002,0.,0.,0.,0.001,0.,0.001,0.001,0.,0.001,0.,0.,0.
26,0.002,0.,0.002,0.,0.,0.,0.001,0.,0.001,0.001,0.,0.001,0.,0.,0.
27,0.002,0.,0.002,0.,0.,0.,0.001,0.,0.001,0.001,0.,0.001,0.,0.,0.
28,0.018,0.,0.018,0.,0.,0.,0.017,0.,0.017,0.017,0.,0.017,0.015,0.,0.015
29,0.003,0.,0.003,0.,0.,0.,0.002,0.,0.002,0.002,0.,0.002,0.,0.,0.
30,0.003,0.,0.003,0.,0.,0.,0.002,0.,0.002,0.002,0.,0.002,0.,0.,0.
31,0.003,0.,0.003,0.,0.,0.,0.002,0.,0.002,0.002,0.,0.002,0.,0.,0.
32,0.003,0.,0.003,0.,0.,0.,0.002,0.,0.002,0.002,0.,0.002,0.,0.,0.
33,0.003,0.,0.003,0.001,0.,0.001,0.002,0.,0.002,0.002,0.,0.002,0.,0.,0.
34,0.003,0.,0.003,0.001,0.,0.001,0.002,0.,0.002,0.002,0.,0.002,0.,0.,0.
35,0.003,0.,0.003,0.001,0.,0.001,0.002,0.,0.002,0.002,0.,0.002,0.,0.,0.
36,0.004,0.,0.004,0.001,0.,0.001,0.002,0.,0.002,0.002,0.,0.002,0.,0.,0.
37,0.005,0.,0.005,0.001,0.,0.001,0.004,0.,0.004,0.004,0.,0.004,0.,0.,0.
38,0.004,0.,0.004,0.001,0.,0.001,0.002,0.,0.002,0.002,0.,0.002,0.,0.,0.
39,0.004,0.,0.004,0.001,0.,0.001,0.002,0.,0.002,0.002,0.,0.002,0.,0.,0.
40,0.004,0.,0.004,0.001,0.,0.001,0.002,0.,0.002,0.002,0.,0.002,0.,0.,0.
41,0.004,0.,0.004,0.001,0.,0.001,0.003,0.,0.003,0.003,0.,0.003,0.,0.,0.
42,0.004,0.,0.004,0.001,0.,0.001,0.003,0.,0.003,0.003,0.,0.003,0.,0.,0.
43,0.005,0.,0.005,0.001,0.,0.001,0.003,0.,0.003,0.003,0.,0.003,0.,0.,0.
44,0.005,0.,0.005,0.001,0.,0.001,0.003,0.,0.003,0.003,0.,0.003,0.,0.,0.
45,0.005,0.,0.005,0.001,0.,0.001,0.003,0.,0.003,0.003,0.,0.003,0.,0.,0.
46,0.005,0.,0.005,0.001,0.,0.001,0.003,0.,0.003,0.003,0.,0.003,0.,0.,0.
47,0.005,0.,0.005,0.001,0.,0.001,0.003,0.,0.003,0.003,0.,0.003,0.,0.,0.
48,0.005,0.,0.005,0.001,0.,0.001,0.003,0.,0.003,0.003,0.,0.003,0.,0.,0.
49,0.005,0.,0.005,0.001,0.,0.001,0.003,0.,0.003,0.003,0.,0.003,0.,0.,0.
50,0.007,0.002,0.005,0.002,0.,0.002,0.005,0.002,0.003,0.005,0.002,0.003,0.,0.,0.
51,0.007,0.,0.007,0.002,0.,0.002,0.004,0.,0.004,0.004,0.,0.004,0.,0.,0.
52,0.006,0.,0.006,0.002,0.,0.002,0.004,0.,0.004,0.004,0.,0.004,0.,0.,0.
53,0.006,0.,0.006,0.002,0.,0.002,0.004,0.,0.004,0.004,0.,0.004,0.,0.,0.
54,0.007,0.,0.007,0.002,0.,0.002,0.004,0.,0.004,0.004,0.,0.004,0.,0.,0.
55,0.007,0.,0.007,0.002,0.,0.002,0.004,0.,0.004,0.004,0.,0.004,0.,0.,0.
56,0.007,0.,0.007,0.002,0.,0.002,0.004,0.,0.004,0.004,0.,0.004,0.,0.,0.
57,0.007,0.,0.007,0.002,0.,0.002,0.004,0.,0.004,0.004,0.,0.004,0.,0.,0.
58,0.007,0.,0.007,0.002,0.,0.002,0.004,0.,0.004,0.004,0.,0.004,0.,0.,0.
59,0.007,0.,0.007,0.002,0.,0.002,0.004,0.,0.004,0.004,0.,0.004,0.,0.,0.
60,0.008,0.,0.008,0.002,0.,0.002,0.004,0.,0.004,0.004,0.,0.004,0.,0.,0.
61,0.009,0.,0.009,0.003,0.,0.003,0.004,0.,0.004,0.004,0.,0.004,0.,0.,0.
62,0.008,0.,0.008,0.003,0.,0.003,0.005,0.,0.005,0.005,0.,0.005,0.,0.,0.
63,0.009,0.,0.008,0.003,0.,0.003,0.005,0.,0.005,0.005,0.,0.005,0.,0.,0.
64,0.009,0.,0.009,0.003,0.,0.003,0.005,0.,0.005,0.005,0.,0.005,0.,0.,0.
65,0.009,0.,0.009,0.003,0.,0.003,0.005,0.,0.005,0.005,0.,0.005,0.,0.,0.
66,0.016,0.,0.016,0.003,0.,0.003,0.012,0.,0.012,0.012,0.,0.012,0.,0.,0.
67,0.009,0.,0.009,0.003,0.,0.003,0.005,0.,0.005,0.005,0.,0.005,0.,0.,0.
68,0.01,0.,0.01,0.003,0.,0.003,0.005,0.,0.005,0.005,0.,0.005,0.,0.,0.
69,0.01,0.,0.01,0.004,0.,0.004,0.006,0.,0.006,0.005,0.,0.005,0.,0.,0.
70,0.01,0.,0.01,0.004,0.,0.004,0.006,0.,0.006,0.006,0.,0.006,0.,0.,0.
71,0.01,0.,0.01,0.004,0.,0.004,0.006,0.,0.006,0.006,0.,0.006,0.,0.,0.
72,0.011,0.,0.011,0.004,0.,0.004,0.006,0.,0.006,0.006,0.,0.006,0.,0.,0.
73,0.012,0.,0.012,0.005,0.,0.005,0.006,0.,0.006,0.006,0.,0.006,0.,0.,0.
74,0.011,0.,0.011,0.004,0.,0.004,0.006,0.,0.006,0.006,0.,0.006,0.,0.,0.
75,0.011,0.,0.011,0.004,0.,0.004,0.006,0.,0.006,0.006,0.,0.006,0.,0.,0.
76,0.012,0.,0.012,0.005,0.,0.005,0.006,0.,0.006,0.006,0.,0.006,0.,0.,0.
77,0.076,0.,0.076,0.005,0.,0.005,0.07,0.,0.07,0.07,0.,0.07,0.,0.,0.
78,0.012,0.,0.012,0.005,0.,0.005,0.007,0.,0.007,0.007,0.,0.007,0.,0.,0.
79,0.012,0.,0.012,0.005,0.,0.005,0.007,0.,0.007,0.007,0.,0.007,0.,0.,0.
80,0.013,0.,0.013,0.006,0.,0.006,0.007,0.,0.007,0.007,0.,0.007,0.,0.,0.
81,0.013,0.,0.013,0.005,0.,0.005,0.007,0.,0.007,0.007,0.,0.007,0.,0.,0.
82,0.013,0.,0.013,0.005,0.,0.005,0.007,0.,0.007,0.007,0.,0.007,0.,0.,0.
83,0.013,0.,0.013,0.005,0.,0.005,0.007,0.,0.007,0.007,0.,0.007,0.,0.,0.
84,0.047,0.,0.047,0.006,0.,0.006,0.04,0.,0.04,0.04,0.,0.04,0.,0.,0.
85,0.014,0.,0.014,0.006,0.,0.006,0.007,0.,0.007,0.007,0.,0.007,0.,0.,0.
86,0.014,0.,0.014,0.006,0.,0.006,0.007,0.,0.007,0.007,0.,0.007,0.,0.,0.
87,0.016,0.,0.016,0.006,0.,0.006,0.009,0.,0.009,0.009,0.,0.009,0.,0.,0.
88,0.015,0.,0.015,0.006,0.,0.006,0.008,0.,0.008,0.008,0.,0.008,0.,0.,0.
89,0.015,0.,0.015,0.007,0.,0.007,0.008,0.,0.008,0.008,0.,0.008,0.,0.,0.
90,0.033,0.,0.033,0.007,0.,0.007,0.025,0.,0.025,0.025,0.,0.025,0.,0.,0.
91,0.016,0.,0.016,0.007,0.,0.007,0.008,0.,0.008,0.008,0.,0.008,0.,0.,0.
92,0.016,0.,0.016,0.007,0.,0.007,0.008,0.,0.008,0.008,0.,0.008,0.,0.,0.
93,0.016,0.,0.016,0.007,0.,0.007,0.008,0.,0.008,0.008,0.,0.008,0.,0.,0.
94,0.017,0.,0.017,0.007,0.,0.007,0.008,0.,0.008,0.008,0.,0.008,0.,0.,0.
95,0.017,0.,0.017,0.008,0.,0.008,0.009,0.,0.009,0.009,0.,0.009,0.,0.,0.
96,0.017,0.,0.017,0.008,0.,0.008,0.009,0.,0.009,0.009,0.,0.009,0.,0.,0.
97,0.018,0.,0.018,0.008,0.,0.008,0.009,0.,0.009,0.009,0.,0.009,0.,0.,0.
98,0.021,0.,0.021,0.008,0.,0.008,0.012,0.,0.012,0.012,0.,0.012,0.,0.,0.
99,0.018,0.,0.018,0.008,0.,0.008,0.009,0.,0.009,0.009,0.,0.009,0.,0.,0.
100,0.021,0.003,0.018,0.01,0.,0.01,0.011,0.003,0.007,0.011,0.003,0.007,0.,0.,0.
110,0.027,0.,0.027,0.016,0.,0.016,0.01,0.,0.01,0.01,0.,0.01,0.,0.,0.
120,0.026,0.,0.026,0.013,0.,0.013,0.012,0.,0.012,0.012,0.,0.012,0.001,0.,0.001
130,0.032,0.,0.032,0.018,0.,0.018,0.013,0.,0.013,0.013,0.,0.013,0.001,0.,0.001
140,0.036,0.,0.036,0.02,0.,0.02,0.015,0.,0.015,0.015,0.,0.015,0.001,0.,0.001
150,0.085,0.003,0.081,0.024,0.,0.024,0.061,0.003,0.057,0.061,0.003,0.057,0.002,0.,0.002
160,0.055,0.,0.055,0.028,0.,0.028,0.027,0.,0.027,0.027,0.,0.027,0.001,0.,0.001
170,0.055,0.,0.055,0.034,0.,0.034,0.02,0.,0.02,0.02,0.,0.02,0.001,0.,0.001
180,0.064,0.,0.064,0.042,0.,0.042,0.021,0.,0.021,0.021,0.,0.021,0.001,0.,0.001
190,0.134,0.,0.134,0.11,0.,0.11,0.023,0.,0.023,0.023,0.,0.023,0.001,0.,0.001
200,0.092,0.,0.092,0.05,0.,0.05,0.042,0.,0.042,0.042,0.,0.042,0.001,0.,0.001
210,0.09,0.,0.09,0.062,0.,0.062,0.027,0.,0.027,0.027,0.,0.027,0.002,0.,0.002
220,0.134,0.,0.134,0.104,0.,0.104,0.03,0.,0.03,0.03,0.,0.03,0.002,0.,0.002
230,0.108,0.,0.107,0.075,0.,0.074,0.031,0.,0.031,0.031,0.,0.031,0.002,0.,0.002
240,0.131,0.,0.131,0.082,0.,0.082,0.048,0.,0.048,0.048,0.,0.048,0.002,0.,0.002
250,0.132,0.,0.132,0.091,0.,0.091,0.04,0.,0.04,0.04,0.,0.04,0.001,0.,0.001
260,0.143,0.,0.142,0.102,0.,0.102,0.04,0.,0.039,0.04,0.,0.039,0.002,0.,0.001
270,0.157,0.,0.157,0.111,0.,0.111,0.045,0.,0.045,0.045,0.,0.045,0.008,0.,0.008
280,0.173,0.,0.173,0.128,0.,0.128,0.043,0.,0.043,0.043,0.,0.043,0.002,0.,0.002
290,0.193,0.,0.192,0.145,0.,0.144,0.047,0.,0.047,0.047,0.,0.047,0.002,0.,0.002
300,0.2,0.,0.199,0.153,0.,0.152,0.047,0.,0.047,0.047,0.,0.047,0.002,0.,0.002
310,0.221,0.001,0.22,0.167,0.,0.167,0.053,0.001,0.052,0.053,0.001,0.052,0.003,0.,0.003
320,0.237,0.,0.237,0.183,0.,0.183,0.053,0.,0.053,0.053,0.,0.053,0.003,0.,0.003
330,0.26,0.,0.259,0.204,0.,0.203,0.055,0.,0.055,0.055,0.,0.055,0.002,0.,0.002
340,0.281,0.,0.281,0.219,0.,0.219,0.061,0.,0.061,0.061,0.,0.061,0.003,0.,0.003
350,0.307,0.001,0.305,0.241,0.001,0.239,0.065,0.,0.065,0.065,0.,0.065,0.003,0.,0.003
360,0.32,0.,0.32,0.252,0.,0.252,0.067,0.,0.067,0.067,0.,0.067,0.003,0.,0.003
370,0.349,0.,0.349,0.278,0.,0.278,0.07,0.,0.07,0.07,0.,0.07,0.003,0.,0.003
380,0.392,0.,0.392,0.299,0.,0.299,0.091,0.,0.091,0.091,0.,0.091,0.003,0.,0.003
390,0.406,0.001,0.404,0.322,0.,0.322,0.083,0.001,0.081,0.083,0.001,0.081,0.003,0.,0.003
400,0.439,0.,0.438,0.359,0.,0.358,0.079,0.,0.079,0.079,0.,0.079,0.003,0.,0.003
500,0.756,0.,0.756,0.635,0.,0.635,0.12,0.,0.12,0.12,0.,0.12,0.005,0.,0.005
600,1.294,0.003,1.29,1.116,0.001,1.114,0.177,0.002,0.175,0.177,0.002,0.175,0.004,0.,0.004
700,1.929,0.006,1.922,1.69,0.004,1.685,0.237,0.001,0.235,0.237,0.001,0.235,0.006,0.,0.006
800,2.715,0.002,2.712,2.422,0.001,2.421,0.291,0.,0.29,0.291,0.,0.29,0.006,0.,0.006
900,3.832,0.008,3.823,3.472,0.008,3.463,0.359,0.,0.359,0.359,0.,0.359,0.007,0.,0.007
1000,5.106,0.005,5.098,4.66,0.003,4.654,0.445,0.002,0.443,0.445,0.002,0.443,0.009,0.,0.009