param-n,pattern-regression-linear-real,pattern-regression-linear-sys,pattern-regression-linear-user
1,0.,0.,0.
2,0.,0.,0.
3,0.,0.,0.
4,0.,0.,0.
5,0.,0.,0.
6,0.,0.,0.
7,0.,0.,0.
8,0.,0.,0.
9,0.,0.,0.
10,0.,0.,0.
11,0.,0.,0.
12,0.,0.,0.
13,0.,0.,0.
14,0.,0.,0.
15,0.,0.,0.
16,0.,0.,0.
17,0.,0.,0.
18,0.,0.,0.
19,0.,0.,0.
20,0.039,0.003,0.035
21,0.,0.,0.
22,0.,0.,0.
23,0.,0.,0.
24,0.,0.,0.
25,0.,0.,0.
26,0.,0.,0.
27,0.,0.,0.
28,0.,0.,0.
29,0.,0.,0.
30,0.,0.,0.
31,0.,0.,0.
32,0.,0.,0.
33,0.,0.,0.
34,0.,0.,0.
35,0.,0.,0.
36,0.,0.,0.
37,0.,0.,0.
38,0.,0.,0.
39,0.,0.,0.
40,0.,0.,0.
41,0.,0.,0.
42,0.,0.,0.
43,0.,0.,0.
44,0.,0.,0.
45,0.,0.,0.
46,0.,0.,0.
47,0.,0.,0.
48,0.001,0.,0.001
49,0.001,0.,0.001
50,0.001,0.,0.001
51,0.001,0.,0.001
52,0.001,0.,0.001
53,0.001,0.,0.001
54,0.001,0.,0.001
55,0.001,0.,0.001
56,0.002,0.002,0.
57,0.001,0.,0.
58,0.001,0.,0.001
59,0.001,0.,0.001
60,0.001,0.,0.001
61,0.001,0.,0.001
62,0.001,0.,0.001
63,0.001,0.,0.001
64,0.001,0.,0.001
65,0.001,0.,0.001
66,0.001,0.,0.001
67,0.001,0.,0.001
68,0.001,0.,0.001
69,0.001,0.,0.001
70,0.001,0.,0.001
71,0.001,0.,0.001
72,0.001,0.,0.001
73,0.001,0.,0.001
74,0.001,0.,0.001
75,0.001,0.,0.001
76,0.001,0.,0.001
77,0.001,0.,0.001
78,0.001,0.,0.001
79,0.001,0.,0.001
80,0.001,0.,0.001
81,0.001,0.,0.001
82,0.001,0.,0.001
83,0.001,0.,0.001
84,0.001,0.,0.001
85,0.001,0.,0.001
86,0.001,0.,0.001
87,0.001,0.,0.001
88,0.001,0.,0.001
89,0.001,0.,0.001
90,0.001,0.,0.001
91,0.001,0.,0.001
92,0.001,0.,0.001
93,0.001,0.,0.001
94,0.001,0.,0.001
95,0.001,0.,0.001
96,0.001,0.,0.001
97,0.002,0.,0.002
98,0.001,0.,0.001
99,0.001,0.,0.001
100,0.001,0.,0.001
101,0.002,0.,0.002
102,0.002,0.,0.002
103,0.002,0.,0.002
104,0.002,0.,0.002
105,0.002,0.,0.002
106,0.002,0.,0.002
107,0.002,0.,0.002
108,0.002,0.,0.002
109,0.002,0.,0.002
110,0.002,0.,0.002
111,0.002,0.,0.002
112,0.018,0.,0.018
113,0.002,0.,0.002
114,0.002,0.,0.002
115,0.002,0.,0.002
116,0.002,0.,0.002
117,0.002,0.,0.002
118,0.002,0.,0.002
119,0.002,0.,0.002
120,0.002,0.,0.002
121,0.002,0.,0.002
122,0.002,0.,0.002
123,0.002,0.,0.002
124,0.002,0.,0.002
125,0.002,0.,0.002
126,0.003,0.,0.003
127,0.002,0.,0.002
128,0.002,0.,0.002
129,0.002,0.,0.002
130,0.002,0.,0.002
131,0.002,0.,0.002
132,0.002,0.,0.002
133,0.002,0.,0.002
134,0.002,0.,0.002
135,0.002,0.,0.002
136,0.002,0.,0.002
137,0.002,0.,0.002
138,0.002,0.,0.002
139,0.002,0.,0.002
140,0.002,0.,0.002
141,0.002,0.,0.002
142,0.002,0.,0.002
143,0.002,0.,0.002
144,0.002,0.,0.002
145,0.002,0.,0.002
146,0.003,0.,0.003
147,0.002,0.,0.002
148,0.002,0.,0.002
149,0.002,0.,0.002
150,0.003,0.,0.003
151,0.002,0.,0.002
152,0.002,0.,0.002
153,0.003,0.,0.003
154,0.002,0.,0.002
155,0.003,0.,0.003
156,0.003,0.,0.003
157,0.003,0.,0.003
158,0.003,0.,0.003
159,0.003,0.,0.003
160,0.003,0.,0.003
161,0.013,0.,0.013
162,0.003,0.,0.003
163,0.003,0.,0.003
164,0.003,0.,0.003
165,0.003,0.,0.003
166,0.003,0.,0.003
167,0.003,0.,0.003
168,0.003,0.,0.003
169,0.003,0.,0.003
170,0.003,0.,0.003
171,0.004,0.,0.004
172,0.003,0.,0.003
173,0.003,0.,0.003
174,0.003,0.,0.003
175,0.003,0.,0.003
176,0.003,0.,0.003
177,0.003,0.,0.003
178,0.003,0.,0.003
179,0.003,0.,0.003
180,0.003,0.,0.003
181,0.018,0.,0.018
182,0.003,0.,0.003
183,0.003,0.,0.003
184,0.003,0.,0.003
185,0.003,0.,0.003
186,0.003,0.,0.003
187,0.003,0.,0.003
188,0.003,0.,0.003
189,0.003,0.,0.003
190,0.004,0.,0.004
191,0.003,0.,0.003
192,0.003,0.,0.003
193,0.003,0.,0.003
194,0.003,0.,0.003
195,0.003,0.,0.003
196,0.003,0.,0.003
197,0.003,0.,0.003
198,0.003,0.,0.003
199,0.004,0.,0.004
200,0.003,0.,0.003
201,0.003,0.002,0.001
202,0.003,0.,0.003
203,0.003,0.,0.003
204,0.003,0.,0.003
205,0.004,0.,0.004
206,0.004,0.,0.004
207,0.073,0.,0.073
208,0.004,0.,0.004
209,0.003,0.,0.003
210,0.004,0.,0.004
211,0.004,0.,0.004
212,0.004,0.,0.004
213,0.004,0.,0.004
214,0.004,0.,0.004
215,0.004,0.,0.004
216,0.004,0.,0.004
217,0.004,0.,0.004
218,0.004,0.,0.004
219,0.004,0.,0.004
220,0.004,0.,0.004
221,0.004,0.,0.004
222,0.004,0.,0.004
223,0.004,0.,0.004
224,0.004,0.,0.004
225,0.004,0.,0.004
226,0.004,0.,0.004
227,0.004,0.,0.004
228,0.004,0.,0.004
229,0.004,0.,0.004
230,0.004,0.,0.004
231,0.005,0.,0.005
232,0.004,0.,0.004
233,0.004,0.,0.004
234,0.004,0.,0.004
235,0.004,0.,0.004
236,0.004,0.,0.004
237,0.004,0.,0.004
238,0.004,0.,0.004
239,0.004,0.,0.004
240,0.004,0.,0.004
241,0.004,0.,0.004
242,0.004,0.,0.004
243,0.004,0.,0.004
244,0.004,0.,0.004
245,0.004,0.,0.004
246,0.005,0.,0.005
247,0.004,0.,0.004
248,0.004,0.,0.004
249,0.004,0.,0.004
250,0.004,0.,0.004
251,0.004,0.,0.004
252,0.004,0.,0.004
253,0.005,0.,0.005
254,0.004,0.,0.004
255,0.004,0.,0.004
256,0.004,0.,0.004
257,0.005,0.,0.005
258,0.004,0.,0.004
259,0.005,0.,0.005
260,0.005,0.,0.005
261,0.005,0.,0.005
262,0.005,0.,0.005
263,0.004,0.,0.004
264,0.005,0.,0.005
265,0.005,0.,0.005
266,0.005,0.,0.005
267,0.005,0.,0.005
268,0.005,0.,0.005
269,0.005,0.,0.005
270,0.005,0.,0.005
271,0.005,0.,0.005
272,0.005,0.,0.005
273,0.005,0.,0.005
274,0.005,0.,0.005
275,0.005,0.,0.005
276,0.005,0.,0.005
277,0.005,0.,0.005
278,0.005,0.,0.005
279,0.006,0.,0.006
280,0.005,0.,0.005
281,0.005,0.,0.005
282,0.005,0.,0.005
283,0.005,0.,0.005
284,0.005,0.,0.005
285,0.006,0.,0.006
286,0.005,0.,0.005
287,0.005,0.,0.005
288,0.005,0.,0.005
289,0.005,0.,0.005
290,0.005,0.,0.005
291,0.006,0.,0.006
292,0.005,0.,0.005
293,0.005,0.,0.005
294,0.005,0.,0.005
295,0.005,0.,0.005
296,0.006,0.,0.006
297,0.007,0.,0.007
298,0.005,0.,0.005
299,0.005,0.,0.005
300,0.005,0.,0.005
301,0.005,0.,0.005
302,0.005,0.,0.005
303,0.006,0.,0.006
304,0.005,0.,0.005
305,0.005,0.,0.005
306,0.005,0.,0.005
307,0.005,0.,0.005
308,0.005,0.,0.005
309,0.006,0.,0.006
310,0.005,0.,0.005
311,0.005,0.,0.005
312,0.005,0.,0.005
313,0.005,0.,0.005
314,0.006,0.,0.006
315,0.005,0.,0.005
316,0.006,0.,0.006
317,0.006,0.,0.006
318,0.006,0.,0.006
319,0.006,0.,0.006
320,0.006,0.,0.006
321,0.006,0.,0.006
322,0.006,0.,0.006
323,0.006,0.,0.006
324,0.006,0.,0.006
325,0.006,0.,0.006
326,0.006,0.,0.006
327,0.006,0.,0.006
328,0.006,0.,0.006
329,0.006,0.,0.006
330,0.006,0.,0.006
331,0.007,0.,0.007
332,0.006,0.,0.006
333,0.006,0.,0.006
334,0.006,0.,0.006
335,0.006,0.,0.006
336,0.006,0.,0.006
337,0.006,0.,0.006
338,0.006,0.,0.006
339,0.006,0.,0.006
340,0.006,0.,0.006
341,0.007,0.,0.007
342,0.006,0.,0.006
343,0.006,0.,0.006
344,0.006,0.,0.006
345,0.006,0.,0.006
346,0.006,0.,0.006
347,0.006,0.,0.006
348,0.006,0.,0.006
349,0.006,0.,0.006
350,0.006,0.,0.006
351,0.006,0.,0.006
352,0.006,0.,0.006
353,0.006,0.,0.006
354,0.006,0.,0.006
355,0.006,0.,0.006
356,0.006,0.,0.006
357,0.006,0.,0.006
358,0.006,0.,0.006
359,0.006,0.,0.006
360,0.006,0.,0.006
361,0.007,0.,0.007
362,0.006,0.,0.006
363,0.006,0.,0.006
364,0.006,0.,0.006
365,0.007,0.,0.007
366,0.007,0.,0.007
367,0.006,0.,0.006
368,0.007,0.,0.007
369,0.007,0.,0.007
370,0.007,0.,0.007
371,0.008,0.003,0.004
372,0.007,0.,0.007
373,0.007,0.,0.007
374,0.007,0.,0.007
375,0.007,0.,0.007
376,0.007,0.,0.007
377,0.007,0.,0.007
378,0.007,0.,0.007
379,0.007,0.,0.007
380,0.007,0.,0.007
381,0.007,0.,0.007
382,0.007,0.,0.007
383,0.007,0.,0.007
384,0.007,0.,0.007
385,0.007,0.,0.007
386,0.007,0.,0.007
387,0.007,0.,0.007
388,0.007,0.,0.007
389,0.007,0.,0.007
390,0.008,0.,0.008
391,0.007,0.,0.007
392,0.007,0.,0.007
393,0.007,0.,0.007
394,0.007,0.,0.007
395,0.007,0.,0.007
396,0.007,0.,0.007
397,0.007,0.,0.007
398,0.007,0.,0.007
399,0.007,0.,0.007
400,0.007,0.,0.007
401,0.007,0.,0.007
402,0.007,0.,0.007
403,0.007,0.,0.007
404,0.007,0.,0.007
405,0.007,0.,0.007
406,0.007,0.,0.007
407,0.007,0.,0.007
408,0.007,0.,0.007
409,0.007,0.,0.007
410,0.007,0.,0.007
411,0.007,0.,0.007
412,0.008,0.,0.008
413,0.007,0.,0.007
414,0.007,0.,0.007
415,0.007,0.,0.007
416,0.009,0.,0.009
417,0.008,0.,0.008
418,0.008,0.,0.008
419,0.008,0.,0.008
420,0.008,0.,0.008
421,0.008,0.,0.008
422,0.007,0.,0.007
423,0.008,0.,0.008
424,0.008,0.,0.008
425,0.009,0.,0.009
426,0.008,0.,0.008
427,0.008,0.,0.008
428,0.008,0.,0.008
429,0.008,0.,0.008
430,0.008,0.,0.008
431,0.008,0.,0.008
432,0.008,0.,0.008
433,0.009,0.,0.009
434,0.008,0.,0.008
435,0.008,0.,0.008
436,0.008,0.,0.008
437,0.008,0.,0.008
438,0.008,0.,0.008
439,0.008,0.,0.008
440,0.008,0.,0.008
441,0.009,0.,0.009
442,0.008,0.,0.008
443,0.008,0.,0.008
444,0.008,0.,0.008
445,0.009,0.,0.009
446,0.008,0.,0.008
447,0.008,0.,0.008
448,0.008,0.,0.008
449,0.009,0.,0.009
450,0.008,0.,0.008
451,0.008,0.,0.008
452,0.008,0.,0.008
453,0.009,0.,0.009
454,0.008,0.,0.008
455,0.008,0.,0.008
456,0.008,0.,0.008
457,0.009,0.,0.009
458,0.008,0.,0.008
459,0.008,0.,0.008
460,0.008,0.,0.008
461,0.009,0.,0.009
462,0.008,0.,0.008
463,0.008,0.,0.008
464,0.008,0.,0.008
465,0.009,0.,0.009
466,0.008,0.,0.008
467,0.009,0.,0.009
468,0.009,0.,0.009
469,0.009,0.,0.009
470,0.008,0.,0.008
471,0.008,0.,0.008
472,0.01,0.,0.01
473,0.008,0.,0.008
474,0.009,0.,0.009
475,0.009,0.,0.009
476,0.01,0.,0.01
477,0.009,0.,0.009
478,0.009,0.,0.009
479,0.009,0.,0.009
480,0.01,0.,0.01
481,0.009,0.,0.009
482,0.009,0.,0.009
483,0.009,0.,0.009
484,0.009,0.,0.009
485,0.009,0.,0.009
486,0.009,0.,0.009
487,0.01,0.,0.01
488,0.009,0.,0.009
489,0.009,0.,0.009
490,0.009,0.,0.009
491,0.01,0.,0.01
492,0.009,0.,0.009
493,0.009,0.,0.009
494,0.009,0.,0.009
495,0.009,0.001,0.007
496,0.009,0.,0.009
497,0.009,0.,0.009
498,0.01,0.,0.01
499,0.009,0.,0.009
500,0.009,0.,0.009
600,0.015,0.007,0.007
800,0.052,0.,0.052
1000,0.019,0.,0.019
1200,0.023,0.,0.023
1400,0.097,0.,0.097
1600,0.032,0.,0.032
1800,0.049,0.,0.049
2000,0.042,0.,0.042
2200,0.042,0.,0.042
2400,0.049,0.,0.049
2600,0.065,0.,0.065
2800,0.068,0.,0.068
3000,0.061,0.,0.061
3200,0.144,0.,0.144
3400,0.082,0.,0.082
3600,0.068,0.,0.068
3800,0.089,0.,0.089
4000,0.103,0.,0.103
4200,0.098,0.003,0.095
4400,0.092,0.,0.092
4600,0.094,0.,0.094
4800,0.11,0.003,0.106
5000,0.112,0.,0.112
5200,0.12,0.003,0.117
5400,0.142,0.,0.142
5600,0.129,0.,0.129
5800,0.124,0.,0.124
6000,0.121,0.,0.121
6200,0.125,0.,0.125
6400,0.143,0.,0.143
6600,0.148,0.,0.148
6800,0.146,0.,0.146
7000,0.15,0.,0.15
7200,0.148,0.,0.148
7400,0.149,0.,0.149
7600,0.153,0.,0.153
7800,0.164,0.,0.164
8000,0.168,0.,0.168
8200,0.174,0.,0.174
8400,0.183,0.,0.183
8600,0.19,0.,0.19
8800,0.201,0.,0.201
9000,0.211,0.,0.211
9200,0.217,0.003,0.214
9400,0.232,0.,0.232
9600,0.232,0.,0.231
9800,0.231,0.,0.231
10000,0.231,0.,0.231
10200,0.234,0.,0.234
10400,0.246,0.,0.246
10600,0.269,0.,0.269
10800,0.281,0.,0.281
11000,0.289,0.,0.289
11200,0.291,0.,0.291
11400,0.296,0.,0.296
11600,0.302,0.,0.302
11800,0.309,0.,0.308
12000,0.308,0.,0.308
12200,0.313,0.,0.313
12400,0.315,0.,0.315
12600,0.33,0.,0.33
12800,0.337,0.,0.337
13000,0.345,0.,0.345
13200,0.348,0.,0.348
13400,0.348,0.,0.348
13600,0.356,0.,0.356
13800,0.354,0.,0.354
14000,0.358,0.,0.358
14200,0.359,0.,0.359
14400,0.351,0.,0.351
14600,0.344,0.,0.344
14800,0.385,0.,0.385
15000,0.364,0.,0.364
15200,0.345,0.,0.345
15400,0.333,0.,0.333
15600,0.357,0.,0.357
15800,0.364,0.,0.364
16000,0.376,0.,0.376
16200,0.386,0.,0.386
16400,0.389,0.,0.389
16600,0.396,0.,0.396
16800,0.408,0.,0.408
17000,0.421,0.,0.421
17200,0.433,0.,0.433
17400,0.445,0.,0.445
17600,0.461,0.,0.461
17800,0.472,0.,0.472
18000,0.497,0.,0.497
18200,0.501,0.,0.5
18400,0.511,0.,0.511
18600,0.528,0.,0.528
18800,0.537,0.,0.537
19000,0.548,0.,0.548
19200,0.546,0.,0.546
19400,0.548,0.,0.548
19600,0.551,0.,0.551
19800,0.55,0.,0.55
20000,0.55,0.,0.55