param-n,abstract-regression-quadratic-real,abstract-regression-quadratic-sys,abstract-regression-quadratic-user,build-I-regression-linear-real,build-I-regression-linear-sys,build-I-regression-linear-user,build-admit-cast-regression-linear-real,build-admit-cast-regression-linear-sys,build-admit-cast-regression-linear-user,build-admit-regression-linear-real,build-admit-regression-linear-sys,build-admit-regression-linear-user,build-eval-thunk-regression-linear-real,build-eval-thunk-regression-linear-sys,build-eval-thunk-regression-linear-user,build-pf-cast-regression-linear-real,build-pf-cast-regression-linear-sys,build-pf-cast-regression-linear-user,build-thunk-regression-linear-real,build-thunk-regression-linear-sys,build-thunk-regression-linear-user,check-I-regression-linear-real,check-I-regression-linear-sys,check-I-regression-linear-user,check-admit-cast-regression-quadratic-real,check-admit-cast-regression-quadratic-sys,check-admit-cast-regression-quadratic-user,check-admit-regression-quadratic-real,check-admit-regression-quadratic-sys,check-admit-regression-quadratic-user,check-pf-cast-regression-quadratic-real,check-pf-cast-regression-quadratic-sys,check-pf-cast-regression-quadratic-user,close-abstract-regression-quadratic-real,close-abstract-regression-quadratic-sys,close-abstract-regression-quadratic-user,eval-thunk-regression-linear-real,eval-thunk-regression-linear-sys,eval-thunk-regression-linear-user,fast-rewrite-regression-quadratic-real,fast-rewrite-regression-quadratic-sys,fast-rewrite-regression-quadratic-user,refine-regression-quadratic-regression-linear-real,refine-regression-quadratic-regression-linear-sys,refine-regression-quadratic-regression-linear-user,type-I-regression-linear-real,type-I-regression-linear-sys,type-I-regression-linear-user,type-admit-cast-regression-quadratic-real,type-admit-cast-regression-quadratic-sys,type-admit-cast-regression-quadratic-user,type-admit-regression-quadratic-real,type-admit-regression-quadratic-sys,type-admit-regression-quadratic-user,type-pf-cast-regression-quadratic-real,type-pf-cast-regression-quadratic-sys,type-pf-cast-regression-quadratic-user
1,0.002,0.,0.001,0.,0.,0.,0.,0.,0.,0.,0.,0.,0.,0.,0.,0.,0.,0.,0.,0.,0.,0.,0.,0.,0.,0.,0.,0.,0.,0.,0.,0.,0.,0.,0.,0.,0.,0.,0.,0.001,0.,0.001,0.,0.,0.,0.,0.,0.,0.,0.,0.,0.,0.,0.,0.,0.,0.
2,0.002,0.,0.002,0.,0.,0.,0.,0.,0.,0.,0.,0.,0.,0.,0.,0.,0.,0.,0.,0.,0.,0.,0.,0.,0.,0.,0.,0.,0.,0.,0.,0.,0.,0.,0.,0.,0.,0.,0.,0.001,0.,0.001,0.,0.,0.,0.,0.,0.,0.,0.,0.,0.,0.,0.,0.,0.,0.
3,0.003,0.,0.003,0.,0.,0.,0.,0.,0.,0.,0.,0.,0.,0.,0.,0.,0.,0.,0.,0.,0.,0.,0.,0.,0.,0.,0.,0.,0.,0.,0.,0.,0.,0.,0.,0.,0.,0.,0.,0.002,0.,0.002,0.,0.,0.,0.,0.,0.,0.,0.,0.,0.,0.,0.,0.,0.,0.
4,0.004,0.,0.003,0.,0.,0.,0.,0.,0.,0.,0.,0.,0.001,0.,0.,0.,0.,0.,0.,0.,0.,0.,0.,0.,0.,0.,0.,0.,0.,0.,0.,0.,0.,0.,0.,0.,0.,0.,0.,0.003,0.,0.002,0.,0.,0.,0.,0.,0.,0.,0.,0.,0.,0.,0.,0.,0.,0.
5,0.004,0.002,0.001,0.,0.,0.,0.,0.,0.,0.,0.,0.,0.001,0.,0.001,0.,0.,0.,0.001,0.,0.001,0.,0.,0.,0.,0.,0.,0.,0.,0.,0.,0.,0.,0.,0.,0.,0.,0.,0.,0.003,0.002,0.001,0.,0.,0.,0.,0.,0.,0.,0.,0.,0.,0.,0.,0.,0.,0.
6,0.004,0.001,0.003,0.,0.,0.,0.,0.,0.,0.,0.,0.,0.001,0.,0.,0.,0.,0.,0.001,0.,0.,0.,0.,0.,0.,0.,0.,0.,0.,0.,0.,0.,0.,0.,0.,0.,0.,0.,0.,0.004,0.,0.003,0.,0.,0.,0.,0.,0.,0.,0.,0.,0.,0.,0.,0.,0.,0.
7,0.067,0.011,0.055,0.,0.,0.,0.,0.,0.,0.063,0.011,0.052,0.001,0.,0.001,0.,0.,0.,0.001,0.,0.001,0.,0.,0.,0.,0.,0.,0.,0.,0.,0.,0.,0.,0.,0.,0.,0.,0.,0.,0.067,0.011,0.055,0.,0.,0.,0.,0.,0.,0.,0.,0.,0.,0.,0.,0.,0.,0.
8,0.003,0.003,0.,0.,0.,0.,0.,0.,0.,0.,0.,0.,0.,0.,0.,0.,0.,0.,0.,0.,0.,0.,0.,0.,0.,0.,0.,0.,0.,0.,0.,0.,0.,0.,0.,0.,0.,0.,0.,0.003,0.003,0.,0.,0.,0.,0.,0.,0.,0.,0.,0.,0.,0.,0.,0.,0.,0.
9,0.004,0.,0.004,0.,0.,0.,0.,0.,0.,0.,0.,0.,0.,0.,0.,0.,0.,0.,0.,0.,0.,0.,0.,0.,0.,0.,0.,0.,0.,0.,0.,0.,0.,0.,0.,0.,0.,0.,0.,0.003,0.,0.003,0.,0.,0.,0.,0.,0.,0.,0.,0.,0.,0.,0.,0.,0.,0.
10,0.004,0.,0.004,0.,0.,0.,0.,0.,0.,0.,0.,0.,0.001,0.,0.001,0.,0.,0.,0.,0.,0.,0.,0.,0.,0.,0.,0.,0.,0.,0.,0.,0.,0.,0.,0.,0.,0.,0.,0.,0.003,0.,0.003,0.,0.,0.,0.,0.,0.,0.,0.,0.,0.,0.,0.,0.,0.,0.
11,0.004,0.,0.004,0.,0.,0.,0.,0.,0.,0.,0.,0.,0.001,0.,0.001,0.,0.,0.,0.001,0.,0.001,0.,0.,0.,0.,0.,0.,0.,0.,0.,0.,0.,0.,0.,0.,0.,0.,0.,0.,0.004,0.,0.004,0.,0.,0.,0.,0.,0.,0.,0.,0.,0.,0.,0.,0.,0.,0.
12,0.005,0.,0.005,0.,0.,0.,0.,0.,0.,0.,0.,0.,0.001,0.,0.001,0.,0.,0.,0.001,0.,0.001,0.,0.,0.,0.,0.,0.,0.,0.,0.,0.,0.,0.,0.,0.,0.,0.,0.,0.,0.004,0.,0.004,0.,0.,0.,0.,0.,0.,0.,0.,0.,0.,0.,0.,0.,0.,0.
13,0.005,0.,0.005,0.,0.,0.,0.,0.,0.,0.,0.,0.,0.001,0.,0.001,0.,0.,0.,0.001,0.,0.001,0.,0.,0.,0.,0.,0.,0.,0.,0.,0.,0.,0.,0.,0.,0.,0.,0.,0.,0.004,0.,0.004,0.,0.,0.,0.,0.,0.,0.,0.,0.,0.,0.,0.,0.,0.,0.
14,0.005,0.,0.005,0.,0.,0.,0.,0.,0.,0.,0.,0.,0.001,0.,0.001,0.,0.,0.,0.001,0.,0.001,0.,0.,0.,0.,0.,0.,0.,0.,0.,0.,0.,0.,0.,0.,0.,0.,0.,0.,0.005,0.,0.005,0.,0.,0.,0.,0.,0.,0.,0.,0.,0.,0.,0.,0.,0.,0.
15,0.006,0.,0.006,0.,0.,0.,0.,0.,0.,0.,0.,0.,0.001,0.,0.001,0.,0.,0.,0.001,0.,0.001,0.,0.,0.,0.,0.,0.,0.,0.,0.,0.,0.,0.,0.,0.,0.,0.,0.,0.,0.005,0.,0.005,0.,0.,0.,0.,0.,0.,0.,0.,0.,0.,0.,0.,0.,0.,0.
16,0.007,0.,0.007,0.,0.,0.,0.,0.,0.,0.,0.,0.,0.002,0.,0.002,0.,0.,0.,0.001,0.,0.001,0.,0.,0.,0.,0.,0.,0.,0.,0.,0.,0.,0.,0.,0.,0.,0.,0.,0.,0.006,0.,0.006,0.,0.,0.,0.,0.,0.,0.,0.,0.,0.,0.,0.,0.,0.,0.
17,0.008,0.,0.008,0.,0.,0.,0.,0.,0.,0.,0.,0.,0.001,0.,0.001,0.,0.,0.,0.001,0.,0.001,0.,0.,0.,0.002,0.,0.002,0.,0.,0.,0.,0.,0.,0.,0.,0.,0.,0.,0.,0.008,0.,0.008,0.,0.,0.,0.,0.,0.,0.,0.,0.,0.,0.,0.,0.,0.,0.
18,0.007,0.,0.007,0.,0.,0.,0.,0.,0.,0.,0.,0.,0.001,0.,0.001,0.,0.,0.,0.001,0.,0.001,0.,0.,0.,0.,0.,0.,0.,0.,0.,0.,0.,0.,0.,0.,0.,0.,0.,0.,0.006,0.,0.006,0.,0.,0.,0.,0.,0.,0.,0.,0.,0.,0.,0.,0.,0.,0.
19,0.007,0.,0.007,0.,0.,0.,0.,0.,0.,0.,0.,0.,0.001,0.,0.001,0.,0.,0.,0.001,0.,0.001,0.,0.,0.,0.,0.,0.,0.,0.,0.,0.,0.,0.,0.,0.,0.,0.,0.,0.,0.006,0.,0.006,0.,0.,0.,0.,0.,0.,0.,0.,0.,0.,0.,0.,0.,0.,0.
20,0.008,0.,0.008,0.,0.,0.,0.,0.,0.,0.,0.,0.,0.001,0.,0.001,0.,0.,0.,0.001,0.,0.001,0.,0.,0.,0.,0.,0.,0.,0.,0.,0.,0.,0.,0.,0.,0.,0.,0.,0.,0.007,0.,0.007,0.,0.,0.,0.,0.,0.,0.,0.,0.,0.,0.,0.,0.,0.,0.
21,0.008,0.,0.008,0.,0.,0.,0.,0.,0.,0.,0.,0.,0.002,0.,0.002,0.,0.,0.,0.001,0.,0.001,0.,0.,0.,0.,0.,0.,0.,0.,0.,0.,0.,0.,0.,0.,0.,0.,0.,0.,0.007,0.,0.007,0.,0.,0.,0.,0.,0.,0.,0.,0.,0.,0.,0.,0.,0.,0.
22,0.008,0.,0.008,0.,0.,0.,0.,0.,0.,0.,0.,0.,0.002,0.,0.002,0.,0.,0.,0.002,0.,0.002,0.,0.,0.,0.,0.,0.,0.,0.,0.,0.,0.,0.,0.,0.,0.,0.,0.,0.,0.007,0.,0.007,0.,0.,0.,0.,0.,0.,0.,0.,0.,0.,0.,0.,0.,0.,0.
23,0.009,0.,0.009,0.,0.,0.,0.,0.,0.,0.,0.,0.,0.002,0.,0.002,0.,0.,0.,0.002,0.,0.002,0.,0.,0.,0.,0.,0.,0.,0.,0.,0.,0.,0.,0.,0.,0.,0.,0.,0.,0.008,0.,0.008,0.,0.,0.,0.,0.,0.,0.,0.,0.,0.,0.,0.,0.,0.,0.
24,0.102,0.,0.102,0.,0.,0.,0.,0.,0.,0.,0.,0.,0.095,0.,0.094,0.,0.,0.,0.095,0.,0.094,0.,0.,0.,0.,0.,0.,0.,0.,0.,0.,0.,0.,0.,0.,0.,0.,0.,0.,0.101,0.,0.1,0.,0.,0.,0.,0.,0.,0.,0.,0.,0.,0.,0.,0.,0.,0.
25,0.009,0.,0.009,0.,0.,0.,0.,0.,0.,0.,0.,0.,0.002,0.,0.002,0.,0.,0.,0.002,0.,0.002,0.,0.,0.,0.,0.,0.,0.,0.,0.,0.,0.,0.,0.,0.,0.,0.,0.,0.,0.008,0.,0.008,0.,0.,0.,0.,0.,0.,0.,0.,0.,0.,0.,0.,0.,0.,0.
26,0.01,0.,0.01,0.,0.,0.,0.,0.,0.,0.,0.,0.,0.002,0.,0.002,0.,0.,0.,0.002,0.,0.002,0.,0.,0.,0.,0.,0.,0.,0.,0.,0.,0.,0.,0.,0.,0.,0.,0.,0.,0.008,0.,0.008,0.,0.,0.,0.,0.,0.,0.,0.,0.,0.,0.,0.,0.,0.,0.
27,0.01,0.,0.01,0.,0.,0.,0.,0.,0.,0.,0.,0.,0.002,0.,0.002,0.,0.,0.,0.002,0.,0.002,0.,0.,0.,0.,0.,0.,0.,0.,0.,0.,0.,0.,0.001,0.,0.001,0.,0.,0.,0.009,0.,0.009,0.,0.,0.,0.,0.,0.,0.,0.,0.,0.,0.,0.,0.,0.,0.
28,0.01,0.,0.01,0.,0.,0.,0.,0.,0.,0.,0.,0.,0.002,0.,0.002,0.,0.,0.,0.002,0.,0.002,0.,0.,0.,0.,0.,0.,0.,0.,0.,0.,0.,0.,0.001,0.,0.001,0.,0.,0.,0.009,0.,0.009,0.,0.,0.,0.,0.,0.,0.,0.,0.,0.,0.,0.,0.,0.,0.
29,0.013,0.,0.013,0.,0.,0.,0.,0.,0.,0.,0.,0.,0.003,0.,0.003,0.,0.,0.,0.003,0.,0.003,0.,0.,0.,0.,0.,0.,0.,0.,0.,0.,0.,0.,0.001,0.,0.001,0.,0.,0.,0.011,0.,0.011,0.,0.,0.,0.,0.,0.,0.,0.,0.,0.,0.,0.,0.,0.,0.
30,0.012,0.,0.012,0.,0.,0.,0.,0.,0.,0.,0.,0.,0.003,0.,0.003,0.,0.,0.,0.003,0.,0.003,0.,0.,0.,0.,0.,0.,0.,0.,0.,0.,0.,0.,0.001,0.,0.001,0.,0.,0.,0.011,0.,0.011,0.,0.,0.,0.,0.,0.,0.,0.,0.,0.,0.,0.,0.,0.,0.
31,0.012,0.,0.012,0.,0.,0.,0.,0.,0.,0.,0.,0.,0.002,0.,0.002,0.,0.,0.,0.002,0.,0.002,0.,0.,0.,0.,0.,0.,0.,0.,0.,0.,0.,0.,0.001,0.,0.001,0.,0.,0.,0.01,0.,0.01,0.,0.,0.,0.,0.,0.,0.,0.,0.,0.,0.,0.,0.,0.,0.
32,0.012,0.,0.012,0.,0.,0.,0.,0.,0.,0.,0.,0.,0.002,0.,0.002,0.,0.,0.,0.002,0.,0.002,0.,0.,0.,0.,0.,0.,0.,0.,0.,0.,0.,0.,0.001,0.,0.001,0.,0.,0.,0.011,0.,0.011,0.,0.,0.,0.,0.,0.,0.,0.,0.,0.,0.,0.,0.,0.,0.
33,0.039,0.,0.039,0.,0.,0.,0.,0.,0.,0.,0.,0.,0.003,0.,0.003,0.,0.,0.,0.003,0.,0.003,0.,0.,0.,0.026,0.,0.026,0.,0.,0.,0.,0.,0.,0.001,0.,0.001,0.,0.,0.,0.037,0.,0.037,0.,0.,0.,0.,0.,0.,0.,0.,0.,0.,0.,0.,0.,0.,0.
34,0.015,0.,0.015,0.,0.,0.,0.,0.,0.,0.,0.,0.,0.004,0.,0.004,0.,0.,0.,0.004,0.,0.004,0.,0.,0.,0.,0.,0.,0.,0.,0.,0.,0.,0.,0.001,0.,0.001,0.,0.,0.,0.013,0.,0.013,0.,0.,0.,0.,0.,0.,0.,0.,0.,0.,0.,0.,0.,0.,0.
35,0.013,0.,0.013,0.,0.,0.,0.,0.,0.,0.,0.,0.,0.003,0.,0.003,0.,0.,0.,0.003,0.,0.003,0.,0.,0.,0.,0.,0.,0.,0.,0.,0.,0.,0.,0.001,0.,0.001,0.,0.,0.,0.012,0.,0.012,0.,0.,0.,0.,0.,0.,0.,0.,0.,0.,0.,0.,0.,0.,0.
36,0.013,0.,0.014,0.,0.,0.,0.,0.,0.,0.,0.,0.,0.003,0.,0.003,0.,0.,0.,0.003,0.,0.003,0.,0.,0.,0.,0.,0.,0.,0.,0.,0.,0.,0.,0.001,0.,0.001,0.,0.,0.,0.012,0.,0.012,0.,0.,0.,0.,0.,0.,0.,0.,0.,0.,0.,0.,0.,0.,0.
37,0.015,0.,0.015,0.,0.,0.,0.,0.,0.,0.,0.,0.,0.003,0.,0.003,0.,0.,0.,0.003,0.,0.003,0.,0.,0.,0.001,0.,0.001,0.,0.,0.,0.,0.,0.,0.001,0.,0.001,0.,0.,0.,0.013,0.,0.013,0.,0.,0.,0.,0.,0.,0.,0.,0.,0.001,0.,0.001,0.,0.,0.
38,0.014,0.,0.014,0.,0.,0.,0.,0.,0.,0.,0.,0.,0.003,0.,0.003,0.,0.,0.,0.003,0.,0.003,0.,0.,0.,0.,0.,0.,0.,0.,0.,0.001,0.,0.001,0.001,0.,0.001,0.,0.,0.,0.013,0.,0.013,0.001,0.,0.001,0.,0.,0.,0.001,0.,0.001,0.,0.,0.,0.,0.,0.
39,0.015,0.,0.015,0.,0.,0.,0.,0.,0.,0.,0.,0.,0.003,0.,0.003,0.,0.,0.,0.003,0.,0.003,0.,0.,0.,0.001,0.,0.001,0.,0.,0.,0.001,0.,0.001,0.001,0.,0.001,0.,0.,0.,0.013,0.,0.013,0.001,0.,0.001,0.,0.,0.,0.001,0.,0.001,0.,0.,0.,0.,0.,0.
40,0.015,0.,0.015,0.,0.,0.,0.,0.,0.,0.,0.,0.,0.003,0.,0.003,0.,0.,0.,0.003,0.,0.003,0.,0.,0.,0.001,0.,0.001,0.,0.,0.,0.001,0.,0.001,0.001,0.,0.001,0.,0.,0.,0.013,0.,0.013,0.,0.,0.,0.,0.,0.,0.001,0.,0.001,0.,0.,0.,0.001,0.,0.001
41,0.016,0.,0.016,0.,0.,0.,0.,0.,0.,0.,0.,0.,0.003,0.,0.003,0.,0.,0.,0.003,0.,0.003,0.,0.,0.,0.001,0.,0.001,0.,0.,0.,0.001,0.,0.001,0.001,0.,0.001,0.,0.,0.,0.014,0.,0.014,0.001,0.,0.001,0.,0.,0.,0.001,0.,0.001,0.,0.,0.,0.001,0.,0.001
42,0.016,0.,0.016,0.,0.,0.,0.,0.,0.,0.,0.,0.,0.003,0.,0.003,0.,0.,0.,0.003,0.,0.003,0.,0.,0.,0.001,0.,0.001,0.001,0.,0.001,0.001,0.,0.001,0.001,0.,0.001,0.,0.,0.,0.014,0.,0.014,0.001,0.,0.001,0.,0.,0.,0.001,0.,0.001,0.001,0.,0.001,0.001,0.,0.001
43,0.017,0.,0.017,0.,0.,0.,0.,0.,0.,0.,0.,0.,0.003,0.,0.003,0.,0.,0.,0.003,0.,0.003,0.,0.,0.,0.001,0.,0.001,0.001,0.,0.001,0.001,0.,0.001,0.001,0.,0.001,0.,0.,0.,0.015,0.,0.015,0.001,0.,0.001,0.,0.,0.,0.001,0.,0.001,0.001,0.,0.001,0.001,0.,0.001
44,0.018,0.,0.018,0.,0.,0.,0.,0.,0.,0.,0.,0.,0.004,0.,0.004,0.,0.,0.,0.004,0.,0.004,0.001,0.,0.001,0.001,0.,0.001,0.001,0.,0.001,0.001,0.,0.001,0.001,0.,0.001,0.,0.,0.,0.016,0.,0.016,0.001,0.,0.001,0.,0.,0.,0.001,0.,0.001,0.001,0.,0.001,0.001,0.,0.001
45,0.017,0.,0.017,0.,0.,0.,0.,0.,0.,0.,0.,0.,0.004,0.,0.004,0.,0.,0.,0.004,0.,0.004,0.,0.,0.,0.001,0.,0.001,0.001,0.,0.001,0.001,0.,0.001,0.001,0.,0.001,0.,0.,0.,0.015,0.,0.015,0.001,0.,0.001,0.,0.,0.,0.001,0.,0.001,0.001,0.,0.001,0.001,0.,0.001
46,0.018,0.,0.018,0.,0.,0.,0.,0.,0.,0.,0.,0.,0.004,0.,0.004,0.,0.,0.,0.004,0.,0.004,0.,0.,0.,0.001,0.,0.001,0.001,0.,0.001,0.001,0.,0.001,0.001,0.,0.001,0.,0.,0.,0.015,0.,0.015,0.001,0.,0.001,0.,0.,0.,0.001,0.,0.001,0.001,0.,0.001,0.001,0.,0.001
47,0.031,0.,0.031,0.,0.,0.,0.,0.,0.,0.,0.,0.,0.004,0.,0.004,0.,0.,0.,0.004,0.,0.004,0.,0.,0.,0.001,0.,0.001,0.001,0.,0.001,0.001,0.,0.001,0.001,0.,0.001,0.,0.,0.,0.029,0.,0.029,0.001,0.,0.001,0.013,0.,0.013,0.001,0.,0.001,0.001,0.,0.001,0.001,0.,0.001
48,0.018,0.,0.018,0.,0.,0.,0.,0.,0.,0.,0.,0.,0.004,0.,0.004,0.,0.,0.,0.004,0.,0.004,0.,0.,0.,0.001,0.,0.001,0.001,0.,0.001,0.001,0.,0.001,0.001,0.,0.001,0.,0.,0.,0.016,0.,0.016,0.001,0.,0.001,0.,0.,0.,0.001,0.,0.001,0.001,0.,0.001,0.001,0.,0.001
49,0.019,0.,0.019,0.,0.,0.,0.,0.,0.,0.,0.,0.,0.004,0.,0.004,0.,0.,0.,0.004,0.,0.004,0.,0.,0.,0.001,0.,0.001,0.001,0.,0.001,0.001,0.,0.001,0.002,0.,0.002,0.,0.,0.,0.016,0.,0.016,0.001,0.,0.001,0.,0.,0.,0.001,0.,0.001,0.001,0.,0.001,0.001,0.,0.001
50,0.03,0.007,0.022,0.,0.,0.,0.,0.,0.,0.,0.,0.,0.008,0.004,0.004,0.,0.,0.,0.008,0.004,0.004,0.001,0.,0.001,0.001,0.,0.001,0.001,0.,0.001,0.001,0.,0.001,0.003,0.,0.003,0.,0.,0.,0.027,0.007,0.019,0.001,0.001,0.,0.001,0.,0.001,0.002,0.,0.002,0.001,0.,0.001,0.002,0.002,0.
51,0.02,0.,0.02,0.,0.,0.,0.,0.,0.,0.,0.,0.,0.005,0.,0.005,0.,0.,0.,0.005,0.,0.005,0.,0.,0.,0.001,0.,0.001,0.001,0.,0.001,0.001,0.,0.001,0.002,0.,0.002,0.,0.,0.,0.018,0.,0.018,0.001,0.,0.001,0.,0.,0.,0.001,0.,0.001,0.001,0.,0.001,0.001,0.,0.001
52,0.02,0.,0.02,0.,0.,0.,0.,0.,0.,0.,0.,0.,0.004,0.,0.004,0.,0.,0.,0.004,0.,0.004,0.,0.,0.,0.001,0.,0.001,0.001,0.,0.001,0.001,0.,0.001,0.002,0.,0.002,0.,0.,0.,0.017,0.,0.017,0.001,0.,0.001,0.,0.,0.,0.001,0.,0.001,0.001,0.,0.001,0.001,0.,0.001
53,0.036,0.,0.036,0.,0.,0.,0.,0.,0.,0.,0.,0.,0.004,0.,0.004,0.,0.,0.,0.004,0.,0.004,0.,0.,0.,0.001,0.,0.001,0.001,0.,0.001,0.001,0.,0.001,0.017,0.,0.017,0.,0.,0.,0.018,0.,0.018,0.001,0.,0.001,0.,0.,0.,0.001,0.,0.001,0.001,0.,0.001,0.001,0.,0.001
54,0.021,0.,0.021,0.,0.,0.,0.,0.,0.,0.,0.,0.,0.005,0.,0.005,0.,0.,0.,0.004,0.,0.004,0.001,0.,0.001,0.001,0.,0.001,0.001,0.,0.001,0.001,0.,0.001,0.002,0.,0.002,0.,0.,0.,0.018,0.,0.018,0.001,0.,0.001,0.,0.,0.,0.001,0.,0.001,0.001,0.,0.001,0.001,0.,0.001
55,0.022,0.,0.022,0.,0.,0.,0.,0.,0.,0.,0.,0.,0.005,0.,0.005,0.,0.,0.,0.004,0.,0.004,0.001,0.,0.001,0.001,0.,0.001,0.001,0.,0.001,0.001,0.,0.001,0.002,0.,0.002,0.,0.,0.,0.019,0.,0.019,0.001,0.,0.001,0.,0.,0.,0.001,0.,0.001,0.001,0.,0.001,0.001,0.,0.001
56,0.023,0.,0.023,0.,0.,0.,0.,0.,0.,0.,0.,0.,0.005,0.,0.005,0.,0.,0.,0.005,0.,0.005,0.001,0.,0.001,0.001,0.,0.001,0.001,0.,0.001,0.001,0.,0.001,0.002,0.,0.002,0.,0.,0.,0.02,0.,0.02,0.001,0.,0.001,0.001,0.,0.001,0.001,0.,0.001,0.002,0.,0.002,0.001,0.,0.001
57,0.022,0.,0.022,0.,0.,0.,0.,0.,0.,0.,0.,0.,0.005,0.,0.005,0.,0.,0.,0.005,0.,0.005,0.001,0.,0.001,0.001,0.,0.001,0.001,0.,0.001,0.001,0.,0.001,0.002,0.,0.002,0.,0.,0.,0.019,0.,0.019,0.001,0.,0.001,0.001,0.,0.001,0.001,0.,0.001,0.001,0.,0.001,0.001,0.,0.001
58,0.023,0.,0.023,0.,0.,0.,0.,0.,0.,0.,0.,0.,0.005,0.,0.005,0.,0.,0.,0.005,0.,0.005,0.001,0.,0.001,0.001,0.,0.001,0.001,0.,0.001,0.001,0.,0.001,0.002,0.,0.002,0.,0.,0.,0.02,0.,0.02,0.001,0.,0.001,0.001,0.,0.001,0.001,0.,0.001,0.001,0.,0.001,0.001,0.,0.001
59,0.023,0.,0.023,0.,0.,0.,0.,0.,0.,0.,0.,0.,0.005,0.,0.005,0.,0.,0.,0.005,0.,0.005,0.001,0.,0.001,0.001,0.,0.001,0.001,0.,0.001,0.001,0.,0.001,0.002,0.,0.002,0.,0.,0.,0.02,0.,0.02,0.001,0.,0.001,0.001,0.,0.001,0.001,0.,0.001,0.001,0.,0.001,0.001,0.,0.001
60,0.025,0.,0.025,0.,0.,0.,0.,0.,0.,0.,0.,0.,0.005,0.,0.005,0.,0.,0.,0.005,0.,0.005,0.001,0.,0.001,0.001,0.,0.001,0.001,0.,0.001,0.001,0.,0.001,0.002,0.,0.002,0.,0.,0.,0.022,0.,0.022,0.001,0.,0.001,0.001,0.,0.001,0.001,0.,0.001,0.001,0.,0.001,0.001,0.,0.001
61,0.122,0.,0.122,0.,0.,0.,0.,0.,0.,0.,0.,0.,0.103,0.,0.103,0.,0.,0.,0.103,0.,0.103,0.001,0.,0.001,0.001,0.,0.001,0.001,0.,0.001,0.001,0.,0.001,0.002,0.,0.002,0.,0.,0.,0.119,0.,0.119,0.001,0.,0.001,0.001,0.,0.001,0.001,0.,0.001,0.001,0.,0.001,0.001,0.,0.001
62,0.025,0.,0.025,0.,0.,0.,0.,0.,0.,0.,0.,0.,0.005,0.,0.005,0.,0.,0.,0.005,0.,0.005,0.001,0.,0.001,0.001,0.,0.001,0.001,0.,0.001,0.001,0.,0.001,0.002,0.,0.002,0.,0.,0.,0.021,0.,0.021,0.001,0.,0.001,0.001,0.,0.001,0.001,0.,0.001,0.001,0.,0.001,0.001,0.,0.001
63,0.026,0.,0.026,0.,0.,0.,0.001,0.,0.001,0.,0.,0.,0.005,0.,0.005,0.,0.,0.,0.005,0.,0.005,0.001,0.,0.001,0.001,0.,0.001,0.001,0.,0.001,0.001,0.,0.001,0.002,0.,0.002,0.,0.,0.,0.023,0.,0.023,0.001,0.,0.001,0.001,0.,0.001,0.001,0.,0.001,0.001,0.,0.001,0.001,0.,0.001
64,0.026,0.,0.026,0.,0.,0.,0.,0.,0.,0.,0.,0.,0.005,0.,0.005,0.,0.,0.,0.005,0.,0.005,0.001,0.,0.001,0.001,0.,0.001,0.001,0.,0.001,0.001,0.,0.001,0.002,0.,0.002,0.,0.,0.,0.022,0.,0.022,0.001,0.,0.001,0.001,0.,0.001,0.001,0.,0.001,0.001,0.,0.001,0.001,0.,0.001
65,0.053,0.,0.053,0.,0.,0.,0.,0.,0.,0.,0.,0.,0.006,0.,0.006,0.,0.,0.,0.005,0.,0.005,0.001,0.,0.001,0.001,0.,0.001,0.001,0.,0.001,0.028,0.,0.028,0.002,0.,0.002,0.,0.,0.,0.049,0.,0.049,0.001,0.,0.001,0.001,0.,0.001,0.001,0.,0.001,0.001,0.,0.001,0.001,0.,0.001
66,0.026,0.,0.026,0.,0.,0.,0.,0.,0.,0.,0.,0.,0.006,0.,0.006,0.,0.,0.,0.005,0.,0.005,0.001,0.,0.001,0.001,0.,0.001,0.001,0.,0.001,0.001,0.,0.001,0.003,0.,0.003,0.,0.,0.,0.023,0.,0.023,0.001,0.,0.001,0.001,0.,0.001,0.001,0.,0.001,0.001,0.,0.001,0.001,0.,0.001
67,0.028,0.003,0.024,0.,0.,0.,0.,0.,0.,0.,0.,0.,0.006,0.003,0.002,0.,0.,0.,0.006,0.003,0.002,0.001,0.,0.001,0.001,0.,0.001,0.001,0.,0.001,0.001,0.,0.001,0.002,0.,0.002,0.,0.,0.,0.025,0.003,0.021,0.002,0.,0.002,0.001,0.,0.001,0.001,0.,0.001,0.001,0.,0.001,0.001,0.,0.001
68,0.027,0.,0.027,0.,0.,0.,0.,0.,0.,0.,0.,0.,0.006,0.,0.006,0.,0.,0.,0.006,0.,0.006,0.001,0.,0.001,0.001,0.,0.001,0.001,0.,0.001,0.001,0.,0.001,0.003,0.,0.003,0.,0.,0.,0.024,0.,0.024,0.002,0.,0.002,0.001,0.,0.001,0.001,0.,0.001,0.001,0.,0.001,0.001,0.,0.001
69,0.028,0.,0.028,0.,0.,0.,0.,0.,0.,0.,0.,0.,0.006,0.,0.006,0.,0.,0.,0.006,0.,0.006,0.001,0.,0.001,0.002,0.,0.002,0.001,0.,0.001,0.002,0.,0.002,0.003,0.,0.003,0.,0.,0.,0.024,0.,0.024,0.002,0.,0.002,0.001,0.,0.001,0.001,0.,0.001,0.001,0.,0.001,0.001,0.,0.001
70,0.028,0.,0.028,0.,0.,0.,0.,0.,0.,0.,0.,0.,0.006,0.,0.006,0.,0.,0.,0.006,0.,0.006,0.001,0.,0.001,0.002,0.,0.002,0.001,0.,0.001,0.002,0.,0.002,0.003,0.,0.003,0.,0.,0.,0.025,0.,0.025,0.002,0.,0.002,0.001,0.,0.001,0.002,0.,0.002,0.001,0.,0.001,0.001,0.,0.001
71,0.03,0.,0.03,0.,0.,0.,0.,0.,0.,0.,0.,0.,0.006,0.,0.006,0.,0.,0.,0.006,0.,0.006,0.001,0.,0.001,0.002,0.,0.002,0.001,0.,0.001,0.002,0.,0.002,0.003,0.,0.003,0.,0.,0.,0.027,0.,0.027,0.003,0.,0.003,0.001,0.,0.001,0.002,0.,0.002,0.001,0.,0.001,0.002,0.,0.002
72,0.029,0.,0.029,0.,0.,0.,0.,0.,0.,0.,0.,0.,0.006,0.,0.006,0.,0.,0.,0.006,0.,0.006,0.001,0.,0.001,0.002,0.,0.002,0.001,0.,0.001,0.002,0.,0.002,0.003,0.,0.003,0.,0.,0.,0.025,0.,0.025,0.002,0.,0.002,0.001,0.,0.001,0.002,0.,0.002,0.001,0.,0.001,0.002,0.,0.002
73,0.03,0.,0.03,0.,0.,0.,0.,0.,0.,0.,0.,0.,0.006,0.,0.006,0.,0.,0.,0.006,0.,0.006,0.001,0.,0.001,0.002,0.,0.002,0.001,0.,0.001,0.002,0.,0.002,0.003,0.,0.003,0.,0.,0.,0.026,0.,0.026,0.002,0.,0.002,0.001,0.,0.001,0.002,0.,0.002,0.001,0.,0.001,0.002,0.,0.002
74,0.031,0.,0.031,0.,0.,0.,0.,0.,0.,0.,0.,0.,0.006,0.,0.006,0.,0.,0.,0.006,0.,0.006,0.001,0.,0.001,0.002,0.,0.002,0.002,0.,0.002,0.002,0.,0.002,0.003,0.,0.003,0.,0.,0.,0.027,0.,0.027,0.002,0.,0.002,0.001,0.,0.001,0.002,0.,0.002,0.002,0.,0.002,0.002,0.,0.002
75,0.032,0.,0.032,0.,0.,0.,0.,0.,0.,0.,0.,0.,0.006,0.,0.006,0.001,0.,0.001,0.006,0.,0.006,0.001,0.,0.001,0.002,0.,0.002,0.002,0.,0.002,0.002,0.,0.002,0.003,0.,0.003,0.,0.,0.,0.028,0.,0.028,0.002,0.,0.002,0.001,0.,0.001,0.002,0.,0.002,0.002,0.,0.002,0.002,0.,0.002
76,0.032,0.,0.032,0.,0.,0.,0.,0.,0.,0.,0.,0.,0.006,0.,0.006,0.,0.,0.,0.006,0.,0.006,0.001,0.,0.001,0.002,0.,0.002,0.002,0.,0.002,0.002,0.,0.002,0.003,0.,0.003,0.,0.,0.,0.027,0.,0.027,0.002,0.,0.002,0.001,0.,0.001,0.002,0.,0.002,0.002,0.,0.002,0.002,0.,0.002
77,0.033,0.,0.033,0.,0.,0.,0.,0.,0.,0.,0.,0.,0.007,0.,0.007,0.,0.,0.,0.006,0.,0.006,0.001,0.,0.001,0.002,0.,0.002,0.002,0.,0.002,0.002,0.,0.002,0.003,0.,0.003,0.,0.,0.,0.028,0.,0.028,0.002,0.,0.002,0.001,0.,0.001,0.002,0.,0.002,0.002,0.,0.002,0.002,0.,0.002
78,0.033,0.,0.033,0.,0.,0.,0.,0.,0.,0.,0.,0.,0.007,0.,0.007,0.,0.,0.,0.006,0.,0.006,0.001,0.,0.001,0.002,0.,0.002,0.002,0.,0.002,0.002,0.,0.002,0.003,0.,0.003,0.,0.,0.,0.028,0.,0.028,0.002,0.,0.002,0.001,0.,0.001,0.002,0.,0.002,0.002,0.,0.002,0.002,0.,0.002
79,0.034,0.,0.034,0.,0.,0.,0.,0.,0.,0.,0.,0.,0.007,0.,0.007,0.,0.,0.,0.007,0.,0.007,0.002,0.,0.002,0.002,0.,0.002,0.002,0.,0.002,0.002,0.,0.002,0.003,0.,0.003,0.,0.,0.,0.029,0.,0.029,0.002,0.,0.002,0.001,0.,0.001,0.002,0.,0.002,0.002,0.,0.002,0.002,0.,0.002
80,0.034,0.,0.034,0.,0.,0.,0.,0.,0.,0.,0.,0.,0.007,0.,0.007,0.,0.,0.,0.007,0.,0.007,0.001,0.,0.001,0.002,0.,0.002,0.002,0.,0.002,0.002,0.,0.002,0.003,0.,0.003,0.,0.,0.,0.029,0.,0.029,0.002,0.,0.002,0.001,0.,0.001,0.002,0.,0.002,0.002,0.,0.002,0.002,0.,0.002
81,0.034,0.,0.034,0.,0.,0.,0.,0.,0.,0.,0.,0.,0.007,0.,0.007,0.,0.,0.,0.007,0.,0.007,0.001,0.,0.001,0.002,0.,0.002,0.002,0.,0.002,0.002,0.,0.002,0.003,0.,0.003,0.,0.,0.,0.03,0.,0.03,0.002,0.,0.002,0.001,0.,0.001,0.002,0.,0.002,0.002,0.,0.002,0.002,0.,0.002
82,0.036,0.,0.036,0.,0.,0.,0.,0.,0.,0.,0.,0.,0.007,0.,0.007,0.,0.,0.,0.007,0.,0.007,0.001,0.,0.001,0.002,0.,0.002,0.002,0.,0.002,0.002,0.,0.002,0.003,0.,0.003,0.,0.,0.,0.031,0.,0.031,0.002,0.,0.002,0.001,0.,0.001,0.002,0.,0.002,0.002,0.,0.002,0.003,0.,0.003
83,0.035,0.,0.035,0.,0.,0.,0.,0.,0.,0.,0.,0.,0.007,0.,0.007,0.,0.,0.,0.007,0.,0.007,0.001,0.,0.001,0.002,0.,0.002,0.002,0.,0.002,0.002,0.,0.002,0.004,0.,0.004,0.,0.,0.,0.03,0.,0.03,0.002,0.,0.002,0.001,0.,0.001,0.002,0.,0.002,0.002,0.,0.002,0.002,0.,0.002
84,0.038,0.,0.038,0.,0.,0.,0.,0.,0.,0.,0.,0.,0.008,0.,0.008,0.,0.,0.,0.008,0.,0.008,0.001,0.,0.001,0.002,0.,0.002,0.002,0.,0.002,0.002,0.,0.002,0.004,0.,0.004,0.,0.,0.,0.033,0.,0.033,0.002,0.,0.002,0.001,0.,0.001,0.002,0.,0.002,0.003,0.,0.003,0.002,0.,0.002
85,0.036,0.,0.036,0.,0.,0.,0.,0.,0.,0.,0.,0.,0.007,0.,0.007,0.,0.,0.,0.007,0.,0.007,0.001,0.,0.001,0.002,0.,0.002,0.002,0.,0.002,0.002,0.,0.002,0.004,0.,0.004,0.,0.,0.,0.031,0.,0.031,0.002,0.,0.002,0.001,0.,0.001,0.002,0.,0.002,0.002,0.,0.002,0.002,0.,0.002
86,0.038,0.003,0.034,0.,0.,0.,0.,0.,0.,0.,0.,0.,0.009,0.003,0.005,0.,0.,0.,0.009,0.003,0.005,0.001,0.,0.001,0.002,0.,0.002,0.002,0.,0.002,0.002,0.,0.002,0.004,0.,0.004,0.,0.,0.,0.033,0.003,0.029,0.002,0.,0.002,0.001,0.,0.001,0.002,0.,0.002,0.002,0.,0.002,0.002,0.,0.002
87,0.037,0.003,0.033,0.,0.,0.,0.,0.,0.,0.,0.,0.,0.007,0.,0.007,0.,0.,0.,0.007,0.,0.007,0.001,0.,0.001,0.002,0.002,0.,0.002,0.,0.002,0.002,0.,0.002,0.004,0.,0.004,0.,0.,0.,0.032,0.003,0.028,0.002,0.,0.002,0.001,0.,0.001,0.002,0.,0.002,0.002,0.,0.002,0.002,0.,0.002
88,0.038,0.,0.038,0.,0.,0.,0.,0.,0.,0.,0.,0.,0.007,0.,0.007,0.,0.,0.,0.007,0.,0.007,0.001,0.,0.001,0.002,0.,0.002,0.002,0.,0.002,0.002,0.,0.002,0.004,0.,0.004,0.,0.,0.,0.033,0.,0.033,0.002,0.,0.002,0.001,0.,0.001,0.002,0.,0.002,0.002,0.,0.002,0.002,0.,0.002
89,0.039,0.,0.039,0.,0.,0.,0.,0.,0.,0.,0.,0.,0.008,0.,0.008,0.,0.,0.,0.007,0.,0.007,0.001,0.,0.001,0.002,0.,0.002,0.002,0.,0.002,0.002,0.,0.002,0.004,0.,0.004,0.,0.,0.,0.034,0.,0.034,0.002,0.,0.002,0.002,0.,0.002,0.002,0.,0.002,0.002,0.,0.002,0.002,0.,0.002
90,0.039,0.,0.039,0.,0.,0.,0.,0.,0.,0.,0.,0.,0.008,0.,0.008,0.,0.,0.,0.008,0.,0.008,0.001,0.,0.001,0.002,0.,0.002,0.002,0.,0.002,0.002,0.,0.002,0.005,0.,0.005,0.,0.,0.,0.033,0.,0.033,0.002,0.,0.002,0.001,0.,0.001,0.002,0.,0.002,0.002,0.,0.002,0.002,0.,0.002
91,0.039,0.,0.039,0.,0.,0.,0.,0.,0.,0.,0.,0.,0.008,0.,0.008,0.,0.,0.,0.008,0.,0.008,0.001,0.,0.001,0.002,0.,0.002,0.002,0.,0.002,0.002,0.,0.002,0.004,0.,0.004,0.,0.,0.,0.034,0.,0.034,0.002,0.,0.002,0.001,0.,0.001,0.002,0.,0.002,0.002,0.,0.002,0.002,0.,0.002
92,0.041,0.,0.041,0.,0.,0.,0.,0.,0.,0.,0.,0.,0.008,0.,0.008,0.,0.,0.,0.008,0.,0.008,0.001,0.,0.001,0.002,0.,0.002,0.003,0.,0.003,0.002,0.,0.002,0.004,0.,0.004,0.,0.,0.,0.035,0.,0.035,0.003,0.,0.003,0.001,0.,0.001,0.002,0.,0.002,0.002,0.,0.002,0.002,0.,0.002
93,0.041,0.003,0.037,0.,0.,0.,0.,0.,0.,0.,0.,0.,0.008,0.,0.008,0.,0.,0.,0.008,0.,0.008,0.001,0.,0.001,0.003,0.,0.002,0.002,0.001,0.001,0.002,0.,0.002,0.004,0.,0.004,0.,0.,0.,0.035,0.003,0.031,0.003,0.,0.003,0.001,0.001,0.,0.003,0.,0.003,0.002,0.,0.002,0.002,0.,0.002
94,0.041,0.,0.041,0.,0.,0.,0.,0.,0.,0.,0.,0.,0.008,0.,0.008,0.,0.,0.,0.008,0.,0.008,0.001,0.,0.001,0.003,0.,0.003,0.002,0.,0.002,0.003,0.,0.003,0.004,0.,0.004,0.,0.,0.,0.035,0.,0.035,0.003,0.,0.003,0.001,0.,0.001,0.003,0.,0.003,0.002,0.,0.002,0.003,0.,0.003
95,0.043,0.,0.043,0.,0.,0.,0.,0.,0.,0.,0.,0.,0.008,0.,0.008,0.,0.,0.,0.008,0.,0.008,0.001,0.,0.001,0.003,0.,0.003,0.004,0.,0.004,0.003,0.,0.003,0.004,0.,0.004,0.,0.,0.,0.037,0.,0.037,0.003,0.,0.003,0.001,0.,0.001,0.003,0.,0.003,0.002,0.,0.002,0.003,0.,0.003
96,0.043,0.,0.043,0.,0.,0.,0.,0.,0.,0.,0.,0.,0.008,0.,0.008,0.,0.,0.,0.008,0.,0.008,0.001,0.,0.001,0.003,0.,0.003,0.002,0.,0.002,0.003,0.,0.003,0.005,0.,0.005,0.,0.,0.,0.036,0.,0.036,0.003,0.,0.003,0.001,0.,0.001,0.003,0.,0.003,0.002,0.,0.002,0.003,0.,0.003
97,0.043,0.,0.043,0.,0.,0.,0.,0.,0.,0.,0.,0.,0.008,0.,0.008,0.,0.,0.,0.008,0.,0.008,0.001,0.,0.001,0.003,0.,0.003,0.002,0.,0.002,0.003,0.,0.003,0.005,0.,0.005,0.,0.,0.,0.037,0.,0.037,0.003,0.,0.003,0.001,0.,0.001,0.003,0.,0.003,0.002,0.,0.002,0.003,0.,0.003
98,0.045,0.,0.045,0.,0.,0.,0.,0.,0.,0.,0.,0.,0.009,0.,0.009,0.,0.,0.,0.009,0.,0.009,0.001,0.,0.001,0.003,0.,0.003,0.003,0.,0.003,0.003,0.,0.003,0.005,0.,0.005,0.,0.,0.,0.039,0.,0.039,0.003,0.,0.003,0.003,0.,0.003,0.003,0.,0.003,0.003,0.,0.003,0.003,0.,0.003
99,0.044,0.,0.044,0.,0.,0.,0.,0.,0.,0.,0.,0.,0.009,0.,0.009,0.,0.,0.,0.008,0.,0.008,0.001,0.,0.001,0.003,0.,0.003,0.003,0.,0.003,0.003,0.,0.003,0.005,0.,0.005,0.,0.,0.,0.038,0.,0.038,0.003,0.,0.003,0.001,0.,0.001,0.003,0.,0.003,0.003,0.,0.003,0.004,0.,0.004
100,0.106,0.016,0.09,0.001,0.001,0.,0.,0.,0.,0.,0.,0.,0.016,0.008,0.008,0.,0.,0.,0.016,0.008,0.008,0.002,0.002,0.,0.003,0.,0.003,0.003,0.,0.003,0.003,0.,0.003,0.005,0.,0.005,0.,0.,0.,0.101,0.015,0.084,0.003,0.,0.003,0.055,0.003,0.051,0.003,0.,0.003,0.003,0.,0.003,0.003,0.,0.003
110,0.05,0.,0.05,0.,0.,0.,0.,0.,0.,0.,0.,0.,0.009,0.,0.009,0.,0.,0.,0.009,0.,0.009,0.002,0.,0.002,0.003,0.,0.003,0.003,0.,0.003,0.003,0.,0.003,0.006,0.,0.006,0.,0.,0.,0.043,0.,0.043,0.003,0.,0.003,0.001,0.,0.001,0.003,0.,0.003,0.003,0.,0.003,0.003,0.,0.003
120,0.056,0.,0.056,0.,0.,0.,0.,0.,0.,0.,0.,0.,0.011,0.,0.011,0.,0.,0.,0.011,0.,0.011,0.002,0.,0.002,0.004,0.,0.004,0.003,0.,0.003,0.004,0.,0.004,0.006,0.,0.006,0.,0.,0.,0.049,0.,0.049,0.004,0.,0.004,0.002,0.,0.002,0.004,0.,0.004,0.003,0.,0.003,0.004,0.,0.004
130,0.063,0.,0.063,0.,0.,0.,0.,0.,0.,0.,0.,0.,0.012,0.,0.012,0.,0.,0.,0.012,0.,0.012,0.002,0.,0.002,0.004,0.,0.004,0.004,0.,0.004,0.004,0.,0.004,0.007,0.,0.007,0.,0.,0.,0.054,0.,0.054,0.004,0.,0.004,0.002,0.,0.002,0.004,0.,0.004,0.004,0.,0.004,0.004,0.,0.004
140,0.069,0.,0.069,0.,0.,0.,0.,0.,0.,0.,0.,0.,0.014,0.,0.014,0.,0.,0.,0.013,0.,0.013,0.002,0.,0.002,0.005,0.,0.005,0.004,0.,0.004,0.005,0.,0.005,0.008,0.,0.008,0.,0.,0.,0.059,0.,0.059,0.005,0.,0.005,0.002,0.,0.002,0.005,0.,0.005,0.004,0.,0.004,0.005,0.,0.005
150,0.076,0.,0.076,0.,0.,0.,0.,0.,0.,0.,0.,0.,0.013,0.,0.013,0.,0.,0.,0.013,0.,0.013,0.002,0.,0.002,0.005,0.,0.005,0.005,0.,0.005,0.005,0.,0.005,0.009,0.,0.009,0.,0.,0.,0.066,0.,0.066,0.005,0.,0.005,0.002,0.,0.002,0.005,0.,0.005,0.008,0.,0.008,0.005,0.,0.005
160,0.082,0.,0.082,0.001,0.,0.001,0.001,0.,0.001,0.001,0.,0.001,0.015,0.,0.015,0.001,0.,0.001,0.014,0.,0.014,0.002,0.,0.002,0.006,0.,0.006,0.006,0.,0.006,0.006,0.,0.006,0.011,0.,0.011,0.,0.,0.,0.07,0.,0.07,0.006,0.,0.006,0.002,0.,0.002,0.006,0.,0.006,0.006,0.,0.006,0.006,0.,0.006
170,0.089,0.,0.089,0.001,0.,0.001,0.001,0.,0.001,0.001,0.,0.001,0.016,0.,0.016,0.001,0.,0.001,0.016,0.,0.016,0.003,0.,0.003,0.006,0.,0.006,0.006,0.,0.006,0.006,0.,0.006,0.012,0.,0.012,0.,0.,0.,0.075,0.,0.075,0.007,0.,0.007,0.002,0.,0.002,0.007,0.,0.007,0.006,0.,0.006,0.006,0.,0.006
180,0.096,0.,0.096,0.001,0.,0.001,0.001,0.,0.001,0.001,0.,0.001,0.016,0.,0.016,0.003,0.,0.003,0.015,0.,0.015,0.003,0.,0.003,0.007,0.,0.007,0.007,0.,0.007,0.007,0.,0.007,0.013,0.,0.013,0.,0.,0.,0.082,0.,0.082,0.007,0.,0.007,0.003,0.,0.003,0.007,0.,0.007,0.007,0.,0.007,0.007,0.,0.007
190,0.104,0.,0.104,0.001,0.,0.001,0.001,0.,0.001,0.001,0.,0.001,0.017,0.,0.017,0.001,0.,0.001,0.016,0.,0.016,0.003,0.,0.003,0.008,0.,0.008,0.007,0.,0.007,0.008,0.,0.008,0.014,0.,0.014,0.,0.,0.,0.088,0.,0.088,0.008,0.,0.008,0.003,0.,0.003,0.008,0.,0.008,0.007,0.,0.007,0.008,0.,0.008
200,0.198,0.,0.197,0.001,0.,0.001,0.001,0.,0.001,0.001,0.,0.001,0.018,0.,0.018,0.001,0.,0.001,0.017,0.,0.017,0.091,0.,0.091,0.009,0.,0.009,0.008,0.,0.008,0.008,0.,0.008,0.015,0.,0.015,0.,0.,0.,0.182,0.,0.182,0.009,0.,0.009,0.003,0.,0.003,0.009,0.,0.009,0.008,0.,0.008,0.009,0.,0.009
210,0.119,0.,0.119,0.001,0.,0.001,0.001,0.,0.001,0.001,0.,0.001,0.02,0.,0.02,0.001,0.,0.001,0.019,0.,0.019,0.003,0.,0.003,0.009,0.,0.009,0.009,0.,0.009,0.009,0.,0.009,0.017,0.,0.017,0.,0.,0.,0.101,0.,0.101,0.009,0.,0.009,0.003,0.,0.003,0.009,0.,0.009,0.009,0.,0.009,0.01,0.,0.01
220,0.129,0.,0.129,0.001,0.,0.001,0.001,0.,0.001,0.004,0.,0.004,0.019,0.,0.019,0.001,0.,0.001,0.019,0.,0.019,0.004,0.,0.004,0.01,0.,0.01,0.01,0.,0.01,0.01,0.,0.01,0.018,0.,0.018,0.,0.,0.,0.109,0.,0.109,0.01,0.,0.01,0.003,0.,0.003,0.01,0.,0.01,0.009,0.,0.009,0.01,0.,0.01
230,0.139,0.,0.139,0.001,0.,0.001,0.001,0.,0.001,0.001,0.,0.001,0.021,0.,0.021,0.001,0.,0.001,0.021,0.,0.021,0.004,0.,0.004,0.011,0.,0.011,0.01,0.,0.01,0.011,0.,0.011,0.019,0.,0.019,0.,0.,0.,0.118,0.,0.118,0.011,0.,0.011,0.004,0.,0.004,0.014,0.,0.014,0.011,0.,0.011,0.011,0.,0.011
240,0.151,0.,0.15,0.001,0.,0.001,0.001,0.,0.001,0.001,0.,0.001,0.023,0.,0.023,0.001,0.,0.001,0.022,0.,0.022,0.004,0.,0.004,0.012,0.,0.012,0.011,0.,0.011,0.012,0.,0.012,0.021,0.,0.021,0.,0.,0.,0.128,0.,0.128,0.012,0.,0.012,0.004,0.,0.004,0.012,0.,0.012,0.011,0.,0.011,0.016,0.,0.016
250,0.174,0.,0.174,0.001,0.,0.001,0.001,0.,0.001,0.001,0.,0.001,0.023,0.,0.023,0.001,0.,0.001,0.023,0.,0.023,0.004,0.,0.004,0.035,0.,0.035,0.012,0.,0.012,0.013,0.,0.013,0.022,0.,0.022,0.,0.,0.,0.151,0.,0.151,0.013,0.,0.012,0.004,0.,0.004,0.012,0.,0.012,0.012,0.,0.012,0.013,0.,0.013
260,0.169,0.,0.169,0.001,0.,0.001,0.001,0.,0.001,0.001,0.,0.001,0.023,0.,0.023,0.001,0.,0.001,0.022,0.,0.022,0.006,0.,0.006,0.014,0.,0.014,0.013,0.,0.013,0.014,0.,0.014,0.024,0.,0.024,0.,0.,0.,0.144,0.,0.144,0.018,0.,0.018,0.004,0.,0.004,0.013,0.,0.013,0.013,0.,0.013,0.014,0.,0.014
270,0.178,0.,0.178,0.001,0.,0.001,0.001,0.,0.001,0.001,0.,0.001,0.024,0.,0.024,0.001,0.,0.001,0.023,0.,0.023,0.007,0.,0.007,0.014,0.,0.014,0.013,0.,0.013,0.014,0.,0.014,0.026,0.,0.026,0.,0.,0.,0.146,0.,0.146,0.015,0.,0.015,0.004,0.,0.004,0.015,0.,0.015,0.013,0.,0.013,0.014,0.,0.014
280,0.187,0.,0.187,0.001,0.,0.001,0.001,0.,0.001,0.001,0.,0.001,0.025,0.,0.025,0.001,0.,0.001,0.024,0.,0.024,0.007,0.,0.007,0.015,0.,0.015,0.014,0.,0.014,0.015,0.,0.015,0.027,0.,0.027,0.,0.,0.,0.158,0.,0.158,0.02,0.,0.02,0.005,0.,0.005,0.015,0.,0.015,0.014,0.,0.014,0.015,0.,0.015
290,0.196,0.,0.196,0.001,0.,0.001,0.001,0.,0.001,0.001,0.,0.001,0.028,0.,0.028,0.001,0.,0.001,0.028,0.,0.028,0.005,0.,0.005,0.016,0.,0.016,0.015,0.,0.015,0.016,0.,0.016,0.029,0.,0.029,0.,0.,0.,0.165,0.,0.165,0.016,0.,0.016,0.005,0.,0.005,0.016,0.,0.016,0.015,0.,0.015,0.021,0.,0.021
300,0.203,0.001,0.201,0.001,0.,0.001,0.001,0.,0.001,0.002,0.,0.001,0.028,0.001,0.027,0.001,0.,0.001,0.028,0.001,0.027,0.005,0.,0.005,0.017,0.,0.017,0.016,0.,0.016,0.017,0.,0.017,0.034,0.,0.034,0.,0.,0.,0.169,0.001,0.167,0.017,0.,0.017,0.005,0.,0.005,0.017,0.,0.017,0.016,0.,0.016,0.017,0.,0.016
310,0.219,0.,0.219,0.002,0.,0.002,0.002,0.,0.002,0.002,0.,0.002,0.03,0.,0.03,0.002,0.,0.002,0.03,0.,0.03,0.005,0.,0.005,0.018,0.,0.018,0.017,0.,0.017,0.018,0.,0.018,0.033,0.,0.033,0.,0.,0.,0.184,0.,0.184,0.018,0.,0.018,0.005,0.,0.005,0.023,0.,0.023,0.017,0.,0.017,0.018,0.,0.018
320,0.231,0.,0.231,0.002,0.,0.002,0.002,0.,0.002,0.002,0.,0.002,0.031,0.,0.031,0.002,0.,0.002,0.031,0.,0.031,0.005,0.,0.005,0.019,0.,0.019,0.018,0.,0.018,0.019,0.,0.019,0.038,0.,0.038,0.,0.,0.,0.192,0.,0.192,0.019,0.,0.019,0.005,0.,0.005,0.018,0.,0.018,0.023,0.,0.023,0.019,0.,0.019
330,0.237,0.,0.237,0.009,0.,0.009,0.002,0.,0.002,0.002,0.,0.002,0.029,0.,0.029,0.002,0.,0.002,0.029,0.,0.029,0.005,0.,0.005,0.019,0.,0.019,0.019,0.,0.019,0.022,0.,0.022,0.037,0.,0.037,0.,0.,0.,0.199,0.,0.199,0.02,0.,0.02,0.005,0.,0.005,0.02,0.,0.02,0.019,0.,0.019,0.019,0.,0.019
340,0.26,0.,0.26,0.002,0.,0.002,0.002,0.,0.002,0.002,0.,0.002,0.034,0.,0.034,0.002,0.,0.002,0.034,0.,0.034,0.006,0.,0.006,0.021,0.,0.021,0.02,0.,0.02,0.021,0.,0.021,0.049,0.,0.049,0.,0.,0.,0.209,0.,0.209,0.021,0.,0.021,0.005,0.,0.005,0.02,0.,0.02,0.025,0.,0.025,0.021,0.,0.021
350,0.269,0.,0.269,0.002,0.,0.002,0.002,0.,0.002,0.002,0.,0.002,0.031,0.,0.031,0.002,0.,0.002,0.031,0.,0.031,0.006,0.,0.006,0.022,0.,0.022,0.021,0.,0.021,0.022,0.,0.022,0.04,0.,0.04,0.,0.,0.,0.228,0.,0.228,0.022,0.,0.022,0.018,0.,0.018,0.022,0.,0.022,0.021,0.,0.021,0.027,0.,0.027
360,0.278,0.,0.278,0.002,0.,0.002,0.002,0.,0.002,0.002,0.,0.002,0.036,0.,0.036,0.002,0.,0.002,0.036,0.,0.036,0.006,0.,0.006,0.023,0.,0.023,0.022,0.,0.022,0.023,0.,0.023,0.046,0.,0.046,0.,0.,0.,0.23,0.,0.23,0.023,0.,0.023,0.006,0.,0.006,0.03,0.,0.03,0.022,0.,0.022,0.023,0.,0.023
370,0.285,0.,0.285,0.002,0.,0.002,0.002,0.,0.002,0.002,0.,0.002,0.033,0.,0.033,0.002,0.,0.002,0.032,0.,0.032,0.01,0.,0.01,0.025,0.,0.025,0.024,0.,0.024,0.03,0.,0.03,0.045,0.,0.045,0.,0.,0.,0.238,0.,0.238,0.024,0.,0.024,0.006,0.,0.006,0.024,0.,0.024,0.024,0.,0.024,0.024,0.,0.024
380,0.309,0.,0.309,0.002,0.,0.002,0.002,0.,0.002,0.002,0.,0.002,0.042,0.,0.042,0.002,0.,0.002,0.041,0.,0.041,0.006,0.,0.006,0.026,0.,0.026,0.024,0.,0.024,0.026,0.,0.026,0.048,0.,0.048,0.,0.,0.,0.26,0.,0.26,0.026,0.,0.026,0.012,0.,0.012,0.025,0.,0.025,0.025,0.,0.025,0.034,0.,0.034
390,0.311,0.,0.31,0.002,0.,0.002,0.002,0.,0.002,0.009,0.,0.009,0.039,0.,0.039,0.002,0.,0.002,0.038,0.,0.038,0.007,0.,0.007,0.026,0.,0.026,0.025,0.,0.025,0.026,0.,0.026,0.05,0.,0.05,0.,0.,0.,0.259,0.,0.259,0.027,0.,0.027,0.006,0.,0.006,0.027,0.,0.027,0.025,0.,0.025,0.03,0.,0.03
400,0.329,0.003,0.325,0.002,0.,0.002,0.002,0.,0.002,0.002,0.,0.002,0.051,0.,0.051,0.002,0.,0.002,0.05,0.,0.05,0.007,0.,0.007,0.028,0.,0.028,0.032,0.003,0.029,0.028,0.,0.028,0.052,0.,0.052,0.,0.,0.,0.277,0.003,0.272,0.027,0.,0.027,0.007,0.,0.007,0.027,0.,0.027,0.027,0.,0.027,0.027,0.,0.027
500,0.469,0.,0.467,0.003,0.,0.003,0.003,0.,0.003,0.003,0.,0.003,0.05,0.,0.05,0.003,0.,0.003,0.049,0.,0.049,0.014,0.,0.014,0.05,0.,0.05,0.04,0.,0.04,0.042,0.,0.041,0.083,0.,0.083,0.,0.,0.,0.385,0.,0.383,0.04,0.,0.04,0.008,0.,0.008,0.041,0.,0.04,0.04,0.,0.04,0.041,0.,0.041
600,0.63,0.,0.63,0.003,0.,0.003,0.004,0.,0.004,0.003,0.,0.003,0.062,0.,0.062,0.004,0.,0.004,0.062,0.,0.062,0.01,0.,0.01,0.058,0.,0.058,0.055,0.,0.055,0.062,0.,0.062,0.118,0.,0.118,0.,0.,0.,0.51,0.,0.51,0.058,0.,0.058,0.01,0.,0.01,0.056,0.,0.056,0.063,0.,0.063,0.055,0.,0.055
700,0.819,0.003,0.815,0.004,0.,0.004,0.004,0.,0.004,0.004,0.,0.004,0.077,0.,0.077,0.004,0.,0.004,0.076,0.,0.076,0.012,0.,0.012,0.075,0.,0.075,0.078,0.,0.078,0.072,0.,0.072,0.156,0.,0.156,0.,0.,0.,0.662,0.003,0.658,0.081,0.003,0.077,0.012,0.,0.012,0.083,0.,0.083,0.073,0.,0.073,0.072,0.,0.072
800,1.005,0.008,0.997,0.005,0.,0.005,0.005,0.,0.005,0.005,0.,0.005,0.085,0.007,0.077,0.005,0.,0.005,0.084,0.007,0.076,0.014,0.,0.014,0.098,0.,0.097,0.091,0.,0.09,0.093,0.,0.092,0.199,0.,0.199,0.,0.,0.,0.805,0.008,0.797,0.097,0.,0.097,0.019,0.,0.019,0.096,0.,0.096,0.09,0.,0.09,0.097,0.,0.097
900,1.211,0.004,1.207,0.005,0.,0.005,0.005,0.,0.005,0.005,0.,0.005,0.086,0.,0.086,0.008,0.,0.008,0.085,0.,0.085,0.015,0.,0.015,0.115,0.,0.115,0.113,0.,0.113,0.115,0.,0.115,0.244,0.,0.244,0.,0.,0.,0.965,0.004,0.961,0.122,0.,0.122,0.015,0.,0.015,0.119,0.,0.119,0.118,0.003,0.114,0.115,0.,0.115
1000,1.449,0.008,1.441,0.006,0.,0.006,0.006,0.,0.006,0.006,0.,0.006,0.097,0.007,0.089,0.006,0.,0.006,0.096,0.007,0.088,0.02,0.,0.02,0.143,0.,0.143,0.143,0.,0.143,0.129,0.,0.129,0.303,0.,0.303,0.,0.,0.,1.144,0.008,1.136,0.14,0.,0.14,0.017,0.,0.017,0.14,0.,0.14,0.137,0.,0.137,0.146,0.,0.146
1100,1.749,0.003,1.745,0.006,0.,0.006,0.007,0.,0.007,0.007,0.,0.007,0.108,0.,0.108,0.007,0.,0.007,0.107,0.,0.107,0.019,0.,0.019,0.168,0.,0.168,0.165,0.,0.165,0.167,0.,0.167,0.362,0.,0.362,0.,0.,0.,1.385,0.003,1.381,0.177,0.,0.177,0.021,0.,0.021,0.179,0.,0.179,0.173,0.,0.173,0.175,0.003,0.171
1200,2.077,0.,2.076,0.007,0.,0.007,0.007,0.,0.007,0.007,0.,0.007,0.114,0.,0.114,0.012,0.,0.012,0.113,0.,0.113,0.025,0.,0.025,0.212,0.,0.212,0.21,0.,0.21,0.21,0.,0.21,0.428,0.,0.428,0.,0.,0.,1.647,0.,1.647,0.198,0.,0.198,0.02,0.,0.02,0.199,0.,0.199,0.206,0.,0.206,0.212,0.,0.212
1300,2.429,0.,2.429,0.008,0.,0.008,0.008,0.,0.008,0.008,0.,0.008,0.126,0.,0.126,0.008,0.,0.008,0.124,0.,0.124,0.029,0.,0.029,0.235,0.,0.235,0.243,0.,0.243,0.251,0.,0.251,0.51,0.,0.51,0.001,0.,0.001,1.917,0.,1.917,0.251,0.,0.251,0.022,0.,0.022,0.251,0.,0.25,0.231,0.,0.23,0.24,0.,0.24
1400,2.847,0.,2.847,0.009,0.,0.009,0.009,0.,0.009,0.009,0.,0.009,0.142,0.,0.142,0.009,0.,0.009,0.141,0.,0.141,0.03,0.,0.03,0.308,0.,0.308,0.278,0.,0.278,0.283,0.,0.283,0.581,0.,0.581,0.001,0.,0.001,2.264,0.,2.263,0.286,0.,0.286,0.024,0.,0.024,0.282,0.,0.282,0.308,0.,0.308,0.278,0.,0.278
1500,3.434,0.,3.433,0.009,0.,0.009,0.009,0.,0.009,0.009,0.,0.009,0.155,0.,0.155,0.009,0.,0.009,0.153,0.,0.153,0.026,0.,0.026,0.37,0.,0.37,0.372,0.,0.372,0.329,0.,0.329,0.656,0.,0.656,0.001,0.,0.001,2.776,0.,2.776,0.378,0.,0.378,0.031,0.,0.031,0.372,0.,0.372,0.365,0.,0.365,0.334,0.,0.334
1600,3.868,0.004,3.863,0.01,0.,0.01,0.01,0.,0.01,0.01,0.,0.01,0.156,0.,0.156,0.01,0.,0.01,0.155,0.,0.155,0.028,0.,0.028,0.386,0.,0.386,0.435,0.,0.435,0.392,0.003,0.388,0.749,0.,0.749,0.001,0.,0.001,3.116,0.003,3.112,0.44,0.,0.44,0.033,0.,0.033,0.385,0.,0.385,0.431,0.,0.431,0.382,0.,0.382
1700,4.482,0.004,4.477,0.011,0.,0.011,0.011,0.,0.011,0.011,0.,0.011,0.168,0.,0.168,0.014,0.,0.014,0.167,0.,0.167,0.029,0.,0.029,0.363,0.,0.363,0.461,0.,0.461,0.463,0.,0.463,0.833,0.004,0.829,0.001,0.,0.001,3.647,0.,3.646,0.468,0.,0.468,0.031,0.,0.031,0.534,0.,0.534,0.531,0.,0.531,0.545,0.,0.545
1800,5.349,0.,5.348,0.013,0.,0.013,0.011,0.,0.011,0.012,0.,0.011,0.175,0.,0.175,0.021,0.,0.021,0.173,0.,0.173,0.031,0.,0.031,0.575,0.,0.575,0.557,0.,0.557,0.559,0.,0.559,0.931,0.,0.931,0.001,0.,0.001,4.416,0.,4.415,0.652,0.,0.652,0.037,0.,0.037,0.558,0.,0.558,0.556,0.,0.556,0.65,0.,0.65
1900,6.159,0.,6.158,0.012,0.,0.012,0.012,0.,0.012,0.017,0.,0.017,0.184,0.,0.184,0.012,0.,0.012,0.183,0.,0.183,0.039,0.,0.039,0.769,0.,0.769,0.661,0.,0.661,0.772,0.,0.772,1.065,0.,1.065,0.001,0.,0.001,5.092,0.,5.091,0.448,0.,0.448,0.032,0.,0.032,0.671,0.,0.671,0.678,0.,0.678,0.776,0.,0.776
2000,7.328,0.,7.327,0.013,0.,0.013,0.013,0.,0.013,0.017,0.,0.017,0.209,0.,0.209,0.013,0.,0.013,0.208,0.,0.208,0.04,0.,0.04,0.782,0.,0.782,0.774,0.,0.774,0.788,0.,0.788,1.15,0.,1.149,0.001,0.,0.001,6.176,0.,6.175,0.789,0.,0.789,0.034,0.,0.034,0.895,0.,0.895,0.899,0.,0.899,0.903,0.,0.902
2500,13.507,0.004,13.498,0.016,0.,0.016,0.017,0.,0.017,0.016,0.,0.016,0.245,0.,0.245,0.016,0.,0.016,0.243,0.,0.243,0.045,0.,0.045,1.486,0.,1.486,1.705,0.,1.704,1.487,0.,1.487,1.796,0.,1.796,0.001,0.,0.001,11.708,0.004,11.7,1.713,0.003,1.709,0.048,0.,0.048,1.712,0.,1.712,1.711,0.,1.708,1.482,0.,1.482
3000,20.032,0.003,20.025,0.028,0.,0.028,0.019,0.,0.019,0.019,0.,0.019,0.292,0.,0.292,0.019,0.,0.019,0.289,0.,0.289,0.059,0.,0.059,2.701,0.,2.7,2.374,0.,2.373,2.709,0.,2.708,2.627,0.003,2.622,0.002,0.,0.002,17.402,0.,17.399,2.713,0.,2.713,0.058,0.,0.058,1.019,0.,1.019,2.674,0.,2.674,2.71,0.,2.71