param-n,abstract+autorewrite-regression-quadratic-real,abstract+autorewrite-regression-quadratic-sys,abstract+autorewrite-regression-quadratic-user,abstract+rewrite!-regression-quadratic-real,abstract+rewrite!-regression-quadratic-sys,abstract+rewrite!-regression-quadratic-user,autorewrite-noop-regression-linear-real,autorewrite-noop-regression-linear-sys,autorewrite-noop-regression-linear-user,autorewrite-regression-quadratic-real,autorewrite-regression-quadratic-sys,autorewrite-regression-quadratic-user,close-abstract+autorewrite-regression-quadratic-real,close-abstract+autorewrite-regression-quadratic-sys,close-abstract+autorewrite-regression-quadratic-user,close-abstract+rewrite!-regression-quadratic-real,close-abstract+rewrite!-regression-quadratic-sys,close-abstract+rewrite!-regression-quadratic-user,rewrite!-regression-quadratic-real,rewrite!-regression-quadratic-sys,rewrite!-regression-quadratic-user,rewrite?-noop-regression-linear-real,rewrite?-noop-regression-linear-sys,rewrite?-noop-regression-linear-user
1,0.001,0.,0.,0.,0.,0.,0.,0.,0.,0.,0.,0.,0.,0.,0.,0.,0.,0.,0.,0.,0.,0.,0.,0.
2,0.001,0.,0.001,0.001,0.,0.001,0.,0.,0.,0.,0.,0.,0.,0.,0.,0.,0.,0.,0.,0.,0.,0.,0.,0.
3,0.001,0.,0.001,0.001,0.,0.001,0.,0.,0.,0.001,0.,0.001,0.,0.,0.,0.,0.,0.,0.,0.,0.,0.,0.,0.
4,0.001,0.,0.001,0.001,0.,0.001,0.,0.,0.,0.001,0.,0.,0.,0.,0.,0.,0.,0.,0.,0.,0.,0.,0.,0.
5,0.002,0.,0.002,0.002,0.,0.002,0.,0.,0.,0.001,0.,0.001,0.,0.,0.,0.,0.,0.,0.001,0.,0.001,0.,0.,0.
6,0.002,0.,0.002,0.002,0.002,0.,0.,0.,0.,0.001,0.,0.001,0.,0.,0.,0.,0.,0.,0.001,0.001,0.,0.,0.,0.
7,0.003,0.,0.002,0.003,0.,0.002,0.,0.,0.,0.002,0.,0.002,0.,0.,0.,0.,0.,0.,0.001,0.,0.001,0.,0.,0.
8,0.003,0.002,0.,0.003,0.,0.003,0.,0.,0.,0.002,0.002,0.,0.,0.,0.,0.,0.,0.,0.002,0.,0.002,0.,0.,0.
9,0.004,0.,0.004,0.003,0.,0.003,0.001,0.,0.,0.002,0.,0.002,0.,0.,0.,0.,0.,0.,0.002,0.,0.002,0.,0.,0.
10,0.005,0.,0.004,0.004,0.004,0.,0.,0.,0.,0.004,0.,0.003,0.,0.,0.,0.,0.,0.,0.003,0.003,0.,0.,0.,0.
11,0.005,0.003,0.001,0.004,0.,0.004,0.,0.,0.,0.004,0.003,0.,0.,0.,0.,0.,0.,0.,0.003,0.,0.003,0.,0.,0.
12,0.005,0.,0.005,0.005,0.,0.005,0.,0.,0.,0.004,0.,0.004,0.001,0.,0.001,0.001,0.,0.001,0.003,0.,0.003,0.,0.,0.
13,0.045,0.007,0.037,0.045,0.,0.045,0.,0.,0.,0.043,0.007,0.036,0.,0.,0.,0.04,0.,0.04,0.004,0.,0.004,0.,0.,0.
14,0.005,0.,0.005,0.004,0.,0.004,0.,0.,0.,0.003,0.,0.003,0.,0.,0.,0.,0.,0.,0.003,0.,0.003,0.,0.,0.
15,0.005,0.,0.005,0.005,0.,0.005,0.,0.,0.,0.004,0.,0.004,0.001,0.,0.001,0.001,0.,0.001,0.003,0.,0.003,0.,0.,0.
16,0.006,0.,0.006,0.005,0.,0.005,0.,0.,0.,0.004,0.,0.004,0.001,0.,0.001,0.001,0.,0.001,0.004,0.,0.004,0.,0.,0.
17,0.006,0.,0.006,0.006,0.,0.006,0.,0.,0.,0.005,0.,0.005,0.001,0.,0.001,0.001,0.,0.001,0.004,0.,0.004,0.,0.,0.
18,0.007,0.,0.007,0.007,0.,0.007,0.,0.,0.,0.005,0.,0.005,0.001,0.,0.001,0.001,0.,0.001,0.005,0.,0.005,0.,0.,0.
19,0.008,0.,0.008,0.007,0.,0.007,0.,0.,0.,0.006,0.,0.006,0.001,0.,0.001,0.001,0.,0.001,0.005,0.,0.005,0.,0.,0.
20,0.009,0.,0.009,0.008,0.,0.008,0.,0.,0.,0.007,0.,0.007,0.001,0.,0.001,0.001,0.,0.001,0.006,0.,0.006,0.,0.,0.
21,0.009,0.,0.009,0.01,0.003,0.006,0.,0.,0.,0.007,0.,0.007,0.001,0.,0.001,0.001,0.,0.001,0.007,0.003,0.004,0.,0.,0.
22,0.01,0.,0.01,0.009,0.,0.009,0.,0.,0.,0.007,0.,0.007,0.001,0.,0.001,0.001,0.,0.001,0.007,0.,0.007,0.,0.,0.
23,0.01,0.,0.01,0.01,0.,0.01,0.,0.,0.,0.008,0.,0.008,0.001,0.,0.001,0.002,0.,0.002,0.007,0.,0.007,0.,0.,0.
24,0.011,0.,0.011,0.011,0.,0.011,0.,0.,0.,0.008,0.,0.008,0.002,0.,0.002,0.002,0.,0.002,0.008,0.,0.008,0.,0.,0.
25,0.083,0.,0.083,0.081,0.,0.081,0.,0.,0.,0.08,0.,0.08,0.002,0.,0.002,0.002,0.,0.002,0.008,0.,0.008,0.069,0.,0.069
26,0.013,0.,0.013,0.012,0.,0.012,0.,0.,0.,0.009,0.,0.009,0.002,0.,0.002,0.002,0.,0.002,0.009,0.,0.009,0.,0.,0.
27,0.013,0.,0.013,0.013,0.,0.013,0.,0.,0.,0.01,0.,0.01,0.002,0.,0.002,0.002,0.,0.002,0.01,0.,0.01,0.,0.,0.
28,0.016,0.,0.016,0.014,0.,0.014,0.,0.,0.,0.012,0.,0.012,0.002,0.,0.002,0.002,0.,0.002,0.01,0.,0.01,0.,0.,0.
29,0.015,0.,0.015,0.016,0.,0.016,0.,0.,0.,0.011,0.,0.011,0.002,0.,0.002,0.002,0.,0.002,0.012,0.,0.012,0.,0.,0.
30,0.016,0.,0.016,0.016,0.,0.016,0.,0.,0.,0.012,0.,0.012,0.003,0.,0.003,0.003,0.,0.003,0.012,0.,0.012,0.,0.,0.
31,0.035,0.,0.035,0.016,0.,0.016,0.,0.,0.,0.03,0.,0.03,0.003,0.,0.003,0.003,0.,0.003,0.012,0.,0.012,0.,0.,0.
32,0.018,0.,0.018,0.034,0.,0.034,0.,0.,0.,0.014,0.,0.014,0.003,0.,0.003,0.003,0.,0.003,0.03,0.,0.03,0.,0.,0.
33,0.019,0.,0.019,0.018,0.,0.018,0.,0.,0.,0.015,0.,0.015,0.003,0.,0.003,0.003,0.,0.003,0.014,0.,0.014,0.,0.,0.
34,0.021,0.,0.021,0.02,0.,0.02,0.,0.,0.,0.016,0.,0.016,0.003,0.,0.003,0.003,0.,0.003,0.015,0.,0.015,0.,0.,0.
35,0.021,0.,0.021,0.02,0.,0.02,0.,0.,0.,0.016,0.,0.016,0.004,0.,0.004,0.004,0.,0.004,0.015,0.,0.015,0.,0.,0.
36,0.022,0.,0.022,0.021,0.,0.021,0.,0.,0.,0.017,0.,0.017,0.004,0.,0.004,0.004,0.,0.004,0.016,0.,0.016,0.,0.,0.
37,0.023,0.,0.023,0.023,0.,0.023,0.,0.,0.,0.018,0.,0.018,0.004,0.,0.004,0.004,0.,0.004,0.017,0.,0.017,0.,0.,0.
38,0.025,0.,0.025,0.024,0.,0.024,0.,0.,0.,0.019,0.,0.019,0.004,0.,0.004,0.005,0.,0.005,0.018,0.,0.018,0.,0.,0.
39,0.026,0.,0.026,0.025,0.,0.025,0.,0.,0.,0.019,0.,0.019,0.005,0.,0.005,0.004,0.,0.004,0.019,0.,0.019,0.,0.,0.
40,0.037,0.,0.037,0.037,0.,0.037,0.,0.,0.,0.031,0.,0.031,0.005,0.,0.005,0.005,0.,0.005,0.03,0.,0.03,0.,0.,0.
41,0.028,0.,0.028,0.027,0.,0.027,0.,0.,0.,0.021,0.,0.021,0.006,0.,0.006,0.005,0.,0.005,0.021,0.,0.021,0.,0.,0.
42,0.029,0.,0.029,0.029,0.,0.029,0.,0.,0.,0.022,0.,0.022,0.005,0.,0.005,0.005,0.,0.005,0.022,0.,0.022,0.,0.,0.
43,0.045,0.,0.045,0.044,0.,0.044,0.,0.,0.,0.038,0.,0.038,0.006,0.,0.006,0.02,0.,0.02,0.023,0.,0.023,0.,0.,0.
44,0.032,0.,0.032,0.031,0.,0.031,0.,0.,0.,0.024,0.,0.024,0.006,0.,0.006,0.006,0.,0.006,0.024,0.,0.024,0.,0.,0.
45,0.033,0.,0.033,0.033,0.,0.033,0.,0.,0.,0.025,0.,0.025,0.006,0.,0.006,0.006,0.,0.006,0.025,0.,0.025,0.,0.,0.
46,0.034,0.,0.034,0.034,0.,0.034,0.,0.,0.,0.027,0.,0.027,0.006,0.,0.006,0.006,0.,0.006,0.026,0.,0.026,0.001,0.,0.001
47,0.106,0.,0.106,0.035,0.,0.035,0.,0.,0.,0.098,0.,0.098,0.007,0.,0.007,0.006,0.,0.006,0.027,0.,0.027,0.,0.,0.
48,0.037,0.,0.037,0.106,0.,0.106,0.,0.,0.,0.028,0.,0.028,0.007,0.,0.007,0.007,0.,0.007,0.097,0.,0.097,0.,0.,0.
49,0.038,0.,0.038,0.039,0.,0.039,0.,0.,0.,0.029,0.,0.029,0.007,0.,0.007,0.007,0.,0.007,0.03,0.,0.03,0.,0.,0.
50,0.09,0.016,0.073,0.088,0.024,0.064,0.001,0.001,0.,0.043,0.009,0.034,0.045,0.006,0.039,0.045,0.007,0.037,0.042,0.016,0.025,0.,0.,0.
51,0.059,0.,0.059,0.058,0.,0.057,0.,0.,0.,0.049,0.,0.049,0.008,0.,0.008,0.008,0.,0.008,0.048,0.,0.048,0.,0.,0.
52,0.043,0.,0.043,0.043,0.,0.043,0.,0.,0.,0.034,0.,0.034,0.008,0.,0.008,0.008,0.,0.008,0.033,0.,0.033,0.,0.,0.
53,0.044,0.,0.044,0.043,0.,0.043,0.,0.,0.,0.034,0.,0.034,0.008,0.,0.008,0.008,0.,0.008,0.033,0.,0.033,0.,0.,0.
54,0.046,0.,0.046,0.046,0.,0.046,0.,0.,0.,0.036,0.,0.036,0.008,0.,0.008,0.008,0.,0.008,0.036,0.,0.036,0.,0.,0.
55,0.047,0.,0.047,0.048,0.,0.048,0.,0.,0.,0.037,0.,0.037,0.009,0.,0.009,0.009,0.,0.009,0.037,0.,0.037,0.,0.,0.
56,0.049,0.,0.049,0.049,0.,0.049,0.,0.,0.,0.038,0.,0.038,0.009,0.,0.009,0.009,0.,0.009,0.039,0.,0.039,0.,0.,0.
57,0.051,0.,0.051,0.051,0.,0.051,0.,0.,0.,0.04,0.,0.04,0.009,0.,0.009,0.009,0.,0.009,0.039,0.,0.039,0.,0.,0.
58,0.052,0.003,0.049,0.052,0.,0.052,0.,0.,0.,0.041,0.,0.041,0.01,0.002,0.007,0.009,0.,0.009,0.041,0.,0.041,0.,0.,0.
59,0.054,0.,0.054,0.054,0.,0.054,0.,0.,0.,0.041,0.,0.041,0.011,0.,0.011,0.01,0.,0.01,0.042,0.,0.042,0.,0.,0.
60,0.056,0.,0.056,0.056,0.,0.056,0.,0.,0.,0.044,0.,0.044,0.01,0.,0.01,0.01,0.,0.01,0.043,0.,0.043,0.,0.,0.
61,0.058,0.,0.058,0.058,0.,0.058,0.,0.,0.,0.045,0.,0.045,0.01,0.,0.01,0.012,0.,0.012,0.044,0.,0.044,0.,0.,0.
62,0.059,0.,0.059,0.06,0.,0.06,0.,0.,0.,0.046,0.,0.046,0.011,0.,0.011,0.011,0.,0.011,0.047,0.,0.047,0.,0.,0.
63,0.061,0.,0.061,0.061,0.,0.061,0.,0.,0.,0.047,0.,0.047,0.012,0.,0.012,0.011,0.,0.011,0.048,0.,0.048,0.,0.,0.
64,0.064,0.,0.064,0.064,0.,0.064,0.,0.,0.,0.05,0.,0.05,0.012,0.,0.012,0.013,0.,0.013,0.049,0.,0.049,0.,0.,0.
65,0.066,0.,0.066,0.064,0.,0.064,0.,0.,0.,0.051,0.,0.051,0.013,0.,0.013,0.012,0.,0.012,0.05,0.,0.05,0.,0.,0.
66,0.066,0.,0.066,0.068,0.,0.068,0.,0.,0.,0.052,0.,0.052,0.012,0.,0.012,0.013,0.,0.013,0.052,0.,0.052,0.,0.,0.
67,0.068,0.,0.068,0.07,0.,0.07,0.,0.,0.,0.054,0.,0.054,0.012,0.,0.012,0.012,0.,0.012,0.055,0.,0.055,0.,0.,0.
68,0.072,0.,0.072,0.072,0.,0.072,0.,0.,0.,0.057,0.,0.057,0.013,0.,0.013,0.014,0.,0.014,0.056,0.,0.056,0.,0.,0.
69,0.074,0.,0.074,0.072,0.,0.072,0.,0.,0.,0.057,0.,0.057,0.015,0.,0.015,0.014,0.,0.014,0.056,0.,0.056,0.,0.,0.
70,0.074,0.,0.074,0.074,0.,0.074,0.,0.,0.,0.058,0.,0.058,0.014,0.,0.014,0.014,0.,0.014,0.058,0.,0.058,0.001,0.,0.001
71,0.076,0.,0.076,0.076,0.,0.076,0.001,0.,0.001,0.059,0.,0.059,0.015,0.,0.015,0.014,0.,0.014,0.06,0.,0.06,0.,0.,0.
72,0.079,0.,0.079,0.08,0.,0.08,0.001,0.,0.001,0.061,0.,0.061,0.016,0.,0.016,0.014,0.,0.014,0.063,0.,0.063,0.,0.,0.
73,0.081,0.,0.081,0.082,0.,0.082,0.001,0.,0.001,0.064,0.,0.064,0.015,0.,0.015,0.016,0.,0.016,0.063,0.,0.063,0.001,0.,0.001
74,0.085,0.,0.085,0.083,0.,0.083,0.001,0.,0.001,0.067,0.,0.067,0.015,0.,0.015,0.017,0.,0.017,0.064,0.,0.064,0.001,0.,0.001
75,0.086,0.,0.086,0.084,0.,0.084,0.001,0.,0.001,0.067,0.,0.067,0.017,0.,0.017,0.016,0.,0.016,0.066,0.,0.066,0.001,0.,0.001
76,0.088,0.003,0.085,0.086,0.,0.086,0.001,0.,0.001,0.068,0.,0.068,0.018,0.003,0.014,0.016,0.,0.016,0.067,0.,0.067,0.001,0.,0.001
77,0.091,0.,0.091,0.089,0.,0.089,0.001,0.,0.001,0.071,0.,0.071,0.018,0.,0.018,0.017,0.,0.017,0.07,0.,0.07,0.001,0.,0.001
78,0.093,0.,0.093,0.091,0.,0.091,0.001,0.,0.001,0.072,0.,0.072,0.019,0.,0.019,0.017,0.,0.017,0.071,0.,0.071,0.001,0.,0.001
79,0.095,0.,0.095,0.093,0.,0.093,0.001,0.,0.001,0.073,0.,0.073,0.019,0.,0.019,0.018,0.,0.018,0.073,0.,0.073,0.001,0.,0.001
80,0.097,0.003,0.093,0.096,0.,0.096,0.001,0.,0.001,0.075,0.,0.075,0.02,0.003,0.016,0.018,0.,0.018,0.075,0.,0.075,0.001,0.,0.001
81,0.099,0.,0.099,0.098,0.,0.098,0.001,0.,0.001,0.077,0.,0.077,0.02,0.,0.02,0.019,0.,0.019,0.077,0.,0.077,0.001,0.,0.001
82,0.103,0.,0.103,0.102,0.,0.102,0.001,0.,0.001,0.082,0.,0.082,0.019,0.,0.019,0.021,0.,0.021,0.078,0.,0.078,0.001,0.,0.001
83,0.106,0.,0.106,0.103,0.,0.103,0.001,0.,0.001,0.084,0.,0.084,0.019,0.,0.019,0.021,0.,0.021,0.08,0.,0.08,0.001,0.,0.001
84,0.109,0.,0.109,0.106,0.,0.106,0.001,0.,0.001,0.085,0.,0.085,0.021,0.,0.021,0.019,0.,0.019,0.085,0.,0.085,0.001,0.,0.001
85,0.108,0.,0.108,0.112,0.,0.112,0.001,0.,0.001,0.084,0.,0.084,0.022,0.,0.022,0.022,0.,0.022,0.087,0.,0.087,0.001,0.,0.001
86,0.114,0.003,0.11,0.112,0.003,0.108,0.001,0.,0.001,0.091,0.003,0.087,0.02,0.,0.02,0.022,0.,0.022,0.087,0.003,0.083,0.001,0.,0.001
87,0.123,0.,0.123,0.112,0.,0.112,0.001,0.,0.001,0.095,0.,0.095,0.025,0.,0.025,0.021,0.,0.021,0.088,0.,0.088,0.001,0.,0.001
88,0.117,0.,0.117,0.115,0.,0.115,0.001,0.,0.001,0.092,0.,0.092,0.022,0.,0.022,0.023,0.,0.023,0.09,0.,0.089,0.001,0.,0.001
89,0.118,0.,0.118,0.119,0.,0.119,0.001,0.,0.001,0.092,0.,0.092,0.024,0.,0.024,0.022,0.,0.022,0.094,0.,0.094,0.001,0.,0.001
90,0.128,0.003,0.124,0.121,0.,0.121,0.001,0.,0.001,0.098,0.003,0.094,0.027,0.,0.027,0.022,0.,0.022,0.093,0.,0.093,0.004,0.,0.004
91,0.126,0.,0.126,0.137,0.,0.137,0.001,0.,0.001,0.1,0.,0.1,0.023,0.,0.023,0.028,0.,0.028,0.106,0.,0.106,0.001,0.,0.001
92,0.127,0.,0.127,0.129,0.,0.129,0.001,0.,0.001,0.099,0.,0.099,0.025,0.,0.025,0.025,0.,0.025,0.101,0.,0.101,0.001,0.,0.001
93,0.137,0.,0.137,0.132,0.,0.132,0.001,0.,0.001,0.105,0.,0.105,0.029,0.,0.029,0.024,0.,0.024,0.106,0.,0.106,0.001,0.,0.001
94,0.135,0.,0.135,0.14,0.,0.14,0.001,0.,0.001,0.106,0.,0.106,0.026,0.,0.026,0.024,0.,0.024,0.109,0.,0.109,0.005,0.,0.005
95,0.137,0.,0.137,0.134,0.,0.134,0.001,0.,0.001,0.109,0.,0.109,0.025,0.,0.025,0.026,0.,0.026,0.105,0.,0.105,0.001,0.,0.001
96,0.146,0.,0.145,0.145,0.,0.145,0.001,0.,0.001,0.111,0.,0.111,0.026,0.,0.026,0.031,0.,0.031,0.111,0.,0.111,0.001,0.,0.001
97,0.14,0.003,0.136,0.141,0.,0.141,0.001,0.,0.001,0.111,0.003,0.107,0.026,0.,0.026,0.028,0.,0.028,0.11,0.,0.11,0.001,0.,0.001
98,0.153,0.,0.153,0.15,0.,0.15,0.001,0.,0.001,0.122,0.,0.122,0.028,0.,0.028,0.031,0.,0.031,0.116,0.,0.116,0.001,0.,0.001
99,0.158,0.,0.158,0.147,0.,0.147,0.001,0.,0.001,0.12,0.,0.12,0.035,0.,0.035,0.027,0.,0.027,0.117,0.,0.117,0.001,0.,0.001
100,0.218,0.,0.218,0.218,0.,0.218,0.001,0.,0.001,0.186,0.,0.186,0.029,0.,0.029,0.029,0.,0.029,0.186,0.,0.186,0.001,0.,0.001
110,0.189,0.003,0.185,0.187,0.,0.187,0.001,0.,0.001,0.147,0.003,0.143,0.039,0.,0.039,0.035,0.,0.035,0.149,0.,0.149,0.001,0.,0.001
120,0.22,0.,0.22,0.226,0.,0.226,0.001,0.,0.001,0.173,0.,0.173,0.044,0.,0.044,0.044,0.,0.044,0.179,0.,0.179,0.001,0.,0.001
130,0.253,0.,0.253,0.257,0.003,0.253,0.002,0.,0.002,0.198,0.,0.198,0.051,0.,0.051,0.048,0.003,0.044,0.206,0.,0.206,0.002,0.,0.002
140,0.294,0.,0.293,0.298,0.004,0.294,0.002,0.,0.002,0.231,0.,0.231,0.058,0.,0.058,0.058,0.,0.058,0.236,0.004,0.232,0.002,0.,0.002
150,0.374,0.,0.373,0.378,0.,0.377,0.002,0.,0.002,0.292,0.,0.292,0.078,0.,0.078,0.079,0.,0.079,0.295,0.,0.295,0.002,0.,0.002
160,0.39,0.003,0.386,0.389,0.,0.389,0.002,0.,0.002,0.309,0.003,0.305,0.077,0.,0.077,0.076,0.,0.076,0.309,0.,0.309,0.002,0.,0.002
170,0.434,0.,0.434,0.444,0.,0.443,0.002,0.,0.002,0.348,0.,0.348,0.082,0.,0.082,0.083,0.,0.083,0.355,0.,0.355,0.002,0.,0.002
180,0.496,0.,0.496,0.502,0.,0.501,0.003,0.,0.003,0.395,0.,0.395,0.095,0.,0.095,0.094,0.,0.094,0.401,0.,0.401,0.004,0.,0.004
190,0.568,0.007,0.56,0.561,0.003,0.557,0.003,0.,0.003,0.452,0.003,0.447,0.112,0.003,0.108,0.112,0.003,0.108,0.445,0.,0.445,0.003,0.,0.003
200,0.697,0.003,0.693,0.701,0.003,0.697,0.003,0.,0.003,0.575,0.003,0.572,0.116,0.,0.116,0.117,0.,0.116,0.58,0.003,0.576,0.003,0.,0.003
210,0.702,0.003,0.698,0.709,0.004,0.705,0.003,0.,0.003,0.563,0.,0.563,0.134,0.003,0.13,0.134,0.004,0.13,0.569,0.,0.569,0.003,0.,0.003
220,0.764,0.,0.764,0.784,0.003,0.78,0.003,0.,0.003,0.62,0.,0.62,0.139,0.,0.139,0.147,0.,0.147,0.63,0.003,0.626,0.004,0.,0.004
230,0.829,0.,0.829,0.831,0.,0.831,0.004,0.,0.004,0.667,0.,0.667,0.156,0.,0.156,0.154,0.,0.154,0.671,0.,0.671,0.004,0.,0.004
240,0.909,0.,0.909,0.913,0.003,0.909,0.004,0.,0.004,0.738,0.,0.737,0.165,0.,0.165,0.165,0.,0.165,0.742,0.003,0.738,0.004,0.,0.004
250,0.986,0.,0.986,0.988,0.,0.988,0.004,0.,0.004,0.803,0.,0.803,0.177,0.,0.177,0.174,0.,0.174,0.808,0.,0.808,0.004,0.,0.004
260,1.081,0.,1.081,1.074,0.004,1.07,0.005,0.,0.005,0.868,0.,0.868,0.206,0.,0.206,0.19,0.,0.19,0.877,0.004,0.873,0.005,0.,0.005
270,1.202,0.,1.202,1.206,0.,1.206,0.005,0.,0.005,0.972,0.,0.972,0.223,0.,0.223,0.22,0.,0.22,0.978,0.,0.978,0.005,0.,0.005
280,1.271,0.003,1.267,1.287,0.,1.287,0.005,0.,0.005,1.034,0.003,1.03,0.229,0.,0.229,0.229,0.,0.229,1.048,0.,1.048,0.007,0.,0.007
290,1.361,0.007,1.353,1.379,0.003,1.374,0.006,0.,0.006,1.112,0.007,1.104,0.242,0.,0.241,0.24,0.,0.24,1.131,0.003,1.126,0.006,0.,0.006
300,1.51,0.003,1.506,1.529,0.004,1.524,0.006,0.,0.006,1.23,0.,1.23,0.272,0.003,0.268,0.275,0.,0.275,1.244,0.004,1.239,0.008,0.,0.008
310,1.604,0.,1.604,1.608,0.,1.608,0.006,0.,0.006,1.305,0.,1.305,0.29,0.,0.29,0.291,0.,0.291,1.308,0.,1.308,0.006,0.,0.006
320,1.704,0.,1.704,1.726,0.,1.725,0.006,0.,0.006,1.399,0.,1.399,0.294,0.,0.294,0.297,0.,0.297,1.42,0.,1.419,0.006,0.,0.006
330,1.806,0.,1.805,1.855,0.,1.854,0.008,0.,0.008,1.483,0.,1.483,0.311,0.,0.311,0.314,0.,0.314,1.531,0.,1.531,0.007,0.,0.007
340,1.972,0.,1.972,1.976,0.,1.976,0.007,0.,0.007,1.61,0.,1.61,0.352,0.,0.352,0.351,0.,0.351,1.615,0.,1.615,0.007,0.,0.007
350,2.07,0.011,2.058,2.071,0.007,2.063,0.007,0.,0.007,1.71,0.011,1.698,0.351,0.,0.351,0.352,0.004,0.348,1.709,0.003,1.705,0.008,0.,0.008
360,2.204,0.,2.204,2.224,0.,2.224,0.01,0.,0.01,1.814,0.,1.813,0.378,0.,0.378,0.375,0.,0.375,1.838,0.,1.838,0.008,0.,0.008
370,2.334,0.,2.334,2.329,0.,2.329,0.008,0.,0.008,1.919,0.,1.919,0.404,0.,0.404,0.379,0.,0.379,1.939,0.,1.939,0.008,0.,0.008
380,2.502,0.,2.502,2.538,0.,2.538,0.01,0.,0.01,2.071,0.,2.071,0.419,0.,0.419,0.415,0.,0.415,2.111,0.,2.111,0.009,0.,0.009
390,2.613,0.,2.612,2.647,0.011,2.634,0.009,0.,0.009,2.175,0.,2.174,0.426,0.,0.426,0.433,0.003,0.429,2.202,0.007,2.194,0.009,0.,0.009
400,2.811,0.008,2.801,2.834,0.008,2.826,0.009,0.,0.009,2.35,0.003,2.343,0.448,0.003,0.444,0.465,0.003,0.461,2.358,0.004,2.354,0.009,0.,0.009