param-n,abstract+rewrite-strat-bottomup-real,abstract+rewrite-strat-bottomup-sys,abstract+rewrite-strat-bottomup-user,abstract+rewrite-strat-topdown-real,abstract+rewrite-strat-topdown-sys,abstract+rewrite-strat-topdown-user,close-abstract+rewrite-strat-bottomup-real,close-abstract+rewrite-strat-bottomup-sys,close-abstract+rewrite-strat-bottomup-user,close-abstract+rewrite-strat-topdown-real,close-abstract+rewrite-strat-topdown-sys,close-abstract+rewrite-strat-topdown-user,rewrite-strat-bottomup-real,rewrite-strat-bottomup-sys,rewrite-strat-bottomup-user,rewrite-strat-bottomup-noop-real,rewrite-strat-bottomup-noop-sys,rewrite-strat-bottomup-noop-user,rewrite-strat-topdown-real,rewrite-strat-topdown-sys,rewrite-strat-topdown-user,rewrite-strat-topdown-noop-real,rewrite-strat-topdown-noop-sys,rewrite-strat-topdown-noop-user
1,0.002,0.,0.001,0.002,0.,0.002,0.,0.,0.,0.,0.,0.,0.002,0.,0.001,0.,0.,0.,0.002,0.,0.002,0.,0.,0.
2,0.002,0.002,0.,0.001,0.001,0.,0.,0.,0.,0.,0.,0.,0.001,0.001,0.,0.,0.,0.,0.,0.,0.,0.,0.,0.
3,0.002,0.,0.002,0.001,0.001,0.,0.,0.,0.,0.,0.,0.,0.001,0.,0.001,0.,0.,0.,0.001,0.001,0.,0.,0.,0.
4,0.005,0.004,0.001,0.003,0.,0.003,0.,0.,0.,0.,0.,0.,0.004,0.004,0.,0.,0.,0.,0.003,0.,0.003,0.,0.,0.
5,0.004,0.001,0.003,0.003,0.003,0.,0.,0.,0.,0.001,0.001,0.,0.003,0.,0.003,0.,0.,0.,0.001,0.001,0.,0.,0.,0.
6,0.005,0.002,0.003,0.003,0.,0.003,0.,0.,0.,0.,0.,0.,0.004,0.001,0.002,0.,0.,0.,0.001,0.,0.001,0.,0.,0.
7,0.005,0.,0.004,0.004,0.003,0.,0.,0.,0.,0.,0.,0.,0.004,0.,0.004,0.,0.,0.,0.002,0.002,0.,0.,0.,0.
8,0.007,0.001,0.005,0.004,0.,0.004,0.,0.,0.,0.001,0.,0.001,0.005,0.,0.005,0.,0.,0.,0.002,0.,0.002,0.,0.,0.
9,0.009,0.005,0.004,0.005,0.001,0.004,0.001,0.,0.,0.001,0.001,0.,0.008,0.004,0.003,0.,0.,0.,0.004,0.,0.004,0.,0.,0.
10,0.011,0.003,0.007,0.005,0.002,0.003,0.001,0.,0.,0.001,0.,0.,0.009,0.003,0.006,0.,0.,0.,0.003,0.001,0.002,0.,0.,0.
11,0.067,0.003,0.064,0.006,0.,0.006,0.001,0.,0.001,0.,0.,0.,0.065,0.003,0.062,0.,0.,0.,0.004,0.,0.004,0.,0.,0.
12,0.01,0.,0.01,0.007,0.001,0.005,0.001,0.,0.001,0.001,0.001,0.,0.008,0.,0.008,0.,0.,0.,0.005,0.,0.005,0.,0.,0.
13,0.01,0.,0.01,0.064,0.02,0.044,0.001,0.,0.001,0.,0.,0.,0.008,0.,0.008,0.,0.,0.,0.063,0.02,0.043,0.,0.,0.
14,0.012,0.,0.012,0.006,0.,0.006,0.001,0.,0.001,0.001,0.,0.001,0.009,0.,0.009,0.,0.,0.,0.004,0.,0.004,0.,0.,0.
15,0.012,0.,0.012,0.006,0.,0.006,0.001,0.,0.001,0.001,0.,0.001,0.009,0.,0.009,0.,0.,0.,0.004,0.,0.004,0.,0.,0.
16,0.013,0.,0.013,0.007,0.,0.007,0.001,0.,0.001,0.001,0.,0.001,0.01,0.,0.01,0.,0.,0.,0.005,0.,0.005,0.,0.,0.
17,0.014,0.,0.014,0.008,0.,0.008,0.003,0.,0.003,0.001,0.,0.001,0.011,0.,0.011,0.,0.,0.,0.006,0.,0.006,0.,0.,0.
18,0.015,0.,0.015,0.008,0.,0.008,0.002,0.,0.002,0.001,0.,0.001,0.012,0.,0.012,0.,0.,0.,0.005,0.,0.005,0.,0.,0.
19,0.017,0.,0.017,0.009,0.,0.009,0.002,0.,0.002,0.001,0.,0.002,0.014,0.,0.014,0.,0.,0.,0.006,0.,0.006,0.,0.,0.
20,0.019,0.,0.019,0.011,0.,0.011,0.003,0.,0.003,0.002,0.,0.002,0.015,0.,0.015,0.,0.,0.,0.008,0.,0.008,0.,0.,0.
21,0.02,0.,0.02,0.011,0.,0.011,0.002,0.,0.002,0.002,0.,0.002,0.016,0.,0.016,0.,0.,0.,0.008,0.,0.008,0.,0.,0.
22,0.106,0.,0.106,0.01,0.,0.01,0.003,0.,0.003,0.002,0.,0.002,0.102,0.,0.102,0.,0.,0.,0.007,0.,0.007,0.,0.,0.
23,0.023,0.,0.022,0.012,0.,0.012,0.004,0.,0.004,0.002,0.,0.002,0.017,0.,0.017,0.,0.,0.,0.009,0.,0.009,0.,0.,0.
24,0.024,0.,0.024,0.012,0.,0.012,0.004,0.,0.004,0.002,0.,0.002,0.018,0.,0.018,0.,0.,0.,0.009,0.,0.009,0.,0.,0.
25,0.03,0.,0.03,0.014,0.,0.014,0.006,0.,0.006,0.002,0.,0.002,0.023,0.,0.023,0.,0.,0.,0.01,0.,0.01,0.,0.,0.
26,0.028,0.,0.028,0.097,0.,0.097,0.004,0.,0.004,0.003,0.,0.003,0.023,0.,0.023,0.,0.,0.,0.093,0.,0.093,0.,0.,0.
27,0.049,0.,0.049,0.014,0.,0.014,0.025,0.,0.025,0.003,0.,0.003,0.023,0.,0.023,0.,0.,0.,0.01,0.,0.01,0.,0.,0.
28,0.032,0.,0.032,0.016,0.,0.016,0.005,0.,0.005,0.003,0.,0.003,0.026,0.,0.026,0.,0.,0.,0.011,0.,0.011,0.,0.,0.
29,0.034,0.003,0.03,0.017,0.,0.017,0.005,0.003,0.002,0.003,0.,0.003,0.027,0.,0.027,0.,0.,0.,0.012,0.,0.012,0.,0.,0.
30,0.036,0.,0.036,0.018,0.,0.018,0.005,0.,0.005,0.004,0.,0.004,0.03,0.,0.03,0.,0.,0.,0.013,0.,0.013,0.,0.,0.
31,0.041,0.,0.041,0.018,0.,0.018,0.005,0.,0.005,0.004,0.,0.004,0.034,0.,0.034,0.,0.,0.,0.013,0.,0.013,0.,0.,0.
32,0.037,0.,0.037,0.021,0.,0.021,0.006,0.,0.006,0.005,0.,0.005,0.03,0.,0.03,0.,0.,0.,0.015,0.,0.015,0.,0.,0.
33,0.04,0.,0.04,0.045,0.,0.045,0.006,0.,0.006,0.004,0.,0.004,0.033,0.,0.033,0.,0.,0.,0.04,0.,0.04,0.,0.,0.
34,0.042,0.,0.042,0.021,0.,0.021,0.007,0.,0.007,0.004,0.,0.004,0.033,0.,0.033,0.,0.,0.,0.016,0.,0.016,0.,0.,0.
35,0.055,0.,0.055,0.024,0.,0.024,0.02,0.,0.02,0.005,0.,0.005,0.033,0.,0.033,0.,0.,0.,0.018,0.,0.018,0.,0.,0.
36,0.047,0.,0.047,0.026,0.001,0.025,0.008,0.,0.008,0.006,0.,0.005,0.038,0.,0.038,0.,0.,0.,0.019,0.,0.018,0.,0.,0.
37,0.051,0.003,0.047,0.027,0.,0.027,0.008,0.,0.008,0.005,0.,0.005,0.042,0.003,0.038,0.,0.,0.,0.02,0.,0.02,0.,0.,0.
38,0.074,0.,0.074,0.027,0.,0.027,0.03,0.,0.03,0.005,0.,0.005,0.043,0.,0.043,0.,0.,0.,0.02,0.,0.02,0.,0.,0.
39,0.055,0.,0.055,0.03,0.,0.03,0.01,0.,0.01,0.006,0.,0.006,0.043,0.,0.043,0.,0.,0.,0.021,0.,0.021,0.,0.,0.
40,0.052,0.,0.052,0.031,0.,0.031,0.009,0.,0.009,0.006,0.,0.006,0.041,0.,0.041,0.,0.,0.,0.024,0.,0.024,0.,0.,0.
41,0.059,0.,0.059,0.032,0.,0.032,0.009,0.,0.009,0.007,0.,0.007,0.049,0.,0.049,0.,0.,0.,0.023,0.,0.023,0.,0.,0.
42,0.146,0.,0.146,0.046,0.,0.046,0.012,0.,0.012,0.006,0.,0.006,0.049,0.,0.049,0.084,0.,0.084,0.038,0.,0.038,0.,0.,0.
43,0.062,0.,0.062,0.033,0.,0.033,0.013,0.,0.013,0.007,0.,0.007,0.048,0.,0.048,0.,0.,0.,0.024,0.,0.024,0.,0.,0.
44,0.07,0.,0.07,0.036,0.,0.036,0.012,0.,0.012,0.007,0.,0.007,0.057,0.,0.057,0.,0.,0.,0.027,0.,0.027,0.,0.,0.
45,0.092,0.,0.092,0.035,0.,0.035,0.011,0.,0.011,0.008,0.,0.008,0.078,0.,0.078,0.001,0.,0.001,0.025,0.,0.025,0.,0.,0.
46,0.07,0.,0.07,0.052,0.,0.052,0.013,0.,0.013,0.009,0.,0.009,0.055,0.,0.055,0.,0.,0.,0.042,0.,0.042,0.,0.,0.
47,0.073,0.,0.073,0.04,0.,0.04,0.012,0.,0.012,0.009,0.,0.009,0.059,0.,0.059,0.,0.,0.,0.03,0.,0.03,0.,0.,0.
48,0.084,0.,0.084,0.041,0.,0.041,0.015,0.,0.015,0.009,0.,0.009,0.067,0.,0.067,0.,0.,0.,0.03,0.,0.03,0.,0.,0.
49,0.092,0.,0.092,0.044,0.,0.044,0.015,0.,0.015,0.01,0.,0.01,0.075,0.,0.075,0.,0.,0.,0.033,0.,0.033,0.,0.,0.
50,0.15,0.032,0.118,0.113,0.023,0.09,0.013,0.,0.013,0.062,0.003,0.059,0.135,0.031,0.103,0.,0.,0.,0.048,0.018,0.029,0.,0.,0.
51,0.103,0.,0.103,0.136,0.,0.136,0.015,0.,0.015,0.011,0.,0.011,0.086,0.,0.086,0.,0.,0.,0.123,0.,0.123,0.,0.,0.
52,0.112,0.,0.112,0.049,0.,0.049,0.021,0.,0.021,0.011,0.,0.011,0.088,0.,0.088,0.,0.,0.,0.037,0.,0.037,0.,0.,0.
53,0.112,0.,0.112,0.052,0.,0.052,0.028,0.,0.028,0.011,0.,0.011,0.082,0.,0.082,0.,0.,0.,0.039,0.,0.039,0.,0.,0.
54,0.106,0.,0.106,0.077,0.,0.077,0.019,0.,0.019,0.014,0.,0.014,0.085,0.,0.085,0.,0.,0.,0.061,0.,0.061,0.,0.,0.
55,0.118,0.,0.118,0.055,0.,0.055,0.022,0.,0.022,0.014,0.,0.014,0.093,0.,0.093,0.,0.,0.,0.039,0.,0.039,0.,0.,0.
56,0.117,0.,0.117,0.056,0.003,0.053,0.021,0.,0.021,0.011,0.002,0.009,0.094,0.,0.094,0.,0.,0.,0.043,0.,0.043,0.,0.,0.
57,0.125,0.,0.125,0.063,0.,0.063,0.018,0.,0.018,0.018,0.,0.018,0.105,0.,0.105,0.,0.,0.,0.043,0.,0.043,0.,0.,0.
58,0.109,0.,0.109,0.061,0.,0.061,0.019,0.,0.019,0.015,0.,0.015,0.087,0.,0.087,0.001,0.,0.001,0.044,0.,0.044,0.001,0.,0.001
59,0.11,0.,0.11,0.06,0.002,0.057,0.019,0.,0.019,0.015,0.,0.015,0.089,0.,0.088,0.,0.,0.,0.044,0.002,0.041,0.,0.,0.
60,0.119,0.,0.119,0.06,0.,0.06,0.022,0.,0.022,0.014,0.,0.014,0.095,0.,0.095,0.,0.,0.,0.044,0.,0.044,0.,0.,0.
61,0.121,0.,0.121,0.067,0.,0.067,0.023,0.,0.023,0.015,0.,0.015,0.096,0.,0.096,0.001,0.,0.001,0.049,0.,0.049,0.001,0.,0.001
62,0.12,0.003,0.116,0.066,0.,0.066,0.019,0.,0.019,0.016,0.,0.016,0.099,0.003,0.095,0.,0.,0.,0.049,0.,0.049,0.,0.,0.
63,0.125,0.,0.125,0.071,0.002,0.068,0.023,0.,0.023,0.016,0.,0.016,0.1,0.,0.1,0.,0.,0.,0.052,0.002,0.05,0.,0.,0.
64,0.127,0.,0.127,0.076,0.,0.076,0.023,0.,0.023,0.015,0.,0.015,0.102,0.,0.102,0.,0.,0.,0.057,0.,0.057,0.002,0.,0.002
65,0.136,0.,0.136,0.073,0.,0.073,0.027,0.,0.027,0.016,0.,0.016,0.107,0.,0.107,0.,0.,0.,0.056,0.,0.056,0.,0.,0.
66,0.129,0.003,0.125,0.079,0.,0.079,0.024,0.002,0.021,0.021,0.,0.021,0.103,0.,0.103,0.,0.,0.,0.055,0.,0.055,0.001,0.,0.001
67,0.14,0.,0.14,0.079,0.,0.079,0.029,0.,0.029,0.016,0.,0.016,0.109,0.,0.109,0.,0.,0.,0.06,0.,0.06,0.,0.,0.
68,0.163,0.,0.163,0.078,0.,0.078,0.028,0.,0.028,0.019,0.,0.019,0.132,0.,0.132,0.,0.,0.,0.057,0.,0.057,0.,0.,0.
69,0.144,0.,0.144,0.077,0.,0.077,0.027,0.,0.027,0.017,0.,0.017,0.114,0.,0.114,0.001,0.,0.001,0.058,0.,0.058,0.,0.,0.
70,0.148,0.,0.148,0.081,0.,0.081,0.03,0.,0.03,0.018,0.,0.018,0.116,0.,0.116,0.,0.,0.,0.061,0.,0.061,0.,0.,0.
71,0.148,0.,0.148,0.087,0.,0.087,0.028,0.,0.028,0.02,0.,0.02,0.117,0.,0.117,0.001,0.,0.001,0.064,0.,0.064,0.001,0.,0.001
72,0.157,0.,0.157,0.086,0.,0.086,0.027,0.,0.027,0.02,0.,0.02,0.127,0.,0.127,0.,0.,0.,0.063,0.,0.063,0.001,0.,0.001
73,0.159,0.,0.159,0.093,0.,0.092,0.033,0.,0.033,0.019,0.,0.019,0.124,0.,0.124,0.,0.,0.,0.071,0.,0.071,0.,0.,0.
74,0.169,0.,0.169,0.092,0.,0.092,0.029,0.,0.029,0.023,0.,0.023,0.138,0.,0.138,0.001,0.,0.001,0.067,0.,0.067,0.001,0.,0.001
75,0.175,0.,0.175,0.094,0.,0.094,0.034,0.,0.034,0.021,0.,0.021,0.138,0.,0.138,0.001,0.,0.001,0.07,0.,0.07,0.001,0.,0.001
76,0.184,0.003,0.18,0.092,0.,0.092,0.029,0.,0.029,0.022,0.,0.022,0.153,0.003,0.149,0.,0.,0.,0.067,0.,0.067,0.001,0.,0.001
77,0.177,0.,0.177,0.097,0.,0.097,0.031,0.,0.031,0.02,0.,0.02,0.143,0.,0.143,0.,0.,0.,0.075,0.,0.075,0.001,0.,0.
78,0.196,0.,0.196,0.11,0.,0.11,0.038,0.,0.038,0.024,0.,0.024,0.156,0.,0.156,0.001,0.,0.001,0.083,0.,0.083,0.001,0.,0.001
79,0.22,0.003,0.216,0.114,0.,0.114,0.048,0.,0.048,0.026,0.,0.026,0.169,0.003,0.165,0.001,0.,0.001,0.085,0.,0.085,0.001,0.,0.001
80,0.212,0.,0.212,0.108,0.,0.108,0.035,0.,0.035,0.024,0.,0.024,0.174,0.,0.174,0.001,0.,0.001,0.082,0.,0.082,0.001,0.,0.001
81,0.194,0.,0.194,0.112,0.,0.112,0.039,0.,0.039,0.028,0.,0.028,0.153,0.,0.153,0.001,0.,0.001,0.081,0.,0.081,0.001,0.,0.001
82,0.21,0.,0.21,0.111,0.003,0.107,0.036,0.,0.036,0.026,0.,0.026,0.172,0.,0.172,0.001,0.,0.001,0.082,0.003,0.079,0.001,0.,0.001
83,0.214,0.003,0.21,0.118,0.,0.118,0.039,0.,0.039,0.026,0.,0.026,0.172,0.003,0.168,0.001,0.,0.001,0.089,0.,0.089,0.001,0.,0.001
84,0.213,0.,0.213,0.128,0.,0.128,0.035,0.,0.035,0.028,0.,0.028,0.176,0.,0.176,0.001,0.,0.001,0.098,0.,0.098,0.001,0.,0.001
85,0.235,0.003,0.231,0.128,0.,0.128,0.049,0.,0.049,0.029,0.,0.029,0.183,0.003,0.179,0.001,0.,0.001,0.097,0.,0.097,0.001,0.,0.001
86,0.214,0.,0.214,0.134,0.003,0.13,0.044,0.,0.044,0.034,0.,0.034,0.167,0.,0.167,0.001,0.,0.001,0.097,0.003,0.093,0.001,0.,0.001
87,0.244,0.004,0.24,0.134,0.,0.134,0.05,0.,0.05,0.036,0.,0.036,0.19,0.003,0.186,0.001,0.,0.001,0.095,0.,0.095,0.001,0.,0.001
88,0.247,0.,0.247,0.134,0.,0.134,0.043,0.,0.043,0.035,0.,0.035,0.196,0.,0.195,0.006,0.,0.006,0.095,0.,0.095,0.001,0.,0.001
89,0.258,0.,0.258,0.146,0.,0.146,0.045,0.,0.045,0.038,0.,0.038,0.21,0.,0.21,0.001,0.,0.001,0.104,0.,0.104,0.001,0.,0.001
90,0.243,0.003,0.239,0.141,0.,0.141,0.051,0.,0.051,0.035,0.,0.035,0.189,0.003,0.185,0.001,0.,0.001,0.103,0.,0.103,0.001,0.,0.001
91,0.235,0.,0.235,0.146,0.007,0.138,0.047,0.,0.047,0.035,0.003,0.032,0.185,0.,0.185,0.001,0.,0.001,0.105,0.003,0.102,0.003,0.,0.003
92,0.253,0.,0.253,0.14,0.,0.14,0.051,0.,0.051,0.033,0.,0.033,0.2,0.,0.2,0.001,0.,0.001,0.104,0.,0.104,0.001,0.,0.001
93,0.276,0.003,0.272,0.144,0.,0.144,0.051,0.,0.051,0.032,0.,0.032,0.223,0.003,0.219,0.001,0.,0.001,0.109,0.,0.109,0.001,0.,0.001
94,0.262,0.,0.262,0.144,0.,0.144,0.048,0.,0.048,0.038,0.,0.038,0.208,0.,0.208,0.004,0.,0.004,0.102,0.,0.102,0.001,0.,0.001
95,0.268,0.,0.268,0.159,0.003,0.155,0.052,0.,0.052,0.037,0.003,0.033,0.213,0.,0.213,0.001,0.,0.001,0.118,0.,0.118,0.002,0.,0.001
96,0.282,0.,0.281,0.164,0.,0.164,0.048,0.,0.048,0.032,0.,0.032,0.23,0.,0.23,0.001,0.,0.001,0.128,0.,0.128,0.001,0.,0.001
97,0.285,0.,0.285,0.179,0.003,0.175,0.06,0.,0.06,0.04,0.,0.04,0.222,0.,0.222,0.001,0.,0.001,0.135,0.003,0.131,0.001,0.,0.001
98,0.29,0.003,0.286,0.165,0.,0.165,0.054,0.,0.054,0.039,0.,0.039,0.233,0.003,0.229,0.001,0.,0.001,0.123,0.,0.123,0.001,0.,0.001
99,0.278,0.,0.278,0.161,0.,0.161,0.056,0.,0.056,0.038,0.,0.038,0.219,0.,0.219,0.001,0.,0.001,0.12,0.,0.12,0.001,0.,0.001
100,0.397,0.,0.397,0.258,0.004,0.253,0.075,0.,0.075,0.127,0.,0.127,0.32,0.,0.32,0.001,0.,0.001,0.129,0.004,0.124,0.001,0.,0.001
110,0.353,0.,0.353,0.214,0.003,0.21,0.069,0.,0.069,0.054,0.,0.054,0.28,0.,0.28,0.001,0.,0.001,0.157,0.003,0.153,0.001,0.,0.001
120,0.413,0.,0.413,0.242,0.003,0.238,0.078,0.,0.078,0.058,0.003,0.054,0.331,0.,0.33,0.002,0.,0.002,0.18,0.,0.18,0.002,0.,0.002
130,0.54,0.,0.539,0.309,0.,0.309,0.126,0.,0.126,0.08,0.,0.08,0.41,0.,0.41,0.001,0.,0.001,0.225,0.,0.225,0.002,0.,0.002
140,0.585,0.003,0.581,0.324,0.,0.324,0.125,0.003,0.121,0.079,0.,0.079,0.455,0.,0.455,0.002,0.,0.002,0.242,0.,0.242,0.002,0.,0.002
150,0.749,0.,0.749,0.406,0.,0.406,0.207,0.,0.207,0.102,0.,0.102,0.538,0.,0.538,0.002,0.,0.002,0.3,0.,0.3,0.002,0.,0.002
160,0.761,0.019,0.739,0.445,0.003,0.441,0.155,0.003,0.149,0.11,0.,0.11,0.602,0.015,0.586,0.002,0.,0.002,0.33,0.003,0.327,0.002,0.,0.002
170,0.832,0.008,0.824,0.488,0.,0.488,0.159,0.003,0.155,0.122,0.,0.122,0.658,0.003,0.654,0.012,0.,0.012,0.361,0.,0.361,0.002,0.,0.002
180,0.926,0.008,0.918,0.56,0.003,0.556,0.173,0.,0.173,0.145,0.003,0.141,0.747,0.007,0.739,0.003,0.,0.003,0.409,0.,0.409,0.003,0.,0.003
190,1.114,0.,1.114,0.66,0.,0.66,0.213,0.,0.213,0.163,0.,0.163,0.896,0.,0.896,0.003,0.,0.003,0.491,0.,0.491,0.003,0.,0.003
200,1.17,0.007,1.162,0.803,0.,0.802,0.222,0.,0.222,0.168,0.,0.168,0.943,0.003,0.939,0.003,0.003,0.,0.629,0.,0.629,0.003,0.,0.003
210,1.264,0.,1.264,0.806,0.007,0.798,0.248,0.,0.248,0.177,0.,0.177,1.,0.,1.,0.013,0.,0.013,0.622,0.007,0.614,0.004,0.,0.004
220,1.399,0.,1.398,0.822,0.008,0.814,0.279,0.,0.279,0.205,0.003,0.201,1.113,0.,1.113,0.004,0.,0.004,0.61,0.004,0.605,0.005,0.,0.005
230,1.503,0.,1.503,0.929,0.004,0.925,0.309,0.,0.309,0.214,0.,0.214,1.187,0.,1.187,0.005,0.,0.005,0.708,0.003,0.704,0.004,0.,0.004
240,1.684,0.,1.684,1.011,0.,1.011,0.306,0.,0.306,0.251,0.,0.251,1.368,0.,1.367,0.008,0.,0.008,0.751,0.,0.751,0.005,0.,0.005
250,1.845,0.016,1.829,1.098,0.015,1.082,0.355,0.003,0.351,0.261,0.011,0.249,1.484,0.012,1.471,0.005,0.,0.004,0.83,0.003,0.826,0.005,0.,0.005
260,2.006,0.003,2.002,1.296,0.003,1.289,0.394,0.003,0.39,0.307,0.003,0.303,1.605,0.,1.604,0.005,0.,0.005,0.978,0.,0.975,0.008,0.,0.008
270,2.14,0.,2.14,1.312,0.019,1.291,0.392,0.,0.392,0.304,0.003,0.3,1.74,0.,1.74,0.005,0.,0.005,0.999,0.015,0.983,0.006,0.,0.006
280,2.427,0.007,2.419,1.417,0.,1.416,0.469,0.,0.469,0.329,0.,0.329,1.949,0.007,1.941,0.006,0.,0.006,1.078,0.,1.078,0.007,0.,0.007
290,2.561,0.011,2.549,1.517,0.,1.517,0.492,0.008,0.484,0.34,0.,0.34,2.059,0.003,2.055,0.007,0.,0.007,1.168,0.,1.168,0.007,0.,0.007
300,2.769,0.027,2.741,1.582,0.012,1.57,0.527,0.,0.527,0.343,0.003,0.339,2.232,0.027,2.204,0.007,0.,0.007,1.228,0.008,1.22,0.009,0.,0.009
310,3.013,0.003,3.009,1.699,0.,1.699,0.52,0.,0.52,0.388,0.,0.388,2.478,0.003,2.474,0.012,0.,0.012,1.3,0.,1.3,0.009,0.,0.009
320,3.533,0.036,3.492,1.841,0.,1.84,0.61,0.003,0.607,0.459,0.,0.459,2.91,0.032,2.873,0.01,0.,0.01,1.365,0.,1.365,0.013,0.,0.013
330,3.284,0.,3.284,1.921,0.015,1.904,0.604,0.,0.604,0.437,0.007,0.429,2.669,0.,2.669,0.008,0.,0.008,1.466,0.003,1.462,0.014,0.004,0.01
340,3.611,0.007,3.603,2.204,0.012,2.192,0.674,0.,0.674,0.499,0.,0.499,2.927,0.007,2.918,0.008,0.,0.008,1.693,0.012,1.681,0.009,0.,0.009
350,3.581,0.027,3.553,2.249,0.02,2.229,0.657,0.012,0.645,0.506,0.007,0.498,2.914,0.015,2.898,0.008,0.,0.008,1.727,0.012,1.715,0.014,0.,0.014
360,3.963,0.027,3.935,2.349,0.,2.349,0.73,0.003,0.726,0.51,0.,0.51,3.221,0.023,3.196,0.01,0.,0.01,1.822,0.,1.822,0.014,0.,0.014
370,4.317,0.007,4.308,2.611,0.,2.611,0.748,0.,0.748,0.553,0.,0.553,3.556,0.007,3.548,0.01,0.,0.01,2.044,0.,2.044,0.011,0.,0.011
380,4.788,0.003,4.784,3.024,0.011,3.011,0.798,0.,0.798,0.623,0.,0.623,3.978,0.003,3.974,0.01,0.,0.01,2.385,0.011,2.373,0.013,0.,0.013
390,4.954,0.,4.954,2.858,0.003,2.854,0.88,0.,0.88,0.61,0.,0.61,4.06,0.,4.059,0.011,0.,0.011,2.233,0.003,2.229,0.012,0.,0.012
400,4.986,0.015,4.97,2.98,0.059,2.92,0.861,0.,0.861,0.636,0.003,0.632,4.111,0.015,4.095,0.012,0.,0.012,2.329,0.056,2.273,0.013,0.,0.013