param-n,abstract-regression-quadratic-real,abstract-regression-quadratic-sys,abstract-regression-quadratic-user,close-abstract-regression-quadratic-real,close-abstract-regression-quadratic-sys,close-abstract-regression-quadratic-user,ssr-rewrite!-regression-quadratic-real,ssr-rewrite!-regression-quadratic-sys,ssr-rewrite!-regression-quadratic-user,ssr-rewrite?-noop-regression-linear-real,ssr-rewrite?-noop-regression-linear-sys,ssr-rewrite?-noop-regression-linear-user
1,0.001,0.,0.,0.,0.,0.,0.,0.,0.,0.,0.,0.
2,0.001,0.,0.001,0.,0.,0.,0.,0.,0.,0.,0.,0.
3,0.001,0.,0.001,0.,0.,0.,0.,0.,0.,0.,0.,0.
4,0.001,0.,0.001,0.,0.,0.,0.,0.,0.,0.,0.,0.
5,0.001,0.,0.001,0.,0.,0.,0.001,0.,0.001,0.,0.,0.
6,0.002,0.,0.002,0.,0.,0.,0.001,0.,0.001,0.,0.,0.
7,0.002,0.,0.002,0.,0.,0.,0.001,0.,0.001,0.,0.,0.
8,0.003,0.,0.002,0.,0.,0.,0.001,0.,0.001,0.,0.,0.
9,0.003,0.002,0.001,0.001,0.,0.001,0.002,0.002,0.,0.,0.,0.
10,0.003,0.,0.003,0.001,0.,0.001,0.002,0.,0.002,0.,0.,0.
11,0.004,0.,0.004,0.001,0.,0.001,0.003,0.,0.003,0.,0.,0.
12,0.005,0.003,0.001,0.001,0.,0.001,0.003,0.003,0.,0.,0.,0.
13,0.007,0.,0.005,0.003,0.,0.001,0.003,0.,0.003,0.,0.,0.
14,0.005,0.,0.004,0.001,0.,0.001,0.003,0.,0.003,0.,0.,0.
15,0.005,0.,0.005,0.001,0.,0.001,0.003,0.,0.003,0.,0.,0.
16,0.005,0.,0.005,0.001,0.,0.001,0.003,0.,0.003,0.,0.,0.
17,0.006,0.,0.006,0.001,0.,0.001,0.004,0.,0.004,0.,0.,0.
18,0.007,0.,0.007,0.002,0.,0.002,0.004,0.,0.004,0.,0.,0.
19,0.007,0.,0.007,0.002,0.,0.002,0.005,0.,0.005,0.,0.,0.
20,0.008,0.,0.008,0.002,0.,0.002,0.005,0.,0.005,0.,0.,0.
21,0.01,0.,0.01,0.002,0.,0.002,0.007,0.,0.007,0.,0.,0.
22,0.009,0.,0.009,0.002,0.,0.002,0.006,0.,0.006,0.,0.,0.
23,0.01,0.,0.01,0.003,0.,0.003,0.007,0.,0.007,0.,0.,0.
24,0.011,0.,0.011,0.003,0.,0.003,0.007,0.,0.007,0.,0.,0.
25,0.083,0.,0.083,0.075,0.,0.075,0.008,0.,0.008,0.,0.,0.
26,0.013,0.,0.013,0.004,0.,0.004,0.008,0.,0.008,0.,0.,0.
27,0.014,0.,0.014,0.004,0.,0.004,0.009,0.,0.009,0.,0.,0.
28,0.014,0.,0.014,0.004,0.,0.004,0.009,0.,0.009,0.,0.,0.
29,0.016,0.,0.016,0.004,0.,0.004,0.011,0.,0.011,0.,0.,0.
30,0.017,0.,0.017,0.005,0.,0.005,0.011,0.,0.011,0.,0.,0.
31,0.018,0.,0.018,0.005,0.,0.005,0.012,0.,0.012,0.,0.,0.
32,0.036,0.,0.036,0.005,0.,0.005,0.03,0.,0.03,0.,0.,0.
33,0.019,0.,0.019,0.006,0.,0.006,0.013,0.,0.013,0.,0.,0.
34,0.021,0.,0.021,0.007,0.,0.007,0.014,0.,0.014,0.,0.,0.
35,0.022,0.,0.022,0.006,0.,0.006,0.014,0.,0.014,0.,0.,0.
36,0.023,0.,0.023,0.007,0.,0.007,0.015,0.,0.015,0.,0.,0.
37,0.024,0.,0.024,0.007,0.,0.007,0.016,0.,0.016,0.,0.,0.
38,0.027,0.,0.027,0.009,0.,0.009,0.017,0.,0.017,0.,0.,0.
39,0.027,0.,0.027,0.008,0.,0.008,0.018,0.,0.018,0.,0.,0.
40,0.039,0.,0.039,0.008,0.,0.008,0.03,0.,0.03,0.,0.,0.
41,0.029,0.,0.029,0.009,0.,0.009,0.019,0.,0.019,0.,0.,0.
42,0.031,0.,0.031,0.009,0.,0.009,0.021,0.,0.021,0.,0.,0.
43,0.046,0.,0.046,0.024,0.,0.024,0.021,0.,0.021,0.,0.,0.
44,0.033,0.,0.033,0.01,0.,0.01,0.022,0.,0.022,0.,0.,0.
45,0.036,0.,0.035,0.01,0.,0.01,0.024,0.,0.024,0.,0.,0.
46,0.038,0.,0.038,0.011,0.,0.011,0.026,0.,0.026,0.,0.,0.
47,0.109,0.,0.109,0.083,0.,0.083,0.025,0.,0.025,0.,0.,0.
48,0.039,0.,0.039,0.012,0.,0.012,0.026,0.,0.026,0.,0.,0.
49,0.041,0.,0.041,0.012,0.,0.012,0.027,0.,0.027,0.,0.,0.
50,0.092,0.015,0.076,0.054,0.012,0.041,0.037,0.003,0.034,0.,0.,0.
51,0.062,0.,0.062,0.013,0.,0.013,0.047,0.,0.047,0.,0.,0.
52,0.046,0.,0.046,0.014,0.,0.014,0.031,0.,0.031,0.,0.,0.
53,0.047,0.,0.047,0.014,0.,0.014,0.032,0.,0.032,0.,0.,0.
54,0.05,0.,0.05,0.015,0.,0.015,0.034,0.,0.034,0.,0.,0.
55,0.051,0.,0.051,0.015,0.,0.015,0.034,0.,0.034,0.,0.,0.
56,0.054,0.,0.054,0.016,0.,0.016,0.036,0.,0.036,0.,0.,0.
57,0.055,0.,0.055,0.017,0.,0.017,0.037,0.,0.037,0.,0.,0.
58,0.057,0.,0.057,0.018,0.,0.018,0.038,0.,0.038,0.,0.,0.
59,0.059,0.,0.059,0.019,0.,0.019,0.039,0.,0.039,0.,0.,0.
60,0.061,0.,0.061,0.018,0.,0.018,0.041,0.,0.041,0.,0.,0.
61,0.063,0.,0.063,0.019,0.,0.019,0.043,0.,0.043,0.,0.,0.
62,0.066,0.,0.066,0.021,0.,0.021,0.044,0.,0.044,0.,0.,0.
63,0.067,0.,0.067,0.02,0.,0.02,0.045,0.,0.045,0.,0.,0.
64,0.07,0.,0.07,0.021,0.,0.021,0.047,0.,0.047,0.,0.,0.
65,0.071,0.,0.071,0.023,0.,0.023,0.047,0.,0.047,0.,0.,0.
66,0.072,0.,0.072,0.022,0.,0.022,0.049,0.,0.049,0.,0.,0.
67,0.075,0.,0.075,0.023,0.,0.023,0.05,0.,0.05,0.,0.,0.
68,0.078,0.,0.078,0.024,0.,0.024,0.052,0.,0.052,0.,0.,0.
69,0.08,0.,0.08,0.024,0.,0.024,0.055,0.,0.055,0.,0.,0.
70,0.083,0.,0.083,0.026,0.,0.026,0.056,0.,0.056,0.,0.,0.
71,0.086,0.,0.086,0.028,0.,0.028,0.057,0.,0.057,0.,0.,0.
72,0.086,0.,0.086,0.027,0.,0.027,0.058,0.,0.058,0.,0.,0.
73,0.087,0.,0.087,0.027,0.,0.027,0.059,0.,0.059,0.,0.,0.
74,0.09,0.,0.09,0.028,0.,0.028,0.06,0.,0.06,0.,0.,0.
75,0.093,0.,0.093,0.029,0.,0.029,0.063,0.,0.063,0.,0.,0.
76,0.096,0.,0.096,0.03,0.,0.03,0.064,0.,0.064,0.,0.,0.
77,0.099,0.003,0.095,0.031,0.,0.031,0.066,0.003,0.062,0.,0.,0.
78,0.1,0.,0.1,0.031,0.,0.031,0.067,0.,0.067,0.,0.,0.
79,0.104,0.,0.104,0.033,0.,0.033,0.069,0.,0.069,0.,0.,0.
80,0.105,0.,0.105,0.032,0.,0.032,0.071,0.,0.071,0.,0.,0.
81,0.108,0.,0.108,0.035,0.,0.035,0.072,0.,0.072,0.,0.,0.
82,0.112,0.,0.112,0.036,0.,0.036,0.074,0.,0.074,0.,0.,0.
83,0.115,0.,0.115,0.037,0.,0.037,0.076,0.,0.076,0.,0.,0.
84,0.121,0.003,0.117,0.039,0.,0.039,0.081,0.003,0.077,0.,0.,0.
85,0.125,0.,0.125,0.039,0.,0.039,0.084,0.,0.084,0.,0.,0.
86,0.13,0.,0.13,0.037,0.,0.037,0.092,0.,0.092,0.,0.,0.
87,0.138,0.,0.138,0.043,0.,0.043,0.093,0.,0.093,0.,0.,0.
88,0.133,0.003,0.128,0.043,0.,0.043,0.088,0.003,0.084,0.,0.,0.
89,0.134,0.,0.134,0.043,0.,0.043,0.089,0.,0.089,0.,0.,0.
90,0.146,0.,0.146,0.048,0.,0.048,0.097,0.,0.096,0.,0.,0.
91,0.139,0.,0.139,0.044,0.,0.044,0.093,0.,0.093,0.,0.,0.
92,0.154,0.,0.154,0.051,0.,0.051,0.101,0.,0.101,0.,0.,0.
93,0.15,0.003,0.146,0.052,0.,0.052,0.096,0.003,0.092,0.,0.,0.
94,0.149,0.,0.149,0.048,0.,0.048,0.099,0.,0.099,0.,0.,0.
95,0.161,0.,0.161,0.052,0.,0.052,0.108,0.,0.108,0.,0.,0.
96,0.155,0.,0.155,0.054,0.,0.054,0.099,0.,0.099,0.,0.,0.
97,0.158,0.007,0.15,0.051,0.003,0.047,0.106,0.003,0.102,0.,0.,0.
98,0.165,0.,0.165,0.052,0.,0.052,0.112,0.,0.112,0.,0.,0.
99,0.163,0.,0.163,0.053,0.,0.053,0.108,0.,0.108,0.,0.,0.
100,0.233,0.,0.233,0.053,0.,0.053,0.179,0.,0.179,0.,0.,0.
110,0.206,0.,0.206,0.065,0.,0.065,0.139,0.,0.139,0.,0.,0.
120,0.246,0.003,0.242,0.081,0.,0.081,0.164,0.003,0.16,0.,0.,0.
130,0.288,0.,0.288,0.098,0.,0.098,0.189,0.,0.189,0.,0.,0.
140,0.327,0.,0.327,0.107,0.,0.107,0.218,0.,0.218,0.,0.,0.
150,0.396,0.,0.396,0.144,0.,0.144,0.251,0.,0.251,0.,0.,0.
160,0.443,0.,0.442,0.148,0.,0.148,0.292,0.,0.292,0.,0.,0.
170,0.505,0.,0.505,0.174,0.,0.174,0.33,0.,0.33,0.,0.,0.
180,0.535,0.007,0.527,0.169,0.,0.169,0.364,0.007,0.356,0.,0.,0.
190,0.599,0.,0.599,0.198,0.,0.198,0.399,0.,0.399,0.,0.,0.
200,0.739,0.007,0.732,0.232,0.007,0.225,0.505,0.,0.505,0.,0.,0.
210,0.722,0.,0.722,0.241,0.,0.241,0.48,0.,0.48,0.,0.,0.
220,0.822,0.,0.822,0.285,0.,0.285,0.536,0.,0.536,0.,0.,0.
230,0.873,0.003,0.869,0.279,0.003,0.275,0.592,0.,0.592,0.,0.,0.
240,0.947,0.003,0.943,0.308,0.,0.307,0.637,0.003,0.633,0.,0.,0.
250,1.052,0.003,1.048,0.373,0.,0.372,0.678,0.003,0.674,0.,0.,0.
260,1.119,0.,1.119,0.388,0.,0.388,0.728,0.,0.728,0.,0.,0.
270,1.193,0.,1.193,0.392,0.,0.392,0.799,0.,0.798,0.,0.,0.
280,1.266,0.,1.266,0.417,0.,0.417,0.847,0.,0.847,0.,0.,0.
290,1.401,0.003,1.397,0.459,0.,0.459,0.939,0.003,0.935,0.,0.,0.
300,1.459,0.,1.459,0.485,0.,0.484,0.973,0.,0.973,0.,0.,0.
310,1.553,0.,1.553,0.509,0.,0.509,1.041,0.,1.041,0.,0.,0.
320,1.684,0.,1.684,0.54,0.,0.54,1.141,0.,1.141,0.,0.,0.
330,1.763,0.,1.762,0.578,0.,0.578,1.182,0.,1.182,0.,0.,0.
340,1.871,0.003,1.867,0.583,0.003,0.579,1.285,0.,1.285,0.,0.,0.
350,1.985,0.007,1.977,0.648,0.007,0.64,1.335,0.,1.335,0.,0.,0.
360,2.092,0.003,2.085,0.684,0.,0.683,1.405,0.003,1.399,0.,0.,0.
370,2.248,0.011,2.236,0.737,0.011,0.725,1.509,0.,1.509,0.,0.,0.
380,2.358,0.,2.358,0.798,0.,0.798,1.557,0.,1.557,0.,0.,0.
390,2.462,0.,2.462,0.812,0.,0.812,1.648,0.,1.647,0.,0.,0.
400,2.522,0.007,2.514,0.821,0.,0.821,1.699,0.007,1.691,0.,0.,0.