param-n,abstract-regression-cubic-real,abstract-regression-cubic-sys,abstract-regression-cubic-user,close-abstract-regression-cubic-real,close-abstract-regression-cubic-sys,close-abstract-regression-cubic-user,fast-rewrite-regression-cubic-real,fast-rewrite-regression-cubic-sys,fast-rewrite-regression-cubic-user,pose-build-and-refine-regression-cubic-real,pose-build-and-refine-regression-cubic-sys,pose-build-and-refine-regression-cubic-user,refine-regression-quadratic-regression-linear-real,refine-regression-quadratic-regression-linear-sys,refine-regression-quadratic-regression-linear-user
1,0.001,0.,0.001,0.,0.,0.,0.,0.,0.,0.,0.,0.,0.,0.,0.
2,0.001,0.,0.001,0.,0.,0.,0.,0.,0.,0.,0.,0.,0.,0.,0.
3,0.001,0.,0.001,0.,0.,0.,0.001,0.,0.001,0.,0.,0.,0.,0.,0.
4,0.001,0.,0.001,0.,0.,0.,0.001,0.,0.,0.001,0.,0.,0.,0.,0.
5,0.001,0.001,0.,0.,0.,0.,0.001,0.001,0.,0.001,0.001,0.,0.,0.,0.
6,0.001,0.001,0.,0.,0.,0.,0.001,0.001,0.,0.001,0.001,0.,0.,0.,0.
7,0.002,0.002,0.,0.,0.,0.,0.001,0.001,0.,0.001,0.001,0.,0.,0.,0.
8,0.002,0.001,0.,0.,0.,0.,0.001,0.001,0.,0.001,0.001,0.,0.,0.,0.
9,0.002,0.,0.002,0.,0.,0.,0.002,0.,0.002,0.002,0.,0.002,0.,0.,0.
10,0.002,0.,0.002,0.,0.,0.,0.002,0.,0.002,0.002,0.,0.002,0.,0.,0.
11,0.002,0.,0.002,0.,0.,0.,0.001,0.,0.001,0.001,0.,0.001,0.,0.,0.
12,0.002,0.,0.002,0.,0.,0.,0.002,0.,0.002,0.002,0.,0.002,0.,0.,0.
13,0.003,0.002,0.,0.,0.,0.,0.002,0.002,0.,0.002,0.002,0.,0.,0.,0.
14,0.003,0.003,0.,0.,0.,0.,0.002,0.002,0.,0.002,0.002,0.,0.,0.,0.
15,0.003,0.003,0.,0.,0.,0.,0.002,0.002,0.,0.002,0.002,0.,0.,0.,0.
16,0.003,0.,0.003,0.,0.,0.,0.002,0.,0.002,0.002,0.,0.002,0.,0.,0.
17,0.054,0.019,0.034,0.,0.,0.,0.053,0.018,0.034,0.053,0.018,0.034,0.,0.,0.
18,0.002,0.,0.002,0.,0.,0.,0.002,0.,0.002,0.002,0.,0.002,0.,0.,0.
19,0.003,0.,0.003,0.,0.,0.,0.002,0.,0.002,0.002,0.,0.002,0.,0.,0.
20,0.003,0.,0.002,0.,0.,0.,0.002,0.,0.001,0.002,0.,0.001,0.,0.,0.
21,0.003,0.,0.003,0.,0.,0.,0.002,0.,0.002,0.002,0.,0.002,0.,0.,0.
22,0.003,0.,0.003,0.,0.,0.,0.002,0.,0.002,0.002,0.,0.002,0.,0.,0.
23,0.003,0.,0.003,0.,0.,0.,0.002,0.,0.002,0.002,0.,0.002,0.,0.,0.
24,0.003,0.,0.003,0.,0.,0.,0.002,0.,0.002,0.002,0.,0.002,0.,0.,0.
25,0.004,0.,0.004,0.,0.,0.,0.002,0.,0.002,0.002,0.,0.002,0.,0.,0.
26,0.004,0.,0.004,0.,0.,0.,0.003,0.,0.003,0.003,0.,0.003,0.,0.,0.
27,0.004,0.,0.004,0.,0.,0.,0.003,0.,0.003,0.003,0.,0.003,0.,0.,0.
28,0.004,0.,0.004,0.001,0.,0.001,0.003,0.,0.003,0.003,0.,0.003,0.,0.,0.
29,0.004,0.,0.004,0.001,0.,0.001,0.003,0.,0.003,0.003,0.,0.003,0.,0.,0.
30,0.006,0.,0.006,0.002,0.,0.002,0.004,0.,0.003,0.004,0.,0.003,0.,0.,0.
31,0.005,0.,0.005,0.001,0.,0.001,0.004,0.,0.003,0.004,0.,0.003,0.,0.,0.
32,0.005,0.,0.005,0.001,0.,0.001,0.004,0.,0.003,0.004,0.,0.003,0.,0.,0.
33,0.005,0.,0.005,0.001,0.,0.001,0.003,0.,0.003,0.003,0.,0.003,0.,0.,0.
34,0.006,0.,0.005,0.001,0.,0.001,0.004,0.,0.004,0.004,0.,0.004,0.,0.,0.
35,0.005,0.,0.005,0.001,0.,0.001,0.004,0.,0.004,0.004,0.,0.004,0.,0.,0.
36,0.006,0.,0.006,0.001,0.,0.001,0.004,0.,0.004,0.004,0.,0.004,0.,0.,0.
37,0.006,0.,0.006,0.001,0.,0.001,0.004,0.,0.004,0.004,0.,0.004,0.,0.,0.
38,0.006,0.,0.006,0.001,0.,0.001,0.004,0.,0.004,0.004,0.,0.004,0.,0.,0.
39,0.006,0.,0.006,0.001,0.,0.001,0.004,0.,0.004,0.004,0.,0.004,0.,0.,0.
40,0.083,0.,0.083,0.001,0.,0.001,0.081,0.,0.081,0.081,0.,0.081,0.,0.,0.
41,0.007,0.,0.007,0.001,0.,0.001,0.005,0.,0.005,0.005,0.,0.005,0.,0.,0.
42,0.007,0.,0.007,0.001,0.,0.001,0.005,0.,0.005,0.005,0.,0.005,0.,0.,0.
43,0.007,0.,0.007,0.001,0.,0.001,0.005,0.,0.005,0.005,0.,0.005,0.,0.,0.
44,0.007,0.,0.007,0.001,0.,0.001,0.005,0.,0.005,0.005,0.,0.005,0.,0.,0.
45,0.007,0.,0.007,0.002,0.,0.002,0.005,0.,0.005,0.005,0.,0.005,0.,0.,0.
46,0.008,0.,0.008,0.002,0.,0.002,0.005,0.,0.005,0.005,0.,0.005,0.,0.,0.
47,0.009,0.,0.009,0.003,0.,0.003,0.005,0.,0.005,0.005,0.,0.005,0.,0.,0.
48,0.008,0.,0.008,0.002,0.,0.002,0.005,0.,0.005,0.005,0.,0.005,0.,0.,0.
49,0.008,0.,0.008,0.002,0.,0.002,0.006,0.,0.006,0.006,0.,0.006,0.,0.,0.
50,0.012,0.004,0.008,0.003,0.003,0.,0.009,0.001,0.008,0.009,0.001,0.008,0.001,0.001,0.
51,0.009,0.,0.009,0.002,0.,0.002,0.006,0.,0.006,0.006,0.,0.006,0.,0.,0.
52,0.009,0.,0.009,0.002,0.,0.002,0.006,0.,0.006,0.006,0.,0.006,0.,0.,0.
53,0.009,0.,0.009,0.002,0.,0.002,0.006,0.,0.006,0.006,0.,0.006,0.,0.,0.
54,0.009,0.,0.009,0.002,0.,0.002,0.006,0.,0.006,0.006,0.,0.006,0.,0.,0.
55,0.028,0.,0.028,0.002,0.,0.002,0.025,0.,0.025,0.025,0.,0.025,0.,0.,0.
56,0.01,0.,0.01,0.003,0.,0.003,0.007,0.,0.007,0.006,0.,0.006,0.,0.,0.
57,0.01,0.,0.01,0.003,0.,0.003,0.007,0.,0.007,0.007,0.,0.007,0.,0.,0.
58,0.01,0.,0.01,0.003,0.,0.003,0.007,0.,0.007,0.007,0.,0.007,0.,0.,0.
59,0.011,0.,0.011,0.003,0.,0.003,0.007,0.,0.007,0.007,0.,0.007,0.,0.,0.
60,0.012,0.,0.012,0.004,0.,0.004,0.007,0.,0.007,0.007,0.,0.007,0.,0.,0.
61,0.011,0.,0.011,0.003,0.,0.003,0.007,0.,0.007,0.007,0.,0.007,0.,0.,0.
62,0.011,0.,0.011,0.003,0.,0.003,0.007,0.,0.007,0.007,0.,0.007,0.,0.,0.
63,0.012,0.,0.012,0.003,0.,0.003,0.008,0.,0.008,0.007,0.,0.007,0.,0.,0.
64,0.012,0.,0.012,0.003,0.,0.003,0.008,0.,0.008,0.008,0.,0.008,0.,0.,0.
65,0.012,0.,0.012,0.004,0.,0.004,0.008,0.,0.008,0.008,0.,0.008,0.,0.,0.
66,0.013,0.,0.013,0.004,0.,0.004,0.008,0.,0.008,0.008,0.,0.008,0.,0.,0.
67,0.013,0.002,0.01,0.004,0.,0.004,0.008,0.001,0.006,0.008,0.001,0.006,0.,0.,0.
68,0.013,0.,0.013,0.004,0.,0.004,0.008,0.,0.008,0.008,0.,0.008,0.,0.,0.
69,0.013,0.,0.013,0.004,0.,0.004,0.008,0.,0.008,0.008,0.,0.008,0.,0.,0.
70,0.015,0.,0.015,0.004,0.,0.004,0.01,0.,0.01,0.01,0.,0.01,0.002,0.,0.002
71,0.014,0.,0.014,0.004,0.,0.004,0.009,0.,0.009,0.009,0.,0.009,0.,0.,0.
72,0.014,0.,0.014,0.004,0.,0.004,0.009,0.,0.009,0.009,0.,0.009,0.,0.,0.
73,0.015,0.,0.015,0.005,0.,0.005,0.009,0.,0.009,0.009,0.,0.009,0.,0.,0.
74,0.015,0.,0.015,0.005,0.,0.005,0.009,0.,0.009,0.009,0.,0.009,0.,0.,0.
75,0.025,0.,0.025,0.005,0.,0.005,0.019,0.,0.019,0.019,0.,0.019,0.,0.,0.
76,0.015,0.,0.015,0.005,0.,0.005,0.009,0.,0.009,0.009,0.,0.009,0.,0.,0.
77,0.016,0.,0.016,0.005,0.,0.005,0.01,0.,0.01,0.01,0.,0.01,0.,0.,0.
78,0.016,0.,0.016,0.005,0.,0.005,0.01,0.,0.01,0.01,0.,0.01,0.,0.,0.
79,0.018,0.,0.018,0.005,0.,0.005,0.011,0.,0.011,0.011,0.,0.011,0.,0.,0.
80,0.017,0.,0.017,0.006,0.,0.006,0.01,0.,0.01,0.01,0.,0.01,0.,0.,0.
81,0.017,0.,0.017,0.006,0.,0.006,0.01,0.,0.01,0.01,0.,0.01,0.,0.,0.
82,0.017,0.,0.017,0.006,0.,0.006,0.01,0.,0.01,0.01,0.,0.01,0.,0.,0.
83,0.031,0.,0.031,0.006,0.,0.006,0.024,0.,0.024,0.024,0.,0.024,0.001,0.,0.001
84,0.018,0.,0.018,0.006,0.,0.006,0.011,0.,0.011,0.011,0.,0.011,0.001,0.,0.001
85,0.018,0.,0.018,0.006,0.,0.006,0.011,0.,0.011,0.011,0.,0.011,0.,0.,0.
86,0.02,0.,0.02,0.008,0.,0.008,0.011,0.,0.011,0.011,0.,0.011,0.001,0.,0.001
87,0.019,0.,0.019,0.007,0.,0.007,0.011,0.,0.011,0.011,0.,0.011,0.001,0.,0.001
88,0.019,0.,0.019,0.007,0.,0.007,0.011,0.,0.011,0.011,0.,0.011,0.001,0.,0.001
89,0.02,0.,0.02,0.007,0.,0.007,0.012,0.,0.012,0.012,0.,0.012,0.001,0.,0.001
90,0.021,0.,0.021,0.007,0.,0.007,0.013,0.,0.013,0.013,0.,0.013,0.001,0.,0.001
91,0.021,0.,0.021,0.008,0.,0.008,0.012,0.,0.012,0.012,0.,0.012,0.001,0.,0.001
92,0.021,0.,0.021,0.008,0.,0.008,0.012,0.,0.012,0.012,0.,0.012,0.001,0.,0.001
93,0.098,0.,0.098,0.008,0.,0.008,0.089,0.,0.089,0.089,0.,0.089,0.001,0.,0.001
94,0.022,0.,0.022,0.008,0.,0.008,0.012,0.,0.012,0.012,0.,0.012,0.001,0.,0.001
95,0.022,0.,0.022,0.008,0.,0.008,0.012,0.,0.012,0.012,0.,0.012,0.001,0.,0.001
96,0.024,0.,0.024,0.01,0.,0.01,0.013,0.,0.013,0.013,0.,0.013,0.001,0.,0.001
97,0.023,0.,0.023,0.009,0.,0.009,0.013,0.,0.013,0.013,0.,0.013,0.001,0.,0.001
98,0.023,0.,0.023,0.009,0.,0.009,0.013,0.,0.013,0.013,0.,0.013,0.001,0.,0.001
99,0.043,0.,0.043,0.029,0.,0.029,0.013,0.,0.013,0.013,0.,0.013,0.001,0.,0.001
100,0.032,0.017,0.014,0.012,0.,0.012,0.02,0.017,0.002,0.02,0.017,0.002,0.001,0.,0.
110,0.028,0.,0.028,0.012,0.,0.012,0.015,0.,0.015,0.015,0.,0.015,0.001,0.,0.001
120,0.033,0.,0.033,0.015,0.,0.015,0.017,0.,0.017,0.017,0.,0.017,0.001,0.,0.001
130,0.04,0.,0.04,0.018,0.,0.018,0.021,0.,0.021,0.021,0.,0.021,0.001,0.,0.001
140,0.044,0.,0.044,0.022,0.,0.021,0.021,0.,0.021,0.021,0.,0.021,0.001,0.,0.001
150,0.102,0.026,0.076,0.026,0.,0.026,0.076,0.025,0.05,0.076,0.025,0.05,0.001,0.,0.001
160,0.056,0.,0.056,0.03,0.,0.03,0.025,0.,0.025,0.025,0.,0.025,0.001,0.,0.001
170,0.064,0.,0.064,0.036,0.,0.036,0.027,0.,0.027,0.027,0.,0.027,0.002,0.,0.002
180,0.072,0.,0.072,0.042,0.,0.042,0.029,0.,0.029,0.029,0.,0.029,0.002,0.,0.002
190,0.081,0.,0.081,0.048,0.,0.048,0.032,0.,0.032,0.032,0.,0.032,0.002,0.,0.002
200,0.095,0.,0.095,0.061,0.,0.061,0.034,0.,0.034,0.034,0.,0.034,0.002,0.,0.002
210,0.103,0.,0.103,0.066,0.,0.066,0.036,0.,0.036,0.036,0.,0.036,0.002,0.,0.002
220,0.114,0.,0.114,0.074,0.,0.074,0.039,0.,0.039,0.039,0.,0.039,0.002,0.,0.002
230,0.131,0.,0.131,0.088,0.,0.088,0.041,0.,0.041,0.041,0.,0.041,0.002,0.,0.002
240,0.143,0.,0.143,0.098,0.,0.098,0.044,0.,0.044,0.044,0.,0.044,0.002,0.,0.002
250,0.23,0.,0.23,0.183,0.,0.182,0.047,0.,0.047,0.047,0.,0.047,0.003,0.,0.003
260,0.172,0.,0.172,0.122,0.,0.122,0.049,0.,0.049,0.049,0.,0.049,0.003,0.,0.003
270,0.188,0.,0.188,0.131,0.,0.131,0.055,0.,0.055,0.055,0.,0.055,0.006,0.,0.006
280,0.208,0.,0.208,0.146,0.,0.146,0.061,0.,0.061,0.061,0.,0.061,0.002,0.,0.002
290,0.226,0.,0.226,0.163,0.,0.163,0.062,0.,0.062,0.062,0.,0.062,0.003,0.,0.003
300,0.248,0.003,0.244,0.18,0.,0.18,0.068,0.003,0.064,0.068,0.003,0.064,0.009,0.003,0.005
310,0.263,0.,0.263,0.197,0.,0.197,0.065,0.,0.065,0.065,0.,0.065,0.003,0.,0.003
320,0.292,0.,0.292,0.219,0.,0.219,0.072,0.,0.072,0.072,0.,0.072,0.003,0.,0.003
330,0.313,0.,0.313,0.236,0.,0.236,0.076,0.,0.076,0.076,0.,0.076,0.01,0.,0.01
340,0.346,0.,0.346,0.266,0.,0.266,0.079,0.,0.079,0.079,0.,0.079,0.004,0.,0.004
350,0.39,0.003,0.386,0.293,0.003,0.289,0.097,0.,0.097,0.097,0.,0.097,0.004,0.,0.004
360,0.412,0.003,0.408,0.318,0.,0.318,0.092,0.003,0.088,0.092,0.003,0.088,0.003,0.,0.003
370,0.439,0.003,0.435,0.346,0.,0.346,0.092,0.003,0.088,0.092,0.003,0.088,0.003,0.,0.003
380,0.47,0.004,0.466,0.372,0.,0.372,0.096,0.003,0.092,0.096,0.003,0.092,0.003,0.,0.003
390,0.503,0.,0.503,0.401,0.,0.401,0.1,0.,0.1,0.1,0.,0.1,0.004,0.,0.004
400,0.525,0.003,0.521,0.428,0.003,0.424,0.096,0.,0.096,0.096,0.,0.096,0.004,0.,0.004
500,0.966,0.003,0.962,0.816,0.,0.816,0.148,0.003,0.144,0.148,0.003,0.144,0.005,0.,0.005
600,1.594,0.003,1.59,1.389,0.,1.389,0.203,0.003,0.199,0.203,0.003,0.199,0.006,0.,0.006
700,2.463,0.007,2.454,2.196,0.003,2.192,0.264,0.004,0.26,0.264,0.004,0.26,0.01,0.,0.01
800,3.643,0.007,3.634,3.316,0.003,3.312,0.325,0.004,0.321,0.325,0.004,0.321,0.008,0.,0.008
900,5.072,0.016,5.056,4.629,0.012,4.616,0.442,0.003,0.438,0.442,0.003,0.438,0.009,0.,0.009
1000,6.832,0.015,6.816,6.343,0.015,6.327,0.487,0.,0.487,0.487,0.,0.487,0.014,0.,0.014