param-n,fast-rewrite-regression-cubic-real,fast-rewrite-regression-cubic-sys,fast-rewrite-regression-cubic-user,pose-build-and-refine-regression-cubic-real,pose-build-and-refine-regression-cubic-sys,pose-build-and-refine-regression-cubic-user,refine-regression-quadratic-regression-linear-real,refine-regression-quadratic-regression-linear-sys,refine-regression-quadratic-regression-linear-user
1,0.,0.,0.,0.,0.,0.,0.,0.,0.
2,0.,0.,0.,0.,0.,0.,0.,0.,0.
3,0.001,0.,0.,0.,0.,0.,0.,0.,0.
4,0.,0.,0.,0.,0.,0.,0.,0.,0.
5,0.,0.,0.,0.,0.,0.,0.,0.,0.
6,0.,0.,0.,0.,0.,0.,0.,0.,0.
7,0.,0.,0.,0.,0.,0.,0.,0.,0.
8,0.001,0.,0.001,0.001,0.,0.001,0.,0.,0.
9,0.001,0.,0.001,0.001,0.,0.001,0.,0.,0.
10,0.001,0.,0.001,0.001,0.,0.001,0.,0.,0.
11,0.001,0.,0.001,0.001,0.,0.001,0.,0.,0.
12,0.001,0.,0.001,0.001,0.,0.001,0.,0.,0.
13,0.001,0.,0.001,0.001,0.,0.001,0.,0.,0.
14,0.001,0.,0.001,0.001,0.,0.001,0.,0.,0.
15,0.001,0.,0.001,0.001,0.,0.001,0.,0.,0.
16,0.001,0.,0.001,0.001,0.,0.001,0.,0.,0.
17,0.002,0.,0.002,0.002,0.,0.002,0.,0.,0.
18,0.002,0.,0.002,0.002,0.,0.002,0.,0.,0.
19,0.002,0.,0.002,0.002,0.,0.002,0.,0.,0.
20,0.002,0.,0.002,0.002,0.,0.002,0.,0.,0.
21,0.002,0.,0.002,0.002,0.,0.002,0.,0.,0.
22,0.013,0.,0.013,0.013,0.,0.013,0.,0.,0.
23,0.002,0.,0.002,0.002,0.,0.002,0.,0.,0.
24,0.002,0.,0.002,0.002,0.,0.002,0.,0.,0.
25,0.002,0.,0.002,0.002,0.,0.002,0.,0.,0.
26,0.003,0.,0.003,0.003,0.,0.003,0.,0.,0.
27,0.003,0.,0.003,0.003,0.,0.003,0.,0.,0.
28,0.003,0.,0.003,0.003,0.,0.003,0.,0.,0.
29,0.003,0.,0.003,0.003,0.,0.003,0.,0.,0.
30,0.003,0.,0.003,0.003,0.,0.003,0.,0.,0.
31,0.003,0.,0.003,0.003,0.,0.003,0.,0.,0.
32,0.003,0.,0.003,0.003,0.,0.003,0.,0.,0.
33,0.004,0.,0.004,0.003,0.,0.003,0.,0.,0.
34,0.004,0.,0.004,0.004,0.,0.004,0.,0.,0.
35,0.004,0.,0.004,0.004,0.,0.004,0.,0.,0.
36,0.081,0.,0.081,0.081,0.,0.081,0.,0.,0.
37,0.004,0.,0.004,0.004,0.,0.004,0.,0.,0.
38,0.004,0.,0.004,0.004,0.,0.004,0.,0.,0.
39,0.004,0.,0.004,0.004,0.,0.004,0.,0.,0.
40,0.004,0.,0.004,0.004,0.,0.004,0.,0.,0.
41,0.005,0.,0.005,0.004,0.,0.004,0.,0.,0.
42,0.005,0.,0.005,0.005,0.,0.005,0.,0.,0.
43,0.005,0.,0.005,0.005,0.,0.005,0.,0.,0.
44,0.005,0.,0.005,0.005,0.,0.005,0.,0.,0.
45,0.005,0.,0.005,0.005,0.,0.005,0.,0.,0.
46,0.005,0.,0.005,0.005,0.,0.005,0.,0.,0.
47,0.006,0.,0.006,0.006,0.,0.006,0.,0.,0.
48,0.005,0.,0.005,0.005,0.,0.005,0.,0.,0.
49,0.006,0.,0.006,0.006,0.,0.006,0.,0.,0.
50,0.009,0.004,0.004,0.009,0.004,0.004,0.001,0.,0.
51,0.006,0.,0.006,0.006,0.,0.006,0.,0.,0.
52,0.006,0.,0.006,0.006,0.,0.006,0.,0.,0.
53,0.006,0.,0.006,0.006,0.,0.006,0.,0.,0.
54,0.006,0.,0.006,0.006,0.,0.006,0.,0.,0.
55,0.006,0.,0.006,0.006,0.,0.006,0.,0.,0.
56,0.028,0.,0.028,0.028,0.,0.028,0.,0.,0.
57,0.007,0.,0.007,0.007,0.,0.007,0.,0.,0.
58,0.007,0.,0.007,0.007,0.,0.007,0.,0.,0.
59,0.007,0.,0.007,0.007,0.,0.007,0.,0.,0.
60,0.007,0.,0.007,0.007,0.,0.007,0.,0.,0.
61,0.007,0.,0.007,0.007,0.,0.007,0.,0.,0.
62,0.007,0.,0.007,0.007,0.,0.007,0.,0.,0.
63,0.009,0.,0.009,0.009,0.,0.009,0.,0.,0.
64,0.008,0.,0.008,0.008,0.,0.008,0.,0.,0.
65,0.008,0.,0.008,0.008,0.,0.008,0.,0.,0.
66,0.008,0.,0.008,0.008,0.,0.008,0.,0.,0.
67,0.008,0.,0.008,0.008,0.,0.008,0.,0.,0.
68,0.008,0.,0.008,0.008,0.,0.008,0.,0.,0.
69,0.008,0.,0.009,0.008,0.,0.008,0.,0.,0.
70,0.009,0.,0.009,0.009,0.,0.009,0.,0.,0.
71,0.009,0.,0.009,0.009,0.,0.009,0.,0.,0.
72,0.009,0.,0.009,0.009,0.,0.009,0.,0.,0.
73,0.009,0.,0.009,0.009,0.,0.009,0.,0.,0.
74,0.009,0.,0.009,0.009,0.,0.009,0.,0.,0.
75,0.011,0.,0.011,0.011,0.,0.011,0.,0.,0.
76,0.009,0.,0.009,0.009,0.,0.009,0.,0.,0.
77,0.01,0.,0.01,0.01,0.,0.01,0.,0.,0.
78,0.01,0.,0.01,0.01,0.,0.01,0.,0.,0.
79,0.01,0.,0.01,0.01,0.,0.01,0.,0.,0.
80,0.023,0.,0.023,0.023,0.,0.023,0.013,0.,0.013
81,0.01,0.,0.01,0.01,0.,0.01,0.,0.,0.
82,0.01,0.,0.01,0.01,0.,0.01,0.,0.,0.
83,0.011,0.,0.011,0.011,0.,0.011,0.001,0.,0.001
84,0.011,0.,0.011,0.011,0.,0.011,0.001,0.,0.001
85,0.013,0.,0.013,0.013,0.,0.013,0.002,0.,0.002
86,0.011,0.,0.011,0.011,0.,0.011,0.001,0.,0.001
87,0.011,0.,0.011,0.011,0.,0.011,0.001,0.,0.001
88,0.011,0.,0.011,0.011,0.,0.011,0.001,0.,0.001
89,0.012,0.,0.012,0.012,0.,0.012,0.001,0.,0.001
90,0.025,0.,0.025,0.025,0.,0.025,0.001,0.,0.001
91,0.012,0.,0.012,0.012,0.,0.012,0.001,0.,0.001
92,0.012,0.,0.012,0.012,0.,0.012,0.001,0.,0.001
93,0.012,0.,0.012,0.012,0.,0.012,0.001,0.,0.001
94,0.012,0.,0.012,0.012,0.,0.012,0.001,0.,0.001
95,0.013,0.,0.013,0.013,0.,0.013,0.001,0.,0.001
96,0.013,0.,0.013,0.013,0.,0.013,0.001,0.,0.001
97,0.014,0.,0.014,0.014,0.,0.014,0.001,0.,0.001
98,0.013,0.,0.013,0.013,0.,0.013,0.001,0.,0.001
99,0.015,0.,0.015,0.015,0.,0.015,0.001,0.,0.001
100,0.02,0.008,0.011,0.02,0.008,0.011,0.001,0.001,0.
110,0.015,0.,0.015,0.015,0.,0.015,0.001,0.,0.001
120,0.017,0.,0.017,0.017,0.,0.017,0.001,0.,0.001
130,0.097,0.,0.097,0.097,0.,0.097,0.001,0.,0.001
140,0.021,0.,0.021,0.021,0.,0.021,0.001,0.,0.001
150,0.08,0.028,0.052,0.08,0.028,0.052,0.001,0.,0.
160,0.025,0.,0.025,0.025,0.,0.025,0.001,0.,0.001
170,0.029,0.,0.029,0.029,0.,0.029,0.001,0.,0.001
180,0.03,0.,0.03,0.03,0.,0.03,0.002,0.,0.002
190,0.055,0.,0.055,0.055,0.,0.055,0.002,0.,0.002
200,0.034,0.,0.034,0.034,0.,0.034,0.002,0.,0.002
210,0.037,0.,0.037,0.037,0.,0.037,0.002,0.,0.002
220,0.042,0.,0.042,0.042,0.,0.042,0.002,0.,0.002
230,0.042,0.,0.042,0.042,0.,0.042,0.002,0.,0.002
240,0.044,0.,0.044,0.044,0.,0.044,0.002,0.,0.002
250,0.051,0.,0.051,0.051,0.,0.051,0.002,0.,0.002
260,0.053,0.,0.053,0.053,0.,0.053,0.002,0.,0.002
270,0.06,0.,0.06,0.06,0.,0.06,0.003,0.,0.003
280,0.056,0.,0.056,0.056,0.,0.056,0.003,0.,0.003
290,0.06,0.,0.06,0.06,0.,0.06,0.003,0.,0.003
300,0.14,0.,0.14,0.14,0.,0.14,0.003,0.,0.003
310,0.065,0.,0.065,0.065,0.,0.065,0.003,0.,0.003
320,0.072,0.,0.072,0.072,0.,0.072,0.003,0.,0.003
330,0.074,0.,0.074,0.074,0.,0.074,0.004,0.,0.004
340,0.078,0.,0.078,0.078,0.,0.078,0.003,0.,0.003
350,0.086,0.,0.086,0.086,0.,0.086,0.003,0.,0.003
360,0.085,0.,0.085,0.085,0.,0.085,0.004,0.,0.004
370,0.089,0.003,0.085,0.089,0.003,0.085,0.004,0.,0.004
380,0.092,0.,0.092,0.092,0.,0.092,0.004,0.,0.004
390,0.093,0.,0.093,0.093,0.,0.093,0.004,0.,0.004
400,0.115,0.,0.115,0.115,0.,0.115,0.004,0.,0.004
410,0.107,0.,0.107,0.107,0.,0.107,0.004,0.,0.004
420,0.11,0.,0.11,0.11,0.,0.11,0.005,0.,0.005
430,0.114,0.,0.114,0.114,0.,0.114,0.005,0.,0.005
440,0.118,0.,0.118,0.118,0.,0.118,0.004,0.,0.004
450,0.134,0.003,0.13,0.134,0.003,0.13,0.016,0.,0.016
460,0.13,0.,0.13,0.13,0.,0.13,0.004,0.,0.004
470,0.154,0.,0.154,0.154,0.,0.154,0.004,0.,0.004
480,0.147,0.,0.147,0.147,0.,0.147,0.006,0.,0.006
490,0.147,0.,0.147,0.147,0.,0.146,0.006,0.,0.006
500,0.16,0.003,0.156,0.16,0.003,0.156,0.019,0.,0.019
510,0.152,0.,0.152,0.152,0.,0.152,0.005,0.,0.005
520,0.177,0.,0.177,0.177,0.,0.177,0.005,0.,0.005
530,0.18,0.007,0.172,0.18,0.007,0.172,0.005,0.,0.005
540,0.173,0.004,0.169,0.173,0.004,0.169,0.005,0.,0.005
550,0.172,0.004,0.168,0.172,0.004,0.168,0.005,0.,0.005
560,0.182,0.003,0.178,0.182,0.003,0.178,0.005,0.,0.005
570,0.186,0.,0.186,0.186,0.,0.186,0.005,0.,0.006
580,0.194,0.,0.194,0.194,0.,0.194,0.006,0.,0.006
590,0.201,0.003,0.197,0.201,0.003,0.197,0.006,0.,0.006
600,0.207,0.,0.207,0.207,0.,0.207,0.006,0.,0.006
610,0.219,0.,0.219,0.219,0.,0.219,0.007,0.,0.007
620,0.216,0.,0.216,0.216,0.,0.216,0.015,0.,0.015
630,0.234,0.,0.234,0.234,0.,0.234,0.007,0.,0.007
640,0.255,0.,0.255,0.255,0.,0.255,0.007,0.,0.007
650,0.269,0.,0.269,0.269,0.,0.269,0.007,0.,0.007
660,0.234,0.003,0.23,0.234,0.003,0.23,0.007,0.,0.007
670,0.24,0.007,0.232,0.24,0.007,0.232,0.007,0.,0.007
680,0.248,0.,0.248,0.248,0.,0.248,0.007,0.,0.007
690,0.263,0.,0.263,0.263,0.,0.263,0.008,0.,0.008
700,0.259,0.,0.259,0.259,0.,0.258,0.007,0.,0.007
710,0.274,0.,0.274,0.274,0.,0.274,0.008,0.,0.008
720,0.272,0.,0.272,0.272,0.,0.272,0.008,0.,0.008
730,0.277,0.,0.277,0.277,0.,0.277,0.008,0.,0.008
740,0.293,0.,0.293,0.293,0.,0.293,0.008,0.,0.008
750,0.327,0.,0.327,0.327,0.,0.327,0.009,0.,0.009
760,0.311,0.,0.311,0.311,0.,0.311,0.008,0.,0.008
770,0.352,0.,0.352,0.352,0.,0.352,0.009,0.,0.009
780,0.332,0.,0.331,0.331,0.,0.331,0.009,0.,0.009
790,0.318,0.,0.318,0.318,0.,0.318,0.008,0.,0.008
800,0.335,0.,0.335,0.335,0.,0.335,0.009,0.,0.009
810,0.335,0.,0.335,0.335,0.,0.335,0.009,0.,0.009
820,0.345,0.003,0.341,0.345,0.003,0.341,0.008,0.,0.008
830,0.357,0.,0.357,0.357,0.,0.356,0.009,0.,0.009
840,0.362,0.,0.362,0.362,0.,0.362,0.009,0.,0.009
850,0.38,0.,0.38,0.38,0.,0.38,0.01,0.,0.01
860,0.406,0.,0.405,0.406,0.,0.405,0.01,0.,0.01
870,0.415,0.,0.415,0.415,0.,0.415,0.01,0.,0.01
880,0.416,0.,0.416,0.416,0.,0.416,0.022,0.,0.022
890,0.399,0.,0.399,0.399,0.,0.399,0.01,0.,0.01
900,0.41,0.,0.41,0.41,0.,0.41,0.01,0.,0.01
910,0.417,0.,0.417,0.417,0.,0.417,0.01,0.,0.01
920,0.427,0.,0.427,0.427,0.,0.427,0.016,0.,0.016
930,0.434,0.,0.434,0.434,0.,0.434,0.016,0.,0.016
940,0.442,0.,0.442,0.442,0.,0.442,0.01,0.,0.01
950,0.467,0.,0.467,0.467,0.,0.467,0.01,0.,0.01
960,0.514,0.,0.514,0.514,0.,0.514,0.011,0.,0.011
970,0.504,0.,0.504,0.504,0.,0.504,0.011,0.,0.011
980,0.475,0.,0.475,0.475,0.,0.475,0.011,0.,0.011
990,0.484,0.,0.484,0.484,0.,0.484,0.011,0.,0.011
1000,0.5,0.,0.5,0.5,0.,0.5,0.016,0.,0.016
1100,0.586,0.,0.586,0.586,0.,0.586,0.012,0.,0.012
1200,0.694,0.,0.694,0.694,0.,0.694,0.014,0.,0.014
1300,0.829,0.,0.828,0.829,0.,0.828,0.015,0.,0.015
1400,0.995,0.003,0.991,0.995,0.003,0.991,0.016,0.,0.016
1500,1.054,0.,1.054,1.054,0.,1.054,0.017,0.,0.017
1600,1.178,0.,1.178,1.178,0.,1.178,0.021,0.,0.021
1700,1.322,0.,1.322,1.322,0.,1.322,0.022,0.,0.022
1800,1.56,0.,1.56,1.56,0.,1.56,0.027,0.,0.027
1900,1.736,0.,1.736,1.736,0.,1.736,0.024,0.,0.024
2000,1.812,0.,1.812,1.812,0.,1.812,0.023,0.,0.023
3000,4.138,0.003,4.134,4.138,0.003,4.134,0.038,0.,0.038
4000,7.273,0.003,7.268,7.273,0.003,7.268,0.049,0.,0.049
5000,11.812,0.,11.811,11.812,0.,11.811,0.067,0.,0.067